,month,label,return,beta,book_to_price_ratio,earnings_yield,growth,leverage,liquidity,momentum,non_linear_size,residual_volatility,size,administration_expense_ttm,EBIT,EBITDA,goods_sale_and_service_render_cash_ttm,interest_carry_current_liability,interest_free_current_liability,net_debt,net_working_capital,non_recurring_gain_loss,OperateNetIncome,retained_earnings,money_flow_20,PSY,TVMA6,VDEA,VEMA10,VOL10,WVAD,CCI10,CR20,fifty_two_week_close_rank,Price1M,Rank1M,ROC12,ROC120,single_day_VPT,single_day_VPT_12,Volume1M,capital_reserve_fund_per_share,cashflow_per_share_ttm,cash_and_equivalents_per_share,net_asset_per_share,net_operate_cash_flow_per_share,operating_profit_per_share,operating_revenue_per_share,retained_earnings_per_share,retained_profit_per_share,surplus_reserve_fund_per_share,total_operating_revenue_per_share,ACCA,accounts_payable_turnover_days,accounts_payable_turnover_rate,adjusted_profit_to_total_profit,admin_expense_rate,cash_to_current_liability,current_asset_turnover_rate,current_ratio,DEGM,gross_income_ratio,total_profit_to_cost_ratio,Kurtosis120,sharpe_ratio_120,Skewness120,Variance120,boll_down,EMA5,EMAC20,MFI14
000001.XSHE,4,1,-0.2942023219435792,1.0000000000000002,0.6562720527285835,1.0,0.628222700900824,0.293764340325157,0.8264582792125064,0.62753948394707,0.13179841912852724,0.36784969169162585,0.8875844269897121,0.0,0.013684344003226122,0.0403882304105621,0.0029840589171838032,0.008062098247688082,0.046743956275937484,0.10146312549018391,0.6194366714067405,0.02242856587260632,0.20769726352703582,0.04028210874032441,0.6185740441938744,0.4545454565289256,0.5387885224398996,0.7028448939620628,0.007523107101374566,0.09894184679388623,0.09126047246306468,0.44264941999262886,0.08719086014393523,0.2289156626506024,0.11250331049040055,0.5932692672921336,0.08002380372020935,0.0679446025395191,0.36594554011026137,0.25478249009706433,0.1401248384924751,0.6777771685655168,0.6098904059084356,1.0,0.47752104472942936,0.6333957440986255,0.25987330462295566,0.04312931798462725,0.2619498234685688,0.2760563318868956,0.1457939535439756,0.04312931798462725,0.7326020680621237,0.08656129762795152,0.00026037675584410995,0.009084333888037933,0.05305644375124136,0.029247760156912796,0.06504798281099847,0.03229344616550119,0.02996043969994048,0.70285515328056,0.29599917104153156,0.044631643211728834,0.09336957232098365,0.20614684665856006,0.03694472692468745,0.8877465878910966,0.681957896599001,0.7311803397295578,0.30143145856127584
000002.XSHE,4,1,-0.2438173303319698,0.5102544808750564,0.3687253271452481,0.4019573279210425,0.6751160405533836,0.2823079887858928,0.6687629294396998,0.54087955131058,0.06522785291449573,0.340326039247685,0.9345595114562302,0.033537780746131486,0.058157401292904184,0.024822678028687976,0.03963528645293013,0.2061430112440847,0.6745194798664207,0.019001811976704447,0.879137511029206,0.06852045754551117,0.17526625472650395,0.060085203883119144,0.4678515270583529,0.7272727282644629,0.5040164608819588,0.7025580013601112,0.0039633072142374135,0.03888939133580537,0.09117535165333132,0.4307697633672378,0.2023214213324608,0.09236947791164658,0.1405209295461762,0.21229772333202268,0.10275917535425837,0.06363556434231747,0.49864506833804584,0.21818145409723233,0.14389703034131707,0.1057030238371339,0.5885736143133096,0.1818215402008658,0.16545476289876648,0.5140634193797872,0.1374912727867082,0.02601651877599261,0.21914438086401428,0.2024491157401081,0.4091914317000379,0.02601651877599261,0.714024798516436,0.10507592214036884,0.0002067603847636444,0.00906077216535374,0.04272692350109413,0.01529230571337133,0.018121163346077683,0.011979132050301114,0.029375232355172642,0.6614976220916501,0.3238642856127823,0.059668797958743594,0.09481055552772381,0.1465927730911486,0.021515224023449183,0.8679414438084958,0.6542556720180448,0.6671371196658156,0.5772240211680406
000004.XSHE,4,1,-0.1750067724205527,0.47190261846616477,0.0453515785863175,0.3113911144487377,0.7045094700626656,0.025931357342282635,0.5574741431922111,0.36776965879061196,0.2494522449832666,0.36081689634303143,0.01868902181470089,0.00019954611507851992,0.010581884360951201,0.004746812552742493,4.318888418655354e-05,0.00020921254863447337,0.00027276378432402855,0.0011126767803329492,0.617457008987545,0.022817375954120166,0.15084492955317055,0.0033589359634665574,0.011957226614545331,0.5454545434710744,0.00750187455616659,0.7032254755717837,0.000990139333661497,0.1017002803653794,0.09134632483205496,0.5494517730654779,0.2447054398415535,0.02409638554216867,0.1573006689496423,0.08225960605646858,0.10784690174272692,0.054933392788007226,0.3114572137836315,0.18407071338677503,0.14148709109674332,0.041801595776500465,0.5318427242963106,0.03560952113679121,0.027464742600128805,0.5205002823178455,0.10737827463058496,0.00422105307069085,0.10969776502288339,0.12479123297130044,0.03430511454167558,0.00422105307069085,0.678077349589905,0.07604809458072015,0.0003268819696637794,0.008904106901506217,0.06131341951000976,0.02545314804977642,0.04136196064216159,0.03732278099700062,0.02928546888131329,0.7106142643453461,0.29842538124484996,0.05111515428454057,0.08365279017321031,0.20237284351725188,0.021125800083747086,0.8137622317535613,0.6514362478439701,0.63257268696876,0.6866981731838288
000005.XSHE,4,1,-0.2286707751788677,0.6206490206564335,0.18861436083213082,0.3279688521765707,0.22022854534922498,0.0962487553338959,0.34226383949823935,0.18125815453738114,0.8805152014640756,0.24474348240544336,0.20084351321083893,0.0004949767151470527,0.013684344003226122,0.004674910747012744,3.800067604833801e-05,0.00034933319526955255,0.0014333630338126844,0.0011446429671470532,0.6164537457331601,0.022161996540826144,0.1507265060742269,0.0028974221998176227,0.008517303323727462,0.2727272717355372,0.006165871376036445,0.7021512707160328,0.002521783748382858,0.020529981007506557,0.09115878072925872,0.3369824659954731,0.11391460209571344,0.9598393574297187,0.11068303487313408,0.46655627405427985,0.060596339543820314,0.0347553592772562,0.3064258702529405,0.17681378455839145,0.14074097182684833,0.06491282776391216,0.5318427242963106,0.013727856214799931,0.022078303311296604,0.5174815449563066,0.09785514644921,0.0002843373396364922,0.1009544530347506,0.11454194683833369,0.042722217318386435,0.0002843373396364922,0.614880979507512,0.10530163345113816,0.00020633461699423147,0.009149997786254686,0.09484570463073431,0.013404413272246453,0.024785343219905276,0.0028308371343773427,0.034283123640629534,0.6551101466663267,0.31252373685846735,0.0664790065807509,0.033448165032737336,0.19655224008207933,0.021459741580427114,0.919205628381929,0.7011216885586666,0.7193508012663943,0.3885235325058611
000006.XSHE,4,1,-0.1346213232888767,0.7497975695798802,0.4396954937005814,0.8275140405493295,0.5352250889999489,0.19260019336163614,0.4438939484525276,0.3835590235057718,0.9964882207424177,0.20845223202114552,0.36214373063956024,0.0007339813551760445,0.011903104534635063,0.0053211614297621265,0.0013637712862188155,0.0005622939568177825,0.012321661064586886,0.0013638218089273156,0.6265464888514021,0.022356678185786523,0.15168337128789966,0.005314825883647733,0.02238372782295903,0.363636358677686,0.018807177892786655,0.7022377041347209,0.001148904426413157,0.03310120285791806,0.09124066026111714,0.33326417569713507,0.13584182278498733,0.5542168674698794,0.10046234868917756,0.3265479176141234,0.06138706349358353,0.046353102128633666,0.30965800945911653,0.17662427979289264,0.1415299864554655,0.08523816160350893,0.6032648453184846,0.07931816630967402,0.07758173692576811,0.5282834946516988,0.11086063073361159,0.004802535000979264,0.1432647237415125,0.14759252097159536,0.15891820852541128,0.004802535000979264,0.7392042553141766,0.08953908399397294,0.0002482274478378516,0.00907813399745276,0.042023398249906724,0.018701719655007998,0.02172294836819462,0.016286276696027016,0.029250940905723943,0.7045017813521866,0.3561900178954744,0.045874351646455216,0.05438064378732674,0.13794024231139485,0.024953939103906204,0.9163278820070728,0.7235388748839062,0.7359530832054879,0.5092831202210094
000007.XSHE,4,1,-0.2735656199791839,0.4640660265374564,0.036862158073534934,0.2415696941934092,0.335663255454721,0.1536588663975223,0.6920397533789006,0.5204909404818857,0.9808806056523927,0.7284668498405767,0.280533646789685,0.0005296838204354842,0.010398234901393955,0.00467912801003293,9.626966161591644e-05,0.0015516266350958062,0.00038694944453676887,0.00113031537704304,0.6174444678894648,0.02153338342612516,0.15070513153511,0.0029911013555555966,0.044846862784136785,0.363636358677686,0.052313861059219875,0.7017031846261024,0.003365887170420322,0.1312290856471014,0.09161453716414596,0.5494796392791418,0.17850964424233756,0.49799196787148586,0.1248868504027269,0.3215617714421224,0.07765001674647008,0.03936817923804858,0.30019658772512725,0.18513665859134099,0.14170416760906468,0.16262795168372446,0.5376721774299735,0.030663709784042183,0.03504659977914037,0.5234981830807139,0.09109896481455662,0.0025653987645012704,0.0777310763685901,0.09315770177426085,0.009702702967774908,0.0025653987645012704,0.7522286763958368,0.13010623473068914,0.0001744499022797447,0.009101363984592244,0.05907224371919355,0.01648901607862237,0.035056065539000335,0.010976498667034804,0.028994735371849507,0.7023595015983936,0.2677930323086019,0.0339252927066716,0.04176323765193295,0.13780732254141967,0.04975489023150087,0.8765036713013592,0.7323868913360756,0.7282784060753131,0.5068398147508761
000008.XSHE,4,1,0.1071805882689417,0.19073367765625093,0.19177883806138182,0.35890117794175114,0.921174673945479,0.0827660476057216,0.393988641773365,0.6092467529802481,0.7885468048429009,0.5168611519847169,0.158928514152744,0.0012352435907888887,0.010617387778798084,0.004774151709427526,0.00011314583860077204,0.00022374622432911017,0.00034209325515758985,0.0011092363945863202,0.6174842366859112,0.02213152984815998,0.15087700643454963,0.0033069213452298347,0.007252739872401013,0.363636358677686,0.009514059900954214,0.704465478058439,0.0021210238680842678,0.062177805914805095,0.09121123009772891,0.2209998760149493,0.11150958162266283,0.1967871485943775,0.06162650816719392,0.9501457244078887,0.04559691582584875,0.047141351535440544,0.21101171207560138,0.17882422824933603,0.12144066012057494,0.27504130096822077,0.5318427242963106,0.04544383605572036,0.10040813621364927,0.5244980186361896,0.10585920426613862,0.009737684380683792,0.10342882458032361,0.12093736699849605,0.007196445275710877,0.009737684380683792,0.7310537675118636,0.05505327882515584,0.0016508690255712898,0.009089815475212247,0.07362992645766789,0.05411646712998479,0.18125699064071682,0.025246653034688937,0.030026704749256575,0.7279814779290852,0.3015059412468589,0.034507545430451175,0.05814508253348003,0.11958749746668693,0.01933929532810911,0.954254306855463,0.8534065277962055,0.7985651403569458,0.46587319334821764
000009.XSHE,4,1,-0.1908639463985755,0.6764137232626627,0.1856571646953084,0.344311968371955,0.5830235157132241,0.18225816598585148,0.7176933361672967,0.3072331948966728,0.8962154628936043,0.3711659644570427,0.4811291476008075,0.0059358968368477755,0.013466953528722358,0.005823175172833098,0.0013645416904143873,0.019822998254698423,0.007402190309488622,0.001534072499620205,0.6236575980655665,0.033856283207120814,0.15176154334319572,0.005108688363341951,0.13121369668203015,0.5454545434710744,0.11380351935558572,0.683959079944147,0.02562598081877128,0.10206204214524736,0.0903037425223157,0.39510407089999217,0.12235606546959901,0.285140562248996,0.12317000702285126,0.3203154915465471,0.09914737941899707,0.04804016070622955,0.12856652350329284,0.19089181337295463,0.14148709109674332,0.08121575042887066,0.5530024744459032,0.07083369932473357,0.077560898521253,0.5198352776543016,0.11632246067466775,0.018459033603710224,0.1449713164975932,0.16349636687442304,0.02542254497413823,0.018459033603710224,0.7116374943472424,0.08114723704056742,0.00028872685689066574,0.008968119524362817,0.054773391785864475,0.016080078730826727,0.025011482479565247,0.012132400847743096,0.02939527514485316,0.6566996694546612,0.2885913382633974,0.04678980190797413,0.05934568196732058,0.19369418794649643,0.02514999700903272,0.8961277357231114,0.7487533722524438,0.6990412264696486,0.5835369873550373
000010.XSHE,4,0,-0.04005867553473946,,,,,,,,,,,,,,,,,,,,,,,,,,,,,,,,,,,,,,,,,,,,,,,,,,,,,,,,,,,,,,,,,,,,
000011.XSHE,4,1,-0.1456566399113298,0.8206902813591637,0.25844416378805657,0.5823759741884441,0.6875970139148359,0.32356021869967555,0.8427052997185511,0.2331531219888561,0.998993184566437,0.4263399184418487,0.32328574416594874,0.0013382005143667524,0.016010763514174856,0.00706585651735228,0.0006443142351916185,0.0010661250444292765,0.004244243171960129,0.0011924186758753806,0.6202251095111061,0.022218798636821354,0.1540444803383228,0.004725182214187638,0.04360015412843812,0.5454545434710744,0.040541872043682564,0.7265027314859882,0.018419095488864508,0.2736727864701094,0.09120414073800769,0.7066106325002277,0.2895206036853283,0.09236947791164658,0.1971826903186108,0.013294336612603028,0.10402543694048116,0.05690566867799596,0.3762605233878334,0.19039808756987742,0.16815760534710142,0.04983273097806505,0.5472350494436868,0.05292255685120053,0.08201079017527706,0.5291116992643676,0.19089076496776913,0.030080386368166605,0.1592013544774788,0.1766544230631466,0.04513384423349998,0.030080386368166605,0.6839819251978028,0.07842410127501041,0.00030730221113431133,0.0090828928946305,0.04493960473832764,0.01624458317035843,0.042734638881098415,0.015316131759997964,0.030693545007495427,0.7807195930999077,0.3907100043546369,0.03915645098675513,0.0713529751202795,0.17913056695546437,0.03656292995154633,0.7337773927369304,0.5786785193047632,0.5823143118931751,0.6801546948056693
000012.XSHE,4,1,-0.1678676642987844,0.7019310361868523,0.3083754053255784,0.4294310666886473,0.5211514365791253,0.21259493629695836,0.5578781072605394,0.12588416209969827,0.7922592446557113,0.18280666000228157,0.5485492178122595,0.00625537702317724,0.014686056511663676,0.006335179747774816,0.0025729421474420676,0.01207174082704752,0.0047254015192190815,0.0015384453083991877,0.6110802525588137,0.03261756180562402,0.15238691481789332,0.007686714044186417,0.04797520924022371,0.4545454565289256,0.04911694910517272,0.7007089144535531,0.0031020974558158606,0.04065298001266166,0.0914363081367059,0.5171362590662472,0.14270090614377334,0.6425702811244979,0.13644820284840523,0.3007897554560675,0.09051555170186326,0.044784827949272,0.3064258702529405,0.18513570451474967,0.14176136142069426,0.09453205695045035,0.5346751106203362,0.024148145983808017,0.093369971952441,0.5283591327093006,0.11227456548443061,0.014355312137769357,0.15507907257480433,0.1679314110746302,0.08600029104928035,0.014355312137769357,0.7384704192797891,0.0664663695730346,0.00046909746353641273,0.009017986504934435,0.04931958699782965,0.0147158548290834,0.16908768697596752,0.003245255542468465,0.029406857572517518,0.6014611190639613,0.2828549754109993,0.027013635513467405,0.052831858972654175,0.15274983216800933,0.01843407908117485,0.888202837624803,0.6837269470611651,0.6819821342282943,0.502478472854671
000014.XSHE,4,1,-0.2222330144181872,0.8702535238777688,0.22477421922886767,0.3720522017858505,0.5252341916948984,0.2109174843318502,0.7815008073066536,0.47371465435754845,0.7500076839381106,0.4994808353813104,0.14448100130150032,0.0007823059656827716,0.010683496771780373,0.004801080226189153,0.00017806505304932113,0.002764323392065198,0.0016835459839862643,0.0011793039519853385,0.6192401888092232,0.02279527090195249,0.15087370373755554,0.003831338487036556,0.03215717759524589,0.5454545434710744,0.02219727901959627,0.6977619705235452,0.0033445458651164117,0.13918784480419644,0.09115623301202676,0.39322469164142754,0.1171561639278926,0.3373493975903614,0.12034110239000935,0.32613214878569835,0.0787915561727688,0.04321391251573384,0.3095528192588299,0.182021565012315,0.1415533839238594,0.045170083341042416,0.5962817575501357,0.09276658786269172,0.08119674710034562,0.5156651074413716,0.10394256810446581,0.014587683954116405,0.15969360269703053,0.158386565612333,0.22337687674434076,0.014587683954116405,0.7058380863238906,0.08574953669241502,0.00026405559113799545,0.008780440277024248,0.056036386489571245,0.01780173195054227,0.018004860516048313,0.015484715701441616,0.029151427106423985,0.6805502731628454,0.2899456166794464,0.037984568052198804,0.04775588553691653,0.16042521659826722,0.04817192079918646,0.9024096021928392,0.6829087612224138,0.700611016785798,0.43030795436518643
000016.XSHE,4,1,-0.1812351461229748,0.6562991306817056,0.6949413038806449,0.212980042295622,0.5645966185452572,0.28851342214663234,0.5504623627713344,0.26334247673672295,0.9941360575162528,0.1684456191980695,0.30521065468497227,0.007823546101914812,0.011148585558898506,0.004876690654212048,0.005694296115096618,0.029465879973949064,0.012479963346071089,0.0017712348246008156,0.6213046603956628,0.026499504315658354,0.15074450155109564,0.005328027829598899,0.016266635582767575,0.6363636304132232,0.025375368875405986,0.7068709179512115,0.005462851455083888,0.08189382291760874,0.0917979629021485,0.6450330325074161,0.26870690705011296,0.27710843373493976,0.17334254780611658,0.09389292053477111,0.1159441754974299,0.04641948096869759,0.3414759217326291,0.20115247159989982,0.1509253698749795,0.12630999086906222,0.5436048469307241,0.05138176797035384,0.09442707483655854,0.5380067990744857,0.09793556474969978,0.08166705235041596,0.1456389332030626,0.14775186772648516,0.18151587901786506,0.08166705235041596,0.75874789810897,0.06321630587635818,0.0005703497950193833,0.008715343619172788,0.043663550030895476,0.014387873968910439,0.07506082111460789,0.010054411596666157,0.02950606216199979,0.5583200180075689,0.2691340735631889,0.05875655706656816,0.056092996771311944,0.17999988916755333,0.017369294729915656,0.8206432588658021,0.6385111229047813,0.6200341683544002,0.8240346531232812
000017.XSHE,4,0,-0.04005867553473946,,,,,,,,,,,,,,,,,,,,,,,,,,,,,,,,,,,,,,,,,,,,,,,,,,,,,,,,,,,,,,,,,,,,
000018.XSHE,4,0,-0.101787070596468,,,,,,,,,,,,,,,,,,,,,,,,,,,,,,,,,,,,,,,,,,,,,,,,,,,,,,,,,,,,,,,,,,,,
000019.XSHE,4,1,-0.1933433470675862,0.5488336301397667,0.35207932154082466,0.30068688331058235,0.6365970130789593,0.05820843285238783,0.38499930186722553,0.23142350349982077,0.7918157716561918,0.25873811093687454,0.16021962424088554,0.000741056605185105,0.010567643877974424,0.004737351637833428,0.0001182234333293161,0.0006374677332670771,0.0007096056569946973,0.0011057796968339147,0.6185328855607228,0.022746132373349902,0.15083577189753028,0.003549466484158811,0.007397737837164063,0.5454545434710744,0.008433705666966971,0.7025279595076452,0.00339234117377454,0.03703536221398209,0.09134240811462989,0.312863867771895,0.13368693104057275,0.8835341365461846,0.10629737624695136,0.3660161852132072,0.06819486929683737,0.03569080336387033,0.3075778616262531,0.18093480842080625,0.14132720839605153,0.223648557201529,0.5015517805295744,0.07490164136714302,0.1075102158974019,0.5212833610405228,0.10052426813689423,0.008657619850960833,0.12684443309082727,0.14236985491451412,0.04171043671440881,0.008657619850960833,0.7160685552427795,0.06066653730113049,0.0007002671268735311,0.008843759819337852,0.06278207629258417,0.030985645879317993,0.025828604547098857,0.025868011702725978,0.029407091863656913,0.5540920093630488,0.3114011087680038,0.028781713647229694,0.03747135650047406,0.12621979024167806,0.015599988036130885,0.9097921489539986,0.7177010083587638,0.7236627736570964,0.37823495293242626
000020.XSHE,4,1,-0.2370736009078738,0.6193555054700828,0.10052032000474265,0.31405092579885974,0.6609944088221748,0.4615744366371851,0.5209868655744307,0.2643141045807224,0.7407838846302797,0.18351724844685666,0.14121256831070128,0.0005379171580205041,0.010637022484974756,0.004777830506394836,0.00019687181312483953,0.001034239458408307,0.0004150547100887523,0.0011373432442578677,0.6176066848063333,0.02226955718595694,0.15082833439620377,0.003227104189062034,0.0028387451110042827,0.363636358677686,0.0022207614714147826,0.7019317775904519,0.0014132358873151184,0.04011033734285972,0.09141199753928941,0.5615135690581855,0.18600638170728895,0.8554216867469878,0.12736329486356826,0.3331950859204249,0.0802629907944857,0.03955572886735379,0.3062691374916274,0.18182326092735365,0.141479291940612,0.07235002126741216,0.5326735816061564,0.021083290583230416,0.029123660803048956,0.5126880834247628,0.09997509121471843,0.011147832277631905,0.10136935430226693,0.11191763072478232,0.0718231692721939,0.011147832277631905,0.6081175352924887,0.0604347544357282,0.0007157703854830881,0.008976059244507268,0.04829061700734367,0.015504666573959353,0.07564353616768595,0.014188933249560998,0.029642880014459364,0.5286757229362539,0.2682181787885,0.04262503174838154,0.04161649222350248,0.1507018068855449,0.017083208709696717,0.9045790075414353,0.6872595197028,0.6930313984468448,0.47020587591576724
000021.XSHE,4,1,-0.2124724686381876,0.5988553684900407,0.5211218162820461,0.3692266502437496,0.4958670087073253,0.15262679685675257,0.2072488969709324,0.12979760715343827,0.9984280858036829,0.11249417510832846,0.3539209224434958,0.003578434929141956,0.010323780354257954,0.0044209913592664005,0.004938973627653096,0.026898460504801856,0.0027401422121836436,0.0014573190071807112,0.6211293563678877,0.02476987473433813,0.15088460390906142,0.006313508696419732,0.007762588484415666,0.5454545434710744,0.008045125866337047,0.7007289391675292,0.0011721837080616484,0.01116939495342317,0.09132176469755075,0.26783088707688857,0.08120498585932753,0.9879518072289155,0.1083396688323752,0.569173153858078,0.07225317482341276,0.0320192966070978,0.30730790606535896,0.18056009579723198,0.1392916286457805,0.06370787568945988,0.5013025065901797,0.053007625943151185,0.08497593864383005,0.5244337824938526,0.1039885214190314,0.057389455471080666,0.1582497494185861,0.1595893666828771,0.1973091460248314,0.057389455471080666,0.7288662817533073,0.05448286724078173,0.001950464695960543,0.009001757234434749,0.04170441755285607,0.015690052647203256,0.10289895196277421,0.0108264865381449,0.029273630367984943,0.4744783737302391,0.26907314368763574,0.06675499609431938,0.025232379570512945,0.22194458694330446,0.01412783394149668,0.9201696112823281,0.7023185617619747,0.7282955694681723,0.4282351467085689
000022.XSHE,4,1,-0.2602012780302831,0.4148359681155175,0.2664044776103601,0.42086516734358664,0.5350982029491393,0.1324288578864286,0.452184119778868,0.5482249332200532,0.9187118382702271,0.4683816178987077,0.46338248255442827,0.0018936909253018084,0.014172288919649138,0.008150090726543492,0.0005485938184688348,0.005903112140293562,0.0012904298853334427,0.001245945504328785,0.6146819635165406,0.032286150132226424,0.15265109924275982,0.0071337418449639,0.02796075791182992,0.7272727282644629,0.046877669092861465,0.7047372615840323,0.00837754051684899,0.046893370715383915,0.09217503860892434,0.7706282203180777,0.4642464842885653,0.008032128514056224,0.20521548821992458,0.028666490777631427,0.14389539065539375,0.08542957866442169,0.2964444715341314,0.18812378432536256,0.1670423260203246,0.06194786951897163,0.5140921191843033,0.03286279135116568,0.1640820089781401,0.5315979591535218,0.15216082406825737,0.013082402323587226,0.233521046528538,0.24091077137944453,0.19042336537261068,0.013082402323587226,0.72114814957635,0.06119461707247299,0.0006677255397855859,0.009057682364040618,0.051014089501392794,0.015361450692283984,0.11543753327886776,0.0028676384669943785,0.029420951819141433,0.750416646799942,0.29599917104153156,0.061316805054131084,0.152490930460438,0.2352796302629579,0.026189358138421968,0.7622583829231229,0.6160994648622355,0.5765500524143612,0.8990524107798461
000023.XSHE,4,1,-0.1506845852872867,0.5290532021854838,0.25589517801507705,0.2671060788579792,0.5689102427468907,0.18430711959858298,0.37296718030180054,0.3129533950267239,0.23576956616046346,0.2088101365683315,0.016095959566299056,0.0008266988750545377,0.013684344003226122,0.004664041985575222,0.00023182357664798428,0.001279042956664533,0.00147538800280636,0.0011533304490271643,0.6178483446301247,0.021826995015056243,0.1506886181375905,0.0034766288231702926,0.0024660576657536187,0.4545454565289256,0.002188159361521556,0.6986602298394425,0.0013470196388833072,0.02233878990684634,0.09135716344167225,0.29215658325083493,0.11890675255491814,0.610441767068273,0.12080358283999887,0.39883625791628974,0.07326152674845568,0.04043766984965461,0.30637967253691073,0.1815443274178827,0.14096454763594576,0.10058129316332606,0.5181837800262019,0.04084985006527003,0.06693171982399977,0.5341085083339971,0.08420440103945005,0.02471459828778511,0.12816470875505107,0.13961688187888632,0.08122501528803937,0.02471459828778511,0.7789237149397565,0.07577605078266697,0.00032936873755684245,0.009121657152595426,0.04948672866166885,0.014685517563285112,0.050384344364273394,0.011979581920431432,0.029117313226801937,0.5180108954662841,0.27648867940432,0.050629670140206376,0.04470185711926642,0.19068484952120385,0.019168511096488608,0.9209134581244407,0.6915964574764497,0.7039895646571415,0.41973662446063054
000024.XSHE,4,1,-0.2384100408103706,0.5903231885737662,0.38046073992362983,0.5261379896883394,0.7242966726264659,0.6734552943413881,0.7997753131135852,0.4561731348107525,0.40102297365770384,0.4445039125869866,0.7439491073134745,0.005475751359556429,0.04292572115950752,0.01838880595932665,0.012561967822292007,0.06525498227069254,0.1465804359145728,0.0049512724977483,0.7167650167401273,0.15223894139285393,0.16890096359404813,0.020902827124645067,0.16813427475894743,0.6363636304132232,0.12417707070691385,0.6924288473057059,0.011016472218813002,0.08022067468571945,0.09070000861115436,0.4180992942764642,0.166333002680897,0.21285140562248994,0.13530715421680714,0.15870358146348573,0.10307878518004715,0.05076324896439832,0.33383123373302215,0.18241750930884126,0.14517739180620656,0.43442258070203954,0.7630413491188065,0.5233082207673728,0.3888394117870252,0.5412258327573493,0.27663634270102094,0.07319601737047864,0.32464982622779015,0.3419022905599891,0.1580174931750534,0.07319601737047864,0.7205124699542054,0.07997007669709941,0.0002963199556430033,0.00899996750746296,0.041412480297863055,0.0175475542798793,0.01760976345168324,0.014102597303681859,0.029404446553234216,0.7350858187068038,0.35679328206269245,0.031052452145053092,0.0625760399226731,0.10555238891422203,0.029396721899862414,0.8409303943986024,0.6813636062093673,0.675239561356489,0.6990843225080716
000025.XSHE,4,1,-0.1826072716470504,0.5673407418258607,0.08451881250588861,0.304811441314603,0.49120214920562477,0.20490042309608567,0.20211896762528375,0.25247427971192327,0.5872746081411105,0.15420407326698593,0.09434771157739053,0.0005177078906598212,0.010657390306741885,0.004792286574367664,0.00016736991476792574,0.0007362905359750475,0.0006000212061621541,0.0011382821693831095,0.6168413362195901,0.023989400680688472,0.15086875695845905,0.0033170315753393,0.0024814755645820967,0.6363636304132232,0.004642693676242989,0.7046043851001208,0.003069450938895419,0.026227729040426875,0.09128338601727604,0.44772608509357226,0.1307733329844741,0.6265060240963854,0.12512731388455905,0.3656004163847822,0.08403535500991857,0.042959565731756404,0.30697304095350136,0.18215887446041396,0.1410178418695097,0.04436052881019798,0.5296326908297545,0.01983191877581241,0.025444433200064547,0.5219211456387514,0.1028607504907344,0.010376246551120847,0.10694598339992924,0.12515336181823114,0.002928252641378248,0.010376246551120847,0.7096229508388284,0.05874225723098159,0.00085922355002585,0.008708196774396352,0.05251915599132287,0.014702437040857047,0.14591035278094017,0.0033616741083662043,0.029699608437664112,0.5753351747477111,0.275708660198756,0.032942600063667386,0.04921655712299794,0.1483395716167604,0.014941526589699109,0.9102572751416682,0.6853660828800145,0.6962845215242148,0.4853636537161493
000026.XSHE,4,1,-0.3225378173702581,0.7249717264172237,0.37228933391628927,0.39846261806111244,0.6119219391665809,0.32861155643100987,0.6347733927305528,0.07914415399027935,0.9276265237249275,0.3283367203104546,0.22972588982918762,0.0022052786791178273,0.011738874522369724,0.005250994816354992,0.001077925144898986,0.005407983493141481,0.001026365970023548,0.0012206758500110453,0.6200788121794663,0.02228623539721846,0.15127065596294506,0.00408064398247474,0.010520771709939602,0.6363636304132232,0.014848950299022511,0.7003228171496008,0.0025439202529023673,0.09274667631364747,0.0915318766578457,0.7180163334053289,0.15720527058511397,0.8152610441767068,0.17235368291233555,0.2600741813717086,0.11926023491406568,0.03569863147703932,0.307503416380536,0.18440245492881271,0.14350317295668608,0.14893806654224243,0.5278285706933856,0.034010185775959635,0.10539068384395477,0.5281102176577447,0.11878514057797782,0.03927906142736076,0.14956872221869377,0.16059159376410548,0.09965389522278921,0.03927906142736076,0.7318308391087865,0.0594397070345758,0.0007926625416870745,0.009091980529424289,0.04733064077391207,0.014489208789330209,0.059626631888517766,0.016103981495394132,0.029449900396434508,0.6539164799194539,0.2773687559774058,0.04008113935699188,0.03616916090601179,0.1327042800324264,0.027119548962134355,0.8193739259490704,0.6270454645968777,0.6294106618996442,0.569985847176757
000027.XSHE,4,1,-0.181677172644566,0.25360094742731476,0.7223820175712541,0.5293699234319269,0.5369077083693805,0.37172707952340767,0.3796825132448424,0.2932020313489687,0.7976788359755835,0.07667142970395047,0.5454004993677716,0.005814097056998665,0.01886975351724827,0.007288326821673094,0.004936323681982301,0.028856959274389003,0.009001791042169653,0.0017485547378874814,0.6180853897522581,0.03530349436240583,0.15320960508419693,0.013903552540264699,0.022023658693850857,0.2727272717355372,0.012770574708879438,0.7016260091034232,0.0026045077030748868,0.027448675047481233,0.09125277826740504,0.2998026461913297,0.11524961981358167,0.8514056224899597,0.11021726040284549,0.5496474177675986,0.07444466165591582,0.040047105058051514,0.3049595869816677,0.18305458978814296,0.13981807168464372,0.17708399504654074,0.5113663388111281,0.07966944518958331,0.16177119739339288,0.5256825331008841,0.11542619697505344,0.019416038045800898,0.1948160887612007,0.19303985896540438,0.2513865264328677,0.019416038045800898,0.7227911009527015,0.06299760874805133,0.0005792258588854039,0.009048230916794077,0.04450136905776426,0.019324613434377882,0.062124971871158265,0.00899280610718653,0.029964364235968658,0.5596533986514283,0.2960018127124638,0.02558487303166128,0.04554860174366884,0.14512147236155445,0.0053637016211042655,0.9231263580974562,0.7058290212728324,0.7188438210465444,0.2573203334473808
000028.XSHE,4,1,-0.1369181796669708,0.4887632241630834,0.1348533946778091,0.431203388891122,0.6467096140005968,0.2422197973679967,0.5174968231851345,0.5399639894896362,0.9332669733802039,0.4135373382807046,0.45077315268031826,0.004719981581313347,0.014306273098812577,0.006263842695787996,0.005808925933731172,0.00925854401264115,0.014432932009040316,0.001541926914282044,0.6194940991009132,0.02364588891748496,0.15258027840404215,0.0054017160934500714,0.048609799548505826,0.6363636304132232,0.056304007008752543,0.7027723642589591,0.003994557003821899,0.05670615899430225,0.09127321422459476,0.47803115829917225,0.07446498404031557,0.5180722891566264,0.10628420016575509,0.8899044142330502,0.08527282157890155,0.039620647541230763,0.3080492085428751,0.18182326360642304,0.13622786014553223,0.042811948815542414,0.5678272881387619,0.1312856541049917,0.1847936533962179,0.53805337027768,0.20766946894852722,0.3456841947536058,0.2589574648932157,0.27865350790239435,0.09077795246036044,0.3456841947536058,0.7210943972553598,0.0652169250290095,0.0005023286585274762,0.009090035626982827,0.04205030977273482,0.014550493707142991,0.1147407324473256,0.009826982686219926,0.02949839730013135,0.5102528932419501,0.27517800575544,0.034769884968077744,0.04232345966263394,0.16226440188478491,0.024497667045522524,0.8739641178224993,0.6740026978019551,0.7066987402069642,0.330352965794885
000029.XSHE,4,1,-0.1976814145528274,0.6909824381192415,0.31827281282983144,0.41117680317272054,0.6118851606011289,0.19102741266366863,0.2109939546259272,0.27436586304756216,0.9776647677826087,0.1908027619170999,0.2761109848712436,0.0007928853922948346,0.010629341344563663,0.004778611598067209,0.0005026605990482426,0.0020000825633575033,0.0038939144358034433,0.001238377315577409,0.6214122450507175,0.022175194366753113,0.15088866440938573,0.002915456338921349,0.005212956417035394,0.4545454565289256,0.003888656125969607,0.6965663045406026,0.005472932935344817,0.011305055620873654,0.09131007764965916,0.3626334690651436,0.14001606155076562,0.6385542168674698,0.11936738998960406,0.3190692116509718,0.07723382488922767,0.0429384514381126,0.30723374207937565,0.18155685738546484,0.14155728350192506,0.11906940921681256,0.5480335804160743,0.034543333995062785,0.04636660315940962,0.5335021592979247,0.10071608841208843,0.0033198195012328615,0.10235653948118129,0.12047651639428228,0.0006785848431183413,0.0033198195012328615,0.8026354996687222,0.0633346179755673,0.000565685187926683,0.009025436024125217,0.04844483058668702,0.017441443455030996,0.01900382700051029,0.01756507166059544,0.02931908557334302,0.6317324634110372,0.2975994213024472,0.04933824429134443,0.04804877852676083,0.1981426856918478,0.025918226954597116,0.914715917967363,0.6919917296890898,0.7048794205638569,0.4978304616812671
000030.XSHE,4,1,-0.3544526149286789,0.332862286717564,0.2400020749281979,0.2942740128055547,0.31764042098083417,0.6007953570067561,0.6503405106354417,0.29383781272152726,0.922862921178602,0.5698724034518162,0.45989223883819963,0.0011749237195925128,0.013344381835329978,0.005078853455548236,0.0029840589171838032,0.002323740646746981,0.004871634636541466,0.0012602632132361479,0.6191315739839817,0.026074307549094528,0.1512852551773453,0.005358750536487949,0.014275877896343546,0.5454545434710744,0.02534752269722158,0.7124741738089573,0.011611576349934432,0.10536311838654246,0.09020048936296393,0.22096735350185237,0.07910431450392072,0.8835341365461846,0.06288021229302022,0.849605635566816,0.05767105185409677,0.04225555738040007,0.2790007887025721,0.17646726861240053,0.1317186480422818,0.07239390065272397,0.5318427242963106,0.024450387177308068,0.07359902088601163,0.5194724638928644,0.1206998620182104,0.0173675325670901,0.14365406892869043,0.1608564263377909,0.03708307124319128,0.0173675325670901,0.6535651226896727,0.07449285887308299,0.00034189306296734923,0.009112110845432795,0.05113862125408751,0.02039395654251461,0.06944872458566077,0.011915504766217555,0.02996043969994048,0.563632472614413,0.29696540020124385,0.02622492690356633,0.047973282353831304,0.13581661346709226,0.02644314171202967,0.9489941202368948,0.8753095838308789,0.8351838991531846,0.5181951184196403
000031.XSHE,4,1,-0.2246381147870759,0.7105051827874626,0.49927218717546157,0.9634181648063098,0.7868352796717346,0.3324330519682898,0.3289379971088603,0.2296396512107055,0.9804340590776288,0.17340272285890512,0.39701047931445577,0.003562614436088922,0.014615601503050427,0.005383771486835087,0.0028892411678354667,0.02326394375209686,0.040075831288720457,0.0024404136427212055,0.6499795192951283,0.051659434398194266,0.15058499835685427,0.006443879855068909,0.015698802403732216,0.363636358677686,0.014552098051592178,0.700930644959063,0.0020649794561804842,0.019625576557836664,0.09116734869321579,0.3372052729911833,0.13428577803029332,0.8393574297188754,0.11544750583370994,0.3190692116509718,0.0766979892733157,0.04140368904134283,0.3080129716151959,0.18037707112480372,0.14153518589288638,0.06601093957357772,0.5970687294487206,0.15592559780710463,0.07505537552040414,0.5473819436058059,0.11143400277216851,0.010884465277118121,0.1470487987219558,0.16091945509279468,0.0709561180917876,0.010884465277118121,0.7596254631755703,0.0727584774350404,0.0003612287462112085,0.008815024392964227,0.04415217885714677,0.016892331448110885,0.01566919669201126,0.0148513474568822,0.02918117390818034,0.6209345750867945,0.2956619291255123,0.025001718434471257,0.0453874456585268,0.14494889040887673,0.020566489202608125,0.9164042195111559,0.6959085179779758,0.713659156141986,0.37870213255692897
000032.XSHE,4,1,-0.2231774165933947,0.7102376942013221,0.36180840578820267,0.44930731755342684,0.5612542828221531,0.06620575153246688,0.4208340221438601,0.4081309658325228,0.7559677854187834,0.3827648948039065,0.1466295385930334,0.001512488647515911,0.010958821093649901,0.004919406030568391,0.000561610496474263,0.0003654199698491853,0.001402810017945396,0.0011230770806703325,0.618585073225392,0.023457166811347012,0.15106819117378284,0.003964741202458251,0.008269247757186064,0.4545454565289256,0.010278718872021477,0.7009680713186867,0.0038277848551128723,0.041059962015013114,0.09117298191635598,0.2441871990127228,0.1554747448352413,0.285140562248996,0.11562933575421863,0.2152050253618985,0.07609938477860675,0.050500461427044105,0.30557894382473383,0.1811662675969931,0.14482772963965299,0.11286961437910548,0.5542027083613514,0.06823280747276049,0.11042319971697108,0.5242637574546043,0.11734996982573076,0.03526390639855376,0.16521768389916558,0.16409507017029026,0.22533363975680154,0.03526390639855376,0.7212860359649769,0.06119253007629166,0.0006678472171316802,0.009000753802952404,0.049129227549589746,0.019086477141817926,0.08015375806868202,0.01922681368370367,0.029243906722910964,0.5408995800821208,0.3005170474199897,0.04822360188090168,0.061596177114598936,0.1507112276435122,0.02865825207872226,0.9069978412463962,0.724583720313122,0.719581846939503,0.4907390581912795
000033.XSHE,4,1,-0.2481332096962303,0.38054291162110443,0.13162201160054238,0.2796734705730591,0.5642550794124457,0.10839134543976753,0.2379588669284354,0.2305475176951515,0.5575109836406762,0.20427590554104297,0.08648946805631919,0.0003354052954731514,0.013684344003226122,0.0047135094565325,2.9317506121872996e-05,0.0003196064026114756,0.0002937395523857427,0.001125774923366547,0.6172924080433426,0.022161996540826144,0.1507717400936476,0.0031588407537007494,0.0028164345203670637,0.4545454565289256,0.0023879932767535386,0.6969922252480601,0.00299352160986012,0.0159627385366736,0.09118332922051856,0.32048568454996873,0.0937860409454346,0.9357429718875501,0.11104867112633093,0.44869156009810085,0.07260213812987046,0.03404788636077217,0.30713065220397595,0.1814209694275961,0.14055249222034175,0.06573606944246853,0.5279601431073645,0.01411531222888781,0.023841935183282138,0.5229909584417853,0.09703912698449998,0.0009666814863882756,0.09849188061922147,0.11564295157817991,0.007274641575992093,0.0009666814863882756,0.7431071412295494,0.05583367694759732,0.001369943210105644,0.009149997786254686,0.09558563958927738,0.01468390057523868,0.03371276323330366,0.013076433756642872,0.029687347655421737,0.6961926854230726,0.21078816979307013,0.07222719832456295,0.029249509903667127,0.22570560685514515,0.014960668780283544,0.923161863913309,0.6964696386714433,0.7223649571047204,0.3271317332446573
000034.XSHE,4,1,-0.02531666079272482,0.5924368190586795,0.02665118233854985,0.2884704499934748,0.6186014281785666,0.13179558768125846,0.32980393034250766,0.1458498958656072,0.6215137972792713,0.2372945819322978,0.10380064320592841,0.0003818996516269737,0.010504912262990993,0.0047251393183226666,0.00015927356576315096,0.0002312718563348987,0.0004234350896820865,0.001119104816932898,0.617251498026914,0.022173866566574635,0.15081023098977084,0.002224662177408151,0.005444476519008309,0.5454545434710744,0.010176026049257084,0.7070228936657801,0.006979888535745794,0.04476802025865967,0.09177908886608072,0.6381547817538088,0.14195902756769727,0.8554216867469878,0.13992471187204442,0.4204408381488945,0.09359820152919421,0.036983758123524405,0.30477273604568594,0.18640819316624674,0.14049269869000172,0.1857569769631617,0.5318427242963106,0.015096284550028405,0.008626824918470772,0.5218124259678459,0.09905028075908609,0.006328930182703211,0.04511136329576225,0.05418678497476097,0.04805387963654359,0.006328930182703211,0.6820655381016316,0.05917572670411324,0.000816425242078807,0.009213613148942456,0.04836224914898904,0.015227251392960243,0.1908045384523576,0.010013825487083194,0.029440609118168176,0.5346085737761451,0.27017883599799347,0.06412207010985144,0.03636245749732454,0.20833689580483356,0.016796524496022012,0.8797160599906264,0.677482751757994,0.6731324248177379,0.6914707873020458
000035.XSHE,4,0,-0.04005867553473946,,,,,,,,,,,,,,,,,,,,,,,,,,,,,,,,,,,,,,,,,,,,,,,,,,,,,,,,,,,,,,,,,,,,
000036.XSHE,4,1,-0.2132612899138245,0.6839522340689859,0.35827721675906793,0.2461325075127585,0.5517953373137772,0.11994604096750236,0.44528876387409416,0.2933476930755347,0.9750807691665957,0.2693853361615075,0.2727933108029051,0.0006924464285085208,0.010721216589130639,0.004761861844870866,7.836346218516161e-05,0.0006645473953952163,0.002680254673496973,0.0011595725093974227,0.6231487670596709,0.022943045254769874,0.15081725587296138,0.004007800414243779,0.010380885778520565,0.363636358677686,0.008661417221987773,0.6903150057817689,0.005489058067797898,0.023243194356516235,0.09087411256307645,0.34513200409483025,0.12424857119442467,0.9397590361445782,0.11925078167101695,0.39758997802071444,0.07935521049935032,0.03898504240627717,0.3064258702529405,0.180651623883975,0.1409450497456175,0.05304615121029409,0.5324957728969671,0.04864870024446343,0.045877875308588216,0.5209521835791865,0.1007199178549689,0.0008435191044188063,0.12355821874798752,0.1409210041187824,0.022081309838393428,0.0008435191044188063,0.7108861303820972,0.14733667152355095,0.0001620200775491995,0.00892226215729647,0.07195415648470078,0.024738899800048186,0.007469847174940519,0.03037232660274156,0.029305384990319597,0.7694066483855837,0.3242199369950048,0.059634648643931754,0.04126088504522245,0.20393273103815168,0.02706900161512233,0.9193121458294868,0.6927380478528153,0.7057243875969401,0.33541210806481864
000037.XSHE,4,1,-0.2311697866458506,0.4248883617559567,0.4358994337351565,0.2538001162660364,0.5016811983794026,0.23946001919154009,0.12889809788857304,0.314276626459755,0.8831703313928829,0.17251018510103888,0.2022837017906134,0.0012397661454481737,0.013684344003226122,0.0034588946133693524,0.0003933043280561908,0.015062904861513416,0.001970721261822797,0.0013186149524887657,0.6159487200212445,0.022317994367426187,0.14848901063546124,0.004015373659251786,0.0015712098552954858,0.2727272717355372,0.0015159203561493423,0.701517697755989,0.0006337152554480643,0.008953604051731935,0.09130984061746315,0.2829907345129309,0.07063605965842654,0.9437751004016063,0.10458316808331498,0.6398004720259439,0.06771996244281209,0.033667585108776765,0.3064258702529405,0.18157826100668875,0.1368673909482994,0.08978785001559127,0.5434403060279865,0.05961248496581407,0.06949912657159046,0.5435864306930566,0.03460946036013125,0.007142722552736362,0.13410452656134272,0.13917017431238074,0.14577645877848897,0.007142722552736362,0.8056947078502928,0.06181355553014742,0.0006338434430522598,0.009152225897636384,0.05251598992981368,0.015351513176342998,0.01907712826788782,0.007424822887107674,0.029916085277517764,0.07495373363212887,0.24806284848530866,0.06001576734721004,0.03421333173352366,0.18800381263616558,0.017455285039181673,0.9242208248711139,0.7040765556587507,0.7356692270928118,0.1610227854364104
000038.XSHE,4,1,-0.3075317938143094,0.29035886025545166,0.11855546886496127,0.3641561690500378,0.6424844255313458,0.38598623473408433,0.5844676437210934,0.31188539225420414,0.1868593242174019,0.7946681696981883,0.007041925841130281,0.0001103490320972028,0.010538268463877414,0.0047397378772213086,6.39964082255646e-05,0.00039343771955687584,0.0012086677569207662,0.0011399268644520968,0.6177115147435218,0.022178582625668377,0.15082799277777076,0.003415434619883207,0.004587330022184655,0.4545454565289256,0.005036374028890145,0.701676801495306,0.00261921977943,0.16401374694763496,0.09122872350851034,0.31188883662539335,0.14513786973366138,0.9879518072289155,0.1088522183909106,0.4694635760841557,0.08021369735699227,0.11655628936292034,0.30157832732587053,0.18169881384337536,0.13988696423047026,0.05942251025348516,0.5318427242963106,0.019153843427039154,0.04661688365421822,0.5219100649041982,0.10061826355305109,0.002994421214650734,0.12219398349306927,0.1401445904795387,0.015591547059461263,0.002994421214650734,0.7215431122827559,0.11397184379405224,0.00019230939843139377,0.008983986627379396,0.045064928006399656,0.013531416439337066,0.019419016094685836,0.01306983240146974,0.02926148945562784,0.5908262302862028,0.28344967435609486,0.606323611354635,0.03834754092142027,0.7218396127830977,0.05617619788239517,0.9063977929584865,0.7720827252222371,0.7471581382207635,0.5144597114593988
000039.XSHE,4,1,-0.2137428860610553,0.6677934917516836,0.4738549519325944,0.3397976730147875,0.6109962895442718,0.48322783048099605,0.4755839973881134,0.28566738080610854,0.5644309187618937,0.24709586853243662,0.6659205212868273,0.04550104306192804,0.020537741466097326,0.008848059459043232,0.01782983794069773,0.05329812427272705,0.049260486188563365,0.0036363174566056795,0.6463183168319334,0.04374003238807144,0.15501974818742245,0.024232501237272528,0.03553233293414815,0.4545454565289256,0.04290743499613319,0.7020915065047729,0.001454484418195104,0.02211268879442887,0.09130133171751531,0.07887344639339666,0.05293239437429508,0.6586345381526103,0.07280641306223984,0.8612379234554187,0.05746299007611692,0.04652135480214468,0.27785555353463753,0.17694140614767145,0.12843390345164651,0.06883709403819245,0.503970491594342,0.0749973850817667,0.20403150920511123,0.4897787450313344,0.12676883272140577,0.09064245978927243,0.2751290601635291,0.2734838922120524,0.3040166126051906,0.09064245978927243,0.682792362963716,0.06349010864079628,0.0005596952036504257,0.008988381163781171,0.048683340553712484,0.014845278123978607,0.06520861346703632,0.01231951748259873,0.029504121087153064,0.5603968761746778,0.27880343068292274,0.028630987037885344,0.056635385852033676,0.1387066486801439,0.018565382544714962,0.9422320376077602,0.7970456857281856,0.7973742649446942,0.18408198357032335
000040.XSHE,4,1,-0.1658582490955072,0.6782881044256615,0.4152994195494229,0.09504668791422866,0.6740128507651195,0.1639426828095431,0.3743738039038259,0.34279810863286675,0.8223324220914539,0.1810235180605479,0.17286057682534184,0.0009526518530265336,0.01147970755027038,0.004711847982631313,0.0002275747114851102,0.0014930026310077396,0.003525395028016179,0.0012231852731236685,0.619810502214983,0.03420819164195439,0.1507460622545559,0.0038986906826927394,0.0069452762321067785,0.5454545434710744,0.005373028378865681,0.6994695859087925,0.0029076457776129653,0.027358234602514242,0.09118141917573686,0.32788554821447574,0.1344103091066297,0.5903614457831324,0.1198917980212161,0.35853747925005564,0.07955812557479296,0.04543849144133881,0.30670642381387697,0.18172998748687785,0.14124011781925194,0.095199587195625,0.4977761849709123,0.020160463988322472,0.07258716397111792,0.5086526485203847,0.11819766922699736,0.002783919927593613,0.13528592750912088,0.1493898327378956,0.060853951312067646,0.002783919927593613,0.6486795041231537,0.09967036014719233,0.00021815070201461226,0.008811278522925082,0.054263128205967064,0.013780785979981175,0.018453028252257603,0.015056918546866277,0.029767841645539354,0.7404298752665376,0.3700707390015249,0.04207949583488858,0.053035010061689564,0.17337139636216242,0.024773882873721363,0.9170530882958627,0.6960854230241922,0.7009027944644095,0.4756800790841147
000042.XSHE,4,1,-0.09969170305767519,0.42901070601494373,0.3709219985793093,0.48800393385053953,0.6399540602282444,0.27944408168046736,0.24940720862486074,0.5199834147176243,0.9976864760054762,0.35511111282984353,0.3574441441290857,0.0016291478592914443,0.014585307101138414,0.005298900095803576,0.0007534027580444232,0.004200867553147113,0.00670486473574769,0.0013298759751659164,0.6268483958582171,0.05367094176834407,0.15145384290285713,0.006024686952967673,0.011585241346058595,0.363636358677686,0.009770771426381218,0.7026671268759186,0.0007076133645622889,0.014832232974586235,0.0913241349259344,0.5664335544554032,0.23581351894199334,0.10040160642570281,0.13106577367972372,0.16036563018748606,0.06382317739664349,0.061901548587845925,0.30619790759160287,0.18049740283829982,0.14379564131161007,0.23469086489972033,0.7283975485114225,0.26397864609133753,0.338795832341061,0.525058559273258,0.25637093097759933,0.02464346280570739,0.3431701531921254,0.32895951041163757,0.4688234001500839,0.02464346280570739,0.7034145577644644,0.10994710703985382,0.00019830216213941466,0.008932808880163765,0.04803099996359028,0.01920593079518182,0.01880406141676246,0.01964226874905161,0.029307802820391835,0.7141991455275475,0.33719663783885434,0.06968593842853352,0.07804727148955681,0.19775667211328976,0.020253634025243765,0.8832160457883003,0.674632922029101,0.6744830518096818,0.5516847815154452
000043.XSHE,4,1,-0.2439251078721736,0.931572732872445,0.5112470636060769,0.1800708751808135,0.5517114153144275,0.32560700295972017,0.6471701177627767,0.5252173428699318,0.9899867309365886,0.5160243011580173,0.29576585461052335,0.003118994472050472,0.010909510462150588,0.004888725888288503,0.0016465419695397053,0.007811906218609491,0.01517258194407864,0.0017358408190821502,0.6252626440284558,0.020563575450564912,0.15042863022080302,0.00536751514213708,0.0441054424278408,0.363636358677686,0.0276788552516853,0.6950113908310107,0.0059307698979936055,0.06837297639504386,0.09098697077861531,0.307437891586985,0.14430624670626968,0.3092369477911646,0.11113299804598714,0.3190692116509718,0.06566365991965302,0.04766110894967772,0.30726444042557605,0.17897048709276706,0.1416755707032499,0.11339761623025196,0.5703418390024056,0.08601498010239406,0.11980772988947079,0.48943162897718073,0.08970313288462707,0.01637357941040858,0.1742298176598467,0.19189804625114326,0.05317480955224798,0.01637357941040858,0.6871556491936568,0.07674180288143764,0.00032078379343257707,0.009182401220771012,0.04748630546478046,0.015141840156812289,0.02406092162094552,0.012832574806654621,0.029193538214414543,0.6294421534568656,0.3022503369149589,0.03232316740541744,0.053827451868097335,0.17048381529614431,0.048363492253394744,0.9121000269844202,0.698846800229977,0.7193587228323293,0.39932946724055807
000045.XSHE,4,1,-0.3059927414688054,0.8216845387871197,0.3901815668036895,0.21544100082994044,0.5358270872462801,0.15178346099973894,0.4263902889523907,0.2562627671587224,0.9923652390934183,0.34227237483492107,0.3008616285063374,0.0015500919319572472,0.010331014074315322,0.004622601335750283,0.0002771631390215402,0.000580042144785284,0.0009886183882039901,0.0010839863461544216,0.6203225411478014,0.022922829042189553,0.15073165140162595,0.0035329767122420043,0.006073184975817088,0.6363636304132232,0.005747772188471483,0.6997892965548074,0.0026483257643783796,0.03034276928642489,0.09138659812090459,0.6697653862173872,0.26746100050408217,0.2891566265060241,0.16478138904883186,0.09970855118422252,0.10547241166754813,0.06035971116527723,0.30943331659636675,0.18246986381094665,0.14910686663702985,0.300835938520875,0.5997874236070864,0.09420791694866677,0.1250594196534543,0.5200968391963802,0.09692633248511173,0.010988273570492387,0.11850398830173685,0.13588345533194057,0.01853278823885232,0.010988273570492387,0.7148906782958645,0.05866149318914854,0.0008677735968401948,0.009300534167373298,0.057951062187252475,0.05446960232738337,0.056853516077503684,0.0394904606603632,0.027886338045319543,0.4785589065946068,0.24700076094211998,0.03299602996949717,0.07726445740372742,0.17984345708567664,0.03799276185918526,0.8429684282285439,0.628621025164743,0.6403265797582864,0.6341461810093019
000046.XSHE,4,1,-0.1963086755347394,0.6029875180491062,0.2559362531243019,0.19968629773065194,0.5449070463552024,0.3077009851030551,0.15515182626976265,0.384662021737127,0.6561402568982007,0.37760418580099264,0.6210659654255355,0.0027720185921804364,0.01338570613091913,0.005951657087708045,0.0016608649751606247,0.013709026589356443,0.01010601510633897,0.0023991105238310283,0.6908562273265136,0.021850056337595864,0.15205996245567074,0.0050654479393852855,0.017961501688395883,0.6363636304132232,0.01694943731109303,0.7023284503856961,0.0012258601564293715,0.006783033372524192,0.09137779154298581,0.8259083747373288,0.3003065801779107,0.12048192771084337,0.1757149012255073,0.05317837304011194,0.12892025407000413,0.062010430855765006,0.3168629310026423,0.18893409946975595,0.15364857522416073,0.08846728179928989,0.5924404260413267,0.06782389291684866,0.05362240382719399,0.5092184886391958,0.10417407533314847,0.0033964584186510728,0.11943718985027348,0.13651298821395821,0.02203863321349419,0.0033964584186510728,0.6734885373175489,0.11579012614126649,0.00018984826307570602,0.009058862903921213,0.04542585901844705,0.022309059358646,0.012037065776594365,0.05041748339284856,0.029629949050585698,0.7780899779673403,0.3438099626381118,0.05084673725762558,0.08498450802863247,0.1898890725540862,0.029592331159897112,0.8167757878740538,0.6269708327805055,0.6177105090134216,0.735509656169149
000048.XSHE,4,1,-0.2551938106698746,0.49785018795779723,0.09855379621876087,0.2870177442936944,0.5708799021021458,0.14589692248396666,0.36741360658705885,0.33790643973241485,0.9060513427572078,0.35399679413430984,0.21552006483559127,0.0013159718071274415,0.010567484963805164,0.004754594421756552,0.00047843133941661073,0.0010456143621453136,0.0015087297465350182,0.0011468880662058173,0.6170943457911929,0.02222230201523233,0.15085253841232066,0.0033262762968894392,0.014319965398887724,0.6363636304132232,0.006441556992688173,0.6993026497366001,0.001763303611561876,0.022655331464230804,0.09123896580430985,0.42167898637938,0.11505805902089741,0.827309236947791,0.10522418443351414,0.6771919486623023,0.07757413402139564,0.037586942362896426,0.30715526898157386,0.1811573592593992,0.14055379207969695,0.050387946099368204,0.5002893788998053,0.03047630275663569,0.030869199778360636,0.5181911535911857,0.10134759835619424,0.01650942629018886,0.10949746695910757,0.12819405902415107,0.0,0.01650942629018886,0.6810921536802228,0.057933520938208416,0.000954588427382064,0.009032176013076569,0.04902448368132746,0.016052750561989015,0.11038362567005765,0.007959327280637165,0.029436838665413273,0.5218203168400708,0.2747750509874047,0.055748329868568605,0.039083865692679444,0.1850289906014085,0.026663875097206437,0.8842315121216855,0.6699200610322413,0.7128405943286868,0.2587270505404981
000049.XSHE,4,1,-0.02508625630700108,0.6856897332428893,0.020134213978029003,0.387669319277054,0.7703991059465088,0.16994853572309224,0.6782448983481393,0.7681741403347215,0.964395265289061,0.6017634194869455,0.4187912986950211,0.002596668805117348,0.011795024047771784,0.005282022924448454,0.0010750676283623555,0.0012146563483743259,0.002458969741813168,0.0011564460099419093,0.6180627391732628,0.026285365063023113,0.15157499080351888,0.0037028097071947937,0.07184936147042026,0.6363636304132232,0.09702939571042186,0.702743087862502,0.004539630161560236,0.0914352898616261,0.09153434642035399,0.6890062329749154,0.265169678695241,0.004016064257028112,0.2092420986335086,0.05899400368956337,0.15339170368987914,0.08160563043665517,0.3270619650377039,0.18695715882916955,0.15114764582472176,0.04561982691233003,0.5988485252732615,0.12474313050688028,0.08469809325029526,0.6473795106619149,0.1912147010223394,0.12413417817271666,0.16287558268972602,0.17985418751728222,0.05209835133041064,0.12413417817271666,0.995667095516706,0.0652989469823352,0.00049996202385175,0.009041247472335534,0.048021633698292265,0.017334004772449195,0.11868643759350875,0.011635313913313471,0.02925471544495221,0.5513620441695506,0.28300447746986457,0.03359643391128522,0.1243272707556235,0.17375780577088717,0.03775019441287312,0.7570221627302551,0.5661182610233957,0.5489790421770575,0.7381179047603394
000050.XSHE,4,1,-0.399565125338441,0.9329468476254408,0.12690980731750945,0.39910734032499595,0.98192233202853,0.21384412188580382,0.692066062833607,0.6448342030590429,0.9796507364725366,0.6591855399602069,0.39823427820486,0.004664015607485338,0.01110116849438005,0.00488391518423897,0.0016105012660695532,0.007727993364954634,0.003347867339114243,0.0013852340265592697,0.615813439257174,0.021526141540104314,0.15063207635215572,0.003699535242610576,0.1117997167162514,0.5454545434710744,0.10696410584648793,0.709797784455916,0.010359947658203587,0.11621597178258115,0.09104805298248529,0.35486761890171653,0.17102966368568404,0.04417670682730923,0.1341081308279454,0.17532201552408944,0.07921674371071444,0.06743493007905829,0.32996544591219945,0.18056857001362256,0.1439074292161588,0.11666546300279435,0.5156648568172502,0.04335204719771663,0.06745177391928987,0.530389275840273,0.09655052488606972,0.03706066551345487,0.12374705703722957,0.13885558955071006,0.04358661777674929,0.03706066551345487,0.7427530770282446,0.0670829621561667,0.00045466706558759597,0.008929347041549678,0.051103926496715996,0.015088297506268184,0.08895323573133325,0.00677190485145034,0.03002926833021204,0.5475221296833263,0.27549024703463254,0.02675215722432289,0.08641194645502999,0.15052930409890053,0.04788389065023628,0.8181400988481913,0.7048505152359472,0.6832231795581349,0.5761742864095846
000055.XSHE,4,1,-0.03376936735863883,0.6453568080061453,0.22647375480488785,0.3192361502024031,0.5286260113060653,0.17479071169953597,0.4267387338564565,0.38707634195217133,0.9662473139147778,0.1704203783230886,0.2626442277937422,0.001484360179495157,0.010849943194599516,0.004870490334942377,0.00044592345314355846,0.0010851779472940484,0.0024994280477723427,0.0011721641440458988,0.6179638884195379,0.02202622329095451,0.15095230065605258,0.0037080355517248387,0.0063931387559289805,0.4545454565289256,0.0045161749026537456,0.6954837859745687,0.001981411258100157,0.02175092701456091,0.09131112093061511,0.5488470540723476,0.07009455987513727,0.4538152610441767,0.1233814831260516,0.6323227926524922,0.0845189521977362,0.043952754790209575,0.30450274569962044,0.18199417882120056,0.1393774193632249,0.04975761269091658,0.5274596352117129,0.021797360905385792,0.04213429300180484,0.5205383020845913,0.10249904220411592,0.008160776255258413,0.12106499991946833,0.13951961355630846,0.010054453782938202,0.008160776255258413,0.6991412482457463,0.07317290447814992,0.0003563266521155982,0.009104424998936609,0.050544457044196626,0.014923268348761148,0.053917308410717665,0.0113188498362062,0.029432486571283244,0.5609917690773228,0.27161312137523214,0.027943856998952035,0.05242508262419089,0.11103139091553935,0.013466531076150028,0.8984915354135008,0.6832846844456242,0.6966304299033832,0.49676974084682646
000056.XSHE,4,0,-0.04509392226182898,,,,,,,,,,,,,,,,,,,,,,,,,,,,,,,,,,,,,,,,,,,,,,,,,,,,,,,,,,,,,,,,,,,,
000058.XSHE,4,1,-0.2674317439674106,0.5875067141792287,0.2782997445509315,0.2608465534451029,0.49098549002005265,0.06899373129385253,0.4059965254946903,0.21466031227309068,0.9464201190966499,0.3078673258864953,0.24411196427175835,0.000607178029060248,0.011071046532076707,0.00491695785439625,0.00017033366535053012,0.0002477201549811271,0.0010701794758536957,0.001107817587683655,0.6185644952467828,0.02328581707411546,0.15109937117533945,0.0034006180618729644,0.010106154488757695,0.363636358677686,0.005952684366844688,0.6964501431492973,0.0035328778328923304,0.022790992131681287,0.09121449158883498,0.20603354963275866,0.10447110102011739,0.9116465863453814,0.08878702314115139,0.6015784843224353,0.05206844629033616,0.03863925483365618,0.3064258702529405,0.179580098617703,0.14009364186794987,0.08269661929866894,0.5271647280592194,0.03442216063325214,0.044422069775763934,0.5187084954225325,0.1068230054129175,0.0034747954220665377,0.11256056810618402,0.12787447109301447,0.0341349381864873,0.0034747954220665377,0.6571162814611751,0.05740662274806651,0.0010308651968052114,0.009040695585020244,0.052815842338579666,0.02823822256047851,0.030028993491845124,0.023693085218351118,0.029533448344310972,0.5906410539306731,0.30633906249361265,0.050956400189344664,0.0406782945616573,0.1836280684754522,0.025012562062571037,0.9193778315888141,0.7284092919375529,0.756263978263223,0.22247849282935456
000059.XSHE,4,1,-0.2614998003150559,0.6632634431154341,0.8083721235513877,0.0,0.7886549827851237,0.35262122885152297,0.4353162375739617,0.20107089768482142,0.9872929617761401,0.32732526775165943,0.3851099499051093,0.014050357742480863,0.014103332560283309,0.006238687371660595,0.0120806626387336,0.05235224833414142,0.012653936519892498,0.0024326580181021507,0.6023443498026033,0.02208407653709854,0.15033025282099918,0.006111173347681536,0.03189926886376669,0.363636358677686,0.02426897514806016,0.6907364544762611,0.028551280289981155,0.027584335714931716,0.08978266594052117,0.32296677290971676,0.0,0.9999999999999998,0.06679087319207695,0.9605317324009162,0.05750279767076073,0.02825527754669377,0.30464977318752934,0.17654151815702943,0.1342052789888134,0.29891522913372187,0.5039900415061211,0.09829964919109496,0.1673568781862648,0.5046180567153747,0.09273117780956215,0.18075165919880495,0.1593433094977854,0.17712237313688187,0.042137998180014236,0.18075165919880495,0.7086016567400153,0.05847854119964932,0.0008878777414957242,0.009406669527882997,0.04347543320955791,0.014931856589908423,0.17409281945034116,0.005151629118614833,0.029172784378369124,0.5220182448608017,0.2680916470980541,0.03960116395294853,0.02382030014161201,0.17019462177635913,0.02267123287671233,0.8912785289230376,0.7308666135951527,0.8093754373364526,0.08698808617595244
000060.XSHE,4,1,-0.3262655720864636,0.6905559075658284,0.21975987999292823,0.40936092104799504,0.5692029666928295,0.13918693384414357,0.4984564429368644,0.3294364393604736,0.7521306462674942,0.2766091686211877,0.5710817541930584,0.008165337349948778,0.013484541166520907,0.005999083366252355,0.005758467856185591,0.018309820398446662,0.0035335672744126996,0.001514660643489814,0.6160387634781279,0.0227989780689995,0.15208380045521502,0.007707553273658581,0.057115108420491806,0.363636358677686,0.04357555776052793,0.6972891028102348,0.002212810369832648,0.022384010129329834,0.09134455943644935,0.39804266965307944,0.10075374215051128,0.5622489959839356,0.10430647037819304,0.6364774011676431,0.06359266860299195,0.047147190384061295,0.29217097128497177,0.17618280776690873,0.13923703455286138,0.04378317271465493,0.5271685978361011,0.02959573746650837,0.07770058996021595,0.5211902186341341,0.10998020700227555,0.016739077077166816,0.1555507245253193,0.16884081398939846,0.08216522639684436,0.016824206424571296,0.7119541656295975,0.05501801056753952,0.001666542447169928,0.009073360295548229,0.0446934434559883,0.01511458694768534,0.16315416415862707,0.0077946356937992995,0.029136446095080617,0.5292667348973159,0.2762478798641946,0.05652872661811933,0.05639448667653353,0.12956946344429246,0.022978255667882995,0.9070937069491982,0.7175959709875728,0.7331660122573029,0.4351755785002188
000061.XSHE,4,1,-0.2558763699047127,0.5957261050230003,0.371625145165576,0.34133059271773714,0.4563021325716826,0.14315919939315974,0.5073782483372218,0.20094575685558294,0.9333925508830383,0.2903240089949862,0.4506593109230714,0.004857101600911913,0.012746904811726986,0.005638441079009818,0.0006690516143164149,0.010124351109271968,0.004713542041638142,0.0013230494173496208,0.6143072521116422,0.0334087291726821,0.1516505674307586,0.004156480980733773,0.03125383951814869,0.6363636304132232,0.018850434771060645,0.6985034120217872,0.0017861497876951002,0.021615266347110425,0.09132971050702855,0.45716946768472466,0.15618726549129716,0.7590361445783131,0.11717554888260241,0.40714547494659165,0.08595858654577468,0.03697078552766188,0.30447195239178243,0.18027505333776997,0.1411348292114793,0.16169030155282302,0.5337922486660326,0.05008376299903998,0.08061771949662541,0.5238306051173081,0.10801361401757123,0.007372557469521249,0.1213686708924781,0.13812062675123157,0.02640543270784245,0.007372557469521249,0.7245473996146193,0.08107949954688931,0.00028914737462230303,0.008926229275752623,0.06849180438594499,0.017031274626272835,0.032276390950438924,0.005801212247436552,0.029567199889961628,0.6732241642946721,0.2833739500059665,0.05014752536498654,0.046133707391924704,0.21661877121649692,0.023657803433630435,0.8982234665038134,0.691350448896555,0.7011378009204858,0.5724809239871774
000062.XSHE,4,1,-0.2310964113837961,0.5045485806533978,0.24016616363773016,0.3822540772352836,0.3562965321992161,0.2184574311537847,0.3115592557283141,0.3534711739107572,0.9881873721722012,0.26376520997646835,0.29231446165272024,0.0018153317238121809,0.011033636260222829,0.005043125896944354,0.0005924779312017315,0.0017215072006277895,0.004373457573196278,0.0012780976688299365,0.6191726014167727,0.020561859567244378,0.15100864044364867,0.0044567876850657735,0.011541200029091954,0.2727272717355372,0.008031782288012141,0.7023521039071391,0.0028250032780788082,0.015148774531970697,0.09105164223010699,0.30055636847067224,0.09386743610678774,0.7108433734939757,0.06751753407005194,0.73327762373229,0.03677929254889375,0.03656440226903336,0.30518696607192813,0.17848917902425734,0.13938131894129055,0.03363737319159567,0.5309110238786341,0.04855226431881316,0.06259875934893466,0.528435212390381,0.10073540969207624,0.00783828312785231,0.1457491976395788,0.15888442290019422,0.0770591405245832,0.00783828312785231,0.7489018751380325,0.07127508977579243,0.0003804626198989872,0.009194007029926914,0.051886471366403536,0.016558921363172753,0.028877928032289137,0.012544990435956627,0.029285566956673968,0.7490028752232928,0.33478358116998214,0.03459992651762951,0.03501181405840995,0.15294909307392207,0.015303583178800024,0.9384737469997584,0.7684423510680647,0.7869019547784206,0.38711743419370337
000063.XSHE,4,1,-0.006058675534739474,0.7328483239702523,0.36468514552551257,0.339953142981195,0.4554655873829459,0.3334803069778675,0.6219660744760587,0.24296650824656083,0.4249296809892346,0.6135545470892944,0.7324678046927198,0.027910564373752167,0.02544897343336769,0.014422199960200752,0.02769834623843797,0.10532534645067729,0.09772485161929328,0.005095544225590406,0.6554215456930992,0.23970102331724974,0.13934474339273414,0.015253232084745362,0.15484085874524722,0.5454545434710744,0.18539070528152954,0.6928363680135852,0.01100728004267248,0.043049651804286874,0.09210205936382522,0.7439682029560801,0.19227251340833887,0.24899598393574296,0.19126926507771908,0.164520238702637,0.11784995002897361,0.0630125431520274,0.6402955880281913,0.22590590734202418,0.14965930686299742,0.26139714700262334,0.5420040659795953,0.16627491772980868,0.1762879877387816,0.4857168127182423,0.08815656015767556,0.10759923967483412,0.1837323201326389,0.19484768018264978,0.12169305858069208,0.10759923967483412,0.6867326417980386,0.07519650402996048,0.0003348569829288157,0.008243273795071771,0.042943534876014385,0.015546879599648324,0.05235784357740484,0.011077338034723952,0.02920751531546876,0.591272538568243,0.2635294983329937,0.03459693652289937,0.08634682018242365,0.17847530969752243,0.031039959322845007,0.7980668858559032,0.5470982044137811,0.5846947424566888,0.6249811773888361
000065.XSHE,4,1,-0.2922076726694101,0.6820094119114394,0.2525585664363425,0.43845044961453894,0.6073956679865156,0.2061364117894195,0.39010851510680605,0.3739380206605128,0.7466192867724739,0.5481521800080049,0.14327256201326433,0.0005850910740023314,0.010438210647813386,0.004678380675232731,0.0008525300746454266,0.00022186275380140346,0.007242639373231725,0.001208781005326503,0.6185948651904943,0.021719378353459554,0.15067027002967393,0.0037903350206517925,0.010946639595748,0.4545454565289256,0.005568701303915959,0.6999326046534544,0.0013675116354261423,0.0227005516867143,0.09126471682370749,0.14914137310104836,0.07785441038118382,0.7710843373493975,0.037157207777577195,0.9277106331081336,0.004648657619245725,0.04129102801830808,0.30101971019801504,0.16901962128812034,0.13677770065278935,0.11263097493311613,0.5913219097519784,0.2901200683744192,0.11087618105569938,0.5575207354267464,0.08655550490247019,0.032999764457059204,0.16604002061297576,0.18091966695885361,0.07412664672793544,0.032999764457059204,0.7766602748145838,0.10311833129635083,0.00021060958893044535,0.009076474771405997,0.042681411366899555,0.0191653561745995,0.03680476496112584,0.010619507159057219,0.02913733694627343,0.494865514285746,0.28100371944770675,0.040356113247350396,0.04523954572827108,0.17263143144854842,0.041569061434467904,0.9180925210549489,0.8292589889876614,0.8611745569864249,0.1379976419668884
000066.XSHE,4,1,-0.2044040794344609,0.5581331728401817,0.5004415574241671,0.9866120526763411,0.64001006395291,0.4886656745493712,0.4007777240540094,0.09565394877947386,0.9906409633814246,0.16615452736683956,0.29709897772812505,0.04234702624017924,0.013652654217141208,0.0027457995473435886,0.02557700981645872,0.011099141381294003,0.06187902535718981,0.002779666346515177,0.6294762230875575,0.030475240492277324,0.14594965684786093,0.004564243969444813,0.005330368136988191,0.4545454565289256,0.005809897371537049,0.7001573290821966,0.00155618049596666,0.025639866148141444,0.09129069278965551,0.24018788774962835,0.07185917022639865,0.9799196787148593,0.11393686812455611,0.582467490470681,0.07635050448874223,0.032789677139385374,0.30779828565277206,0.18117963596934641,0.13850131415780811,0.09082879785540107,0.5772480840583888,0.0893695076015154,0.06051261267083716,0.5145770676329495,0.058706925947800165,0.27149567680603365,0.13053223552347898,0.14364683705635756,0.06704736336654422,0.27149567680603365,0.7189793602772686,0.06353360665176425,0.0005580474123822939,0.009491172989261568,0.04501400718379356,0.014275412985707604,0.12454670533204594,0.010469426571669223,0.029792532117589712,0.5082852558593902,0.26879146467828935,0.028048498689521056,0.023340625249326,0.13683373866342402,0.010328408207214214,0.9199352728977006,0.6929923488567513,0.7144605545624259,0.543483523811663
000068.XSHE,4,0,-0.2609717830457851,,,,,,,,,,,,,,,,,,,,,,,,,,,,,,,,,,,,,,,,,,,,,,,,,,,,,,,,,,,,,,,,,,,,
000069.XSHE,4,1,-0.2534625556052862,0.5985906253879223,0.3326571466984821,0.62091676637344,0.5894779867747622,0.42775151655830745,0.6903445544193463,0.32655416939744236,0.417737514917817,0.2049178521086591,0.7359146801204735,0.01898091914932706,0.024359138840353213,0.009926435814673378,0.008778920926638045,0.03141146751940277,0.06959078191227465,0.003868899185647412,0.6550550499777225,0.01811217813819765,0.1567931943887013,0.019083484079712568,0.12339882045146332,0.7272727282644629,0.12300792933678602,0.7037732376803428,0.005684804917521168,0.067197250610473,0.09104999551546687,0.4543132302104812,0.14811974115034632,0.5823293172690762,0.13445532056746745,0.28874067214933996,0.09984101912199271,0.04109487055193304,0.36476412000061614,0.19946516407216303,0.14210582414982698,0.048078682742463186,0.5482591331257525,0.05745475389948885,0.07892313714684739,0.5291371929833577,0.11555779055767307,0.010862963007442055,0.15674520371237177,0.1722139564334624,0.06230495655864178,0.010862963007442055,0.7366288180215174,0.08092491224553919,0.0002901143080502759,0.009072690792903453,0.048212652742679926,0.01621133318437054,0.028134569117875822,0.013010918973969068,0.02942270082974017,0.7454956128727506,0.3428165915360422,0.06297123088820555,0.044870744243416805,0.12289671682626539,0.018446192498654066,0.8904991762650722,0.6582111582857904,0.6781956257112904,0.5119664801360511
000070.XSHE,4,1,-0.1836618086940085,0.5484376921225984,0.3074753522878729,0.3767026661682656,0.6464511609906474,0.13017001940124417,0.42135047466813835,0.3401382705390822,0.8583033513386299,0.3036909994063927,0.18942455250476709,0.0014552647357410561,0.01099773429568427,0.0048214151276144935,0.0006136924663850416,0.0005586645549716393,0.0018637972122586715,0.0011498333424427856,0.61873963092566,0.026442669429536766,0.15092263653273483,0.0035186147215438683,0.017029809664961582,0.6363636304132232,0.0263035887597155,0.7236278495836961,0.018266323725313442,0.08953604051731934,0.09342403015460524,0.5808733423390802,0.23080489071741858,0.008032128514056224,0.15978238384296217,0.08059755733246825,0.12248681965037064,0.05283926990412099,0.31286492268464683,0.19293724962086137,0.1473234596016711,0.22007572857291116,0.5523082766787946,0.057956570461599466,0.10261017077772605,0.5164238968727276,0.1149231474330287,0.02165904597723325,0.1233439026912171,0.1402323276245306,0.026436181083546253,0.02165904597723325,0.6870563242526967,0.07934493863743064,0.00030061376595005916,0.008965546243517659,0.049661125883133275,0.017777712717508182,0.06082397829949927,0.016827587820223915,0.029612693235737748,0.5611020987023241,0.27815383645058755,0.046780693799027176,0.07060017808190654,0.1817338627957643,0.01976715319734402,0.8208873613497891,0.681839038521074,0.6425182130003457,0.6539206075586612
000078.XSHE,4,1,-0.2548022652783292,0.5561042601479463,0.17715461708576324,0.281719724481721,0.6928040229063592,0.19970825821949653,0.7314026336799967,0.36710529473963294,0.998686705206373,0.6058268252455155,0.35251190482106287,0.003560614035525852,0.012184224432098035,0.005423316201013076,0.0021118967386453743,0.011504972879214117,0.007624624160803969,0.001356983174564597,0.6185767276126495,0.02728277299446907,0.15137173984451413,0.0023100141738182935,0.14777669740182903,0.363636358677686,0.05349732697538102,0.7022138914823827,0.010516545188944175,0.10359952970968617,0.09089324140469525,0.29654123567476787,0.1542120313851643,0.2610441767068273,0.07526111698910731,0.2521807331698318,0.033794763540738335,0.04965624322070024,0.3028011533569286,0.1391454501120565,0.1419537406052665,0.21209547735578155,0.5961115376241821,0.08543155550346566,0.05591915841179399,0.5154671396802067,0.11215776747657642,0.052144251955371604,0.08153739218708074,0.09744838077730861,0.007662442210946051,0.052144251955371604,0.6960995679949333,0.07357544479973072,0.0003517416191248699,0.008986867243386223,0.04522336300108859,0.01641974259734841,0.06728109479484329,0.009627611980205873,0.029421876724278925,0.5463983198849467,0.2718033082391792,0.046520247383063984,0.06326325713415125,0.204301961417642,0.041857390680145955,0.881760307338342,0.7422769890761138,0.7663296480448256,0.4372679917430302
000088.XSHE,4,1,-0.2041612396373036,0.2959508228901985,0.40322439607415106,0.3551539621910499,0.44599610983082694,0.0,0.12403188457317155,0.37795461986778317,0.9564496342006377,0.16073723309427912,0.4278606920223581,0.0006714065827883852,0.012149832819202672,0.004914083645778986,0.00010440550630228378,0.000550544858824643,0.0003295796948002796,0.0010835167680170617,0.619247051495273,0.024036299358758634,0.15108366035281692,0.006088582210321811,0.0075135302948718865,0.5454545434710744,0.006616459257408571,0.700242425899633,0.002570799046396563,0.008094419824545536,0.09137521902252366,0.7695465646867554,0.1245486227608727,0.4377510040160642,0.13662673874861483,0.37017079372835815,0.09152250144174968,0.04357045579840614,0.3106168128956308,0.18176906161006448,0.14083976113784488,0.0633848590034581,0.528879642299938,0.029471358074679883,0.06763476201690936,0.5232020143169513,0.10797340486732634,0.0007267194302221785,0.14089249820448305,0.15075572595276207,0.10483155059022302,0.0007267194302221785,0.7118209533558393,0.061899115194725546,0.0006294782939966055,0.009108215557317726,0.06376421495658009,0.09078236713728587,0.020977095270770355,0.0688370540266252,0.029436484504388606,0.7868376202953287,0.29599917104153156,0.04065231772529,0.0520727534064504,0.13919161980037492,0.009459681761081534,0.8793663277044781,0.6244195303171023,0.6645441270830417,0.39262603941224355
000089.XSHE,4,1,-0.1532165702715815,0.42105507774328277,0.8459552133100291,0.5267556198054572,0.6068289437279589,0.09878075147823306,0.003696167644674009,0.30945842970062765,0.988139951297005,0.023200567697326036,0.38344704709389543,0.0009669920628584609,0.014378568435688683,0.006371911892740388,0.0007711835728413898,0.0006410138728078632,0.0020105039022476254,0.001272525032048875,0.6191822116210168,0.02308724753319506,0.1530998923152499,0.008994458334885175,0.003566461088041467,0.363636358677686,0.004556394578712295,0.7016524280309837,0.001605501531487648,0.0051098851406348915,0.09122349946686086,0.31625264478063453,0.030352968732950673,0.7630522088353412,0.1079806206197765,0.6439550805410948,0.07230187765569701,0.041078995179591876,0.3069319400961612,0.18083006267735724,0.13858320529718682,0.10364455733389177,0.5386234389470829,0.025319403472939303,0.12366028140247348,0.5262261716030001,0.12217019401872353,0.007145934594923938,0.1811081883900267,0.19424674083338994,0.10074625777688713,0.007145934594923938,0.7237317665700294,0.05327002197299753,0.003244212254873769,0.009075910546818385,0.04348334836333088,0.02013545262568768,0.07830145767445332,0.018214635229846277,0.02930729882201058,0.6786768872187288,0.3583609123752471,0.06866892584601819,0.04509527423232328,0.2259145260171252,0.00737512711610935,0.9204430060643933,0.6933793286453502,0.721551676335378,0.14590503299388927
000090.XSHE,4,1,-0.2085730879515909,0.6883428513381196,0.6807041205321555,0.49432330988829715,0.5638610472362161,0.18326167238291097,0.6684202850453331,0.3631464105560962,0.9915713785160605,0.3412268913737463,0.2990803664078272,0.0016038877301372933,0.012591679062577283,0.005618582427691379,0.0012926652914913635,0.009046020343668274,0.006118252051302343,0.0013895309270661837,0.6214072581054553,0.022137445000347925,0.15200114894238612,0.004855985973216855,0.07563313174356037,0.5454545434710744,0.044402613238859315,0.7251229250753712,0.02644996793317101,0.12241114226281992,0.08995306731111348,0.44301277155782876,0.1937996772857775,0.04417670682730923,0.13866771372591905,0.19235519182341831,0.07765092475175768,0.05409030300196705,0.3366892393625749,0.1797575679318442,0.14308201852559552,0.38580035717014516,0.533975183573169,0.07459907228420933,0.2122050782340696,0.5078144471580646,0.13902635718501832,0.04542478245216752,0.17349892420387653,0.1727072018612014,0.22775030304379762,0.04542478245216752,0.6908131440784223,0.0679130685866018,0.00043695621756433955,0.009075369351805775,0.04425402050235897,0.015252566358137496,0.03230040900906293,0.012463886675288787,0.029759193305748572,0.5859379071523536,0.2874640382335943,0.04692105292664421,0.06893856132992013,0.1787770906166084,0.02782915594903392,0.8570331695331697,0.6503775817080184,0.6610731609424549,0.4639095408240358
000096.XSHE,4,1,-0.2472468362112723,0.6076817074086691,0.5669603678127821,0.32022333136723435,0.48124401825888596,0.003053363906743878,0.3566273516405706,0.3957869132008185,0.8600904158020408,0.31015938450472463,0.19030501911141084,0.00040893936180716434,0.010373758426761819,0.004740826416270828,0.0003334665973098637,0.0004468337674022461,0.00041507349846530654,0.0010873370910182052,0.6189469568309928,0.022563051643491466,0.15087434253470308,0.004484316456101059,0.0068183589340106154,0.6363636304132232,0.0071170872077318354,0.6903933399852369,0.0057348839920612895,0.028850501944469566,0.09128017830464659,0.2733387251644587,0.07038623090428017,0.37349397590361444,0.09932854690223741,0.7145823987089608,0.06529218129624095,0.0455792588473455,0.30756034483682204,0.18135185498723402,0.1376733037485344,0.09879479833638355,0.5318427242963106,0.05348171763203934,0.09507951731995384,0.5173642337013636,0.09817211988036124,0.007656342419736948,0.15580688572691348,0.16143005788499368,0.15504682898098027,0.007656342419736948,0.6874606351888402,0.05258863434836748,0.005284353257847742,0.009360066715406679,0.044367471039771525,0.05307860710036799,0.054300211691473615,0.056444608683987874,0.029779211576588915,0.5013095405741355,0.27529714020859825,0.0678394135580336,0.05402357286566113,0.242874819501444,0.026383771011545133,0.923072211728281,0.7192793330679756,0.7450523219430019,0.5547270669544773
000099.XSHE,4,1,-0.3027705399415191,0.6416372654743815,0.3703035429398979,0.37162049816614495,0.6031474093262083,0.14238202879309508,0.41045380287630706,0.2749060023807906,0.9847339908442585,0.1469253273057386,0.28638068593272764,0.001155367215931542,0.01130365706627274,0.005066957842467038,0.00034627477069843377,0.000878219339055114,0.0006264924764740932,0.0011693986615504393,0.6196321918510965,0.022321858803783602,0.15129431383155265,0.00446934327857095,0.013046308331658138,0.4545454565289256,0.014550220985355281,0.6976510851471811,0.00455435388472481,0.027674776159898704,0.09090902722724309,0.26701570573548344,0.11558891595927195,0.9076305220883533,0.1014110265353099,0.5197346470943919,0.061446758814659205,0.039133643979209834,0.3045043592426994,0.18083953564282168,0.1396412908123341,0.13610451377172622,0.5583682467619013,0.052605961386938786,0.10878072710602003,0.5203728137228956,0.11504812652340024,0.009656564971296924,0.1564364685109803,0.1691962626268188,0.08778873321198327,0.009656564971296924,0.7031539758605339,0.057895590350328346,0.0009596569785577374,0.009097983571975493,0.051042188297286836,0.0322475069417511,0.05053274825342525,0.0380663087447751,0.02935384784007176,0.6144345523555652,0.29599917104153156,0.058849035653574654,0.04064745287003999,0.20580952019050514,0.016194293234432014,0.9345867478092911,0.7482668833753485,0.7457296158304574,0.4956481406506056
000100.XSHE,4,1,-0.275579911055975,0.4670903732936572,0.34173601620137806,0.5417860949291116,0.43463671554036487,0.2593027266593921,0.677739425360077,0.5275391358247047,0.6315665837386795,0.22536907093702926,0.6332763973962763,0.04861806932116921,0.02355382129172781,0.006590359427434234,0.02474783731816809,0.056995177203262,0.08340266633596362,0.004245100168383068,0.6375582445716758,0.11165160661126408,0.15275211895863308,0.005888641317252544,0.19152919964850132,0.5454545434710744,0.2683518166772372,0.7986800543518618,0.28663588921579314,0.08207470380754273,0.0982743904202416,0.6244803824633907,0.32070882847004556,0.012048192771084336,0.17437621137596496,0.06896526944386555,0.12128959459006271,0.07122214108250649,0.43278790418102014,0.3026399496821255,0.14721037183776714,0.058862544886799636,0.5250521314228496,0.056149753953590606,0.0419008150149847,0.5271131924334963,0.10640664053245966,0.044567883248445066,0.11786855816118808,0.13505930195276497,0.01989658473019758,0.044635827147202635,0.7322713744351625,0.06507414416319948,0.0005065168504275161,0.008934488942492673,0.046608646830587734,0.01571200513392634,0.07569101802204266,0.010415011845471722,0.02950485120372699,0.5527813599484611,0.2741569923456114,0.027472437204829423,0.13922483861198368,0.17714437034503724,0.013019082371238859,0.8059518399113774,0.6542169740391848,0.6147544446586202,0.7327529761382973
000150.XSHE,4,1,-0.09421030008347589,0.5191451425621995,0.34308408434794846,0.1118848998112934,0.2703923353469598,0.20633978860381183,0.18963088456529947,0.3535246748216469,0.6312442974202166,0.1952780189374237,0.10657576191532425,0.00013766315259829094,0.010541535756339926,0.004744571802037264,9.623180869044646e-05,0.0009785438193638655,0.0015667191587754388,0.0011925708233662623,0.6196991595780776,0.02213975343857419,0.1508412490499112,0.0034654829705464585,0.0037137527454565223,0.5454545434710744,0.004141531478715068,0.7016776776368808,0.004575569934891825,0.022384010129329834,0.09138757423373037,0.7083960642707444,0.13462299726927388,0.34136546184738953,0.15347301736212218,0.2393021653856538,0.10377536183819869,0.04204504464006507,0.3083969386852454,0.18306508611013358,0.14294683315265286,0.11639067338431874,0.5322653955303976,0.014636875021335583,0.061646177948333596,0.49247818861786946,0.10041443275245907,0.0013188808893125968,0.11801273204444544,0.13586422527276426,0.013726764101907539,0.0013188808893125968,0.5798157697624499,0.2175471901877742,0.0001380493315428675,0.009029012462291113,0.05772983363929799,0.013337045909331862,0.006939279022221138,0.0223611664592635,0.029117749117293833,0.6652898564384266,0.2869401970351484,0.06009091533976171,0.046597714045153796,0.11582069843441253,0.016576837949392832,0.8746227507065658,0.6334140462606701,0.6560376855296755,0.5589485317863925
000151.XSHE,4,1,-0.2743518692520169,0.44777491266909486,0.26204585803044844,0.5810176483202072,0.6560172658647268,0.11249106045913626,0.49523115238311877,0.4091817457090713,0.8829354224277908,0.37203645947132213,0.202155855690213,0.0005749459641037978,0.010940572651177979,0.0049115992277947995,0.0007295359626798012,0.0002634217342180504,0.002181340028293902,0.0011110087461366305,0.6188304280853318,0.0221066302791453,0.151067407554231,0.003589548195446311,0.01882785533710857,0.5454545434710744,0.0216200542335942,0.6989144009127537,0.009189575429632918,0.07162883241385548,0.09065888686446494,0.3442722879422301,0.15948864931944742,0.15261044176706826,0.10540272033372378,0.27253800691716135,0.074466060046012,0.06018899521804534,0.30778907554722246,0.17957103450222014,0.1420265327291587,0.16145641235221603,0.5318427242963106,0.11315999907753774,0.08692697888105949,0.5158917807286434,0.11352400825697512,0.01541784341809899,0.1273567554940156,0.13868159664609878,0.08189061159314491,0.01541784341809899,0.6786043560413519,0.06426198414183652,0.0005321279758839437,0.00908386260423516,0.042860953438316404,0.023998105104180184,0.0635950156246709,0.016695071727489175,0.029716476037542718,0.5221845709286428,0.2773087994225483,0.03992264526133772,0.087507403758357,0.18444941607133808,0.021216575940659208,0.9112416738861826,0.7232956304453588,0.7247704726270288,0.38629317453228273
000153.XSHE,4,1,-0.2541017106423272,0.4386593173981519,0.28124614259202985,0.31757626926264915,0.6283368816290229,0.12412873372714314,0.593451597439655,0.35858454179126553,0.8963515783687044,0.3951863675298785,0.20971549047501375,0.0014680179903450326,0.010702446582812618,0.00479556930171776,0.0005349306768159312,0.0015851140604774213,0.0011822067128663244,0.0011385973467657187,0.6179269862752841,0.022530826480328437,0.15085727461675802,0.0036299702164629593,0.03112627585093036,0.5454545434710744,0.03531695255782226,0.7086812492590754,0.006736770219077319,0.13633897078773627,0.09159110725384495,0.5693405357082043,0.2274878061411527,0.028112449799196783,0.14532624635846053,0.16493498094136222,0.08949582560439032,0.055037360615998544,0.30278806151205634,0.18460218183154317,0.14394902471552576,0.1696253046698696,0.5794190791458829,0.054079897255481645,0.09161334112545065,0.5245757443684174,0.10149868728438713,0.022716339787499065,0.12924534722059614,0.14698319642211333,0.022339225093219266,0.022716339787499065,0.7332529385575915,0.06236560110860393,0.00060689221971812,0.00894060439130283,0.049445833700508514,0.018937810618317168,0.10557996775668005,0.012633018284717173,0.030627560722126815,0.6207510619919432,0.2717970789867265,0.03634007095062494,0.07412858305310893,0.1634769880174292,0.022316205060716635,0.8570535853772849,0.6888323161293175,0.6583375801728486,0.5598538951767468
000155.XSHE,4,0,-0.3142522239218362,,,,,,,,,,,,,,,,,,,,,,,,,,,,,,,,,,,,,,,,,,,,,,,,,,,,,,,,,,,,,,,,,,,,
000156.XSHE,4,1,-0.1566021661544098,0.03921276775578053,0.022282823299749788,0.35436811286198777,0.5023711308322236,1.0,1.0000000000000002,1.0,0.7814661656446298,0.9999999999999999,0.5547386857330527,0.0018804120394946796,0.011826317522109431,0.005204020823929402,0.0005701544276086346,0.002638782017905462,0.002843639658418695,0.0012534569357451248,0.6152484860276641,0.022804278872844065,0.15137856710023131,0.0038406052583546966,0.03793517091082806,0.7272727282644629,0.028175146558341815,0.6769274365018656,0.01121277821197081,0.22686985619969252,0.09135033786615622,0.3504741754117237,0.15799890725959512,0.24096385542168672,0.11320164279380354,0.27669261543231227,0.0778742900347838,1.0,0.30692432448269835,0.1811709745859703,0.14185495129426995,0.051553205445455864,0.5278028391899642,0.024957996452746378,0.024555739766929444,0.5256026795464415,0.10802005444423382,0.007456602496951578,0.12067059050390873,0.13986444094011397,0.0027792820625374246,0.007456602496951578,0.730385369085638,0.07438269111348218,0.0003430339682353385,0.009134805943276637,0.05319735275043677,0.01612762460450989,0.11690923982105436,0.0037682100093913325,0.03196308287593279,0.6642275872851483,0.29575322660677245,0.028532195337005715,0.06705035297862501,0.1697029215432943,0.06721884907579112,0.8964890073994121,0.696359073017558,0.7191052327224043,0.327098829295735
000157.XSHE,4,1,-0.2962982762002969,0.7103294718100565,0.5188347372622168,0.4306549942601834,0.46198040872688484,0.18561740862144144,0.5815584809459472,0.2348766941420717,0.3106998179565291,0.18185534159485048,0.7883017655862692,0.022526126796913258,0.026821069511891168,0.011905230098451975,0.014783795880386424,0.041418118767237624,0.06054102046512989,0.002964585393790996,0.7062995408513704,0.03923191998497698,0.1592245741289345,0.027324925915526384,0.1631231703675299,0.2727272717355372,0.1471944524472557,0.7002748003634347,0.0032944665368413945,0.026408609930360854,0.09125389591883257,0.2836435657596097,0.07590975075827927,0.9999999999999998,0.08755571835335876,0.8126299277588828,0.049445500255047035,0.02949014469186295,0.22495892658327132,0.1474146308999273,0.13605497885128828,0.19381379569484458,0.5289660338124016,0.0861132740681683,0.14934036154055277,0.5077866650265038,0.11829984572567159,0.01582452478500748,0.17651075656465615,0.1905351996590242,0.08926094423490485,0.01582452478500748,0.6786908271664231,0.08058530339287462,0.00029227475006591164,0.00907551575410402,0.04515502884018195,0.01782159627389413,0.03454970019920208,0.019306215761704652,0.02947855474764555,0.6432000913684532,0.30896332975345986,0.04145890942867213,0.027991041065836077,0.14287173202614378,0.016232128970509064,0.9154002925679228,0.7468212374507988,0.7650093870556331,0.294629926811348
000158.XSHE,4,1,-0.2679067768005623,0.44980774748136165,0.6274767073430226,0.21016121952199884,0.6189404596819155,0.1673404314553247,0.2703016803662276,0.3774295047629553,0.9235351559927254,0.29825050224584615,0.22687126259092089,0.002548968203465325,0.010726193706870621,0.004425914169231829,0.001952936434554573,0.007160019230978921,0.0031197388229634994,0.0012927326202580099,0.6183286119459782,0.02587495850956009,0.15009658509986032,0.0040816524789192956,0.006308355948421888,0.2727272717355372,0.005714799654609764,0.6822813266872081,0.006495396447794174,0.01478701275210274,0.09103678378465163,0.17572370423154643,0.055656843932563906,0.36947791164658633,0.09566427872155117,0.8034901996614306,0.07075625980552801,0.050586034309033336,0.3044817253853343,0.18117186630022386,0.13711956366321162,0.16649940167036342,0.4853749069997127,0.037244304988615494,0.0938685836314909,0.5149395200660861,0.08266165775537901,0.04571044961818742,0.13240318076353372,0.14568117048227283,0.06675286814751905,0.04571044961818742,0.7009115692522703,0.06448069709292945,0.0005249146298640444,0.009364257823895912,0.04430692011340831,0.015159123724407926,0.09084281030500346,0.010253909439890956,0.029674979262714177,0.48702379460726536,0.26893785211092824,0.05693316403029839,0.06610454797439562,0.24178019075847393,0.017616049530418138,0.915977262075528,0.7257723010923893,0.740140951063206,0.3689188581997536
000159.XSHE,4,1,-0.2339689319449959,0.6843246393659659,0.5255132536038644,0.3534478652362249,0.5255524934613561,0.06818383962409458,0.2941716064221586,0.10578834050251651,0.9326329387155441,0.1879064614242319,0.23333946211576712,0.0006944452503164643,0.011299196024600142,0.005066355594501764,0.00041285474507887836,0.003394999839388748,0.0005477900210166371,0.0011498319372972732,0.6196724816260819,0.019692960273159175,0.15117412348801437,0.004914899572920821,0.005390968587072758,0.4545454565289256,0.004629679373193033,0.6965202462844716,0.0026306949698495165,0.015736637424256125,0.09120737941573415,0.32138403844347174,0.0812153558107829,0.9598393574297187,0.10825797712895824,0.604071044113586,0.07032598984860534,0.03021086746627983,0.30657091089459293,0.18157709563549287,0.1390576539618413,0.10525964076390065,0.5227535342119435,0.04160650958163968,0.12175874267162183,0.5205882858328472,0.1113424442742083,0.009042655736121199,0.1787723261011192,0.1959254020165456,0.06110736033941965,0.009042655736121199,0.7062014987549328,0.06675829499480082,0.0004621196486229971,0.009156364367097035,0.04531623413869142,0.017538077230732994,0.03482202803313901,0.01981049083843392,0.029146972850459918,0.5655862494913194,0.28972525687393147,0.03389323963816514,0.024596537690258286,0.13584131326949384,0.01849210384638392,0.9252744599565408,0.7076174207244263,0.7339370446749911,0.40320898502954994
000166.XSHE,4,0,,,,,,,,,,,,,,,,,,,,,,,,,,,,,,,,,,,,,,,,,,,,,,,,,,,,,,,,,,,,,,,,,,,,,
000301.XSHE,4,1,-0.2303812561799009,0.40707017045337557,0.5421450734746895,0.4770126676149508,0.5592471762002559,0.040675724437251815,0.17583354360180992,0.2726126088821407,0.9786180151904871,0.0,0.2773853800982021,0.0009542924623652828,0.01159797997573254,0.005188774909280064,0.00036050739120697625,0.0005055901074599353,0.0016557976738955109,0.0011463425595201187,0.6182859660269593,0.023626588062609363,0.15156828140683143,0.004481536487782952,0.005615599001129884,0.4545454565289256,0.005520511726003121,0.6967109081030708,0.009483310170961757,0.013068644297729944,0.09113344020412414,0.492501508687034,0.11562649193041541,0.6506024096385541,0.13316867623865045,0.33277931709199987,0.09199265533004387,0.039172916516957264,0.3097644945928757,0.18233168789582427,0.1413246086773411,0.08328709895348874,0.5265177717241735,0.02056431447409249,0.06375187264226082,0.5231845902633425,0.10998212172371578,0.005785992758665707,0.13074793510655985,0.1471500339558683,0.03601483025968858,0.005785992758665707,0.712160995212538,0.06173983116304327,0.000637663617598419,0.009062970941443465,0.04965901517546048,0.01729530414463592,0.044870952818556124,0.01522567852444788,0.02969971059949815,0.6464135109991429,0.3309496709494725,0.02907889312345087,0.038369105366227556,0.12694700942392462,0.006423550876353413,0.9160340713808923,0.6672056742293577,0.6829987351899722,0.4155774393895094
000333.XSHE,4,0,,,,,,,,,,,,,,,,,,,,,,,,,,,,,,,,,,,,,,,,,,,,,,,,,,,,,,,,,,,,,,,,,,,,,
000338.XSHE,4,1,-0.311712218841826,0.7588666877284513,0.41831653453114553,0.46773847685117714,0.47918140943821574,0.47610186846346914,0.6531340775387278,0.1855613134180468,0.41459851642913786,0.2527322367390661,0.7374208246389702,0.04012287300156105,0.028190924105350693,0.01218582043398713,0.011180190660583206,0.017171958078866397,0.06404591541980448,0.002811457575161355,0.6591007369683484,0.038734610532677405,0.16116508927093645,0.03196581000788329,0.10943560988776628,0.5454545434710744,0.09289372706327242,0.7023631446467445,0.010553672787487681,0.04155738446233156,0.09103610879613967,0.17097374705092372,0.1457392727560127,0.6265060240963854,0.11142155422418573,0.29414156056006624,0.06591725052913305,0.046611419571823486,0.27370761119263004,0.16598776065324364,0.14198883680785737,0.07428047268323085,0.6049676476601318,0.23830683434155087,0.3531552501769891,0.497331068581075,0.1862386881303459,0.13462239610531904,0.4100218834705909,0.4178848103243952,0.3043304580951328,0.13462239610531904,0.6904742707504409,0.07499430435374202,0.0003368357324606473,0.009094110490950609,0.04861118073514892,0.018269630465117082,0.05856217000573107,0.014384665875390747,0.029387911319855683,0.5715063486660095,0.28414851861563434,0.02625408747717082,0.055732936514563104,0.11668020405836754,0.021924089250463602,0.873032977801764,0.7787940604130741,0.7400736177527574,0.5380007662679441
000400.XSHE,4,1,-0.1589397944158583,0.45859211971565417,0.16673297262047548,0.4023768135137753,0.6784901395830146,0.19443655041105617,0.7268668422563818,0.5291529578216775,0.8833310354699365,0.694670489986987,0.4905789169583108,0.007360313427881986,0.013653862912183522,0.005925375399139685,0.0020310197546698472,0.0016393332422215156,0.0077084597995725835,0.001322643640523501,0.6242265798200242,0.03812932292763181,0.1522915230445721,0.005742071118131358,0.10164088073257409,0.8181818152066116,0.1289031051468012,0.7058362050984033,0.010827470025347296,0.14090621325856922,0.03909368180746481,0.6564675745175704,0.23694125012118758,0.004016064257028112,0.21547109101905126,0.07311987795901648,0.17022972561900238,0.10271454894962814,0.3746175366054759,0.21575543951926698,0.15351079013250765,0.16798993205619364,0.4858993874092939,0.06544224979950472,0.21031065036852675,0.5361675175814321,0.164850901511777,0.05986109124611913,0.24263284639211188,0.251911706860332,0.17861996518541667,0.05986109124611913,0.7257065801020594,0.07562874870224438,0.00033073858564861664,0.008989676303213573,0.05145892114343366,0.015022311543737631,0.058385683463418825,0.017122379892792427,0.029197101619185796,0.6069044168441735,0.29315504434157097,0.043580001940246575,0.13626092318501487,0.18567316461468308,0.03701007955972962,0.7144542401045291,0.5886570695679096,0.5726513217132763,0.807097055022752
000401.XSHE,4,1,-0.3266887121647761,0.9472070877415513,0.5349717502760395,0.4065364319430222,0.6629525330819016,0.44408818852542586,0.4893423920721948,0.183491451122429,0.8051713342565769,0.3347627601382118,0.5409999733465727,0.02260576655731871,0.0054220878529304874,0.002378667133480963,0.0035927037591754743,0.03611576872851639,0.013900438525704634,0.002737777648946864,0.6106552546963016,0.013802981838334895,0.14458792421179278,0.009390407779864602,0.05706176455996459,0.2727272717355372,0.06497118787680937,0.7004680459131806,0.008028361516974098,0.029800126616622954,0.08993935352284901,0.26308193205734437,0.09716333915103303,0.8915662650602408,0.04822577478651453,0.7980893112507045,0.022109028783120765,0.041603785687393896,0.27908212817370615,0.16971764343868265,0.13395180641454593,0.34429335711998577,0.5176249741931113,0.10439515019467342,0.23074494358448122,0.5190844775931488,0.019959056292984403,0.02448584769097437,0.2048997244929239,0.21443363520706316,0.15088996667247176,0.02448584769097437,0.7357220397369876,0.0760607460702423,0.00032676760119380415,0.009084033955239658,0.05689584027008614,0.015615531986175973,0.0665088218329326,0.006739670678634569,0.029120318146880448,0.5869408533414353,0.26830811362078616,0.04432351937979709,0.04576933836943522,0.13444276612453768,0.030235389124842974,0.9586454886310378,0.8455231966741859,0.8414247728490967,0.28903369352428243
000402.XSHE,4,1,-0.2131747651477742,0.5448628758199928,0.8393061270724138,0.300350799032403,0.6643840551544741,0.3258597325477384,0.47640456234947165,0.28975012326280075,0.7560204752801125,0.0779193583628042,0.5689512870217234,0.0065209238239955425,0.022210699805881404,0.008781779211392985,0.005929964860455142,0.053138573704160544,0.05456489264980228,0.0035186464431582066,0.6792614505739905,0.04935067786777668,0.1553145194496725,0.01568645763125707,0.057529100511591096,0.4545454565289256,0.042546845222662354,0.6995830304614964,0.0030524606008801585,0.024418920141087094,0.0911782338656213,0.32449653941337786,0.07612453665919494,0.9116465863453814,0.1144349239937756,0.51059389240724,0.07496835571439808,0.039038145357253175,0.30910584744371683,0.17382233240719702,0.13957889756328365,0.2369837841920046,0.555847564563458,0.1630472470093478,0.18537034731827304,0.5212064784076631,0.13016293757259623,0.01355232204974283,0.1965501954178705,0.21495136541945103,0.06119589445567025,0.01355232204974283,0.7175081826223421,0.0749294574486675,0.0003374774723722818,0.009019732091887464,0.04348057805951034,0.017411920037520977,0.018864522260490995,0.015995719270554754,0.029272819884101572,0.6410456143696852,0.3141400332058089,0.062049906262040204,0.03980219260512718,0.12060636431575214,0.011774092241430879,0.9166021644345343,0.6860902879129633,0.7092125171303862,0.3308666625494212
000403.XSHE,4,0,-0.2725771519417889,,,,,,,,,,,,,,,,,,,,,,,,,,,,,,,,,,,,,,,,,,,,,,,,,,,,,,,,,,,,,,,,,,,,
000404.XSHE,4,1,-0.2500414638307807,0.6963073043798511,0.37086017418810485,0.4161596333033667,0.6335965508392617,0.2075079850256815,0.7996367223639895,0.35346439468574725,0.9690543662770836,0.38121088138103587,0.26569898161320094,0.004539483497345613,0.011927647360414687,0.005315493392731676,0.0015872858117114766,0.0029565987876932365,0.00835267882731519,0.0012647136639082855,0.6201628948017641,0.028689835705748915,0.15148877094332971,0.003535660237318027,0.05577410556450158,0.5454545434710744,0.042224444865855824,0.7336584270710743,0.02163909024964188,0.2117210816677218,0.09011469269611898,0.31282904949183743,0.16108486982419537,0.18473895582329317,0.11171538083486283,0.13377593037258018,0.0517659439270013,0.04132036149782269,0.3124186315307249,0.16783768873299748,0.14335758870890167,0.1991579022626546,0.616932143412122,0.10117564027789432,0.08976017824276186,0.5112074403438946,0.11973205736296556,0.07222366877781038,0.11795491108637644,0.13513395818541024,0.020065170652159795,0.07222366877781038,0.6823974002573101,0.07946888672513397,0.00029974709794940933,0.009014774701706111,0.04733618138155314,0.01712621645421764,0.07870888708815033,0.011694647871588134,0.029986285441237687,0.5399897764910301,0.2762188749074616,0.04533750946763956,0.04519311826201294,0.19826792635658913,0.026094544475683438,0.8381813566062122,0.7228423112644293,0.7163986976945602,0.4250040787978254
000406.XSHE,4,1,-0.04005867553473946,0.5832710543596483,0.33323445031838866,0.36979524077594106,0.5086859991960199,0.19531619973499242,0.5201466800399461,0.3337110635790617,0.8075837911617676,0.3255274155849768,0.29448349460704565,0.004585277962534866,0.013684344003226122,0.008150090726543492,0.0029840589171838032,0.008062098247688082,0.00966583515757642,0.003724127055187232,0.6194366714067405,0.02795801905504902,0.1535011777904567,0.007249247564261568,0.03212743887797873,0.512508658030105,0.03385548310334353,0.6973754749785577,0.011416551503228026,0.07601564141075765,0.09146680527188153,0.4259820692575249,0.13112622332231372,0.5511172547939428,0.12284974011172788,0.494504656209718,0.08633157970599001,0.045919982486072305,0.31147779666162767,0.18463137997985954,0.14208910423830812,0.20470555979997465,0.5318427242963106,0.077915971133906,0.12469801664167228,0.521515575256219,0.11601091851739048,0.03148564188991912,0.14997234261458614,0.16450473416111355,0.0632184951466207,0.03151351181947201,0.7073590212283098,0.07474128671978711,0.0010165370293848852,0.009470773081934954,0.05305644375124136,0.029247760156912796,0.06504798281099847,0.03229344616550119,0.02996043969994048,0.6137324122247689,0.29599917104153156,0.04246130980234155,0.05485061095598209,0.16042323302325237,0.02380545148233199,0.8768056165474607,0.6953581940533766,0.7048157031587168,0.46648362214367545
000407.XSHE,4,1,-0.2334288412805959,0.336105095559513,0.18846784549407103,0.2698531871254577,0.497848035982811,0.1445866334611082,0.5619983335964279,0.3784599469644738,0.9880205209446591,0.3757425407549059,0.2920086248683704,0.001454068864077848,0.010866984791869587,0.0048846197115220615,0.0008535841305482104,0.0033548022769427296,0.0031535711422814813,0.0012136175587599614,0.6168262074668862,0.022776869459582974,0.15086364882905576,0.003909728505368868,0.027892280833027538,0.5454545434710744,0.033999002081086936,0.699611869032837,0.004162582717075667,0.06498145970878176,0.09117549791668156,0.40239714305283214,0.14704265983047024,0.5622489959839356,0.13658918691720545,0.3236395889945477,0.10655854268269094,0.040351824548600645,0.3200671918381724,0.18241606488257814,0.14157678139225335,0.0429741817722457,0.5218259436677082,0.030081195989096143,0.048359567301374994,0.5183091473551411,0.09963792617565202,0.018272387356084396,0.12910417532838975,0.14483664106655722,0.04126272976127331,0.018272387356084396,0.698296401983227,0.08261100063589785,0.0002800874564922177,0.008994521835459188,0.04633491442927255,0.014789711561243937,0.06436424014067932,0.007826087483779737,0.02931177623465703,0.5084238609159244,0.25524439790673764,0.03908651111002417,0.04348977451548547,0.1983428965901606,0.021821947717891966,0.8834415077189643,0.668264340365309,0.6839506433631799,0.46991581962700035
000408.XSHE,4,1,-0.3360046214806854,0.5530989356738978,0.05680200632853094,0.298491179912572,0.20545693606129978,0.1459084923649632,0.4740990669051505,0.2169436285453744,0.7283499555209754,0.31154324341569706,0.13690826567955627,6.66611775342028e-05,0.010541058148013104,0.004741707568858972,0.0029840589171838032,0.0007171685893799847,0.000584288908807846,0.0011307802317658793,0.6173982434044173,0.022147687382872067,0.1508363070330151,0.0030894363569892672,0.01161962738857126,0.2727272717355372,0.010116641369181407,0.7008931794041465,0.0022318144871686756,0.047345572940218864,0.0913697569518724,0.5023072730650637,0.0984573228585019,0.9799196787148593,0.09753067062300463,0.7810551083616758,0.05703453211204694,0.026737426320086854,0.3060566888512572,0.18071357668400925,0.13938911809742185,0.08706563736095367,0.5318427242963106,0.013197622568440271,0.020847519601141402,0.5218592380565741,0.10047901108467054,0.008511932255943459,0.08872919688725375,0.10385542841511246,0.01992892353912744,0.008511932255943459,0.7079928532783658,0.11133887153779098,0.00019613852892434665,0.009154897602498527,0.04472853397104847,0.013146562575756159,0.023250404519533516,0.011277931213918218,0.03154843387256956,0.5395961381304728,0.29599917104153156,0.036852603172286905,0.019523945295580294,0.09296364379084968,0.02093721959681761,0.8814416426410645,0.6931803104683563,0.7291405365012553,0.3620951046143115
000409.XSHE,4,1,-0.2478413480751213,0.26105375991095225,0.08466511611658123,0.311400853455745,0.9447963763082512,0.1722419030718757,0.6341744901041233,1.0,0.9822022430073969,0.8423501045096745,0.39416082135924346,0.0007787041448424459,0.010917037206082088,0.0049055002784697006,0.00011122769553849817,0.0007364525150628654,0.0004451582533146676,0.001126972332853156,0.6175734379971805,0.022638278191594266,0.15105564253633635,0.007249247564261568,0.026600014784187012,0.18181818479338843,0.01920968412583987,0.6992340004865342,0.006953964187290409,0.08329564981459708,0.09088905444660902,0.28645216138244345,0.04747932269593239,0.3012048192771084,0.03556553716906624,0.996261160313274,0.014771602780680224,0.0934157524016489,0.2957246032429901,0.17927712754593564,0.12499447559774031,0.1211422069688354,0.5318427242963106,0.016530618661419076,0.057278980990488074,0.5195829500576841,0.10771700625992064,0.002845439741976037,0.14997234261458614,0.13148239914330084,0.0632184951466207,0.002845439741976037,0.6748463676869092,0.08407531084988412,0.0002722227969623871,0.009043934530247679,0.06557269567447399,0.0174300388704651,0.08332229426408112,0.01500622991892206,0.02996043969994048,0.8497377037910147,0.4049417049035703,0.020554531897637528,0.1318735688558289,0.14023787809697522,0.0412710115451337,0.8915519237051028,0.8029968820485611,0.8818379617282746,0.354933659462019
000410.XSHE,4,1,-0.2096871084911208,0.6469686032330428,0.3592655601088701,0.0,0.5766412643802101,0.24614976053961923,0.28420612359808933,0.16675501035114373,0.9493865582894765,0.19525268911803884,0.24661828994321006,0.008241183573856366,0.012847790858497075,0.005729015140359031,0.0011043983423427892,0.03642661557621136,0.011482664627944412,0.0018709695266396894,0.6147012365854858,0.022855889732002362,0.1510465606866545,0.00417602256926222,0.008647352642157628,0.4545454565289256,0.006511599527297146,0.6966354028668639,0.0039535613674125955,0.017093244098760965,0.09103097910243688,0.33843632050178907,0.09868917814114223,0.9518072289156625,0.09137085266374244,0.7004575510292075,0.056979734394712774,0.03775874314338165,0.30726535737021454,0.18032952955887363,0.13952690318907493,0.09502318401540819,0.5356241105795276,0.05844935184820526,0.08080452385014425,0.4928446558099021,0.10631160072278993,0.06375967164827132,0.14260444233591554,0.15790469610622884,0.05441773311841278,0.06375967164827132,0.6914044196093142,0.09657285609113245,0.0002259099490212613,0.009037371649694577,0.05166761736458095,0.013770077449872353,0.03666633780401781,0.00786695720714051,0.029692217369510894,0.6054817745439063,0.26973130314209337,0.041645402224978575,0.0379879136028559,0.1859367083396666,0.017099808578094157,0.9056503955347885,0.6969975896687459,0.7509288036058968,0.2704957324576982
000411.XSHE,4,1,-0.19056372603979,0.4482708647470635,0.17446165670312958,0.3576241285138116,0.6848947924058949,0.19836289799486728,0.20968987574893902,0.30746130665714405,0.7845990169828205,0.17657243071520964,0.1573839706288267,0.002227799267547502,0.012342103776290025,0.005222804251372896,0.003892745657705458,0.005609509862396728,0.007506289946496783,0.0013336099415330509,0.6190652448473217,0.03376434849011054,0.15123690145859184,0.003666331351220648,0.003425380119521381,0.5454545434710744,0.004326781525417292,0.7016495888234621,0.0018280319677880803,0.018223749660848332,0.09150873016064771,0.697160786992732,0.18950876510876719,0.1566265060240964,0.16583745195671393,0.1620276789114864,0.10850535423196696,0.05335563237143591,0.31000600795498184,0.182413897939289,0.14904837296604506,0.06030565333143967,0.5471139807098155,0.09926324337225248,0.06751201036132695,0.4235889005727294,0.16654699657665212,0.2725172289748874,0.14177416992402275,0.16084477090948202,0.018104166484429526,0.2725172289748874,0.5942026953283391,0.0635809495997475,0.0005562673407505993,0.008921406498920405,0.04151287083155022,0.014655330216908345,0.12735667962533306,0.010431383206301093,0.029547489466781186,0.4962044391318666,0.2726417266864874,0.03354714774815209,0.07959706649332646,0.1748060432183209,0.011964766405455523,0.8489857763701694,0.6107563796382296,0.6309751711718372,0.5878906541961821
000413.XSHE,4,1,-0.08332790630397027,0.3746571821960068,0.37766360967636403,0.24717794564677895,0.8671297422407674,0.486947366441994,0.3896448886530015,0.28789701294520503,0.913560965243133,0.15088122634997297,0.46761043892773707,0.0009181254562913354,0.012773168064282109,0.0055170258614365775,0.00015027793187267818,0.005528247554465685,0.001542665138773689,0.001243676510636254,0.6191835366897619,0.033116118882244285,0.15187592447979217,0.0029496443105709144,0.012953467407470548,0.4545454565289256,0.013829033465853716,0.7065875093906875,0.007840695157887666,0.03224201863073166,0.09073913271861164,0.26589763825164037,0.11599919148542409,0.8674698795180722,0.0945614407254223,0.6165348696590387,0.06626158541925753,0.03594820729512975,0.30072764449025374,0.18012228031710786,0.13900955916569827,0.07725203296412655,0.5560108993019727,0.032031445908244076,0.015675888845808818,0.5152569670519979,0.11920986060653849,0.004328257536059624,0.10202634656984279,0.11941058974203238,0.007434480115210983,0.004328257536059624,0.62189916298288,0.16157390118029216,0.00015468670125388056,0.008983102182034575,0.05269262977818044,0.01873884612889528,0.02650152588573981,0.01309820355903605,0.030417190435633075,0.777926978420856,0.4502396607549115,0.0484159121669548,0.031565007626927676,0.2165867881390282,0.011698121672548903,0.9394430557725355,0.7420945557472027,0.7480400725615439,0.36988997520892075
000415.XSHE,4,1,-0.2422150097665454,0.7850044800416058,0.5913788850648573,0.558850074715891,0.8705992983652763,1.0,0.6076514523440482,0.2932227354685938,0.9441263538001246,0.2434240115086324,0.44057031106356653,0.002112940896974323,0.0157802354583258,0.006936735312557387,0.0029840589171838032,0.019116136930952994,0.0034498036312588815,0.002347055555901153,0.6098953412652479,0.03481613817968685,0.15275757123943287,0.0043657407239712925,0.017088849863450398,0.4545454565289256,0.016670531294812982,0.701014312943053,0.0022299389733740627,0.05155105363118386,0.09124327110451742,0.3332962005384039,0.1181515292803641,0.465863453815261,0.12316671300255219,0.5143327320939658,0.09927693891682499,0.04681910460226657,0.3049701795589838,0.1873880548968254,0.1398830646524046,0.37289273277671725,0.43604575543774005,0.06267005393453294,0.15762797896523675,0.5418483612717728,0.12529414908125572,0.010931029659404254,0.1280780425786226,0.147642916024931,0.004229492092498536,0.010931029659404254,0.7428559075553562,0.05244770592058603,0.006088684986439396,0.009027721983606032,0.049140572603331004,0.017351534636237335,0.0394548805988404,0.003482278422432982,0.02979139607799521,0.7653654793572717,0.29599917104153156,0.030237126082065278,0.055582253410264376,0.16478742336727972,0.02383980379254651,0.8897615429407337,0.7165400689929684,0.7099703469381828,0.5622140560263604
000416.XSHE,4,1,-0.2491975156050383,0.8359738025914625,0.19986745866817127,0.3321491881298149,0.5367263231715829,0.010956858083116583,0.3335566529567477,0.3574386695422796,0.9274724058805399,0.3494294989916411,0.22961656560199023,0.0003967904699819681,0.011039139427312676,0.004778842574940492,0.00018540917247784864,0.0002457100773998979,0.0004255971637535587,0.0010918251227430087,0.6192409868825606,0.02782975742218533,0.15089969966234787,0.0037245060274840223,0.008267260327342365,0.4545454565289256,0.00957851512879159,0.7007948148321771,0.0017075455611894272,0.02242923035181333,0.09117709176521276,0.2718613710034639,0.05941625547594056,0.7148594377510039,0.0883818586443657,0.7436646583150172,0.06873724174727554,0.04215168338564216,0.30853842849420976,0.17967044406724764,0.13800476788411492,0.04281066061340482,0.5191354435980522,0.045150010691017144,0.04462866924081821,0.5222339355043436,0.10963938658591416,0.004956794861452653,0.12568895368316763,0.14415632182186028,0.013035190720776387,0.004956794861452653,0.6904988098535016,0.06317626323955215,0.0005719500271217828,0.008886415252993737,0.048520684143677974,0.06346882615170402,0.03079752517923938,0.08774338414140506,0.029545135658124947,0.5569051375904676,0.32810231858616223,0.0389935043989485,0.04668685807894606,0.18267237612099102,0.031149428725249746,0.930809816647967,0.7477168192472692,0.7707630844465334,0.38024624073469143
000417.XSHE,4,1,-0.2698107416504419,0.6478473542260745,0.4277597868328867,0.603127142028189,0.5499908471524613,0.1356924682244065,0.4861726206827117,0.036902070063840164,0.9991257873841153,0.2587794894204498,0.3241458818873698,0.007565072124064107,0.01434971167586017,0.0063225212685845645,0.003758393507557905,0.0004318743150565163,0.009869933515666694,0.0011354246316079522,0.6203356632285426,0.027111388334419995,0.15305376105704688,0.00552514225734344,0.024828265297560104,0.363636358677686,0.024632787892952666,0.7009871237654959,0.0024974876201475813,0.04422537758885774,0.09126643479938273,0.30022080812749097,0.12434061545016106,0.9437751004016063,0.1191177032509345,0.32280805133769763,0.07368356439195231,0.032758300516885275,0.3046960700619806,0.18034953896039463,0.14149229053416418,0.07309701748194966,0.5470678951851331,0.1781469926145091,0.10091514914669342,0.5393953034386891,0.14739960810874086,0.07742095762598247,0.16938640529818527,0.17754003995995116,0.14015798833523258,0.07742095762598247,0.7509386206920728,0.06186256324033556,0.0006313343367631711,0.009058574211748834,0.048368977029696066,0.024482227041869864,0.09552078910777345,0.011859652411560132,0.029504615550429807,0.560818235546542,0.2830677433150875,0.032161187690906694,0.02992161551089695,0.15534220309570856,0.021397080815935877,0.9178972390677593,0.7019177612666403,0.713067679218828,0.32221137160257635
000418.XSHE,4,1,-0.277732506128924,0.683529625635604,0.4972743277391433,0.4793702156021371,0.6208240237589532,0.2571422321626783,0.6224060845689455,0.43210945113745325,0.9986072313322019,0.3970329306987742,0.3529586885429565,0.004247427088726172,0.013180002297608826,0.005699706596672593,0.002107011273821901,0.000802975900451244,0.011173484422531441,0.0013019297031613276,0.624276324862316,0.025202742790955822,0.15205807215631215,0.00591739877469137,0.02266484675733537,0.363636358677686,0.02218523856895997,0.7048648213861572,0.009307319291125302,0.09071176630189019,0.09046695657262045,0.32961252399745444,0.04798931265886929,0.5140562248995983,0.053215556735546815,0.9933528316936984,0.0436105377452796,0.0525250581226052,0.29492830874138953,0.17813993221885954,0.1245317256672828,0.18499057720392667,0.5318427242963106,0.08908949002518447,0.1667059457321822,0.5403916060063363,0.13802025810096882,0.0763074633068678,0.19577333234241523,0.2086792915545577,0.11278901816460295,0.0763074633068678,0.7469738027546896,0.0827360926524312,0.00027938683380396225,0.009086410936374065,0.04544327235674758,0.016581719823774432,0.0576319321197932,0.014941614876508889,0.029966453786014185,0.5934087196995486,0.27999029793930497,0.040487185516335525,0.06597547054711222,0.16465592858590464,0.028303672907818392,0.8841853545610772,0.7542982397947902,0.8085872415259048,0.32872409548146275
000419.XSHE,4,1,-0.1940816640404865,0.6007532823732278,0.5121646900152549,0.5638952344913839,0.5921350709533756,0.11838446859175025,0.36934869805488196,0.26896117171392186,0.8789283584737153,0.1012084837492773,0.1999906035374971,0.00507220665703508,0.011367139060365856,0.005010351212127719,0.001440998316911393,0.001953284014889593,0.0037873002704823825,0.0011882042734282913,0.6171251154606846,0.024745934209873373,0.1511795659148449,0.004223944683100269,0.013751841876198117,0.2727272717355372,0.005886107152317226,0.7017856637943213,0.0012053475490507372,0.019444695667902686,0.09130403074588424,0.29175011830699016,0.11027618234632627,0.863453815261044,0.0997475462842792,0.5766518598212296,0.05301680960056008,0.04110387067245608,0.30593087061564306,0.17829442040374108,0.1407175743584544,0.11285455851662235,0.5422824386308669,0.052983107099946566,0.08835186999559126,0.5148761270231172,0.1138949420196238,0.04003988578960007,0.14455085502056508,0.16137365343816545,0.04128393553762076,0.04042404194346066,0.6796338298411854,0.06909570214897767,0.0004146168950613094,0.009021645465744098,0.05335591966435525,0.01708699110842903,0.12103581942410606,0.008446771346621296,0.029423541281094857,0.5803571131560593,0.27928600308386936,0.03355164899021865,0.0450254681041039,0.09688932905203425,0.012746007058682778,0.911478675206999,0.7103014019724916,0.7290705626688283,0.34044010502645217
000420.XSHE,4,1,-0.1877859482620122,0.5223779499980684,0.24739855877181183,0.33995030981552016,0.5193976005329548,0.296327611304063,0.5096443831800135,0.3894776533840884,0.5668629949444078,0.42400280754944625,0.08892486850599401,0.001722896954264177,0.010181150758928285,0.004562929065032662,0.00039802870096105545,0.00449511695458551,0.004351115258935334,0.00127525376786018,0.6153516086963857,0.02189862304672896,0.1503382561981116,0.002902114712968635,0.012511096399617134,0.4545454565289256,0.012543054838189042,0.69978929466679,0.010471118168202424,0.08275300714479515,0.09091918523815087,0.4582822772316165,0.10723012888778916,0.3052208835341365,0.10495802759334923,0.8932285116810508,0.079166052105787,0.04892594885110008,0.2830495513533714,0.1703888930489723,0.1321060061301367,0.1401880340352666,0.559978576513128,0.07235390403557936,0.036130553729945364,0.5292722896202102,0.07812759738490826,0.019502394925251586,0.08603695910418917,0.08906332030841549,0.1328730089432711,0.019502394925251586,0.7604375906340087,0.09428545524075357,0.00023236183367985805,0.009163909842850336,0.05184702751676824,0.01590185666422562,0.051943439688992,0.005822581078626619,0.03516934758343987,0.4885722902988658,0.26553570695104767,0.02266961191980899,0.06272216686798292,0.12420026473121548,0.023097744810671773,0.8905586485066255,0.7461274379726683,0.7284949288775404,0.3452301210021824
000421.XSHE,4,1,-0.2006921596976354,0.5284158576803837,0.4212440888365686,0.7511081661927902,0.5463990858854731,0.14727030351413442,0.2082353979418963,0.2718991412554136,0.6612041916541016,0.12108214402419283,0.11539127005388061,0.0008737841156597899,0.011187999846690527,0.004426649346399638,0.0006038739452364584,0.0019851568188417185,0.0021314199437306993,0.0011710539878479773,0.6185082561827799,0.024603305690897793,0.15034940092232488,0.0039470682649476755,0.0025268023962878514,0.4545454565289256,0.003078928962574507,0.7018523702440196,0.0007203743449852982,0.014922673419553225,0.09124917307814985,0.12763729553089026,0.07281694294247726,0.9718875502008031,0.09654707616170213,0.6717910602515761,0.06986370667871115,0.034249520661099715,0.30282726592698,0.18141966787970265,0.1353621538149572,0.06047054320505174,0.5469135564214475,0.061820273819008745,0.07208050795409314,0.5401202886001403,0.0774235020916591,0.018402955848065984,0.14607534438906597,0.16263724721032075,0.04478076805731497,0.018402955848065984,0.7832577879517678,0.058155610003025646,0.0009260776340028066,0.009019992271252695,0.04542506750306975,0.017509014280017655,0.04899282118703157,0.013021940792161839,0.031004799424023025,0.47901020465868227,0.2827790563967318,0.08200392046809016,0.028766453970321463,0.23627823060748848,0.01241012143327152,0.9416293263836617,0.7546133519083633,0.7565491546368885,0.36193366791869214
000422.XSHE,4,1,-0.3045031199791839,0.8057277856514338,0.5707598154160812,0.9208716305027824,0.634226801710872,0.422540550625099,0.6132864403556376,0.21254995784971048,0.9625893202920073,0.2710522703059107,0.42092718690241543,0.006991739423846454,0.01836096978884197,0.00794576917726901,0.006346076660102536,0.044248138753773016,0.010252322953985586,0.0024762935974376437,0.6071051894942304,0.04774911212441997,0.15317033301356694,0.0077096027864179545,0.07147349143662536,0.4545454565289256,0.08954504089634212,0.7060288864160693,0.006692847335752895,0.07610563443972145,0.09062570891196844,0.2816257348802024,0.030537705105994954,0.9959839357429717,0.04529475552440143,0.9646863409160671,0.029810400179264347,0.02419327319502078,0.3064258702529405,0.14499772360644958,0.1340661940378051,0.2020173889575796,0.5186586066752746,0.06816223838020871,0.19323169719552413,0.5372392976163252,0.14416181415330756,0.08654649223409011,0.21254665714069643,0.22867849719658995,0.09344775970250416,0.08654649223409011,0.7306915236095385,0.07085065892269668,0.0003865096339973564,0.008989073421839345,0.04342846996383829,0.014320185350092583,0.09286078911516363,0.005797182975834581,0.0295542757368769,0.5722032548902636,0.2853322712457902,0.049552297039076466,0.018672376502836666,0.06264582383340933,0.023588712089489743,0.9393356506795814,0.8041992835345635,0.8531513309551033,0.16543996960026847
000423.XSHE,4,1,-0.1490248934671753,0.2967121063882903,0.10578322716970257,0.35568695148363144,0.5999948175657772,0.01546206127553601,0.6454357653627536,0.5706205610962997,0.5916944093422637,0.3884863402664851,0.6527659255357451,0.003940308272276624,0.018362217814542493,0.007989786716166758,0.0011513510937120972,0.0003590324133401938,0.0018453093227257954,0.000998880758005483,0.6264285695816939,0.025948768817448436,0.15544345300713003,0.007481190306394988,0.28038134540272674,0.4545454565289256,0.2210137437678863,0.709306219587246,0.006076303969279457,0.08365741159446505,0.09124310717919833,0.39137332857981755,0.005093435595747875,0.3253012048192771,0.07085371782895072,0.9879519432829722,0.055806462996018324,0.04067720006338914,0.3051664523876807,0.16002663411411644,0.13433656478369038,0.12597908394496768,0.6263268057735865,0.15525633904088043,0.19622973684801534,0.5033958035170573,0.22088696511603823,0.03026678710938319,0.2428764253355619,0.25115102944683865,0.18830702889313533,0.03026678710938319,0.5740619343590678,0.06500192047014837,0.0005086691600316956,0.00909914629135162,0.05253894387575529,0.05250277731082638,0.04371868645606894,0.06198707714799394,0.02951800692363554,0.8537456076057585,0.390992656684679,0.03827110379717955,0.043940092075643776,0.1240339368951715,0.01612699647065861,0.8674150700884804,0.7180520543098496,0.776820441864948,0.19060630145034763
000425.XSHE,4,1,-0.2937459911689578,0.7429266036028987,0.6321618105230618,0.223201218686215,0.5758998419357562,0.2218568068140814,0.38853243375714347,0.1018692155575519,0.695404741560621,0.14671978838966154,0.6011346228472274,0.02163676982890199,0.022647472980019703,0.009879270263491984,0.007850401610721218,0.028271175033780398,0.04506187479322665,0.002633078890205774,0.6581325586713319,0.026701182253924743,0.15653743052004576,0.014756412329974043,0.03709602963710097,0.363636358677686,0.03962868171968922,0.7003014012059613,0.00253762197162255,0.013430406077597901,0.09118666354882003,0.325036322459071,0.09820017389354513,0.9718875502008031,0.10505223657390264,0.5849610768515315,0.06793072011259715,0.038029186261830536,0.2939322451967639,0.17686577289168948,0.1392396342715718,0.31822095098141273,0.5026351672859314,0.12112763945073857,0.24491895727588953,0.493541296773547,0.14645530230753523,0.06568088205379041,0.22682984341431947,0.2458033959557788,0.07607863844071805,0.06568088205379041,0.678308718275906,0.07939325996101931,0.0003002749841006544,0.009097175617719081,0.04708395181465453,0.016169184409862224,0.044359183415567466,0.015394516740313016,0.029567246203326392,0.5829717589425211,0.28590516780730124,0.040080854982493086,0.03852401477185085,0.1514287094036581,0.0163712089489741,0.924437410347815,0.7232652248905405,0.7408710553902293,0.3954034757447579
000426.XSHE,4,1,-0.2604328959089598,0.8926749113551846,0.27512806859119776,0.37037390526921005,0.7301093577208657,0.1450233964687277,0.47423890062111035,0.18724677533336842,0.9952644987130501,0.21198409828743348,0.3083417547622672,0.001577084850898739,0.011029021462993283,0.004949361495955554,0.00030427927867943735,0.00224191136984064,0.0015846472161497262,0.001211214924171738,0.6156859461518497,0.02109950114157412,0.15097404658597294,0.004078105710483018,0.0212544607094863,0.2727272717355372,0.017008017791389298,0.701390200701456,0.002271163524459241,0.03563353531699376,0.09120963712941181,0.21732041264098306,0.07648840571516397,0.9959839357429717,0.08835353006979368,0.7731616601597989,0.04779130345400511,0.023020913512317845,0.30063139802759686,0.17027541019645132,0.13851561261071552,0.16446508895720116,0.5130418516872327,0.01688339125985941,0.10853121535340697,0.5257514263635406,0.10543448423757794,0.007886218254256706,0.14553817072082947,0.16058547256794325,0.0587842675405567,0.007886218254256706,0.7351903591706719,0.08133013467586633,0.000287600878200666,0.009076735224932835,0.059339775916719906,0.013700718300357522,0.10426096064105307,0.0026615588281673317,0.026933708910384355,0.7339520293443538,0.3140592475880627,0.036042282100477795,0.02133327643288623,0.10449520570502102,0.02505802476520907,0.8999721279345556,0.7201887355711825,0.7570218080710196,0.30362851092109855
000428.XSHE,4,1,-0.1937472001249034,0.4423743494918796,0.36639187983201543,0.516200484010941,0.5106949560705112,0.25588274214857026,0.1603741494484751,0.31028384615116833,0.9468521759595483,0.10679999303913357,0.24447246316970683,0.0077073333243874945,0.011636718172250498,0.005207709068022334,0.0005486136358442817,0.007227713394696651,0.007137621158066777,0.0014684515736044133,0.6123325909595645,0.0225203766269437,0.15117579252383143,0.0042974996785607065,0.00470564620717193,0.5454545434710744,0.0035453089409894865,0.7018927685589917,0.000716560731020929,0.009948448946368815,0.09129417923780969,0.3921370486089676,0.07571207381905565,0.8192771084337348,0.10693312216467202,0.7503118266213188,0.06946598027413153,0.036745056063746666,0.30689472294867665,0.181434349235977,0.1377681934814653,0.054285482179293416,0.527425912870315,0.022298521688629128,0.06218720772353087,0.5308362389481717,0.10788915712395611,0.012746774603286704,0.13866340237991062,0.1581519197594476,0.012054158492502565,0.012746774603286704,0.744197378522676,0.11674754358747416,0.00018860750414806236,0.009057240689691423,0.09012682187051968,0.013769831153679852,0.05072327612231768,0.004184799529850507,0.029573512129147404,0.7969485819593876,0.2923263591012201,0.021783387231780003,0.0413786236152936,0.13764194469777574,0.009350511455404678,0.8964508386473704,0.6790196143469993,0.7153319268152927,0.37779591155787623
000429.XSHE,4,1,-0.2313944156069415,0.32622723626047034,0.8305001741457594,0.49990446919490106,0.5544296856519293,0.7357851357400131,0.07042253812902899,0.27668362511178857,0.9839159807471247,0.003249564462456722,0.28508054078448714,0.0022532583198476164,0.01298575828123255,0.00521110633255779,0.00035779965230793435,0.006448551541984846,0.0025151643799246064,0.0015649010190764096,0.6151934535463783,0.023559899343631882,0.15036996072184416,0.0049879636014422005,0.0011562353471887997,0.2727272717355372,0.0011685086232380065,0.7012786602422499,0.001312576359554975,0.00705435470742516,0.09124295002767267,0.2609902071375937,0.08827191612579946,0.7751004016064256,0.11819471876313489,0.4279185175223462,0.07660805255489606,0.03886473064515334,0.3064258702529405,0.18167414275714025,0.14051479629904043,0.15518850382648366,0.522270616211209,0.05120977174632856,0.09648702936985049,0.527232872396188,0.10396310784355194,0.0050341498392311515,0.13856018609629672,0.15482724377266815,0.042535871558733236,0.0050341498392311515,0.7356402427267852,0.08748360812105643,0.00025639856545509575,0.009059596286220467,0.061205377661008725,0.018574288146713032,0.04193719314620679,0.005226640072952505,0.029366067757580522,0.6727429275383854,0.29599917104153156,0.04450139156629736,0.037653726556655005,0.19323494578710038,0.0050373870909852245,0.9216484285125903,0.6898799256998811,0.7073945177482683,0.2540949865465621
000430.XSHE,4,1,-0.2291193176274862,0.5572518724691295,0.08496894488842488,0.3795381337902285,0.8578378048546034,0.13356433323860492,0.5975871536940339,0.3940497825975829,0.9045123597242213,0.2503802373268726,0.21457815982027456,0.0004619475261235546,0.010262907324767038,0.0046180144452376455,0.00022795939455639623,0.0006833392229989849,0.00028377791600325375,0.0011224114458289153,0.6169795672548989,0.02226764819411775,0.15064818785973225,0.0032996713559172576,0.016059138690118373,0.4545454565289256,0.011593960993183739,0.6980571021399876,0.0030845253953419153,0.060188116125531335,0.09122242452414844,0.21206724788532338,0.05645651967680581,0.9317269076305219,0.07579277186537733,0.9601169901621908,0.05796455853672843,0.0341930736147602,0.29439857428660565,0.17991798643276719,0.12997033720951393,0.065492840776364,0.5320045122603577,0.016151469179650147,0.03295688394084924,0.5202807151538199,0.09050366051222976,0.004700588464541745,0.1072958589308542,0.12372225969630313,0.02005297733076001,0.004700588464541745,0.719133606067936,0.05270008844187296,0.004786665118004348,0.009161668297549885,0.046590705815369005,0.015242468214244877,0.472900239700225,0.00218048140250573,0.029240321523615116,0.6380195887754299,0.31270360652303963,0.027876378992882023,0.03128267008234278,0.14002302148249482,0.0175870371478136,0.911183976935422,0.7900717571093718,0.7815218912474617,0.5515056824229613
000488.XSHE,4,1,-0.1900586755347395,0.371848159829529,0.9999999999999999,0.6519849070181587,0.5517557167682674,0.5612408263498254,0.3675035144873945,0.19125769464941425,0.9537202993837921,0.10745895505793951,0.4308016040845699,0.012566926248016353,0.016598768284915272,0.00682361909901215,0.0062416674815015125,0.06894834833168095,0.016945796006624127,0.0031635132430280714,0.6109114636169324,0.0354200691265769,0.15092442118354343,0.010066362438987111,0.014167209657971922,0.5454545434710744,0.011067622138964941,0.7039480893297569,0.006616154240868913,0.0243736999186036,0.09134436057340013,0.474166407613141,0.19632357514929666,0.5180722891566264,0.13953469986863445,0.16784330956093785,0.09437874457011332,0.03651800930230955,0.3118597334665438,0.18692286111884499,0.14370465115674483,0.29168527514910736,0.5272158895250064,0.03274198231094797,0.1860343209346016,0.5282233134158468,0.10044036852469494,0.04884628252456123,0.17942924005588506,0.18779251246900236,0.14490649180383489,0.04884628252456123,0.7312746194394101,0.07162547189466958,0.0003756632618367121,0.008928492753981648,0.04626895481449781,0.013702303162813628,0.05431937994979856,0.007531226952713135,0.029596302391084652,0.5505370668730588,0.26925943726879986,0.02469309897841305,0.03049849533364793,0.13144815258144601,0.007980050248250284,0.8895875644430558,0.6657102737605594,0.667683707715341,0.49582666438535516
000498.XSHE,4,1,-0.3447315727310011,0.27138854619365116,0.21496976003878837,0.1970493287787834,0.8756314419956048,0.3341124925066942,0.5217185584407568,0.6852706312429564,0.9870466366744268,0.9999999999999999,0.3855833870542948,0.005177966458577843,0.010847294718112207,0.004863291299190582,0.0029840589171838032,0.010481340289001996,0.00855695034984553,0.0014683668025747196,0.6190604468214485,0.022404228667588323,0.15123969706587786,0.00442824913601469,0.022685141094091994,0.4545454565289256,0.03290465754847479,0.7068606339971346,0.017007187926562427,0.09659039522474451,0.09230525769121714,0.5796609080957174,0.20500481396561235,0.03614457831325301,0.15208623481621342,0.1341916992010052,0.09845001126951075,0.023090447570527074,0.2944128930966059,0.18960976510609187,0.14541136649014574,0.0,0.5318427242963106,0.029762888213347598,0.05219682633570191,0.5200529177340573,0.10587208511946382,0.016406743234523617,0.131427116003643,0.14996631525317392,0.0162030686348808,0.016406743234523617,0.7110579041035223,0.061677607324281875,0.000640930994049378,0.00906667870301921,0.04698883805014935,0.014979820096265832,0.11094435496177987,0.009944848660363038,0.02996043969994048,0.5371927264501692,0.29599917104153156,0.7674144199320848,0.08465819633416807,0.8456329641029539,0.09966740443859545,0.8458115564329438,0.6936585069214103,0.6611906641704932,0.597638625471241
000501.XSHE,4,1,-0.1196946254778566,0.47453455711322556,0.3216748481650118,0.8231040411035676,0.6525460379872428,0.19415146131212574,0.3594246474429489,0.11400915854976623,0.9972741778405763,0.2141363595055464,0.35917074411399713,0.0031477385131895813,0.01567984714019548,0.006885553480425715,0.005624097507826599,0.004453008168586918,0.02009813981832574,0.0014972109868931838,0.6079785368405815,0.034720591483633635,0.15359570339661846,0.005306518578661873,0.022354769519110765,0.7272727282644629,0.028108403720322337,0.707203187831685,0.004001881626860081,0.04377317536402279,0.09127029294114852,0.6861003169443491,0.3123314450633594,0.7590361445783131,0.1610551932865231,0.12712876206627866,0.12896006568237045,0.038735821943722284,0.30340557654610806,0.18466666413692676,0.14706608744933797,0.12605130377730656,0.5836350754164231,0.19443883490391764,0.14214743300233307,0.5662287474723078,0.19260409252560634,0.183351285648528,0.19142112402950523,0.1995449575444735,0.15522098141923368,0.183351285648528,0.7610183494064459,0.06388272514536487,0.0005452421584798316,0.009031700068526475,0.0414920275932814,0.016583990032157502,0.16976993840661242,0.004481752935001629,0.029462080811367437,0.5731906773130135,0.27855192461514416,0.02823595835912339,0.03911046046686816,0.14994094213912956,0.012543369025542862,0.8328057760861229,0.6685628676307993,0.6458663948689378,0.642237957906459
000502.XSHE,4,1,-0.2257966523174924,0.7483820764605534,0.12474955299059604,0.16269825740832977,0.3609898115014933,0.0359537667555378,0.4592882940328086,0.20335531329089054,0.3358100495372513,0.252272432842141,0.03573411444439578,0.0001993296945541418,0.010485881802397557,0.0047110088614559465,1.9375715248319234e-05,0.00020841757509806644,0.0003566860740220758,0.0011172942171772749,0.6175842435423686,0.022409276880825228,0.1507927688080989,0.0033464075645527032,0.0059672918357449685,0.5454545434710744,0.006536026163321606,0.7003108713519012,0.0033463365018231244,0.05322420186307317,0.09148810092838049,0.6042797193415859,0.13674386690698512,0.8514056224899597,0.14221471478395836,0.28250927267146353,0.09511599665097115,0.04254472597998291,0.3126536220376643,0.18234470224715058,0.14228130516278137,0.05114645562051046,0.5318427242963106,0.015023092342007478,0.030293109868030573,0.5220873165094594,0.09772320473541944,0.0003262575590144726,0.10935616454555115,0.12706742352229222,0.00924995964275689,0.0003262575590144726,0.7226088104728219,0.1381876932685925,0.00016800450296192965,0.009307033990756747,0.11577904373333528,0.014366831707246607,0.009869620740073984,0.030714873367621787,0.02896376671455805,0.6475971981819453,0.21468203656843723,0.0531151032596305,0.04736420017659754,0.14414567183462532,0.028661392594365016,0.888520614676684,0.6366232143646902,0.6688996680863872,0.6747916008148932
000503.XSHE,4,1,-0.1762549945531444,0.3981277367818182,0.05081732056899607,0.29793463993031827,0.45713533425446917,0.0317587809973382,0.8129093243607736,0.7909087294614676,0.8414175680291973,0.7143925580603931,0.5187981201653957,0.0011595924477025214,0.010528282760941197,0.004692300972767805,8.015755178313757e-05,0.0005440356690640101,0.00042861287213419113,0.0011005300336612847,0.6195840657887245,0.02557193382172785,0.1507702585769778,0.004010759151737844,0.14477686994873437,0.5454545434710744,0.1516969301499994,0.6907529467885327,0.010599767169147687,0.12046667269602966,0.0569700532260612,0.5816659665344398,0.18527042971054003,0.0321285140562249,0.18254340530548083,0.1117576344909501,0.11910936541603684,0.10182859795869445,0.37397813583215883,0.19500847237555002,0.14703489082481275,0.040405184659348226,0.5359075591719039,0.02848124128155658,0.040351964221420365,0.5210769622856761,0.0997526353964805,0.0010431362739995557,0.12660550070743876,0.14647122404721136,0.0003888609237713307,0.0010431362739995557,0.6947370635107044,0.28864781089199615,0.0001282419521522146,0.004170694415962252,0.10205007759489079,0.03685608350203373,0.012978943183250026,0.06349616650014302,0.030142909067922805,0.8154956017843461,0.30867036022404293,0.03844163912161104,0.1807799566938119,0.11121616443735116,2.9909672788179694e-07,0.7788005425288662,0.6167739153509357,0.6231592261158185,0.5746624308323658
000504.XSHE,4,0,-0.1576135344689087,,,,,,,,,,,,,,,,,,,,,,,,,,,,,,,,,,,,,,,,,,,,,,,,,,,,,,,,,,,,,,,,,,,,
000505.XSHE,4,0,-0.1158604248058765,,,,,,,,,,,,,,,,,,,,,,,,,,,,,,,,,,,,,,,,,,,,,,,,,,,,,,,,,,,,,,,,,,,,
000506.XSHE,4,1,-0.3644681243536371,0.5417493008330779,0.18520830267697486,0.42767344153311093,0.5748312574340765,0.18659542512443045,0.3802787227774829,0.11768917839640552,0.9970151193557084,0.29777000910713347,0.3601917059051797,0.0009558653973051682,0.01191980083664033,0.004883718249144574,0.000319418804869619,0.0006572050052247253,0.005856784897962678,0.0012957198318766306,0.6211485372810336,0.02158175632695032,0.15087153690689634,0.004317237732961752,0.02803205854917279,0.363636358677686,0.02109371237894949,0.7114772006864015,0.012286977388186026,0.03174459618341322,0.09075297215116243,0.17452880098963613,0.18559001294931543,0.9036144578313252,0.09900902693322755,0.23265499707935228,0.076304959586352,0.034294666553882754,0.28403862534992885,0.18425084048170773,0.1433146933501795,0.04434812986462364,0.5318427242963106,0.02310560331346117,0.0572987761020235,0.531271398664916,0.11395656123688219,0.007931596022231504,0.13726828577357225,0.15591729185089068,0.01907963219641214,0.007931596022231504,0.7562764598721397,0.08384093832182818,0.0002734335997921345,0.009074047344535867,0.04843229825987982,0.013941221178071526,0.016870284377509193,0.01534507992490533,0.028998704699641338,0.6183093953160361,0.34212222455170316,0.034914330963491676,0.03203641546150076,0.14625006333282667,0.019670694502602143,0.9061421510843477,0.7950831453717222,0.7454787662425106,0.42381988402242754
000507.XSHE,4,1,-0.2339362265551476,0.5467033306447201,0.5766725138707891,0.37409597667454697,0.3349081246358713,0.12867931254659587,0.31821906950709344,0.23776482721862513,0.9442295381118939,0.25277226172084216,0.24230856627600572,0.001176683025691473,0.011207507055320488,0.0048211462590554794,0.00024053332060707013,0.0006371691932394688,0.0008004851344457099,0.001153669876321809,0.6193291527267415,0.022127524254307314,0.15073951082657772,0.0044429010997277685,0.00938024361057915,0.363636358677686,0.011132251391485761,0.7010019618800638,0.0048876634780386456,0.027086913267613276,0.09095122375642489,0.24858296724372098,0.05809532197699354,0.9718875502008031,0.08328205641734446,0.7856254857052516,0.049358396030998,0.033581927474189616,0.3059944352703462,0.17682813147083842,0.1384636182365068,0.11900435500886403,0.5485698209268286,0.052487556869234446,0.08575706307974486,0.5240091815930049,0.10358521145748421,0.006317166333927056,0.14008987021452932,0.15625283961311692,0.04454909495071909,0.006317166333927056,0.7275645407623715,0.06916812011067999,0.0004133462829776866,0.00913422143073009,0.056293892825651844,0.03712934377335062,0.04783787588723632,0.03338645647586684,0.029444397278974313,0.5568934947657187,0.31275285655024393,0.05720952729320814,0.03336749421769822,0.2336856221816892,0.019827421188012204,0.9296896081578163,0.7436507673256383,0.7699933722898342,0.39017942292118607
000509.XSHE,4,0,-0.1616467648647643,,,,,,,,,,,,,,,,,,,,,,,,,,,,,,,,,,,,,,,,,,,,,,,,,,,,,,,,,,,,,,,,,,,,
000510.XSHE,4,1,-0.2691335654025808,0.47993355144242833,0.1892135492811326,0.3041545010237467,0.5418153064030646,0.1257911810028339,0.7866301151691202,0.5029228537019425,0.9759804485487895,0.737110312330208,0.2739272108453247,0.0014821919596184699,0.009566940382639477,0.004313562153048531,0.0007847272241638415,0.0025231320139050403,0.001217724833145745,0.0011687738087510905,0.6165914609736934,0.021181776500502413,0.1501392507912457,0.0037890865149492426,0.08814192868309141,0.5454545434710744,0.07480911971472239,0.6928849337606278,0.010536221433400552,0.1620240571583612,0.09080554791923934,0.3117358468514893,0.044827581537753396,0.40562248995983935,0.059084842104430976,0.9945991115892738,0.05847629585301651,0.05153052028709376,0.3470327496846685,0.1709853614193231,0.1291930213150937,0.047101903471632296,0.5289018055675334,0.026135556705435464,0.046974650781011866,0.5178356868385283,0.08085346445345756,0.014663872776451009,0.1261201440151693,0.14125875998373383,0.04489262852754776,0.014663872776451009,0.7192831777437347,0.06180359933502667,0.000634356196741681,0.009135271743847265,0.0470276223036369,0.01538973192030138,0.13819796940247134,0.005992641767671965,0.03320007334620335,0.4727092187886362,0.26848000205565337,0.0356160697266771,0.05522221376961957,0.17396577494046714,0.047443022073338524,0.880072005794549,0.7411298704170539,0.8395843290301628,0.5057927939439972
000511.XSHE,4,1,-0.088093610032556,0.2761203879055154,0.22386506191437527,0.33906069579361664,0.5264343431557179,0.1549496312461991,0.5652000077892559,0.5709115181048365,1.0,0.19728216838722523,0.3354171193608237,0.0002573975555072884,0.01060253564784044,0.004759496022537553,0.0003205363111411585,0.0017280597308872185,0.0032724802001027685,0.001246318442721796,0.6220761578107085,0.0220576133055939,0.15086353495369695,0.003915703140436839,0.0444651520012387,0.4545454565289256,0.03871793185612834,0.7015438288391006,0.005080903155470079,0.07122185041150401,0.09094550152303235,0.3913047555375817,0.08768600136963353,0.10843373493975902,0.08876528260717753,0.6825928370730285,0.04906957401281474,0.0449638617586137,0.3024131780047438,0.15773443252678185,0.13851301289200507,0.04347996213651867,0.5345555998485861,0.016301423947302777,0.04053121842837576,0.5214835369190804,0.10039807058742435,0.0012416282058712819,0.12157614763050627,0.13817806537275387,0.027967503208036353,0.0012416282058712819,0.7133645797912307,0.07444996491162402,0.00034233602203692946,0.009149420401909927,0.04353862252051211,0.01389968278977941,0.013198431288214116,0.021005355684341857,0.029239368013164093,0.5831624795003122,0.28234904331335503,0.07559024364719556,0.05755674015689267,0.17837904380098293,0.007601244242387988,0.9094548437033987,0.7072663747733405,0.732527005938534,0.262185558449219
000513.XSHE,4,1,-0.1493451987510475,0.40666442713612877,0.176046859500895,0.3792953669064646,0.6305211940662799,0.17056662045945442,0.48680156166293986,0.7530659961219169,0.8714222486452121,0.5881315294376972,0.4989480931279784,0.004317015975597874,0.01350409855953252,0.005929696073923287,0.0012326149684840698,0.002704242102928177,0.005116686701319919,0.001208733785948884,0.6191886717425589,0.024834646697147713,0.1525019718400454,0.006512790861870704,0.03873273051570615,0.363636358677686,0.05582003253479045,0.7060621438608263,0.004394622804809308,0.05331464230804016,0.09096813709574379,0.3680145559328988,0.08404464645319121,0.20080321285140562,0.1034935061683824,0.8703786781425706,0.07724517093760011,0.07321308433756203,0.29976187182021136,0.18033533239119795,0.13016141653473093,0.10097580506796433,0.5308637824465714,0.15278008160585088,0.29477482635074725,0.5293614574152918,0.19686556618922219,0.07302676116017408,0.33355360116366567,0.321820295041096,0.43887872336985234,0.07302676116017408,0.7054559774333735,0.07693092121577899,0.0003191791348277393,0.00909654367521449,0.05098124161323497,0.01877082179980022,0.06946405919232071,0.011766793348791393,0.029544954491139253,0.7976754268758532,0.30144598469200146,0.029067705018169902,0.06754445914372662,0.19526500037999694,0.032104594125740266,0.9023563434690602,0.7194617663968867,0.7361154753071588,0.29256252534627225
000514.XSHE,4,1,-0.2431043608139273,0.724968000403194,0.5753269864526243,0.33402173356803744,0.580274986646873,0.18746280464039,0.20189875541777963,0.19182385154889722,0.9578871892505658,0.11754157667491011,0.25426917883501027,0.000997988810837045,0.011370882007009362,0.005090533637578693,0.0005354766728266795,0.0015699322171290086,0.005625174738920501,0.0012976951298808237,0.6234063293540424,0.025298463034751084,0.15111025719456964,0.004038885124959541,0.006546006315559397,0.4545454565289256,0.012321370538054273,0.7066635219020807,0.003936855180986659,0.02455458080853758,0.09075077358015336,0.34123411562333916,0.12803769479437185,0.9678714859437749,0.12028378643680553,0.33859597433115113,0.07687837296091392,0.0373878318738597,0.3074927418832012,0.18336361496495235,0.1414506950347972,0.17377106119918254,0.5562833919026576,0.055736248945607775,0.09375456269084369,0.5466290157224382,0.10591925689312773,0.004011799774547373,0.1299370059587434,0.14735790306937738,0.025809020248070472,0.004011799774547373,0.7988447925101984,0.08960576634223172,0.0002479771960372126,0.009031301437549608,0.05608400933143861,0.0181532287428342,0.010962119087446796,0.018680241034939142,0.029249017538928453,0.6887994917075367,0.2813070061764985,0.05464050432111113,0.03745096717359604,0.15794985306784212,0.018252976012442423,0.9123068483617616,0.6933959134934327,0.7069165832701809,0.5374145093040393
000515.XSHE,4,1,-0.04005867553473946,0.5832710543596483,0.33323445031838866,0.36979524077594106,0.5086859991960199,0.19531619973499242,0.5201466800399461,0.3337110635790617,0.8075837911617676,0.3255274155849768,0.29448349460704565,0.004585277962534866,0.013684344003226122,0.008150090726543492,0.0029840589171838032,0.008062098247688082,0.00966583515757642,0.003724127055187232,0.6194366714067405,0.02795801905504902,0.1535011777904567,0.007249247564261568,0.03212743887797873,0.512508658030105,0.03385548310334353,0.6973754749785577,0.011416551503228026,0.07601564141075765,0.09146680527188153,0.4259820692575249,0.13112622332231372,0.5511172547939428,0.12284974011172788,0.494504656209718,0.08633157970599001,0.045919982486072305,0.31147779666162767,0.18463137997985954,0.14208910423830812,0.20470555979997465,0.5318427242963106,0.077915971133906,0.12469801664167228,0.521515575256219,0.11601091851739048,0.03148564188991912,0.14997234261458614,0.16450473416111355,0.0632184951466207,0.03151351181947201,0.7073590212283098,0.07474128671978711,0.0010165370293848852,0.009470773081934954,0.05305644375124136,0.029247760156912796,0.06504798281099847,0.03229344616550119,0.02996043969994048,0.6137324122247689,0.29599917104153156,0.04246130980234155,0.05485061095598209,0.16042323302325237,0.02380545148233199,0.8768056165474607,0.6953581940533766,0.7048157031587168,0.46648362214367545
000516.XSHE,4,1,-0.2481511610838723,0.5686693599864923,0.2962366519127979,0.5106241056714134,0.3698355580186049,0.16518861436935833,0.35784297274464794,0.20073230287891705,0.9371945634601082,0.0834252103245117,0.23676013586923372,0.0032470413152453892,0.011833793607042816,0.005301244931495672,0.0012370870001415762,0.0033531813127516156,0.004291635613955172,0.0011842909127621675,0.6149113972278946,0.021888792406889283,0.15143125718701325,0.003959568120116108,0.010008357766447873,0.5454545434710744,0.008236181050707309,0.7026333725039093,0.001241809006413192,0.025639866148141444,0.09131007617970854,0.4243003721770593,0.11120767604721615,0.9437751004016063,0.12734945997831215,0.4017445865358654,0.08059524841074064,0.03011766261284821,0.31188764838982386,0.1785539836416824,0.14098534538562926,0.047118328048886625,0.5609520515546753,0.07523674436832592,0.0495715168277392,0.5261714102916578,0.11367614157868086,0.029175552038039742,0.1289920313844329,0.14534277175197102,0.035324052095170456,0.029175552038039742,0.7309918354898531,0.06033916312478093,0.0007224021096709799,0.009097854990181719,0.04982457380854508,0.01917598974499756,0.13193775479927,0.004728095950492067,0.029577079620392018,0.5687907983983909,0.2775811345532157,0.03608153390629649,0.020548957371463228,0.11677488663424027,0.01355506370760304,0.9121532857081991,0.666771704037858,0.6913467454246356,0.464506990124245
000517.XSHE,4,1,-0.2924858600007589,0.4895962824577495,0.3276900226654146,0.8291220391426628,0.6862833504270074,0.5388879970438953,0.5900607851984252,0.1933834397457901,0.9914971736280218,0.1784613391546801,0.37622170953275635,0.0008300267966075749,0.012100737441062916,0.005411722480799799,0.0016924510107689,0.0022591958572668446,0.016279899163237497,0.0015560656526644612,0.6220201777703276,0.029362212442534744,0.15211137388239027,0.007249247564261568,0.00772767319457382,0.6363636304132232,0.009000707317237898,0.7026737852977354,0.004208529744538732,0.058424527448675045,0.09127297506664854,0.36323758301204445,0.17914290705527916,0.9477911646586344,0.13652462411934366,0.244287284967955,0.0970307789163856,0.028355299535876375,0.29567012003758975,0.1830406161220449,0.14329649531920644,0.04629573047139905,0.5199459356989832,0.021285088313557896,0.07667278164476457,0.532160707907983,0.12017609867151405,0.024203290272804878,0.14997234261458614,0.17700953629255806,0.0632184951466207,0.024203290272804878,0.7446414194352033,0.07571204102018142,0.0003299618888835729,0.009014562774783748,0.04227272559375525,0.01347744544758861,0.01861399543361279,0.011455571236680864,0.029417083291025853,0.6501852317975524,0.319908126312888,0.058957106088100515,0.018807432600286517,0.04332092009930587,0.01509301908237124,0.8914986649813239,0.6941615806465884,0.6823174805195491,0.6233104796537058
000518.XSHE,4,1,-0.2713839767395588,0.48936389684588993,0.1131073002537552,0.30871253337601967,0.5241112752215281,0.005747338385032608,0.6880301510494158,0.21403167657013725,0.9932407689558362,0.39070511643015826,0.3029392405760935,0.0008979983195425049,0.013684344003226122,0.0047228961528270556,9.957910992288276e-05,0.0002761073665070566,0.00040569339356354595,0.0011073684931411744,0.6181925783019391,0.020936894113428646,0.1508116258675606,0.0029752721009512983,0.11536903894910489,0.363636358677686,0.05898240290385578,0.7105972045255918,0.01739461569950371,0.10983992041240842,0.09147258074370143,0.2980157810577738,0.14972672948937968,0.7429718875502007,0.09181949822847588,0.32737842868127365,0.04371570564974028,0.040047105058051514,0.29802037236452855,0.16694628676297768,0.14166387196905295,0.04326467135427321,0.5318427242963106,0.020319053177727697,0.021688194102132997,0.5224482834818045,0.09944036173613711,0.0010128162324582347,0.10373014616903262,0.12105696790433246,0.00912192976805917,0.0010128162324582347,0.7214624838012708,0.08856326552660812,0.00025199347493557963,0.008855896405365288,0.07841160277114809,0.0434531484352835,0.029222032910652448,0.0470699704138019,0.029527074808024772,0.7329917735126846,0.2809599200163986,0.05283249188273305,0.04298779299864737,0.19938266327202714,0.02318298737811808,0.8860423087301701,0.7199233780018579,0.7391032259257009,0.30395119976363
000519.XSHE,4,1,-0.1605685248974278,0.5281799421604959,0.10639469580599836,0.29426020112288975,0.475311134125577,0.05769520016255683,0.5199800628195201,0.35247755939104974,0.8127002763583226,0.4366652035956742,0.16874826922129982,0.00040279823999941135,0.010475108239807965,0.004710178553641838,6.333295515205197e-05,0.0006109891764357932,0.0003193529572700586,0.0011211616557035172,0.6175370244843688,0.022074881705806907,0.15078022443665987,0.0034750096480167356,0.013709922834360146,0.363636358677686,0.010187370829793195,0.6994042705962054,0.0016214109248239225,0.039522474450574295,0.09120898102806504,0.1755720182896579,0.10570305875237859,0.6144578313253011,0.07305412338872996,0.688824236550905,0.04188741691455312,0.03191937571565699,0.30411881901797533,0.17932339597810232,0.1390862508676561,0.06834242441735623,0.5359074084013761,0.018368839690739058,0.05099679231336874,0.5209243211524478,0.0961811577136903,0.006575930089267564,0.12346531365102699,0.13588868210674576,0.0688620476774771,0.006575930089267564,0.714380031246458,0.06112479404768635,0.0006718225251470137,0.00913111490555893,0.055008076095233005,0.015535614225973843,0.05623592865084652,0.017462237216676193,0.029468704984686477,0.5475670377216434,0.2714478515210959,0.03134505725433659,0.031040740101641512,0.1298526403455439,0.028943739905485433,0.9398495973640484,0.7921144575649022,0.8044270991489599,0.34955271852567116
000520.XSHE,4,0,-0.2415238769999409,,,,,,,,,,,,,,,,,,,,,,,,,,,,,,,,,,,,,,,,,,,,,,,,,,,,,,,,,,,,,,,,,,,,
000521.XSHE,4,1,-0.2710298041436633,0.5815599957876432,0.6863303518591249,0.5159541756700835,0.5442535581172383,0.22049083773892708,0.4868927125296396,0.3244680003173411,0.9545945119996768,0.16470879408790412,0.2512157802745664,0.004156179378088878,0.011104305019338387,0.004958854132645647,0.002088581849736809,0.0007464202633473031,0.012533369145504639,0.0013532434923169442,0.6211093664584738,0.020944571126772477,0.15129209530237422,0.004307530872081627,0.015606058589681369,0.5454545434710744,0.01593292278906876,0.7060904424514539,0.007244391505228356,0.05869584878357601,0.09109601334983643,0.4374512633131774,0.1328263938054268,0.285140562248996,0.11788573965908206,0.3527208220109044,0.07631148034998815,0.04833498654172333,0.3069883156524898,0.1781133316828394,0.14139610094187807,0.19750835942546507,0.5533495482010362,0.08812469358277024,0.10959984937045779,0.5180283551179504,0.10993651654032116,0.06389678697783267,0.13735317685964013,0.14619188507714145,0.11217352050611826,0.06389678697783267,0.7085888029241263,0.0747330408542508,0.00033944345710638446,0.00909207922760288,0.04416194088013343,0.016721519684345088,0.0747948211153469,0.011755106505188587,0.02962079535025587,0.5943002274231768,0.2733212991962513,0.05703867509433514,0.0619200561087887,0.14823720993565384,0.016348627146019024,0.9064359617105282,0.684183030383442,0.6970700768127844,0.31669815266635487
000522.XSHE,4,1,-0.04005867553473946,0.5832710543596483,0.33323445031838866,0.36979524077594106,0.5086859991960199,0.19531619973499242,0.5201466800399461,0.3337110635790617,0.8075837911617676,0.3255274155849768,0.29448349460704565,0.004585277962534866,0.013684344003226122,0.008150090726543492,0.0029840589171838032,0.008062098247688082,0.00966583515757642,0.003724127055187232,0.6194366714067405,0.02795801905504902,0.1535011777904567,0.007249247564261568,0.03212743887797873,0.512508658030105,0.03385548310334353,0.6973754749785577,0.011416551503228026,0.07601564141075765,0.09146680527188153,0.4259820692575249,0.13112622332231372,0.5511172547939428,0.12284974011172788,0.494504656209718,0.08633157970599001,0.045919982486072305,0.31147779666162767,0.18463137997985954,0.14208910423830812,0.20470555979997465,0.5318427242963106,0.077915971133906,0.12469801664167228,0.521515575256219,0.11601091851739048,0.03148564188991912,0.14997234261458614,0.16450473416111355,0.0632184951466207,0.03151351181947201,0.7073590212283098,0.07474128671978711,0.0010165370293848852,0.009470773081934954,0.05305644375124136,0.029247760156912796,0.06504798281099847,0.03229344616550119,0.02996043969994048,0.6137324122247689,0.29599917104153156,0.04246130980234155,0.05485061095598209,0.16042323302325237,0.02380545148233199,0.8768056165474607,0.6953581940533766,0.7048157031587168,0.46648362214367545
000523.XSHE,4,1,-0.2925551092009306,0.8049033560208367,0.19323806307569985,0.31083723055930407,0.5612409087983523,0.09865510980178624,0.8227345591467616,0.5464315533714644,0.9765143724769241,0.598867699066277,0.2746102613888062,0.0008748127453153602,0.010638653829886897,0.004787625149643403,0.0009999117965093505,0.000854089848390631,0.0017820130258271963,0.0011436747052371715,0.6185085760950552,0.022168809755926548,0.1508673632408028,0.0035364925427475223,0.1182101426760475,0.6363636304132232,0.14070129010645865,0.7191816460119421,0.027769408028814054,0.2981821470561635,0.09162028309284534,0.42440694382685706,0.23684647068138912,0.0321285140562249,0.1492013318382873,0.057332981555262855,0.10909831784426977,0.06640810392524345,0.326245995779936,0.20091289127668,0.1463069695858908,0.12133519575157375,0.5247065653729952,0.03757208512578039,0.06501414732735519,0.5251510191706343,0.10105029433620176,0.04011263752220529,0.1196116707910108,0.13641868266212553,0.02470472944477711,0.04011263752220529,0.7413309775794396,0.06447751305024717,0.0005250178806069654,0.009106952494793366,0.04211389484137767,0.017512590929074,0.12926533008017965,0.015265824543685972,0.029089160149656575,0.4944885085319729,0.26990864217285676,0.03555181733992194,0.08602960018983308,0.16563972488220094,0.044414219058443505,0.8286302921418527,0.7043336208040336,0.6575269399254844,0.5196268255788806
000524.XSHE,4,1,-0.2596099575860215,0.45952048552708297,0.2628959434095093,0.3650245343293799,0.8078360077201552,0.025187992488254707,0.23527654551473515,0.2167486800207628,0.7011492536920225,0.14844685668542873,0.12786462227350126,0.0007066062714581004,0.010707921809466527,0.004806818450430579,0.00011521109913461186,0.0002645642479726347,0.00039645468490108053,0.0011158107964552115,0.6175928598319163,0.022306173526867264,0.1509294559636182,0.0034352549025984413,0.0031183403722685665,0.4545454565289256,0.002866993902383762,0.70154294820714,0.0010478752090147573,0.012661662295378493,0.09131873423070072,0.18786635996583562,0.06735370962827703,0.9558232931726907,0.10571828747837474,0.6867474455881794,0.07096623000170083,0.03120351410810633,0.30539218657932066,0.181479259611879,0.13711306436643553,0.128310810326647,0.5318427242963106,0.02564230170075885,0.06459781851830762,0.523736740054318,0.1065502446404771,0.005764674618796572,0.11695396895716756,0.13339880870342416,0.02635665942224332,0.005764674618796572,0.723274871841613,0.060807902906630795,0.0006911923851073734,0.009068058010065022,0.0634267655673925,0.024412921435005574,0.07582505726459438,0.024409943491226146,0.029440252232827934,0.7522578763709427,0.2978448927819122,0.03075725516533777,0.02108052299757327,0.11648885975578863,0.011278638511694682,0.9182567354532671,0.7104396090398484,0.7297861441249707,0.3345370866530977
000525.XSHE,4,1,-0.1955313123506598,0.8111620790609191,0.26302573228556514,0.40430124129841855,0.6091538505904213,0.24838292835134257,0.7225574778720913,0.4750323891216525,0.9573479963362983,0.42188380380411344,0.42687541871856644,0.0020518459718828473,0.012750913338662129,0.005659537911318462,0.001793611609957806,0.013490625383584793,0.007929426069319335,0.0014462749933110612,0.6165997553247725,0.02312404605258191,0.15165087728460405,0.004080655536640466,0.07488389829051074,0.6363636304132232,0.1126878452262229,0.711711427793749,0.008907321582310812,0.20037080582436465,0.09141490645886681,0.5317910599275862,0.1744976916754704,0.020080321285140562,0.16059139522841392,0.21728284291432387,0.11442705133531238,0.06264779763400387,0.3267427153690918,0.1899894083289699,0.1437410472186909,0.3577136859641762,0.5486730484815698,0.08222997020905903,0.16920161235988093,0.5290095637980519,0.12704472667438474,0.05843676535403733,0.1410143790411531,0.15709681001548437,0.04593303692959443,0.05843676535403733,0.7272875994564005,0.080425137826898,0.00029331127222989107,0.009084936221088946,0.0423874953234633,0.015101072782688008,0.07107229916007,0.008247224604469292,0.030224870101977212,0.52219787701407,0.27889570148487863,0.03158380995853494,0.0860764812103797,0.12991684399858133,0.030466740443859542,0.8114587919501215,0.6671973818053165,0.6347814836036787,0.62329811489032
000526.XSHE,4,1,-0.04005867553473946,0.4007865419510939,0.11022823151540684,0.2970120903574446,0.9718112356845703,0.03151780206970706,0.24492010005050588,0.3608160061533377,0.28114563565487793,0.20151186150969586,0.024804402242682655,7.323505276391158e-05,0.010539727728526429,0.004740375165386236,1.2533566059923171e-05,0.0002009737208671352,0.0002998400972839461,0.001112551259323039,0.617367191178662,0.0221665047833234,0.15083485886085976,0.0033767189953308576,0.0,0.0,0.0,0.7005442248416383,1.4587909287131244e-05,0.0,0.09134051696217903,0.6213463793435405,0.16506630623620713,0.10441767068273092,0.13305799715660166,0.3190692116509718,0.10616901644975726,0.04978289326539682,0.3060003320751606,0.18209606551776997,0.14208910423830812,0.08981296995727436,0.5318427242963106,0.036505460798140446,0.04815420331484929,0.5230581253581165,0.10181722730580764,0.0007262488762711323,0.11380307915005228,0.13153623212872756,0.012025265622229168,0.0007262488762711323,0.7246034889930438,0.06575578011766649,0.0004872805061337254,0.009087573929911797,0.05135866252897605,0.029519423228288152,0.041250369046708465,0.022803124743158387,0.029606041819262966,0.5930184078603482,0.29599917104153156,0.04679270252786179,0.047164636289662026,0.09370598368546385,0.016076000478554765,0.8743937381943163,0.663150678873115,0.6614943241980076,0.5902447792174881
000527.XSHE,4,1,-0.1361285445303727,0.0,0.3231152294436545,0.548103346092613,0.5352108790996607,0.15150126437105765,0.5060254866109736,0.15914798700074448,0.36073454935678856,0.6004068239693566,0.7634987186026013,0.04425392642111804,0.040149579459659954,0.016151769513900432,0.017757648417309122,0.03458506633614303,0.08594524506884964,0.0027693160892794666,0.6427595178930964,0.12121084444102151,0.1653225902801562,0.02027737237981532,0.3445960718420812,0.6363636304132232,0.20758436150156537,0.7094727943479051,0.004455170639682134,0.04164782490729854,0.09150400396733571,0.8063672137099265,0.6917400670218004,0.0,0.2222475495782995,0.0008305110671502566,0.12573685985069766,0.04879416643122396,0.5326036446545649,0.21809217104665204,0.18121339271090867,0.19090503526815658,0.6506676521028367,0.1773495290797306,0.18876379501006144,0.5421148609672936,0.17816883352210744,0.13246795461102057,0.21588293947341264,0.23352919577181308,0.08132335707585066,0.13246795461102057,0.7297029483148064,0.07069136639359226,0.00038884826847161247,0.009041261728739107,0.04606896526250079,0.017602296285795592,0.07827531494141256,0.011087391654157994,0.029613596346350645,0.5905739690833105,0.2837990964858646,0.18993929335699544,0.15574707916192237,0.4938313035162385,0.013480738170724413,0.6637119910241298,0.5747313254610589,0.5377423008980415,0.6644208210760877
000528.XSHE,4,1,-0.2520728098103578,0.7898137836240899,0.7508877199185695,0.3424004669057032,0.4808270830668977,0.2471834570949041,0.45203082059396393,0.06261841886119651,0.9381104888828784,0.17904102463953342,0.44631931980453543,0.01025439589972437,0.01390842265438158,0.006069943437458808,0.005651546966799345,0.01413858978503107,0.014084615883485136,0.0017587824453471998,0.6352005082176432,0.025669672057873866,0.15200498920422373,0.009299105921258715,0.03382140069019649,0.4545454565289256,0.038859455586544245,0.7035338966918908,0.004617493028077116,0.03626661843176268,0.0909687711813586,0.31521970304037916,0.07278985149637898,0.9919678714859437,0.10010461808469848,0.6763604110054522,0.06024503792286093,0.03798947724820384,0.3074699102881192,0.17710429269529213,0.13835183033195808,0.29312121796935703,0.4721504219463992,0.12001820733592859,0.23043439919255712,0.5209565596663832,0.11715762735378012,0.056729084147955994,0.22162530458135943,0.23078049918829863,0.1657011411623469,0.056729084147955994,0.7185797234559939,0.06790803269192008,0.0004370582330042545,0.00904447846687636,0.04852569707440085,0.017110271452885607,0.04083134630086794,0.016892105064782666,0.029496672808372783,0.5593711987563246,0.27296486915747226,0.06083555402733602,0.03866333840283331,0.20842698675077265,0.01850646048932225,0.9188408061240432,0.7057156914775993,0.7409331076567216,0.37234483125696677
000529.XSHE,4,1,-0.2682363171886445,0.6175134817973429,0.15506573605431223,0.3205757063480441,0.6516783981931693,0.0498378047307797,0.24297755078449823,0.27292243778732694,0.9777894671210876,0.18815337882388425,0.27627587471804965,0.0008985504361301706,0.010927348333416177,0.004874898126095356,0.0005592034055377664,0.00022112206962760764,0.000961050061838662,0.001111054211616893,0.6180787646553787,0.0223622413106421,0.15102723815496977,0.0029773841353639492,0.0038615071548461846,0.2727272717355372,0.0018846629717080136,0.6971300101299193,0.0011625016143155349,0.006556932260106719,0.0912311544332477,0.4328062705750445,0.07011738501738249,0.9678714859437749,0.11640738334885914,0.5857915879186817,0.07951695597221775,0.027684360437475672,0.30231625416762437,0.18173912480093438,0.14148709109674332,0.12048200337331832,0.5239675385022696,0.034372248575019845,0.041728177481926726,0.516143987882494,0.10551055089843081,0.014184582889009355,0.09774816996667711,0.11386749723379232,0.016560651038539643,0.014184582889009355,0.6107011522861681,0.05718134348726132,0.0010678264921649106,0.009079588150617338,0.04541939497619912,0.024352064858397145,0.11247347390179273,0.019804525169314493,0.029196667090851686,0.5285188220122572,0.27953166922747347,0.03598874656983417,0.02133911079032453,0.11032380490956073,0.01608871208948974,0.9009068185368763,0.7274031444871967,0.7337244826557314,0.31060644952354566
000530.XSHE,4,1,-0.1999571526920998,0.7269618101211485,0.4424252946450972,0.3352621289150587,0.553744266932141,0.12619251124990147,0.6991847383617953,0.3809792535560242,0.9393548477745999,0.4417110583030567,0.2384266527044871,0.0021805131951520285,0.010962370769536224,0.004822050956624663,0.0003883557357034118,0.0005050801933819558,0.0024823931288118005,0.0011461448821084538,0.6183640471673814,0.022588004796371203,0.15095273301186649,0.004487113285090817,0.025821554051253946,0.5454545434710744,0.036641075681494814,0.7033326713788478,0.00779689821748326,0.13602242923035182,0.09166481300846947,0.5224158703073761,0.17451928567241426,0.12048192771084337,0.14999123790600444,0.2413789563483793,0.10518700873122215,0.045599367611952595,0.3006458303087064,0.1899006426986582,0.14288443990360242,0.17574555302558023,0.5197367164631566,0.06463899355139852,0.14541914487644034,0.5187655049988565,0.11204445078043175,0.023264391928395762,0.17842002287308345,0.16455259464508254,0.3550560004792505,0.023264391928395762,0.7029857077252603,0.07989179815124504,0.0002968472241427453,0.009102062822528992,0.05544855440269874,0.01870795201953133,0.05469905003035512,0.013342747094005215,0.029793380741891126,0.5973606270714527,0.28694973557796666,0.030580845476259846,0.05207102165371253,0.1297571661093378,0.034702996949213374,0.8301126599537005,0.7134248816947508,0.6814949579232823,0.6256846553492642
000531.XSHE,4,1,-0.203444502306393,0.7438614409123794,0.4688931210837053,0.958861726109729,0.5386665596744762,0.23005894854367737,0.3540481964350896,0.4831949424782759,0.977998031155515,0.1821904299688501,0.2765527993100828,0.0017287243043813765,0.01297487234359907,0.005711289240523214,0.0016262406329239218,0.010992110532464789,0.006341961785969099,0.0013740814474570593,0.613926320848536,0.02151592761567766,0.15168172342394437,0.004334850386562584,0.011583076315302731,0.6363636304132232,0.012108013361869603,0.702500427892497,0.001795374222253193,0.028172198607217147,0.09112685577469767,0.3258577417418834,0.02555800983758006,0.859437751004016,0.06175431615479786,0.9414207385491618,0.04342693184422716,0.03828509673123953,0.3057203925759142,0.17442041067433303,0.13569361795053775,0.33751701131307166,0.5954453831752554,0.1777573506708636,0.19236614839349078,0.5964084127506173,0.14824400026388343,0.038665111274450166,0.1706062317314161,0.17617260945837726,0.1655129398972633,0.038665111274450166,0.8058711556865866,0.0613184694909235,0.000660602370885127,0.009078901375791306,0.045693127377514305,0.017106630552648605,0.04861800090677409,0.005980749548574884,0.030024950290026692,0.5950503579891401,0.29732669684350155,0.035184364862556924,0.039294005640978374,0.1215067987789431,0.01927424178979482,0.9258132607121046,0.7499115474768918,0.8088235682429701,0.3140163559874217
000532.XSHE,4,1,-0.1130809879079645,0.5306667623663954,0.13752010086691763,0.3148893657657613,0.5749705144569017,0.021465202498226532,0.3395734388031726,0.41064844020109753,0.9495924878308375,0.23843848431001374,0.2467953771211498,0.0004971521690211114,0.010744646879525916,0.004748142360230527,6.286024493806154e-05,0.00028941577353860243,0.0003970405140605618,0.001114891518528711,0.6179529599142402,0.024505035902303917,0.15084220617103383,0.003654477380424334,0.008325938558520273,0.6363636304132232,0.007119347899809909,0.698030695453811,0.0016698496276773534,0.020122999005155105,0.09137134769982982,0.5424553883138468,0.10610364551914564,0.2891566265060241,0.12977320011436835,0.4545071907475523,0.09283257629196025,0.046670808744062105,0.3074599888502587,0.18202568771624983,0.14083976113784488,0.05885054850439329,0.5249471448786166,0.02715019234176338,0.053650929653664615,0.5246300640562811,0.10467642861283132,0.0027535998860522917,0.12906697674362755,0.14596953751791533,0.030141360355854133,0.0027535998860522917,0.7344927475265169,0.06820320954971665,0.00043118199954646946,0.008874809169676229,0.06680271057079339,0.028816343975463416,0.029596437493741447,0.03772235369079128,0.029416892588935647,0.646583718008567,0.34735168198576116,0.034093138660843104,0.05731753150192234,0.15205079609363126,0.016959980857809413,0.8847268182528298,0.6645465702534166,0.6926168364962386,0.5588797059743942
000533.XSHE,4,1,-0.2797994962690807,0.44146284879658576,0.24528467273830173,0.382127824289898,0.45469307033315526,0.1450638910522156,0.3547164980168472,0.250426220869716,0.9420797917696682,0.1400723543390367,0.24057518999602,0.0013428490528015159,0.010975510347696693,0.004868613120818667,0.0007428893572644404,0.0007341676505453775,0.002155009349809625,0.0011807736693071264,0.6185437848764939,0.02209993869408684,0.1509234412861428,0.003756861646368378,0.014137224836363725,0.4545454565289256,0.010219455066233079,0.6965871425838602,0.01160904159057398,0.028940942389436557,0.09100528519439187,0.3014785969770807,0.1763852124075615,0.3052208835341365,0.11300268396773966,0.4187787894248941,0.08099488323351323,0.04329848350094056,0.29321733567658326,0.18133032480197347,0.1403679121919008,0.0480085562385979,0.5411718629226525,0.024063441213450304,0.04403418442795175,0.524609829671445,0.10401724224063488,0.0170128985589408,0.12343866119134823,0.13998753567937633,0.0297198955509486,0.0170128985589408,0.7366580312394467,0.0686162979558231,0.00042329963400688576,0.009042893812786756,0.04645535668585123,0.015655464094951766,0.07199791818858017,0.01454077081061082,0.0296101064980999,0.6108884805891935,0.2776161740982622,0.03213437523816364,0.05039089164031413,0.15816589717282262,0.01238170724412275,0.920585029327804,0.729924041395781,0.7100997325151235,0.4983805036753255
000534.XSHE,4,1,-0.2012237240784288,0.7091667593267524,0.3252585455811968,0.5657904452550053,0.48967550438876944,0.26071352902340805,0.6442269805736788,0.2735472258220315,0.8968863804611944,0.2333315286642677,0.21002765180143285,0.00043907421552236473,0.010974466836556658,0.0049506030568963735,0.00021582582896516886,0.003863679234314351,0.003003852036294013,0.0012250386636027222,0.6189701180107146,0.02271665005925853,0.15113722855379633,0.003762899899433775,0.01313272415464233,0.4545454565289256,0.024863822547882927,0.7091580427494756,0.008942833845361448,0.14755358596364293,0.09134730776788855,0.31695165724599467,0.15808349798252574,0.6626506024096385,0.11893850854666504,0.2642287898868595,0.08083429084700658,0.04224143033307878,0.2812618016842542,0.18350187905744536,0.1433458899747047,0.09936531085807063,0.5260027898578474,0.024490681145486838,0.06665953017661796,0.5248132976522975,0.10945783618026302,0.005510841450508333,0.12829938068402533,0.14407878667047205,0.04027772144993435,0.005510841450508333,0.7290544148767729,0.15598260824755902,0.00015732829379036642,0.00902610086602267,0.04642686213226854,0.014211911402162297,0.016790193389712955,0.012224272152182226,0.02983934403210382,0.7428820759267412,0.3713598049309595,0.05046532605486283,0.047543498433279166,0.14920786467041597,0.029541036071065382,0.9054302594765022,0.7729257883331124,0.7151431294938382,0.5431161199029452
000535.XSHE,4,0,-0.04005867553473946,,,,,,,,,,,,,,,,,,,,,,,,,,,,,,,,,,,,,,,,,,,,,,,,,,,,,,,,,,,,,,,,,,,,
000536.XSHE,4,1,-0.07774249906415123,0.17920127202196862,0.08803263989091797,0.331885526649199,0.6875925001818031,0.3917970266852074,0.5749949970603846,0.32729750225867293,0.7789778869433646,0.4374937400541786,0.5561508656265204,0.0024442686037352275,0.013175641377170104,0.005678198826078432,0.0004976608043587511,0.0065105371481151645,0.0036476303410375313,0.0012040400808653335,0.618459877350215,0.02913647881448169,0.15189422814291223,0.0049228115632399564,0.032071564072698754,0.7272727282644629,0.04445326796642075,0.7167868014168065,0.008313565962868245,0.08808899339784751,0.09196578282949716,0.6142788241117761,0.49853043747404646,0.01606425702811245,0.2203007835815487,0.017033176299328913,0.18725807911666226,0.051136797855842575,0.3064258702529405,0.20441559339974472,0.15109045201309218,0.1195574768016936,0.6123368587503294,0.10472180093490022,0.1047768706558859,0.5230252846303467,0.13077216712176115,0.017303250805603708,0.1579934576956419,0.1704851797036452,0.09137542520894978,0.017303250805603708,0.7076200926175862,0.07142387026116172,0.00037840409038134926,0.009035477741312054,0.05257825580616104,0.02207668425528459,0.04050548590934402,0.010406258937501422,0.028948717595325326,0.6330652896346703,0.3179445491413073,0.08691954492930205,0.07039533647234132,0.2954854777828444,0.016209248070826104,0.6697293391657553,0.6682975100614748,0.5720413611362694,0.8685552483953408
000537.XSHE,4,1,-0.2637823992584633,0.8258427704443939,0.28536741579337943,0.6253198599778694,0.5936973241086003,0.1335072069511845,0.6019698530938055,0.2790176939604984,0.9341627010227982,0.2881116136255092,0.2344724586521768,0.0004438921166806078,0.010959243641855854,0.0049186528122820445,0.0005371643085995178,0.0005351861709224227,0.005118243855801497,0.0011554526308659057,0.6207717543454144,0.024360981858416314,0.15112017948700443,0.004095932987217754,0.033124498640818636,0.363636358677686,0.019155180109450314,0.694440880438167,0.005845695177516315,0.05905761056344397,0.09083555245636214,0.28192823583828036,0.08004161604423557,0.8714859437751002,0.08384138106412667,0.8616536922838438,0.05877891874802672,0.035737650967744394,0.3078952621301973,0.1770583856096079,0.13868849390495946,0.05482250144540305,0.5745987443428384,0.10379405599848764,0.06516729175474027,0.5323775851835484,0.1093720218466235,0.005956537877618779,0.1413227226784944,0.158880565708092,0.032147691870527066,0.005956537877618779,0.7598708542061776,0.06893879300027886,0.0004174061063070163,0.009002995622414462,0.04285752353834812,0.021376421345878478,0.024324288871472713,0.0156607225000355,0.029345469207522838,0.7423343087433178,0.3734004691016426,0.03677615518202649,0.03707328014790817,0.1262874772001824,0.033319375486032185,0.8987054579540128,0.7155615629560836,0.7516800321087473,0.18307167710038114
000538.XSHE,4,1,-0.09636865199680716,0.2464436666880422,0.0720990968769154,0.33757505454286607,0.6144770464137137,0.08364590089963053,0.3334331849645817,0.6354984773310961,0.2918899765442301,0.2909968927465838,0.7978314952256482,0.004345335260917374,0.01837054102695515,0.007962145975180853,0.0050020778727846585,0.0003435506252612055,0.010885695750502232,0.0012746279164545329,0.631801492953441,0.025833151365015745,0.15519389413842832,0.010203354194671511,0.0726029486099977,0.8181818152066116,0.06756670275919144,0.7024207417331836,0.0006904879789047154,0.009541466944017364,0.09131476239755004,0.5937703066510299,0.16968387813353036,0.012048192771084336,0.15012299871796728,0.2958036092840665,0.11269786374359354,0.06384409871486682,0.3081587910686312,0.1825958302711534,0.14208112682207782,0.18494178654796528,0.582841921926196,0.10392134996305961,0.2943495746412156,0.5214127968673318,0.2054816386046833,0.09868205817270276,0.31705082101975335,0.3333879303036692,0.1616010043055678,0.09868205817270276,0.6843570229160167,0.0667465645965382,0.0004623949153095083,0.009101746440034286,0.04262811599816156,0.0180173803298737,0.07774839568606105,0.022320531450753328,0.029451116803338454,0.6278542939292094,0.2988937431636388,0.04433603998272953,0.1153926429783508,0.20936937921163298,0.011716964766405456,0.8687536393461248,0.6562845517668396,0.6449026043468273,0.5613280811060738
000539.XSHE,4,1,-0.2102157435975667,0.3510387636850122,0.5083620665014487,0.8069555279754748,0.6259497855558871,0.5092483120628303,0.2790685292931955,0.3274832896684062,0.6519443876076959,0.16492612780537413,0.6231634546275092,0.011052331729669504,0.03359044153539548,0.013481090715910079,0.011638467875068843,0.07112682359267036,0.028222935345630768,0.0036869919430781188,0.5852413629899612,0.08425692011571095,0.15760227883097525,0.012442612587443723,0.01664448412078375,0.2727272717355372,0.01383409304063064,0.7023812772505711,0.0022732656785051154,0.011576376955774622,0.09123708031317466,0.29268276894774453,0.09671905610027082,0.8433734939759034,0.1116712409628553,0.5263818154006933,0.06819486929683737,0.036254024331821906,0.3039303392560025,0.17838284295322557,0.13941121570646053,0.13374452745565343,0.5358113675751294,0.05535396629813959,0.10639087235052316,0.5425342025339873,0.13090010532708576,0.03000632526804543,0.15492941679484515,0.15163572476541773,0.23902170331687497,0.03000632526804543,0.7519458924462799,0.06294596976714245,0.0005813713743230501,0.009008481870336099,0.04308020319782765,0.015807021921581905,0.15644628989353349,0.004001839303807588,0.03057276928729543,0.5848290667000797,0.2982865857136378,0.029066762519831056,0.03163908128867967,0.13587947129756295,0.009867350601184422,0.9113162360994731,0.6922018044314715,0.724427204769839,0.15831222087075877
000540.XSHE,4,1,-0.242029118884493,0.6524072109745626,0.24019368819545817,0.08227938094621712,0.5276247984492819,0.3630937789472999,0.4430764909070796,0.11723826832209239,0.9680760911850741,0.18702378489375973,0.414278737928595,0.0031645572743163835,0.017983537693398624,0.007721952390896033,0.0024968292009228637,0.016824153722845514,0.03469687879014039,0.002524322833612953,0.6315696184299129,0.027584133450094476,0.15464485037740772,0.005036840986469169,0.02736638679666546,0.5454545434710744,0.02755802794249767,0.701867844275329,0.002735827200021903,0.03282988152301709,0.09135660276773788,0.5717738612072968,0.16560119824809896,0.823293172690763,0.14884426003786805,0.14831757347045832,0.09349164349274455,0.03332070846527255,0.5410620778721806,0.19705342641495704,0.15115414512149783,0.0438351838759603,0.5286320268363498,0.051144813206307996,0.05887395631578545,0.497702273188605,0.14980902394289536,0.02211431715430411,0.13890118617541874,0.15636875103085554,0.0313797776945451,0.02211431715430411,0.6777980712264995,0.13065814552244948,0.00017396792822355723,0.009062764771914852,0.0476308889403667,0.014097972641804445,0.014242893518338896,0.011928286945789828,0.02938359327967033,0.6730700354718061,0.31467477559604706,0.04868792043754022,0.030638396215543012,0.10467356677813244,0.01803074714362625,0.8831761017454658,0.6278553580115873,0.6563056985104816,0.48315242367328726
000541.XSHE,4,1,-0.2004150229734923,0.5725448067895036,0.3282621100114226,0.41602381842382846,0.5472834432092976,0.062463979706428724,0.4034768255136248,0.06578853105370597,0.9878418144983179,0.2416087722385179,0.3840392952833824,0.001968454170319501,0.011961779604460019,0.005034856859901826,0.000766213583683241,0.0004017643568562132,0.0014514643883153573,0.0010806628992329642,0.6214813168920769,0.022666870648622266,0.1512543088328165,0.005135557375494585,0.013001433705743463,0.6363636304132232,0.025386926086071994,0.7033463139824233,0.002316228237868445,0.03988423623044225,0.09156173570677784,0.9007085646966203,0.2809283843819782,0.6907630522088353,0.196203707485727,0.09430766277349631,0.12867269406201384,0.03839471453063339,0.3743128284170876,0.20271029795230366,0.17181670943203944,0.09296793801751005,0.5318427242963106,0.052925690016899785,0.08663134259671339,0.5249532922950032,0.1069455475850924,0.011402033705534007,0.1493627334240561,0.15316462627260435,0.1679964013797538,0.011402033705534007,0.7208326468227121,0.062380592172855444,0.0006061985970802321,0.00909319561366739,0.04897910346636243,0.03897816078810841,0.057218729134311565,0.03995899062130313,0.029307223903332288,0.59686442096906,0.3165515325615679,0.032696250497858494,0.03880486795694615,0.1609900662461367,0.014534605491415924,0.8064941912485266,0.5429271151209591,0.5885829110698602,0.8146983123118424
000543.XSHE,4,1,-0.2287379208177584,0.5143646665619461,0.5809900583414759,0.6630698447938721,0.6779832640809663,0.39331846603625276,0.3856982632859639,0.4058417864467169,0.9762974658811194,0.17148809788525007,0.4032406050056943,0.0003482386188819116,0.018027623639466174,0.007546745539761341,0.0028916054651612236,0.008956881147572818,0.0048672177171762915,0.0017408781177269271,0.6163975174480945,0.05467118777853319,0.15332672750736817,0.0051322896091225605,0.011466874243308474,0.363636358677686,0.014562416686583089,0.6932082333013442,0.007163713525900255,0.02274577190919779,0.0913723383825118,0.5889495369049449,0.11524961981358167,0.4216867469879518,0.13032725432867207,0.40839175484216694,0.09165695050787408,0.04486048962031059,0.3216677441110009,0.18293348241608012,0.14008714257117377,0.2952693755464292,0.5749317964388805,0.05082344512917878,0.15273973952927827,0.5477782806040252,0.14735957302408145,0.0396307698174666,0.1466272669698573,0.14844923687830064,0.18493822624813885,0.0396307698174666,0.749378634854641,0.06906371975660214,0.0004151813255931496,0.009018276019591636,0.039690274756094525,0.015683938076511122,0.1393335155010703,0.007803613536834761,0.03409083463660277,0.5307159893684378,0.29599917104153156,0.022545868387906964,0.05383545091645797,0.12325826810052187,0.014123796135670276,0.8952312138728324,0.6565968997390654,0.6845526823742516,0.4259900248384104
000544.XSHE,4,1,-0.2063117772717122,0.5807004631827651,0.17527913606765105,0.36818882624248034,0.6133661665617641,0.12050971110730266,0.6579764673321509,0.5922789024471354,0.9443173545474424,0.4813363703335608,0.2423799432507875,0.0005938172541672379,0.011047165122612139,0.004953153648678928,0.0001331519653138068,0.0007242305872905626,0.00047777752825504493,0.0011476093022546993,0.617766202957071,0.022295267877396566,0.15105876194069612,0.003424355912635062,0.037565918533037944,0.5454545434710744,0.03694622410562796,0.6719859187555589,0.014476675520805091,0.09672605589219498,0.08986595571727615,0.29923499181890584,0.05182979439123531,0.21285140562248994,0.059928770105052875,0.9227255135258325,0.04017062399678222,0.05244142970736246,0.3104055673558808,0.16965427967276245,0.1362616564887679,0.18231385418727286,0.49809491386680765,0.01922204442923685,0.0821296706648033,0.5158763239068935,0.11435343077176677,0.012541919963642137,0.11611445563369173,0.13303631649781714,0.021269658748694853,0.012541919963642137,0.673002429371203,0.07415579514485943,0.0003454186177465693,0.00906503894244656,0.05460743739509122,0.015133519628917735,0.04251972344498774,0.01803073614440096,0.029259344057113036,0.6330347965222328,0.29599917104153156,0.04721780990361004,0.06442099568772952,0.1871418528651771,0.031811479332416105,0.9353838533751828,0.7822906992171954,0.8246178504566783,0.3147071869334999
000545.XSHE,4,0,-0.04005867553473946,,,,,,,,,,,,,,,,,,,,,,,,,,,,,,,,,,,,,,,,,,,,,,,,,,,,,,,,,,,,,,,,,,,,
000546.XSHE,4,1,-0.2091883963885983,0.6380595075817522,0.08910122791286562,0.32477923884525123,0.6246725662829157,0.15608727595106228,0.3554703571166661,0.13490254680825847,0.35747743776229673,0.21973076915640097,0.040211438476435934,0.00012362747167037313,0.010495464156127392,0.004723796602345682,3.953149442105032e-05,0.000224268490564079,0.0007727883956724497,0.0011273465770379563,0.6174794508891949,0.022084727407777806,0.15079625684350426,0.0031979753309632182,0.005126344851488126,0.4545454565289256,0.004303924712051455,0.7012295024322222,0.0030806683011084554,0.034141267975038435,0.09109919724367799,0.3548193771171442,0.11780625447644222,0.9759036144578311,0.1163362325103992,0.42127134921604475,0.07737669911945866,0.030517202704570666,0.3064258702529405,0.18151278781350064,0.1411725251327806,0.09482480088621867,0.5369150078390623,0.020817882302776237,0.02575854675218228,0.5166772683066582,0.09703982324684188,0.0005126173824961828,0.09088355618679161,0.10779921168496656,0.0044041746751606395,0.0005126173824961828,0.6638925794920874,0.4275626416130563,0.0001197824942249788,0.009138761821106895,0.14102455861144983,0.015305198783622348,0.006218968206372027,0.013102663141197454,0.0299834902934584,0.6888150154738686,0.16039546409196095,0.042321937282585535,0.025256871502091396,0.074536324542737,0.018640605371777235,0.9138975089119599,0.697967803281589,0.7082777723500382,0.37588081705531406
000547.XSHE,4,1,-0.2231187848243569,0.6174279795806588,0.4152481815265754,0.3402871023851182,0.4048223386319544,0.12110013659690749,0.38450315112689404,0.2775728029218827,0.9227808128113643,0.10835942046920105,0.2263540054002554,0.001093313656589031,0.011497762647395661,0.004744533694233652,0.00014132481485124374,0.00043027488550254143,0.0010426734833654892,0.0011338543034343322,0.6210230084107491,0.036541619410140794,0.15081315639477233,0.003875706628606231,0.006804845202810886,0.4545454565289256,0.0074153283092953095,0.7000583721917198,0.0018425423190628102,0.026137288595459888,0.09131812432750985,0.38221751849625474,0.05895595920363606,0.9116465863453814,0.11556147893605778,0.6788529707966028,0.07955812557479296,0.03440377220543492,0.30741413102859966,0.1812686959854001,0.13890427055792562,0.07710775432471598,0.5260758130501741,0.04000221944714417,0.05494291073360134,0.5236227610492589,0.1105683746155979,0.001763411160979146,0.12437588279746618,0.14275870459948636,0.012956199203882142,0.001763411160979146,0.710653593167379,0.09750279023697812,0.00022347063735201348,0.008866616124206727,0.06737088669246302,0.03368527702828181,0.01686922204030082,0.047736384553368746,0.029380537959753695,0.6830379567175218,0.3466033930348782,0.030069458877578725,0.029930665980562716,0.12387156736079445,0.013525752228270623,0.9011589098294301,0.6815377471142368,0.7078275633527236,0.35075720280306033
000548.XSHE,4,1,-0.2323663678424318,0.6311440255424146,0.5379452494201316,0.3370718134898705,0.5471869830626347,0.08093782562887725,0.41786913304339074,0.3062100815870569,0.804809969624295,0.26262459467455046,0.1654667353933571,0.0007817585382334671,0.010774891387682346,0.004831787937899139,7.670846299730115e-05,0.0010653333864530559,0.0011529663639375674,0.0011314124646780279,0.6193794999084444,0.02291794457964474,0.1509008162118709,0.004007146142088005,0.005266214247398052,0.363636358677686,0.004624748988168712,0.686057075514013,0.003182437190900815,0.02075608211992403,0.09111515850311908,0.276987107910145,0.04463673526763829,0.9518072289156625,0.09664326155443499,0.697963964648357,0.060285114704913004,0.03717157048588316,0.3069586758134134,0.18053018253192368,0.13963089193749234,0.11852023254302937,0.5221122066432711,0.03822334640531353,0.08383037549706733,0.5250382445932439,0.10249086112159855,0.0021510248634365485,0.1384152029806691,0.15375522387492344,0.05123023986118698,0.0021510248634365485,0.7377050329700379,0.4529958297336104,0.00011886764940709369,0.00899511950776288,0.07901869506553483,0.01978328119599889,0.011371165101243506,0.023554828391562112,0.02945877894089132,0.843916291416577,0.32418042017475784,0.04953050582748347,0.03757730265904448,0.19680929219232912,0.021332625471077345,0.9237707886551818,0.711940537791341,0.7526226984550306,0.31762832157412485
000549.XSHE,4,1,-0.04005867553473946,0.5832710543596483,0.33323445031838866,0.36979524077594106,0.5086859991960199,0.19531619973499242,0.5201466800399461,0.3337110635790617,0.8075837911617676,0.3255274155849768,0.29448349460704565,0.004585277962534866,0.013684344003226122,0.008150090726543492,0.0029840589171838032,0.008062098247688082,0.00966583515757642,0.003724127055187232,0.6194366714067405,0.02795801905504902,0.1535011777904567,0.007249247564261568,0.03212743887797873,0.512508658030105,0.03385548310334353,0.6973754749785577,0.011416551503228026,0.07601564141075765,0.09146680527188153,0.4259820692575249,0.13112622332231372,0.5511172547939428,0.12284974011172788,0.494504656209718,0.08633157970599001,0.045919982486072305,0.31147779666162767,0.18463137997985954,0.14208910423830812,0.20470555979997465,0.5318427242963106,0.077915971133906,0.12469801664167228,0.521515575256219,0.11601091851739048,0.03148564188991912,0.14997234261458614,0.16450473416111355,0.0632184951466207,0.03151351181947201,0.7073590212283098,0.07474128671978711,0.0010165370293848852,0.009470773081934954,0.05305644375124136,0.029247760156912796,0.06504798281099847,0.03229344616550119,0.02996043969994048,0.6137324122247689,0.29599917104153156,0.04246130980234155,0.05485061095598209,0.16042323302325237,0.02380545148233199,0.8768056165474607,0.6953581940533766,0.7048157031587168,0.46648362214367545
000550.XSHE,4,1,-0.1841330364952352,0.6949135790266985,0.44407888538244833,0.600259801292384,0.6406814399477075,0.13963743608544646,0.3444510459769115,0.19343858965735786,0.8327061776227915,0.18695108251140322,0.5242882744345294,0.016138469039180436,0.020506043554642008,0.00897726608913611,0.006426263145129657,0.0009132822107873587,0.012597026148701085,0.0010868915787857303,0.6260968791370054,0.02871403321949682,0.15700257320539376,0.011977524576668877,0.023099466917726828,0.6363636304132232,0.021484677946540222,0.7070068910171314,0.006684947373809343,0.027358234602514242,0.09114212910510291,0.3446416797435905,0.14309632876637446,0.6586345381526103,0.1261267196432971,0.27336954457401147,0.0856455858735173,0.04479627197149353,0.31082434895974786,0.1831416162225829,0.1424359884260523,0.11936819160010084,0.508481897585802,0.24541321846904998,0.27481028952643116,0.564221568762221,0.2203228185535115,0.11614934817741464,0.3197235328088516,0.3393802459384815,0.131911857130323,0.11614934817741464,0.7568829262763548,0.06469651520670773,0.0005180318303401762,0.009102035132206665,0.04931523366325452,0.026052782901749942,0.1055011238603893,0.01564578876766606,0.029502464703283857,0.6022079231085677,0.29241201132244504,0.030367629602052824,0.05341290324841766,0.15919378894968841,0.015583238619369505,0.8854990697476246,0.7143563973287343,0.7045282311407319,0.5694231256009299
000551.XSHE,4,1,-0.2225494276925692,0.8458789206247233,0.3092365005277304,0.35690220248528837,0.49620737761305433,0.1263548511426342,0.7046606266787816,0.4851598183973876,0.9316559808700677,0.5499184998559487,0.23262343360292448,0.003254444168724994,0.01123506053071353,0.004991989802809636,0.0007100150531828104,0.0026616077295261538,0.002337258252104776,0.0011865044427456896,0.6178995588991621,0.026319514513419646,0.15107066856229687,0.004068268970367356,0.03290834072114022,0.6363636304132232,0.02694096573465442,0.6911655679569529,0.005008016050470221,0.08691326761327665,0.09083408429431947,0.27748021547403995,0.07215976966292159,0.2971887550200803,0.08996430599603926,0.6111339812483125,0.058011429287547434,0.07051286717331673,0.31112135283060616,0.17809467960183864,0.13974787927946195,0.10185878712065163,0.528316263094169,0.04996433838087542,0.0884727272507632,0.5233130625480165,0.11066324035968216,0.026683784737443476,0.14823098279783425,0.15993880592680484,0.09226076637145575,0.026683784737443476,0.7187292951317926,0.0741387501950715,0.00034559969257887043,0.008965555290850696,0.057374970911809875,0.016407931088638382,0.06005470759491659,0.010571742686960064,0.029624691121527196,0.5911367056128395,0.27382976192770453,0.03003479768866907,0.08831054532275232,0.1975532945736434,0.05732712209128432,0.922807693400179,0.7405963911370579,0.7782555655601999,0.43322591911036923
000552.XSHE,4,1,-0.2264055390033741,0.8042922897199469,0.23348044856559996,0.36571972235684674,0.7606156731856674,0.21594025891947433,0.7666001265339759,0.5489983145380848,0.9823357239894306,0.4507286673614642,0.3939408176458338,0.003660776575783938,0.013127456591287157,0.005846212837747683,0.0013466314716324844,0.009093208779594804,0.002066174063225586,0.0012330929830244876,0.6163382632438099,0.022280292653338807,0.15216607919263908,0.004814724014913846,0.04864861077161317,0.4545454565289256,0.06049202776707255,0.6879297115969868,0.01784605150336986,0.12372252871484128,0.09056085087072763,0.10400858704788002,0.09456862855954623,0.2931726907630522,0.058461613463846804,0.9239717934214079,0.05414110897956201,0.054251450986269864,0.10920721775685208,0.16874364699073552,0.1275266016217045,0.08700219340567715,0.6014924875066514,0.10303062010048937,0.17888315157064735,0.5344612450506052,0.16239483610071503,0.05300996893095932,0.19567893930206423,0.2119188298084141,0.08110811844592407,0.05300996893095932,0.7243557609050022,0.05962215005778974,0.0007771467241636229,0.00910967793533052,0.05184781903214554,0.017540732946199983,0.08513796711890823,0.007393195060989286,0.029780836630829016,0.6234716020415971,0.3021668259992646,0.03304339051102422,0.06545524377821442,0.1488582674671936,0.040503529341389004,0.9589508386473704,0.9305426562292691,0.8536596314359421,0.547254906914012
000553.XSHE,4,1,-0.2370608168623626,0.6642990789097213,0.1515334883883418,0.37504491010276775,0.5464440560405032,0.1809927102518546,0.7642853088419241,0.6053486985995038,0.9974537624512729,0.6625290761190076,0.3584343867159318,0.0011708928587920336,0.011815180348735733,0.005286825806451834,0.0005946148502197284,0.004868756738292685,0.0011964020088145433,0.001180902078925154,0.6167883910054507,0.02219496368056835,0.1513574067373396,0.0038914974936438583,0.07958658143376823,0.7272727282644629,0.08809884194353942,0.710797005103271,0.021630263066168776,0.20511892918513155,0.09116904040695675,0.4941182808384829,0.2092090772613879,0.012048192771084336,0.1706783441882282,0.0926466406391958,0.12725719417310186,0.08732741634766031,0.34197506470878014,0.2001075104103125,0.14719217380679409,0.07728778057344479,0.5424568298747579,0.040990223175028435,0.06165007656946818,0.5271669099075257,0.11474490427350159,0.021646791115638612,0.13008814968209306,0.1459454160919427,0.04073921215769569,0.021646791115638612,0.7360994745126359,0.05900479329269332,0.0008327086974785915,0.009076120554609499,0.044512450273046414,0.01725116358352736,0.11306260916669529,0.00748697342358954,0.02970894875361078,0.5607688921464158,0.28325773551489547,0.03519513859356822,0.13737198687908675,0.17636830572022089,0.03900221331578632,0.7697998182102228,0.6656522267922695,0.6139702096310398,0.5640177699561933
000554.XSHE,4,1,-0.2474822563207657,0.5862628138112751,0.3020652946027517,0.3511273254756664,0.5508011458194891,0.015405838885068412,0.46121737782987193,0.11380028513053952,0.8245050007069223,0.173556828706613,0.1738047406056833,0.00044635369046699345,0.01061247272699026,0.004782555452465449,0.00130139123454068,0.00020194336444524224,0.00031484331066879097,0.0011135912416315068,0.6174859357673228,0.021784410837822,0.15089181770370044,0.0036526104915669197,0.007008044211430839,0.363636358677686,0.006916343049108473,0.6970837884802189,0.0024439787625922436,0.03133761418106177,0.09115013383771212,0.2373517088361562,0.039210873775276024,0.9959839357429717,0.09831464745418346,0.7544664351364697,0.06419859338811683,0.03122626170538713,0.3058616464624449,0.1806701027051594,0.13814775241318888,0.07298188441590217,0.5318427242963106,0.017473920129850044,0.05320412570757914,0.5238895417779023,0.10202488754928014,0.037681080668475496,0.12406009944317242,0.13762349618072298,0.05844948134647137,0.037681080668475496,0.7383629146378088,0.05171074325050462,0.03195675521813456,0.00913205336074037,0.04053917499824546,0.025645301914049096,0.9999999999999999,0.030827516936339037,0.029515851990016228,0.49271602706901313,0.2699985770051429,0.023221899696401784,0.021432893447521806,0.10344182246542027,0.011581025303583178,0.9178572950249251,0.7084273141391364,0.7447909102671415,0.1612023838959845
000555.XSHE,4,0,-0.04005867553473946,,,,,,,,,,,,,,,,,,,,,,,,,,,,,,,,,,,,,,,,,,,,,,,,,,,,,,,,,,,,,,,,,,,,
000557.XSHE,4,0,-0.04005867553473946,,,,,,,,,,,,,,,,,,,,,,,,,,,,,,,,,,,,,,,,,,,,,,,,,,,,,,,,,,,,,,,,,,,,
000558.XSHE,4,1,-0.2362850906290791,0.7366812157709232,0.2638057359061031,0.5337859433547479,0.481746212852604,0.24499042230788753,0.3359222251086664,0.23406831736520478,0.8665392157465407,0.24280082060880506,0.19353505309678942,0.000739784752985986,0.011019044895440058,0.004933395810115521,0.0009009033146263783,0.0041121088943533715,0.008018174566250723,0.0013805230237897664,0.6211460247189868,0.022700079315636813,0.15102716827486273,0.0036288172503946454,0.004434961328473069,0.4545454565289256,0.004063685523007932,0.6943701534214499,0.0025829922029318615,0.016821922763859996,0.09122370812397608,0.32083746183645345,0.10882831380881319,0.9397590361445782,0.11442306552069895,0.46406268767342945,0.08241530483250177,0.038588368163115686,0.30744281280508473,0.181519441758182,0.1405784894074461,0.04646408238825591,0.5362964466200966,0.03899865918724152,0.040240771153849636,0.5370107373923724,0.10552882778490576,0.017425165196659532,0.12033251410302764,0.1370595635151106,0.02594659272212454,0.017425165196659532,0.7686581901593523,0.06393195862326909,0.0005434944106101282,0.009002695689616187,0.04471837619037316,0.014461912746082826,0.01784186103742494,0.012574143976358268,0.02928795481927489,0.5828226199016903,0.27889375484348716,0.06104582865672699,0.0405243953451311,0.12473669377311648,0.0211986301369863,0.9191266279416568,0.6986837158904962,0.7165861747550255,0.38557115485467913
000559.XSHE,4,1,-0.1565635299036715,0.5029303139284484,0.35911015222139053,0.43384142028011863,0.54719266702275,0.17587303791088443,0.3756963201152147,0.20996194289657233,0.9722276131756269,0.22147794662175616,0.4088938421096142,0.00783345889328375,0.013636470698869196,0.005988926098290055,0.0029655431294022924,0.0007302118890230295,0.011821853659419112,0.0013704519383501794,0.6233061421766614,0.028113262654299455,0.1521828381550186,0.004545704439467887,0.019382726190289107,0.4545454565289256,0.030651473906974414,0.7032190962357212,0.0028527367181232846,0.026046848150492897,0.09146365291561584,0.4205429754400351,0.14320978578446725,0.5542168674698794,0.12539281192066415,0.37640219320623464,0.08716745094819839,0.04470384139358145,0.2724228951665538,0.18958519966316045,0.14071497463974397,0.10314851899828435,0.553785626824449,0.06225694968030234,0.06668371810069941,0.523340081875387,0.11394193972770224,0.025626797810189214,0.12709579110673985,0.14470829160182228,0.02208634621027595,0.025626797810189214,0.7133844447794228,0.07094402434856265,0.00038515666837999805,0.009071249525334413,0.04953342806892937,0.018927305550280417,0.06639302707722027,0.013801409251434492,0.029471422489471894,0.557315962978035,0.2793545248608493,0.06012009216333756,0.05343077741060496,0.20149584219992905,0.014819644673087277,0.8978258013662639,0.7449554420414848,0.7103320984492214,0.6728414854811787
000560.XSHE,4,1,-0.1903854729203604,0.45594802249649613,0.4599158807170358,0.151033937252109,0.629707217542707,0.48267319931072433,0.727891460862511,0.5443571105184074,0.6763674555802515,0.5318347490317628,0.12002264186060796,0.002683407261223668,0.011396587150319663,0.005113210758452739,0.0006011057509254013,0.002274104559426558,0.004375085718923683,0.0012932474509747974,0.6178018688148187,0.023658940187542204,0.151085969972575,0.004217809170792349,0.02373048524827646,0.4545454565289256,0.016525083865015142,0.6794332636680311,0.01169379051172091,0.1631545627204486,0.09016764047338888,0.365625195990239,0.10019801232736833,0.14457831325301204,0.0817371608970803,0.6331533037196424,0.05529525601910176,0.055792302857199924,0.3113361557689804,0.17305269638847554,0.14033411584866515,0.1187382607548172,0.5175623541672069,0.07122785885613148,0.16922860070196047,0.48258614387868104,0.1245232126031839,0.06082697483667737,0.21954108745533463,0.23443926950259913,0.10983876453026421,0.06082697483667737,0.6764227129263816,0.06511227400097823,0.0005053897393764277,0.008971090065376806,0.04980280713566942,0.014419239253599175,0.05860276976252052,0.009743424199406228,0.029481525613779383,0.6215222605264996,0.28538288392196853,0.05409249028698586,0.07746591797223298,0.22227589679282567,0.02956556200275169,0.9118807785715302,0.7167003891911023,0.754184567205245,0.23969562794233734
000561.XSHE,4,1,-0.2568000806169517,0.7153590024323028,0.1431541661064713,0.30651559046802657,0.7187457840479659,0.18899780244572822,0.6922249553671496,0.3672690954736581,0.980764248875291,0.5759339645807914,0.28036740168386415,0.0031041668510275637,0.009904733757070754,0.004459494896413003,0.00025646597143993673,0.0008392662673583716,0.0013894125234534354,0.001140643816505304,0.6190354599283728,0.02171971478548791,0.15043272184367168,0.007249247564261568,0.036179513322052353,0.5454545434710744,0.046604342667972976,0.7300073354507527,0.0261822543751955,0.20652075608211992,0.09080487958045116,0.35067318960359606,0.1286531882851129,0.6827309236947791,0.11804582904561689,0.6975492224096318,0.11256823192676042,0.045874250555780906,0.3043351695166591,0.17914160372557988,0.13983107027819588,0.04347440676480029,0.5349835871203371,0.025861914756980922,0.03906577616302869,0.5216279879441608,0.08864081061646893,0.0030689324098555192,0.14997234261458614,0.1395122625307803,0.0632184951466207,0.0030689324098555192,0.7421255771071202,0.08881116111598565,0.00025101810027039885,0.009158439496301917,0.0797530894164368,0.016953541406212906,0.034716625706639,0.02034939613541216,0.02912019146620624,0.6366041539381023,0.2642715580314239,0.0375666512887771,0.05177379928202355,0.17309518607184476,0.042046718908895137,0.8601772095269204,0.7525153686258901,0.7259151389046585,0.4797249308031908
000562.XSHE,4,1,-0.3271792661828117,1.0000000000000002,0.23960169847693913,0.1798580336094902,0.5736941310604179,0.15891448484020185,0.7155024007895323,0.4227969946412975,0.4084632211595458,0.29651241257828553,0.7403680612432513,0.0,0.013684344003226122,0.009674920474912078,0.0029840589171838032,0.008062098247688082,0.0005520194054363373,0.0014908822115058439,0.6194366714067405,0.021962410772574447,0.15087355947492057,0.00835280765338877,0.2630360078054839,0.7272727282644629,0.47238306255911017,0.7564474702811659,0.04423107846625848,0.11522112688794428,0.09302181387417774,0.678648361356024,0.3451280788996236,0.004016064257028112,0.24142335934730963,0.015786896403753622,0.18395095913261453,0.05226443783025485,0.4498714949423307,0.3258570692960403,0.16321164050049783,0.3686306354918529,0.5318427242963106,0.25253661641493924,0.21440046866917054,0.5379171896559255,0.15680002005235544,0.014432135184994501,0.16402244768828284,0.17686545060207273,0.09208793929422404,0.014432135184994501,0.7341492000836667,0.07474128671978711,0.0010165370293848852,0.009082308382083954,0.05305644375124136,0.029247760156912796,0.06504798281099847,0.03229344616550119,0.02996043969994048,0.6137324122247689,0.29599917104153156,0.03747271020434826,0.06367061073352716,0.16834704489030755,0.03337979302506431,0.6683659158370141,0.5967338905842294,0.5496985844161675,0.741389953339899
000563.XSHE,4,1,-0.3426127030396511,0.9720813690865951,0.22902168194103173,0.25086672735543636,0.6380422435259276,0.0402715017199351,0.8047594010725143,0.46997325504122417,0.9164716409993863,0.40875019577436733,0.4652346698747153,0.0,0.013684344003226122,0.0054788400752515,0.0029840589171838032,0.0,0.0003108752432386305,0.0010336259127454192,0.6172180483310089,0.022159401055700884,0.15158817608642175,0.00405370383310591,0.08639395890998783,0.9090909021487603,0.18244721304315265,0.7133829783733286,0.027226156396973997,0.18843266708872206,0.0939591831095842,0.7812014423770351,0.30545123433461346,0.0,0.2700312668406788,0.01827945619490421,0.19487198067600825,0.054313920915442744,0.5182764507059904,0.39338636874574395,0.18601637302843832,0.33921445916725296,0.5318427242963106,0.10842837238927602,0.1605999088381576,0.5212938395612414,0.12927137364378974,0.006008933037124396,0.13643148729417728,0.15300413354035086,0.03820962811164947,0.006008933037124396,0.6950163418741098,0.05154571217781109,1.0,0.009081179932908728,0.05305644375124136,0.237101827134383,0.045713386224793505,0.03229344616550119,0.02996043969994048,0.7955719565378896,0.29599917104153156,0.038422472280392604,0.06548035419291354,0.17079248366013072,0.04017556977926662,0.671486877050461,0.4986096369023927,0.5091824151798328,0.8742056738675004
000564.XSHE,4,1,-0.2220715235004782,0.5762029681427762,0.5570638072179975,0.6382812387946084,0.656093497800391,0.34889084612709076,0.3040109281602731,0.18986538841020031,0.8332791798647452,0.061939529406760147,0.17768710593020687,0.003961191903711499,0.011496650899906329,0.005145369560752804,0.0012045490550323824,0.009028892458876083,0.005009003530986909,0.0011941555938834733,0.618029099015182,0.02285912475788517,0.15114293512896315,0.00383533796050173,0.003361530031360273,0.4545454565289256,0.004445060101672056,0.7019736425827298,0.002334165528233988,0.030297549063941394,0.09126529077054905,0.3319541892536816,0.09590906456663414,0.9477911646586344,0.11508648120893178,0.4790190730100328,0.07790386850791337,0.03456686162960572,0.3064258702529405,0.1815025392374528,0.1401391369453825,0.17707731249795197,0.6920309935958711,0.28222707749561105,0.09737607971900496,0.5398437118597905,0.11099187618506026,0.04696384167283485,0.13230844836767258,0.14757675679517757,0.04781398929161309,0.04696384167283485,0.7571914178576896,0.06889115674472417,0.00041826278894170057,0.00909309883462005,0.051898739854751644,0.02445555209336879,0.05122950289639311,0.00947126255034976,0.02952281670278206,0.5922599609909929,0.27309938207762313,0.05119993851010837,0.028783771497700165,0.17231888394892841,0.011326643536519711,0.9194843490363722,0.7049914864446509,0.7158837959087752,0.3430743207063335
000565.XSHE,4,1,-0.2937900188183216,0.49656275205749517,0.29726585864445776,0.4015240306456448,0.5323023632735931,0.10305021834534792,0.4710475844813164,0.40981129752351253,0.591019540035074,0.33623324316433245,0.09535918655546916,0.0010984730636883367,0.010774298663961067,0.004807054023229372,0.00013110200682664035,0.0011571912803756534,0.00040886792439258514,0.001130815801976886,0.617809146572235,0.022161996540826144,0.15088453903052393,0.003639769037588891,0.010437317354463294,0.5454545434710744,0.011482912413836999,0.6982170508982678,0.004347596378799041,0.06810165506014289,0.09091168593104595,0.2798393793489637,0.07648840571516397,0.4377510040160642,0.08786667386959104,0.8063985282810062,0.07403908863927128,0.04570889218348874,0.30772836852631236,0.17941038972789564,0.1385949040313838,0.12869976685956688,0.5468475189302449,0.04059704731193146,0.09368452478581332,0.5167245220188649,0.1101065786173309,0.013614782972027346,0.14448431523631322,0.15410474697085338,0.10954347409462599,0.013614782972027346,0.6832282241752233,0.07286694981241512,0.0003599272515524348,0.009148542810605287,0.06346977123622564,0.01652943007125306,0.047291326487817115,0.016359918480402857,0.02973733612189554,0.5915713710701309,0.2854852772591601,0.03493461092774824,0.054436781438579364,0.13667833573998076,0.020098402823473114,0.916814311684254,0.7427662420945556,0.7583117030574604,0.40309637775070795
000566.XSHE,4,1,-0.1854176947991878,0.6197539928652716,0.17821706501406387,0.31716351243839414,0.5573898586449272,0.1328356115152133,0.571362220700279,0.36830210278734254,0.9984381846937709,0.3512671677201422,0.35386851909492184,0.0011251206594002504,0.011457803609212691,0.005102517512023161,0.00036574216831495687,0.002414400396349157,0.0011826853896568135,0.0011581799311172934,0.6191284689917957,0.024018714253910375,0.15124801446640967,0.003722088861471584,0.05277996172468071,0.6363636304132232,0.09035267453422718,0.7167748517349931,0.012885754146289686,0.10721714750836574,0.091994394796876,0.618974454958421,0.15208335199494075,0.14457831325301204,0.17875923478590844,0.21021990577959732,0.1305260654388402,0.03892603885835907,0.3317016238909996,0.22831532564488263,0.14392692710648705,0.1517213882857822,0.5019026235479038,0.06208396978797613,0.08275312058539498,0.5275866128025201,0.11489634133286544,0.014267195795719109,0.1266260708722055,0.14525215568823613,0.012158596941013747,0.014267195795719109,0.7332120400524904,0.07307312071492289,0.00035748968989577886,0.009077778958171438,0.05078006478817201,0.022149191712651416,0.033208199247902206,0.01710211617735727,0.029638263661718622,0.6813414308255429,0.28816366114969033,0.038688654936245674,0.041496630194717034,0.15490488992754725,0.029393431835855716,0.7864662481714506,0.6253759232232103,0.6234536443164083,0.6206279447799437
000567.XSHE,4,1,-0.3197104709645544,0.44010148093369206,0.08712750539640118,0.2625278602002729,0.31658989141128546,0.02746942839726052,0.5856826433419886,0.6131264851312358,0.5601709434734387,0.6048650655384906,0.08717929489487486,8.021020351251831e-05,0.010515964768538052,0.004716508415889284,1.3136638315617388e-05,0.00020154485489708645,0.0002124110331674946,0.0011133486242751527,0.6175208096753111,0.02216203252998924,0.15080625542338355,0.003264919343441151,0.01741257230074326,0.4545454565289256,0.007151337751433981,0.6987717160576753,0.003132693249350855,0.0579271050013566,0.09135204735436683,0.3846219313073598,0.06291522875075498,0.2329317269076305,0.10547321236812388,0.8267558020283359,0.07689615138302724,0.057343553871894354,0.3078590461713955,0.18096175570837855,0.1395684986884419,0.10337282719549296,0.5318427242963106,0.022142919936285983,0.03574016996999763,0.522196839132144,0.09992391593258858,1.8003803344374235e-05,0.0976020382631691,0.1154127498814123,0.0004222600215185615,1.8003803344374235e-05,0.7130981552437142,0.19882550825730727,0.00014220674380967382,0.009148288936957022,0.13664035493660223,0.051265438782342465,0.0074699857406633485,0.166712559939816,0.029368342561085104,0.7435457169374271,0.0,0.034988016458620985,0.06944388265560983,0.1682267916856665,0.045763145301190404,0.8385000213034897,0.6589602405908632,0.711145379218564,0.3076315135068539
000568.XSHE,4,1,-0.1681074560225444,0.2068596702712911,0.22146851984573537,0.5682944324930105,0.7068250151084674,0.05304049241413519,0.5481744760171712,0.0,0.5157081649087281,0.4873789824373473,0.6892147132339687,0.006261857176757573,0.037828691215912355,0.01619581376108281,0.004390658020425903,0.00048001503399534406,0.01084244234195242,0.0009212591248993821,0.6385155313697077,0.030568007225421114,0.16670156016421236,0.014312893123149864,0.13996679655672833,0.2727272717355372,0.11275095634913136,0.7011849344253174,0.0017978040503735756,0.026589490820294832,0.0911548833975058,0.2418633527940403,0.114305250124354,0.9999999999999998,0.08655960661491979,0.6971334535812068,0.05200015706080842,0.01652131668769064,0.28522036512965815,0.17497352747931239,0.13754591753172304,0.08186741968522619,0.652777685640233,0.19934464374576227,0.21492532740318282,0.528341347327391,0.2933730968756794,0.045130890821438056,0.2749437981592783,0.27745794605470875,0.264447164085261,0.045130890821438056,0.6516545782370875,0.06508241244796537,0.0005062718486646529,0.00907619265911219,0.04533364747699196,0.028558643198394646,0.051827922064725335,0.028546831852197873,0.029432398031027075,0.8140430207918674,0.48388638388585836,0.03716303450015169,0.004749558660753134,0.13779156850078533,0.01812361667763355,0.9381728352104075,0.7600531820795196,0.7883027516879537,0.3611281453789606
000569.XSHE,4,1,-0.04005867553473946,0.5832710543596483,0.33323445031838866,0.36979524077594106,0.5086859991960199,0.19531619973499242,0.5201466800399461,0.3337110635790617,0.8075837911617676,0.3255274155849768,0.29448349460704565,0.004585277962534866,0.013684344003226122,0.008150090726543492,0.0029840589171838032,0.008062098247688082,0.00966583515757642,0.003724127055187232,0.6194366714067405,0.02795801905504902,0.1535011777904567,0.007249247564261568,0.03212743887797873,0.512508658030105,0.03385548310334353,0.6973754749785577,0.011416551503228026,0.07601564141075765,0.09146680527188153,0.4259820692575249,0.13112622332231372,0.5511172547939428,0.12284974011172788,0.494504656209718,0.08633157970599001,0.045919982486072305,0.31147779666162767,0.18463137997985954,0.14208910423830812,0.20470555979997465,0.5318427242963106,0.077915971133906,0.12469801664167228,0.521515575256219,0.11601091851739048,0.03148564188991912,0.14997234261458614,0.16450473416111355,0.0632184951466207,0.03151351181947201,0.7073590212283098,0.07474128671978711,0.0010165370293848852,0.009470773081934954,0.05305644375124136,0.029247760156912796,0.06504798281099847,0.03229344616550119,0.02996043969994048,0.6137324122247689,0.29599917104153156,0.04246130980234155,0.05485061095598209,0.16042323302325237,0.02380545148233199,0.8768056165474607,0.6953581940533766,0.7048157031587168,0.46648362214367545
000570.XSHE,4,1,-0.3146148885524909,0.44304660086525893,0.2801360560061231,0.37620048755239804,0.5701719147171936,0.1279715612325105,0.4413350950309934,0.5104651995813004,0.9982976783968935,0.4007241234625669,0.3194670760151228,0.001870006935724815,0.010875868954038654,0.0048790940894473415,0.001022099826735858,0.000460585252338987,0.003258928565307404,0.0011488578551474462,0.6188090227615767,0.022231748870635535,0.1510503734050912,0.004305081829487617,0.02062548030094501,0.7272727282644629,0.011887316116021169,0.7013839910391378,0.0030276133321656714,0.03730668354888306,0.09131862789400913,0.5101386846744242,0.22250222387337806,0.020080321285140562,0.14699433823790994,0.1329454193054299,0.11944752104893863,0.07718671836613884,0.31252554647382214,0.18476373607395424,0.14386193413872617,0.11607329258266896,0.5486518400939843,0.06403527623974357,0.09172634622819661,0.527864153085005,0.10646234151981188,0.029669142673819714,0.14652329366241315,0.1538457281359887,0.13270468809351324,0.029669142673819714,0.7451053253359229,0.07069957900559232,0.0003887266940674354,0.009101017992643961,0.046369345348184966,0.020448580754599703,0.0815441727201412,0.013645089160934702,0.02985783123759138,0.5252083788419936,0.2734394603287138,0.029343068907841045,0.13585198214562927,0.1556710587981963,0.021637105940061015,0.8588022468080272,0.6358520189288401,0.6338546603892656,0.49903893003957167
000571.XSHE,4,1,-0.2082404937165577,0.37764269996389693,0.37419043394582524,0.35565047447556775,0.628463600504535,0.03224363132284952,0.467389327310747,0.2636924313250765,0.968699587877468,0.07582858479785448,0.26530460123988125,0.0020182827689377444,0.011128053067902892,0.004866767706789424,0.0004169826199495499,0.001311051863887622,0.0010293543006036701,0.0011290380749339405,0.6175747230357501,0.023622563141243176,0.1509858983958558,0.004143853343901484,0.02131052268563821,0.363636358677686,0.016881869956126703,0.7005706569130785,0.0035634679396952377,0.0445419191462422,0.091250801647869,0.42123550624114053,0.10554085171340219,0.9638554216867469,0.10815652130374687,0.6946408937900562,0.07579544808833528,0.0362397108287852,0.29354397620508493,0.1801348886254775,0.13635264664363314,0.08990411025850915,0.5356606473041123,0.029091152060291434,0.06912139960279091,0.5200961165397788,0.10726095442597434,0.005386410618757782,0.13368114140607362,0.1526019793376927,0.014095744610353136,0.005386410618757782,0.6947931528891289,0.06422530091692506,0.0005333621465288886,0.009047446540435884,0.06114575016925236,0.017634593212603796,0.07596584003899054,0.01107640895510699,0.029214298861248898,0.6786236628770197,0.3021031708257634,0.03886243212996337,0.02967422226262978,0.12489558000202665,0.007499551354908177,0.9158299129397396,0.7002509840343198,0.7157002796312775,0.4116810408217072
000572.XSHE,4,1,-0.1832878422014061,0.5901574790024402,0.945584161099119,0.29299306777481215,0.538724903853307,0.058356671952656064,0.3260953330341928,0.27344187300093026,0.9998700316753883,0.19283591497688407,0.3427937941786204,0.006526239563197655,0.012138422679435979,0.005083760396685977,0.0026756229330314263,0.0013448556098364466,0.008587932326416057,0.001155414730461987,0.6233101443713807,0.047031748400590406,0.15131134240169003,0.004974611000784194,0.012622677061780213,0.5454545434710744,0.016226538434572176,0.699141309447284,0.010490313138973023,0.02175092701456091,0.09168633565693832,0.5760266697969544,0.15542906122025207,0.3614457831325301,0.1435534046335007,0.28292504149988856,0.0944544947103449,0.04044148674343935,0.30788775096250204,0.18294198617420906,0.14209932485305088,0.22653582075504589,0.5318427242963106,0.07714917770612706,0.11397300408031885,0.5284464938628789,0.10525519668453798,0.028199398096028234,0.1320532008155287,0.15101913304240974,0.012576085662854132,0.028199398096028234,0.7388233149523766,0.07103160141836486,0.0003838994387456073,0.008884052528262906,0.047571261448610326,0.021828556904133108,0.07238317708662427,0.015439767807551661,0.029636071949839055,0.5461288716550442,0.27806760023694527,0.024997720941516838,0.043465488744947246,0.14455678104575165,0.015633187772925765,0.8866290423371348,0.6701301357746234,0.669624491369454,0.6486716623712231
000573.XSHE,4,1,-0.1003265326775967,0.5041083226798748,0.3827924934179254,0.29443337837476513,0.8040382864866356,0.11339007636844575,0.22292622456010386,0.39000258526661874,0.9185414743852631,0.15037811039547386,0.22349711939696393,0.0008750741706698845,0.010869160981654661,0.004880389121988483,0.000254686991969894,0.0021449358619905446,0.0013158002062144691,0.0011843020994337901,0.6187611654320984,0.02176680100708576,0.1509088126313209,0.003731872138540071,0.005158159017275411,0.5454545434710744,0.003404519800479922,0.6996670436477266,0.0012420324522734246,0.013746947634982363,0.09130112968680032,0.37619259937926086,0.1171209919189789,0.4216867469879518,0.12243873451645756,0.3685087450043578,0.0795331674825516,0.043178358800907854,0.30654438965706654,0.1813916795697406,0.14129991134959197,0.11276615564492995,0.5301254591716426,0.016229944050768653,0.06669887330398312,0.5189727468530714,0.10197823797237265,0.005123534631062482,0.12388862049348608,0.13444452702313847,0.08685647426930858,0.005123534631062482,0.6981479988361454,0.0595936722660217,0.0007795223147861428,0.00908118075539355,0.05143939709746033,0.013847307369017169,0.03005125638464662,0.015550846610598242,0.029475289655429688,0.6646284331086454,0.2971577283707216,0.047821366339841825,0.049729073468991414,0.13794515060546184,0.013980678351378836,0.8993765178736277,0.6936640352041046,0.7070010799734892,0.6533328633492922
000576.XSHE,4,1,-0.2720586755347395,0.49632271831157443,0.03632966374518182,0.2782984998564824,0.4932722809146829,0.232865910141073,0.43097103432617345,0.3884327366210621,0.8747439053198318,0.2586364049445354,0.19777159277719225,0.00029678792006151614,0.013684344003226122,0.0047407931101544854,5.280973570688454e-05,0.0021817105765663024,0.0006055777078832207,0.0011568204082263618,0.6162980102488623,0.02416069243537948,0.15076876373289647,0.0029712341077598736,0.011734106658657088,0.4545454565289256,0.009539755631268491,0.702219169506758,0.002082654959002309,0.048883060504657676,0.0912616636583524,0.4859960788982057,0.12207005229263626,0.321285140562249,0.10660833176318364,0.6967176847527818,0.06807891782515586,0.04774335408144733,0.307761488477003,0.18065382836622457,0.139563299251021,0.08327405590684558,0.5317915740181772,0.01828679446800978,0.016919109706484893,0.519079218258995,0.09683216300336939,0.006120392946920021,0.08610506514464154,0.10154561321122953,0.015187577020042375,0.006120392946920021,0.6848419623336454,0.058770658252935724,0.0008562623228365528,0.008274897513977227,0.04607899112394655,0.013935674159475157,0.07831859363551007,0.0027307410303817644,0.025805680165825608,0.510276733311674,0.26417811924463314,0.03126364489782586,0.06258026622399768,0.14077090299944267,0.015454926123108214,0.8897828464302453,0.6680432090575388,0.7109064119795203,0.37905557589873345
000578.XSHE,4,1,-0.04005867553473946,0.5832710543596483,0.33323445031838866,0.36979524077594106,0.5086859991960199,0.19531619973499242,0.5201466800399461,0.3337110635790617,0.8075837911617676,0.3255274155849768,0.29448349460704565,0.004585277962534866,0.013684344003226122,0.008150090726543492,0.0029840589171838032,0.008062098247688082,0.00966583515757642,0.003724127055187232,0.6194366714067405,0.02795801905504902,0.1535011777904567,0.007249247564261568,0.03212743887797873,0.512508658030105,0.03385548310334353,0.6973754749785577,0.011416551503228026,0.07601564141075765,0.09146680527188153,0.4259820692575249,0.13112622332231372,0.5511172547939428,0.12284974011172788,0.494504656209718,0.08633157970599001,0.045919982486072305,0.31147779666162767,0.18463137997985954,0.14208910423830812,0.20470555979997465,0.5318427242963106,0.077915971133906,0.12469801664167228,0.521515575256219,0.11601091851739048,0.03148564188991912,0.14997234261458614,0.16450473416111355,0.0632184951466207,0.03151351181947201,0.7073590212283098,0.07474128671978711,0.0010165370293848852,0.009470773081934954,0.05305644375124136,0.029247760156912796,0.06504798281099847,0.03229344616550119,0.02996043969994048,0.6137324122247689,0.29599917104153156,0.04246130980234155,0.05485061095598209,0.16042323302325237,0.02380545148233199,0.8768056165474607,0.6953581940533766,0.7048157031587168,0.46648362214367545
000581.XSHE,4,1,-0.2477290141720303,0.6206803976166846,0.2551376174954557,0.3814641552305639,0.6155080164734538,0.09278050272579164,0.5841252064877873,0.5241176426399329,0.640397404497431,0.39630436001600994,0.6289083975914336,0.0054939137355500866,0.015480863324227994,0.005921010021215298,0.0019391759245236588,0.0027679247949078346,0.005047151254947049,0.0011118214474257527,0.6278311123908538,0.03008635172613666,0.1526586637322397,0.00905525503332031,0.08337873488903863,0.4545454565289256,0.09658291112533439,0.7000837740112548,0.008851080025000404,0.043275752916704345,0.09048922089237953,0.30677857697169586,0.09632533333311113,0.2329317269076305,0.09146835566459494,0.7012880620963577,0.06281968691583947,0.060108517783317994,0.2980094792132473,0.1778331768775986,0.13636174565911968,0.48028322090146613,0.5004470848719466,0.1520295062600833,0.36253239493339584,0.5282644245469424,0.17664367086216948,0.040122621449514444,0.2861116486415377,0.30339093863400224,0.13191212220252735,0.040122621449514444,0.7077194175585463,0.07320863247560597,0.00035591282560857695,0.0090940605935381,0.05149097751621418,0.02640805980517029,0.041478679169359454,0.025521132492895088,0.029295952047643403,0.5923924674250396,0.31458542475617834,0.030019774590147284,0.08358587029955405,0.1539678015909206,0.02578722258778489,0.9287282881936061,0.74930620052187,0.7701742480453535,0.29057914782202726
000582.XSHE,4,1,-0.2541578922449223,0.34500262095671097,0.17223830762080888,0.40403315299643566,0.8517790377222699,0.24833357557771668,0.5085000254808105,0.5277910664838598,0.7111796469603658,0.39376461056852874,0.13114299383040928,0.0006961531099109089,0.010825801315662993,0.004862169196860316,0.0009485302690020267,0.001377318276137824,0.0017169294527799841,0.0011867348987754666,0.6171206241819724,0.02218179511249805,0.15094955875600455,0.0035095979016731213,0.028398619572224972,0.363636358677686,0.029192030561343344,0.7091363544566132,0.006755303072022279,0.13466582255584697,0.09112574462966727,0.22390316563357326,0.2053118066084463,0.08835341365461848,0.09556545811257905,0.4283342863507713,0.07061208785092582,0.058910958126375965,0.2730224613078954,0.17921833117748123,0.1402652233028386,0.13671174005433476,0.5434835269126397,0.04254762512051303,0.08408598227708797,0.524223328832521,0.1146589158742766,0.07386021450181399,0.13261318961575272,0.1469384753542614,0.056961631063493535,0.07386021450181399,0.7219392435178791,0.0636184866690777,0.0005548659924321714,0.009102498739484436,0.04286464717674379,0.014969796912083975,0.1849823300990246,0.008204975931361241,0.028717221603710267,0.4983894092430723,0.29599917104153156,0.04877286716282162,0.08704457222305717,0.19230102409180727,0.01848492552491476,0.9351974478419565,0.8029498916456594,0.7362699458428941,0.6348761797045425
000583.XSHE,4,0,-0.04005867553473946,,,,,,,,,,,,,,,,,,,,,,,,,,,,,,,,,,,,,,,,,,,,,,,,,,,,,,,,,,,,,,,,,,,,
000584.XSHE,4,1,-0.01047287671817139,0.48408570381365384,0.37751413015516433,0.3126683409495319,0.5778955806374226,0.09538264127367033,0.38759710156816785,0.5687218284266098,0.9650530103913189,0.36735624360712094,0.26138519216895195,0.0007449917819376956,0.013343090677626446,0.005932796914529766,0.0003220918112106407,0.0006703757674147618,0.00364697244177678,0.001189567911388223,0.6185626304083552,0.02294011530369091,0.1525196690459825,0.003974910024715811,0.019771264908587403,0.4545454565289256,0.01657462346298159,0.7003148177276854,0.006580305777465436,0.03771366555123451,0.09084560279991902,0.30481092913786173,0.13358513136445355,0.09236947791164658,0.08199343567634801,0.3174071629269714,0.04852854348169541,0.0617149239726094,0.30940626618048955,0.17620542078403606,0.14183415354458645,0.2155297437419744,0.5044275273211273,0.032964145618320596,0.12139842222253582,0.520794483849749,0.1693752142094611,0.040273035042909716,0.14268152824525088,0.1619907482731868,0.016449850857124224,0.040273035042909716,0.6782456177251784,0.0630748891398177,0.0005760509242760631,0.009077295611257948,0.043157112108655,0.014402084188364844,0.04822937024280779,0.0122932294193315,0.04478692938553054,0.5838399810166515,0.2969918745241679,0.03569644208502082,0.08975181715494879,0.16483318133454933,0.0230027815995693,0.9172457073468634,0.7550528503825573,0.7491213663116927,0.21867656148805226
000585.XSHE,4,1,-0.3030344540814524,0.773954495171184,0.0605030007061107,0.28387009722893375,0.37367473872590684,0.13791261992000872,0.5143577116326322,0.4903862344354949,0.8956464123912504,0.5129779553228391,0.20930529874652093,0.00036414877697891373,0.013684344003226122,0.00472370977987848,7.721302380637871e-05,0.00024783523846603014,0.0005119360586971277,0.0011242451289140512,0.6176526570971619,0.02216364354488731,0.15081031384902555,0.0015507412416868257,0.019652643464722327,0.4545454565289256,0.042112984885300284,0.7847234711196533,0.07709115438656416,0.12978203852762957,0.08611943374838846,0.590459388013703,0.1469858313299273,0.048192771084337345,0.14740411436311432,0.6003322044268601,0.1159063647108743,0.05544701290340385,0.3006071885486304,0.1877374327686958,0.13896666380697606,0.12265544191734074,0.5302107450335685,0.015298592330585996,0.01036953602070596,0.5218354706839093,0.09938413855202846,0.0007077949778431488,0.06829080647549832,0.08066355778846604,0.032331917052545525,0.0007077949778431488,0.6804950355057451,0.07282605098707391,0.00036041643154282417,0.009151499643538915,0.056809828932419884,0.017111834898281494,0.038848563184306815,0.0213404209133592,0.0297804456915441,0.6286643018795954,0.2866382729553307,0.03419489598149583,0.07462790509252816,0.18278067525459796,0.03136373153077705,0.8251844527133545,0.6895427004555312,0.6510563408174528,0.6820497603455916
000586.XSHE,4,1,-0.1894435612992387,0.5291712579984285,0.13070480864609868,0.3299610988645557,0.36827714989522287,0.13235401521873222,0.30933496741978,0.24859729589539917,0.33513430206570605,0.15180721493801924,0.03559587802488173,0.0002910036381485378,0.010693401327055466,0.004733332757194434,0.0001485933463893994,0.0002915173837266568,0.0007282882152999201,0.0011235568968033316,0.6176214663085795,0.025113415422165317,0.1508109719610984,0.0033004601530043204,0.0039304336960120445,0.5454545434710744,0.004178765302698485,0.701725260180023,0.001968237672510494,0.031111513068644295,0.09141625086884737,0.6293831981825381,0.13362292398383954,0.4337349397590361,0.1403806042814358,0.35604491945890504,0.08349428831929663,0.04101959632134206,0.3118578233657767,0.18159954414976207,0.14122321964763412,0.06562777995027701,0.5414683280372672,0.03227590569710441,0.030128763768653182,0.5155308137562984,0.10702544368882573,0.008422506546377256,0.10450465986018709,0.12033818854128289,0.02380321887780622,0.008422506546377256,0.6201837628260634,0.07102717352888865,0.00038396274802466647,0.00878713146520952,0.046677640587642115,0.017731355490667098,0.06062541361868264,0.015582366859076772,0.029342028396952432,0.5818008234249199,0.27720796339847,0.034233440913560384,0.044616733225758494,0.09790067512793231,0.011701860381647425,0.8731581358026446,0.6248037459643538,0.6646233427423933,0.44361367733024193
000587.XSHE,4,1,-0.02392964327667493,0.35582198516928754,0.15030059992949468,0.3230975779443718,0.6701863753804282,0.16837738203963984,0.6040766810809333,0.37424290256366477,0.9992869305433467,0.52493285664289,0.3252802336827944,0.0005102010042864202,0.011324703711253808,0.0050561930189897035,0.002089962768165449,0.0039548395550787485,0.0009609208208265092,0.0011822046351285616,0.6197555622186246,0.022808501601314084,0.15118238361701467,0.003520851418796612,0.02253405332235112,0.2727272717355372,0.017597866482211347,0.6985456497512298,0.002971553739349699,0.04684815049290043,0.09102785327846029,0.20061831429668714,0.01813197677647497,0.9999999999999998,0.04573878946071616,0.9941843693505485,0.031577888719685185,0.021249128367960488,0.26061271677022024,0.17158455790603364,0.11743319372843856,0.09805537030940442,0.5259531360973391,0.015692168947435206,0.05477969029243886,0.5341032891474322,0.11046863503512033,0.05666093566052405,0.11742862289873351,0.13584664430296498,0.007962238874058098,0.05666093566052405,0.7939182754385781,0.052544976497958744,0.005509401274196543,0.009064470057111624,0.04006558496416281,0.013615242813028915,0.1762614192012185,0.01730400028822984,0.02996043969994048,0.49670009081403305,0.2752687192442827,0.060384609197126286,0.01727272858466116,0.1778966059938187,0.026084375186935453,0.8993605402564939,0.792664521692982,0.837931362271694,0.1978199413193732
000589.XSHE,4,1,-0.2170831576439673,0.519118472145986,0.6491685995610891,0.8086612707845904,0.49705412049493913,0.23159593492231184,0.47649384876662526,0.32023446590975096,0.896948291048256,0.17358331867039714,0.21006379204182873,0.00366251659956865,0.012261369400909147,0.005473598209982456,0.0015769006526944113,0.010863748800522143,0.00326698425222043,0.0013647071398156445,0.6186096489554945,0.022278705931125832,0.15129021850174462,0.004508738237881517,0.02271106867025086,0.6363636304132232,0.02566656892114578,0.7074991594963089,0.00910671792089246,0.09184227186397757,0.09162651672442708,0.7088856710882867,0.18194818723957681,0.2730923694779116,0.15637504924560344,0.24304100507237963,0.11429911097965659,0.0445939184848351,0.32049311839897165,0.18824523732936646,0.1432406013669321,0.18494243064903407,0.5254603174986083,0.06909825341678096,0.12955947173573806,0.5362189867904796,0.11570731289559667,0.06051827098592367,0.16037920524453578,0.17504918828327026,0.07231752893329378,0.06051827098592367,0.7471677785217411,0.06516294720590765,0.0005039017139637429,0.009092318022362749,0.04578190901900111,0.015473933092547038,0.07555619357372823,0.010160453810210277,0.029971649055814478,0.5599805065848491,0.2740584922912028,0.07398783397144262,0.05387600279306977,0.2209599989866748,0.012637285398097744,0.8553803738052292,0.6385083587634339,0.6416296773546195,0.6971704438558161
000590.XSHE,4,1,-0.1424620193173936,0.7609026602367431,0.16051750403075965,0.38003765631327585,0.6423107303972335,0.05837203820085457,0.5224556374946605,0.24761265926827247,0.8172004295980028,0.3089423930298524,0.17065466690218056,0.000790554996565021,0.010861171093587573,0.004877764289442928,0.0001369508282929019,0.00022111833501683238,0.0006918678409954819,0.0011153268262213923,0.6177142824207973,0.02216267047122843,0.1510263566049677,0.0035148783982080372,0.015275412051819126,0.4545454565289256,0.014869533046984875,0.6967417552631766,0.002979569854906672,0.051958035633535314,0.0912160149053908,0.3383390512247239,0.08548969856355132,0.9437751004016063,0.10024428454537906,0.6589114658776982,0.06474467017871059,0.03243530836622534,0.3046460394337271,0.18100759286635293,0.13851041317329463,0.0962889231282282,0.5318427242963106,0.04238958241349721,0.06265391660146542,0.5270728039590019,0.1149624862553462,0.008832297661136137,0.12548821184680164,0.1396373976687634,0.05385259917875329,0.008832297661136137,0.7399567878080389,0.07845912178881889,0.0003070395033616948,0.009095002338658825,0.06348481002839429,0.02114831894603049,0.05323283992850747,0.01847370174619634,0.029375699575293644,0.7431254664060153,0.38268030327894226,0.031709885361327045,0.03135546554564539,0.1359418541318336,0.027077675420230905,0.9149467057704053,0.724224381937995,0.7510581891828376,0.3280004148654939
000591.XSHE,4,1,-0.07054648041278813,0.4917332495568495,0.1583356535123982,0.49531739689446086,0.5253478708972047,0.2084046508029136,0.39321655250020615,0.3379614064216851,0.7466043579784305,0.18508673046171809,0.14326714097720494,0.0024236527008936284,0.010718307364700766,0.004810808075708347,0.0011744670241179917,0.0023706013445956298,0.005230632003565815,0.0012342962397438267,0.6161851894987592,0.020923115920605948,0.15085279227950654,0.00352571861361218,0.010818754337849434,0.4545454565289256,0.007708012879881239,0.7015421609755678,0.00198156775139759,0.0361761779867957,0.09120258118552922,0.30965294538055443,0.09466575363320143,0.8795180722891565,0.09602266813009007,0.6335690725480675,0.06266995041555887,0.035299060511156194,0.3077718817898153,0.17959557033143822,0.14001175072857117,0.04700271190703753,0.5312822711750672,0.0778399314463345,0.04399684552131071,0.5327819115519709,0.1017488195307157,0.08764394680113434,0.12372904509092365,0.13726430215387003,0.05849427854900535,0.08764394680113434,0.7523139789921908,0.07153522326464508,0.00037688332943900467,0.009410692575307019,0.045255419373869114,0.015474018760787907,0.10970719399977162,0.006995451187076225,0.029671564333141724,0.5432758251713437,0.26973227646278913,0.035416910077695984,0.034187726532328,0.10318833282667073,0.01597879404199318,0.9199716663589497,0.7134193534120565,0.7453969100611808,0.2451572709427854
000592.XSHE,4,1,-0.2973200863231212,0.5643913075622593,0.18379523422869304,0.2904986424709596,0.6048487523289608,0.06419729250322326,0.5622405048763642,0.2921703065913672,0.982387535686404,0.2890925157151226,0.28274046021885624,0.0006859344288452957,0.010554295793841423,0.004702175211120656,0.0002609627971671754,0.001190823390405513,0.0006324910126529724,0.0011355512457622697,0.6197365131211848,0.02199051590967548,0.15073798089857549,0.002902937952282821,0.023536589345660632,0.363636358677686,0.018421579572183173,0.6821732413140733,0.013121574681381427,0.043954056253956764,0.09049151247869582,0.3354812730130399,0.07140753780063952,0.7710843373493975,0.10563791338307742,0.8209391447891846,0.07635617751292843,0.047497882710598856,0.3064258702529405,0.1792422797786792,0.13907975157088,0.0930262291642362,0.5201868670025029,0.02151399157039985,0.03499111306566865,0.5183670000308334,0.09794374583221714,0.0031508701739398587,0.10024454741186735,0.11726297226111479,0.009708799628474797,0.0031508701739398587,0.6686555025433029,0.05990219242070919,0.0007546479446308972,0.009110358130277978,0.04995398657273313,0.01815613075449369,0.028333133798692452,0.033646588988830044,0.029577514148726128,0.5467975024477654,0.27810711705719215,0.039446317975864564,0.05641636036290115,0.16252810394183514,0.025769127235748042,0.8986983567908424,0.7023185617619747,0.7333350056639198,0.5140988427460791
000593.XSHE,4,1,-0.2418130614996517,0.5854672117629087,0.1570494097570322,0.31460693456254946,0.6362835593961294,0.10294482396064503,0.5002425856020577,0.34526373109122993,0.6182645891639788,0.22820620406553266,0.10288313285287898,0.0005013588916554937,0.010592142773910646,0.004763221786705337,0.0001722719263548828,0.0005244657753291557,0.0004919626110586937,0.0011276394240376673,0.6170180303805731,0.02215550884437362,0.15083830927902178,0.003465395932272626,0.009011349467069293,0.4545454565289256,0.011543229797633302,0.6995767636806933,0.002261196560458747,0.05268155919327123,0.09127506127124417,0.4548530933608864,0.12726533756025163,0.5301204819277108,0.11986149303446465,0.4914828985554855,0.08858704489634957,0.04053768517970452,0.30428498516427205,0.18260111024509815,0.14025092484993124,0.05358912841129009,0.5239158242112137,0.0183325168279233,0.04323156266563992,0.5204684051322108,0.1008008583522151,0.010809708575504094,0.12086642473751308,0.14013321455790387,0.002218919422556107,0.010809708575504094,0.6994742789301419,0.06245971284254626,0.0006025694827323395,0.008985392528101106,0.05147778559325923,0.014866341802702658,0.17879273782589272,0.004507014120797485,0.029312218935937863,0.6217240694888135,0.2777195407561495,0.04121333173650281,0.04373943553519508,0.2025269006181284,0.01852171442244422,0.8957069918052578,0.7286746495068779,0.7106370787377247,0.6386970327162411
000594.XSHE,4,0,-0.2050586755347395,,,,,,,,,,,,,,,,,,,,,,,,,,,,,,,,,,,,,,,,,,,,,,,,,,,,,,,,,,,,,,,,,,,,
000595.XSHE,4,1,-0.2994246697710508,0.40917458395621503,0.09740051724995785,0.31045298246465225,0.5398292638686537,0.19396688555435276,0.31238872861528166,0.35433525026608464,0.594187517947484,0.31935062850822826,0.09621932427689028,0.0004575226466286987,0.013684344003226122,0.004715641406965388,0.00013658314271863928,0.001723946396731585,0.0008440912933567271,0.0011539091489490153,0.6172680551945096,0.022346189610728158,0.15071925349512452,0.0031105271786704422,0.00579408441486279,0.7272727282644629,0.003803211978273862,0.6979068519976956,0.0025038072680669344,0.02378583702631817,0.09143917015812568,0.49036426383856546,0.07306403859571775,0.4337349397590361,0.10827510603451342,0.885335063479174,0.08419837811854466,0.04646451547235195,0.3069765269917567,0.18195693320686188,0.13553373524984597,0.11647851266757597,0.5318427242963106,0.014091558461028355,0.02906520894110869,0.52278837370789,0.0916375237360184,0.008595036175471695,0.08700636727522768,0.10296763136625013,0.010854441695645685,0.008595036175471695,0.7389203028359024,0.06651121237431135,0.00046800792628509094,0.009170488624776657,0.0531395721278941,0.013236781941922973,0.032385442174306805,0.008977833255675319,0.02872726887954848,0.519124171280367,0.2722562916909754,0.03813477466245965,0.05621209600424856,0.11087005053959569,0.016676586708141414,0.8591004956611892,0.6739280659855829,0.7150493909636055,0.24189960630658514
000596.XSHE,4,1,-0.2499155912740082,0.21236515015934593,0.2154916679987846,0.5117247905360933,0.6368297210930923,0.09865764071325422,0.42935662818028486,0.008005898292203328,0.8793200197762614,0.8483540451334842,0.4934339959495825,0.004717374231876345,0.01744280530622539,0.007650236444502762,0.0016927739892878388,0.000866591734606461,0.005082867075647603,0.0011135429919659173,0.6225228794281756,0.023258950497397745,0.15503257300624262,0.0057228277852726175,0.03154266981413687,0.363636358677686,0.02623478780120754,0.6978372646464343,0.0034465176287939267,0.020303879895089083,0.09104630204150463,0.26891853010934846,0.08727548003105234,0.9999999999999998,0.05873172312837059,0.8761943087920221,0.03557372267892946,0.01656628581076946,0.2975721467338957,0.1798254429707256,0.13367363651252934,0.24824331497564775,0.5318427242963106,0.1579443401857246,0.2025580775119461,0.5610754832484988,0.24000737341820072,0.06358388905925441,0.20924164772345052,0.22291892676927932,0.11450854155417664,0.06358388905925441,0.7594478468105593,0.07782268245070606,0.00031192368556371764,0.00907796072731701,0.051096275181402126,0.025901589165143506,0.06041234572554305,0.01880138323720522,0.029385015372400146,0.8446226227846754,0.34052539461827636,0.0355080967919794,0.016671253749811616,0.161807059710189,0.036418914877071246,0.9462255542457854,0.835210185308036,0.8616458901595669,0.3950052956251545
000597.XSHE,4,1,-0.2700992709339275,0.6494516974249125,0.491195635028599,0.3362114164889888,0.41103574291448397,0.23927688966889168,0.5103350581563246,0.3552986331066935,0.8795988369591277,0.5137067193630034,0.20035019892943562,0.006590562665507073,0.010721982657352157,0.004809361632446423,0.0010736869880723185,0.011038359386946103,0.0037032339876043358,0.0013499720986358782,0.6151491756468894,0.022222950453310752,0.15057525640798888,0.003969256738630588,0.02503770142147134,0.2727272717355372,0.026168737461410133,0.7082296850413322,0.012930325518269024,0.09261101564619698,0.09115922587470499,0.349004369841574,0.125997182906237,0.41767068273092367,0.06779884340359257,0.8699629093141457,0.06418709466628895,0.0456095155248017,0.30491473137908454,0.18794808876308974,0.13892636816696433,0.24228183753339563,0.5442322030971483,0.10179990532739086,0.13739185650526392,0.513072295851116,0.08718858143684526,0.06198668573733176,0.1493039727122668,0.16243605830632202,0.07947341816174017,0.06198668573733176,0.7160907572884058,0.06959531555611985,0.000406058715835508,0.009203037639106406,0.05855380114706407,0.015616870552439576,0.06684488989937172,0.0065273026377685225,0.029995545389874912,0.6119585116256377,0.27301295119984165,0.04855242005135965,0.05614529982721643,0.1885043794649643,0.033519022551893284,0.9037375197057278,0.7423875547299992,0.7713479600647457,0.4844907926098838
000598.XSHE,4,1,-0.2774324129084769,0.5476030649799197,0.266105942022695,0.4141109003747393,0.35917395341994685,0.18122736190081573,1.0000000000000002,0.7128477856944062,0.7814183056872559,0.7384605270536004,0.5547657909133497,0.0017156567596896407,0.01473420998949402,0.006513098117932036,0.0007372666264732109,0.005184399526746583,0.0030112177126695393,0.001193050164084093,0.6205560762036411,0.022817167791787784,0.1532824630164428,0.005279431819545436,0.7500843302829764,0.6363636304132232,0.9999999999999999,0.7401129720799227,0.05537485711723137,0.6095685990775075,0.09045612846275174,0.39145087846287097,0.14845198372921703,0.08433734939759036,0.09894709935160503,0.37432437565380927,0.08287729470865263,0.08092962010602056,0.532081412815965,0.0753586684668832,0.14192904327751735,0.12971301835341842,0.5552402106203965,0.046363529484929056,0.05983342894106805,0.5261121524503519,0.11354211107786458,0.003856189628823156,0.12502185906309843,0.14426015855127888,0.005276527299653789,0.003856189628823156,0.7287844847431049,0.08415040945526,0.0002718384118436763,0.009105388951147517,0.047840376676891276,0.029366259122141688,0.045779805394603766,0.014533553328954858,0.029476346689872538,0.7434608906428282,0.3931244236724831,0.04278919708404014,0.12272018359877598,0.16315470309570856,0.04066085422025483,0.8508329664399028,0.8066704258988993,0.7324002608835714,0.44080470488040036
000599.XSHE,4,1,-0.1965573492747925,0.5117280213708477,0.5975596303663624,0.5082828483868574,0.9999999999999999,0.21073959741152837,0.32384618539837695,0.22575204050092249,0.7713584939130038,0.11034655446781272,0.15231710892532924,0.0019481231267424782,0.011080531899578853,0.004942375647075539,0.00203326838607094,0.006578219506578305,0.0041718202762431045,0.0013176357100282189,0.6169711629442604,0.022963353606272385,0.15087095929855443,0.004052435047539686,0.006532034534354201,0.7272727282644629,0.00699267018939186,0.700890854786115,0.0034123500624075953,0.028443519942118113,0.09127127759700561,0.4959279332060869,0.16200744969979844,0.7510040160642569,0.12957094726800542,0.3095137147250946,0.0870519976741083,0.03935326459694236,0.3091755646513354,0.1820658604738141,0.14187704890330866,0.11239917906098276,0.5327747988871928,0.034767719664152326,0.08226326707635867,0.5213194537229984,0.10117248837720569,0.05157893253035825,0.13890967006317154,0.15762189125340043,0.019581413879233636,0.05157893253035825,0.7204470323460435,0.06468972869655597,0.0005182448171667999,0.008931436975481346,0.04296200356815131,0.014257722493967832,0.1055840785397907,0.008326421306976004,0.029715673726606072,0.5124045981395875,0.26973870037938097,0.03380242667322299,0.03983723998196503,0.15427749911334043,0.009331369264820243,0.9108049523511952,0.6794342355490697,0.6860392962480821,0.5580988695382091
000600.XSHE,4,1,-0.04005867553473946,0.33822794302650006,0.6000461565660361,0.9829083968478907,0.6027418420544506,0.44382171970372425,0.20354610017231659,0.2642136987616555,0.9765841865431852,0.03508237992022073,0.27470016023679084,0.006186994116714258,0.013717678421241086,0.0058760217497371365,0.0024209576787108593,0.014033361597214793,0.00654689960588466,0.0018800937994849973,0.6102866532209072,0.029208892742841885,0.1514333862443148,0.003886598287081002,0.006072814308265235,0.4545454565289256,0.0058371072880475635,0.6987638704602852,0.002545994755089142,0.013746947634982363,0.09116917044122592,0.31945741615270207,0.08306679419471036,0.9919678714859437,0.11611816836660073,0.4669710162930051,0.07994259751280719,0.036455893517920814,0.3075034124394701,0.18150742354883517,0.14009754144601552,0.18716957111966748,0.5493000025932531,0.0556672828680649,0.09158308562904005,0.5518684366721567,0.11612124085785787,0.036946914210506325,0.1235283554630977,0.1398375244474006,0.032053326165780924,0.036946914210506325,0.7663445032993409,0.07258559269317898,0.00036333082015980913,0.008976546703844866,0.04981164572404924,0.015509613914869628,0.1230774929728703,0.003801109207617139,0.02987694367350325,0.5581254165081949,0.2785462793551089,0.02430614653541673,0.028480797232988977,0.13273365063079495,0.005675061314829216,0.9259117893510957,0.6938602892397507,0.7150414693976705,0.3984472809966733
000601.XSHE,4,1,-0.1306836755347395,0.4184945216807932,0.7181542455042339,0.5467296148860191,0.5989208834545772,0.2827405938675292,0.33330536659014137,0.29930754797080394,0.9822083901578853,0.028736003341215843,0.282473022439927,0.0017715521372436266,0.012809087245376487,0.005697922002553988,0.0007855583619100311,0.003101086932429273,0.0031644175874639404,0.0013883447936568756,0.6165163602505643,0.024900231215284105,0.15148363218757088,0.0043554595139231895,0.0069186153426445685,0.4545454565289256,0.007780606290583858,0.6991143053169565,0.0023118149077777403,0.019037713665551233,0.09116135071666233,0.26391447907771104,0.06844815405489893,0.8112449799196786,0.10867038847040189,0.5525547197974744,0.07042693914442896,0.03984862113286367,0.3099080476701779,0.17949889332922592,0.1388652747772691,0.1780482143465301,0.5524579918129593,0.03784372330547378,0.09606284840837694,0.5303050060510446,0.10989212981602486,0.010500636465136524,0.13074618612046926,0.14116001027578334,0.09280389931815475,0.010500636465136524,0.7462960560987267,0.06239137085983734,0.0006057010787945521,0.009018453402151494,0.04831383479174438,0.017551741315151848,0.08692680441208041,0.007131096811152306,0.029848248457558593,0.6375538757854748,0.29209801806600016,0.024416556965818344,0.04021321587101905,0.1209639572883417,0.007293174612669737,0.9230659982105069,0.6970252310822165,0.7234066430251931,0.37890714445907214
000602.XSHE,4,1,-0.03171902428379168,0.173608721069217,0.2307811363619521,0.4330483109640147,0.5167669300513479,0.9845185953296729,0.5707415661624782,0.2696572332223801,0.8987977051809063,0.20302623666559028,0.4791793816314517,0.0025966194277834975,0.014518961558425334,0.007346405981511383,0.0015297987147320454,0.00636082966248186,0.0017347853485530527,0.0015363663864894378,0.6195586519345387,0.04727556511687442,0.15553532743083892,0.005528503248011032,0.0,0.0,0.0,0.7030249180478358,1.836478311298719e-10,0.0,0.09134051696217903,0.6817400248746607,0.36093456802277774,0.35742971887550196,0.13305799715660166,0.3190692116509718,0.15615597311450985,0.041990431882094746,0.3089971355550749,0.18757149889559616,0.27131184405847286,0.10686586780421356,0.5065080098350631,0.04740997039632032,0.1006538866205198,0.5426512729033965,0.15725607188630175,0.023012870612127884,0.1563416578023092,0.1749278544360546,0.03246975459880394,0.023012870612127884,0.7492232205352564,0.06701230506544391,0.0004562623564779713,0.009002882393670688,0.045410688307048856,0.0173637530690915,0.06936239814033714,0.013247873395435494,0.029979346609469812,0.6205148789756089,0.3178367052082196,0.1520473013916313,0.06319307991605946,0.30234434374525004,0.008151582221690495,0.7133038516709038,0.6157484189111497,0.5686456498720667,0.7668842825217946
000603.XSHE,4,1,-0.2756229799966817,0.7142208031991949,0.04798758430719091,0.39826093207963387,0.9148286996520245,0.40884596945117546,0.7681629495757549,0.1111952305037276,0.958200254843296,0.40970886176299404,0.4259317066912299,0.0009253847255266934,0.012327254874817017,0.005504738945879836,0.0003332968681942874,0.00023136904651358274,0.0009824185297491676,0.0010839355682914142,0.618611802768179,0.029898678104283597,0.15190729069570935,0.007249247564261568,0.01820350417724854,0.363636358677686,0.012805018737167332,0.7000118251815562,0.0022612410838149565,0.08429049470923397,0.09129800252262209,0.3290849356159059,0.09547006023362761,0.9999999999999998,0.09812293547277753,0.6738678512143016,0.04946761379975026,0.026052205803561518,0.3061485096247646,0.17949393602719763,0.13878338363789036,0.20470555979997465,0.5318427242963106,0.07008556493363864,0.0417009420441415,0.5348425668505533,0.13569509001018457,0.0056919638039262255,0.14997234261458614,0.16561128207447393,0.0632184951466207,0.0056919638039262255,0.7932662364143931,0.0628296296559011,0.0005862769684438442,0.009005400568032802,0.05050211097151124,0.03797258697676971,0.0600638991211977,0.026099949094260822,0.030324021567305782,0.9405528456726948,0.9876487550352314,0.03378307295733391,0.023394474513032157,0.1420658218067589,0.028856852306035772,0.876907549956683,0.6833454955552609,0.7356494231779738,0.20503917192864785
000605.XSHE,4,1,-0.1363242357007146,0.3162897607369507,0.010097066411464517,0.29766920772115557,0.5463181730414787,0.1320463286959804,0.5338171787066603,0.6725073659944181,0.6330691229509133,0.6847398472863254,0.10710069890707397,0.00010538336711724153,0.013684344003226122,0.004734155619789126,3.2186975168281344e-05,0.0002027641144487703,0.0003819825458424832,0.0011180566545434714,0.6171480689401592,0.022159405608489967,0.15082507048194194,0.003089858910051017,0.02613308579351689,0.4545454565289256,0.018588836752549444,0.705334549196152,0.0047730966410850575,0.11400018088088992,0.09133083056770534,0.3752011535842089,0.06680839766918154,0.12449799196787148,0.08480850542393381,0.9434985561015872,0.07845883651842504,0.06351305688353191,0.3054169960103596,0.18269596585599016,0.13760571106206307,0.20128359681495242,0.5318427242963106,0.016967913869420655,0.018739161764608173,0.5223073252969637,0.1001242654214711,0.003255496822011597,0.04969368074879785,0.0613698549424648,0.02646321844838925,0.003255496822011597,0.714959621490178,0.06678126850811797,0.00046158188004770374,0.009160517092961262,0.05837557826794272,0.014552881709357257,0.07090204807528515,0.004922469186145424,0.030007859296270988,0.6670296271080444,0.2880055938687026,0.03777713716779574,0.08963772763528957,0.1872697060090186,0.03164892026081235,0.8768605047506781,0.7511941090619612,0.7403601143874121,0.4210587096877638
000606.XSHE,4,1,-0.1377829057890901,0.5920524512956038,0.26766044435222536,0.3083449301297076,0.678292036855466,0.08872815190675254,0.596082750071367,0.18808923145758288,0.8937759223140685,0.33487761443374314,0.20822425380568022,0.00048539450803259147,0.010731630939000123,0.004735360264711751,0.00013674209396335844,0.0009462652672156308,0.0007783211268099376,0.0011291651159037418,0.6176328559014319,0.023782685192640915,0.15075793177964958,0.0034060893463817173,0.02209736502881698,0.4545454565289256,0.021069093115603385,0.701022756735836,0.006257970559880476,0.07714569955684182,0.0915797037267325,0.6213823582897452,0.1298447182054226,0.7751004016064256,0.13926590781223028,0.3190692116509718,0.07362202091852135,0.03656292817920531,0.45653626454538665,0.18871165104358897,0.1432276027733799,0.1201447359511694,0.5522926468007399,0.03316361169045328,0.058071664014414576,0.5218333428616945,0.1012254043151903,0.003528254442678867,0.11339671397882875,0.13077670069259797,0.015101958698039552,0.003528254442678867,0.7165383037870848,0.06869849483883925,0.0004217764024585291,0.008647788554189583,0.05609904812360725,0.021903024022509845,0.03881290560496501,0.01275552965694508,0.029287113005762415,0.6029802304835764,0.2816355992433795,0.05184841799216329,0.03605055645957171,0.1488145678167908,0.018926691391996174,0.8363075371745892,0.5397179470169391,0.6482045770807974,0.36367714297931714
000607.XSHE,4,1,-0.1898282607881957,0.46654833630531983,0.11073489510496903,0.33548364705626116,0.4503226065303686,0.17615306518687887,0.3163680854299069,0.29813474204407564,0.8088947511238309,0.28174744816571495,0.16715629163186285,0.002354420282791429,0.010513268076079687,0.004697070585468206,0.0005592920075830292,0.0021261306252686046,0.002466113685433751,0.0011832254191042157,0.6169956079283224,0.022738366720030295,0.15067322495967833,0.0031833481329260438,0.00502793181221106,0.5454545434710744,0.0043014459318976095,0.6945551927403926,0.0027213722220045125,0.017455005878628922,0.09125940401079317,0.3624035088890819,0.049064577466557936,0.9678714859437749,0.09721246826211441,0.7303703217024141,0.054401192228620596,0.029853921003391723,0.3066141960726673,0.17909462912270913,0.1389458660572926,0.04272652491129319,0.5319603867525374,0.027975380749764366,0.02162326284168737,0.5128029456767791,0.09413640928110739,0.016073959296796808,0.1038156376533107,0.11984628474557946,0.021471643768404294,0.016073959296796808,0.6555598012098947,0.07496024141150541,0.0003371723525297915,0.009229977855276099,0.05292559913756483,0.014729368994080732,0.07739348268131693,0.007988813333743825,0.029596919448562246,0.6046961610834702,0.27227322747108124,0.05258100732597458,0.024191410630116785,0.1882848520545169,0.018622360471376442,0.8924324679382483,0.6839121445314231,0.7402016830687088,0.18602282804545017
000608.XSHE,4,1,-0.1595665841463388,0.4317618771109586,0.5086644131817223,0.19919917030743206,0.4245363184154456,0.19665091716616012,0.20820825984294708,0.3479750546506309,0.9881544410088705,0.06180398586944119,0.29225392675005724,0.0022124132384799306,0.010965089040482184,0.004972262312518374,0.00025525678373146095,0.0012310859826984886,0.006405926025385783,0.0013439019267963551,0.6230549833938408,0.02105059786711947,0.15096978197368227,0.005256069016101731,0.005862585249648702,0.363636358677686,0.006263583663806262,0.7019586470142746,0.0009838073000780023,0.010852853396038708,0.09136213375088316,0.34319328769689494,0.14476523475649425,0.3614457831325301,0.1253526248730155,0.34358109391345226,0.08432252976187211,0.041627403209554735,0.30540401652347116,0.1822124251070258,0.14133500755218284,0.09897063792816517,0.5391621420431255,0.0470347920199144,0.10429346909027652,0.5147672869094451,0.101478147545301,0.005915640601612638,0.16420938036581426,0.1833703255758026,0.032296662449367894,0.005915640601612638,0.7043049766469537,0.2620819530257534,0.0001311312229414102,0.00878204878317368,0.076778574628555,0.015717969785196954,0.010900549717935613,0.017301838955647228,0.029934851725351694,0.86508904543252,0.3904729034331552,0.05030060009519233,0.046225222277679535,0.10253006725946193,0.009521594783753065,0.9218676769254803,0.6996953916235462,0.693438038831516,0.5199433483234287
000609.XSHE,4,1,-0.2031021537956091,0.6635091639354004,0.44908157961319517,0.42004532002642636,0.2636406266064501,0.07870483859654451,0.2742947098108578,0.17557166731008234,0.720503557004722,0.23114001589397823,0.13424924749243194,0.0004981642217478515,0.010332236557381571,0.004621214334430179,0.0001551808183079804,0.00020781991307145607,0.0017656827410985091,0.0011211859596011217,0.6194280814837682,0.02159828348369673,0.1506785079372213,0.004293633373363515,0.003962383749496774,0.4545454565289256,0.0033966423974599994,0.7012335271529034,0.0009537709450257679,0.017364565433661935,0.0912473732342398,0.3312321032225366,0.10744151716097808,0.9196787148594376,0.10607338286661455,0.3722475846910837,0.06604211330934504,0.03993822460625953,0.3067140026565932,0.1811642292810239,0.14111533132115103,0.04656746060979785,0.5318427242963106,0.07183037390652973,0.09935951694876119,0.5265024271626382,0.09418584390738248,0.0002361362479554175,0.1765094252468857,0.19521006058558715,0.04491277401507783,0.0002361362479554175,0.7501603805664326,0.07259198026401155,0.00036325258430276036,0.00899987648580937,0.07262338273620533,0.022313921031315406,0.009599740900573736,0.02281222972340459,0.02996043969994048,0.6464096300575599,0.28457619572934134,0.04666579025154467,0.04284673761492704,0.12613381592947256,0.02428276604653945,0.9201731618639133,0.6989186679050019,0.7240100022972542,0.24158091240077534
000610.XSHE,4,1,0.1313249722640026,0.5509296110845388,0.2672367778905813,0.2082341356445354,0.6989284899306138,0.05255744988252953,0.4155404355602733,0.24606113285247258,0.4794232919044663,0.17947047142467662,0.06721632960622037,0.00035526808499229787,0.010496847819943913,0.004649150675088549,0.00023498078256233292,0.0003182660785044113,0.0005690991018901041,0.0011207738839517207,0.6171493892159798,0.024069215813762812,0.15070961693059842,0.0035670675435448156,0.006668462884499146,0.363636358677686,0.006870878029067289,0.6994833217134224,0.003227666712544404,0.040517319345211175,0.0912420774293584,0.2702620974707115,0.05731014291659612,0.9477911646586344,0.07722040026299457,0.8957210714722014,0.055988248868773065,0.03382621957317565,0.3033449354101928,0.18101178728937534,0.13467842779411265,0.07979840602698252,0.5318427242963106,0.024027409807908892,0.06481345070415961,0.5181216581146949,0.08982724164707123,0.009539192448812066,0.1328885896643432,0.14847472788697622,0.04518897925200334,0.009539192448812066,0.6856727862515586,0.06101093034897241,0.0006786331623869461,0.01078909104955337,0.044793833989675465,0.016411079396490374,0.19872047487766495,0.007088965495469554,0.02887422935889137,0.5568524676689846,0.2659711706303206,0.02532267161879127,0.027562617808149417,0.11277660612048437,0.012251301070766284,0.9297668333072957,0.7895825040909297,0.7839538119895539,0.4310365526614133
000611.XSHE,4,1,-0.1757729612490251,0.38709128322550446,0.24234737897399028,0.18593552812775732,0.300246667151475,0.04064264180877736,0.45971069543553755,0.34391026797910024,0.7098703039063385,0.2547303921094712,0.13071156971068387,8.298903160309296e-05,0.010447185088217424,0.004723008841558223,7.595216812736886e-05,0.00020099953243823463,0.0006498742375222736,0.0011171321573783411,0.6177974635618996,0.022161996540826144,0.1508107559908517,0.007249247564261568,0.01368784475837366,0.5454545434710744,0.015714122840898556,0.7057367457446874,0.005792087799560743,0.0638961743691779,0.09161255091153213,0.7931428631441367,0.24086349365039414,0.05220883534136545,0.1580688344833856,0.14000835644015647,0.09531760998432007,0.05563103379775723,0.30516128806456144,0.18390908247499588,0.14148709109674332,0.07587776282121421,0.5318427242963106,0.026824598134156108,0.05135862279176744,0.5298339142421805,0.09742503038749958,0.0048239349763181455,0.14997234261458614,0.14096852025337503,0.0632184951466207,0.0048239349763181455,0.8207780765316198,0.05655630622460012,0.0011877596933566254,0.009161127650860492,0.04355972959724003,0.02187764480615194,0.03068815063535155,0.02147107884686002,0.028999696350510404,0.49741917384733264,0.22307069831671977,0.048077563388294525,0.08195505400697689,0.12284391308202867,0.01439567506131483,0.8535438354802516,0.6320375038697983,0.6293591717210658,0.7725361301045806
000612.XSHE,4,1,-0.2422247405166889,0.6567941022296664,0.4989806385909119,0.33363288157916404,0.5352082042949006,0.2716174187450873,0.4357394676209334,0.117026280123807,0.992334942423154,0.21405282910879636,0.37421366742576223,0.00153018943792484,0.012375375630140873,0.004648447230964994,0.002031297615134009,0.006037856174677136,0.0030413054446928028,0.0013663736753421554,0.6140827016702759,0.03247482238670882,0.1503704218723454,0.005599415798761111,0.021771895475229695,0.2727272717355372,0.01780372602352725,0.703850622446849,0.0038554771301878604,0.036447499321696664,0.09112124566594053,0.23022326891015837,0.13824518923203238,0.9678714859437749,0.10980616666952148,0.3253016377185481,0.061545257299750813,0.035258822399168215,0.3009009809622142,0.17899182612042824,0.14171586634326164,0.06795612480134514,0.4992724316893918,0.01882194645587408,0.10869932279852688,0.5171273629264959,0.10519218494259577,0.04149027627879634,0.18336555513901842,0.19624152406492368,0.10475070356789838,0.04149027627879634,0.6968859878215937,0.054449065228008006,0.0019719062620039383,0.00899813007637152,0.04212998898738271,0.013724384151898016,0.2877988816452887,0.0035907460227666372,0.027453436127608154,0.45414445751644134,0.26750668135991595,0.0461299961958817,0.03368904359213347,0.19921380212291634,0.01898680983430041,0.9017997898055701,0.7295370616071826,0.7289926672704661,0.29109501573782526
000613.XSHE,4,0,-0.3164331183282016,,,,,,,,,,,,,,,,,,,,,,,,,,,,,,,,,,,,,,,,,,,,,,,,,,,,,,,,,,,,,,,,,,,,
000615.XSHE,4,1,-0.1613822049465042,0.411060731479308,0.40696053719467584,0.4604692820209254,0.5167652582983727,0.14657611065434184,0.4047212420051368,0.3676978356499656,0.42215775520114796,0.19001676408656992,0.05412362401681614,0.0005101379601171446,0.010467233351537323,0.00469700923656389,0.0003012070341747118,0.0015149025799813746,0.0017413184577821361,0.00115615835455441,0.617437757466189,0.022181894815809147,0.15073031162624925,0.003722994604437531,0.00901660330938101,0.363636358677686,0.004843835262664982,0.699960633377027,0.002166826757141692,0.03703536221398209,0.09115908615117957,0.31411433982299786,0.09061149841382238,0.4257028112449799,0.08185113399942814,0.7444951693821675,0.050338326586994664,0.04307398355507083,0.30726330163051596,0.17803310806936706,0.14020153019443296,0.09028356630066428,0.5610060776604917,0.05364609953477226,0.08297361232012598,0.5228799102107202,0.09298966520399354,0.014541692420118506,0.14675575218683953,0.1513649107489071,0.15859216971406925,0.014541692420118506,0.7319371752220497,0.09066974453884509,0.00024409875636593553,0.009144204751494595,0.047497650518521714,0.016932756149271685,0.04275939595691086,0.009608287124173116,0.03272392291874911,0.527635076171795,0.26554466150144845,0.02545502763551379,0.049566515488775865,0.11977995009373259,0.011563827241729977,0.913968520543665,0.7158904957763923,0.7456173936463759,0.1150945828951161
000616.XSHE,4,1,-0.1536233443044555,0.6328538737700967,0.6764771953746038,0.49568145868367935,0.5058564014346983,0.26542753241193695,0.43530380791032086,0.3436882025544487,0.9946172915830582,0.13667119767507058,0.3065053787971534,0.0013298227678146585,0.012577155299849648,0.005257838338646469,0.0010266714916142832,0.0019016078693863275,0.009223167999506374,0.0014818274538246677,0.6362281625511185,0.03422208025987302,0.15138027987948793,0.006306061205589827,0.01615432851339866,0.5454545434710744,0.019873289278042383,0.7025845275850466,0.002035474141236757,0.03757800488378402,0.09118807854010438,0.24892132784311322,0.09382647500685462,0.7108433734939757,0.11002225440114051,0.5355215434981455,0.0823161193168607,0.03433601371415204,0.30457499855444353,0.17823982003376185,0.13949310684583927,0.07099974388931252,0.5593611209446999,0.0716007784386612,0.09358807509535011,0.5116238511365943,0.11262948521321554,0.007115860059791859,0.16309994889044974,0.18146316768659115,0.03911750041152459,0.007115860059791859,0.6844890666610578,0.08800954683503186,0.0002542201086039553,0.00899260681663291,0.046073054758616824,0.01876488927411993,0.013767058826137706,0.027806550993190026,0.029401180098860568,0.7001695417051528,0.3216297359595084,0.036068363304509674,0.03183206863843208,0.099640665374677,0.01796943231441048,0.9241080939057817,0.7218997390650572,0.7214605783271235,0.42160126117546903
000617.XSHE,4,0,-0.1393690203623256,,,,,,,,,,,,,,,,,,,,,,,,,,,,,,,,,,,,,,,,,,,,,,,,,,,,,,,,,,,,,,,,,,,,
000618.XSHE,4,1,-0.04005867553473946,0.5832710543596483,0.33323445031838866,0.36979524077594106,0.5086859991960199,0.19531619973499242,0.5201466800399461,0.3337110635790617,0.8075837911617676,0.3255274155849768,0.29448349460704565,0.004585277962534866,0.013684344003226122,0.008150090726543492,0.0029840589171838032,0.008062098247688082,0.00966583515757642,0.003724127055187232,0.6194366714067405,0.02795801905504902,0.1535011777904567,0.007249247564261568,0.03212743887797873,0.512508658030105,0.03385548310334353,0.6973754749785577,0.011416551503228026,0.07601564141075765,0.09146680527188153,0.4259820692575249,0.13112622332231372,0.5511172547939428,0.12284974011172788,0.494504656209718,0.08633157970599001,0.045919982486072305,0.31147779666162767,0.18463137997985954,0.14208910423830812,0.20470555979997465,0.5318427242963106,0.077915971133906,0.12469801664167228,0.521515575256219,0.11601091851739048,0.03148564188991912,0.14997234261458614,0.16450473416111355,0.0632184951466207,0.03151351181947201,0.7073590212283098,0.07474128671978711,0.0010165370293848852,0.009470773081934954,0.05305644375124136,0.029247760156912796,0.06504798281099847,0.03229344616550119,0.02996043969994048,0.6137324122247689,0.29599917104153156,0.04246130980234155,0.05485061095598209,0.16042323302325237,0.02380545148233199,0.8768056165474607,0.6953581940533766,0.7048157031587168,0.46648362214367545
000619.XSHE,4,1,-0.2683336431093179,0.7575870960682121,0.5762875935173314,0.5563097875426768,0.5401012580777014,0.20104584493033123,0.4593738515508699,0.4593775095729071,0.9221845392139902,0.22528476711067968,0.22594742769580212,0.0015270875139900136,0.011257150331011077,0.005044313002075404,0.0016626926040523475,0.0004318660738963705,0.0015366451199680775,0.0011937390828000059,0.6224323380008472,0.022882629147010468,0.15109153122835425,0.005132515966643146,0.015763936238113067,0.5454545434710744,0.021740450167311028,0.7035181896067844,0.0024763313698796335,0.05521389165234693,0.09094544794268052,0.32978708239116994,0.03045537252436157,0.6706827309236947,0.06520974344852301,0.916078345219531,0.050691199137456046,0.029759217239728384,0.30670525304654367,0.1764964034920894,0.13443405423533172,0.1387376794536026,0.6022109090719028,0.09614264676795561,0.17018189593460023,0.5291145898907729,0.11217482590395304,0.038540312183085755,0.21396294431001178,0.22263480823508275,0.16514475460543074,0.038540312183085755,0.7353773237654203,0.05767672591070952,0.0009901272713303154,0.009056718137668103,0.04330947881878466,0.027904030752842438,0.0834626613413088,0.044280756046264344,0.0299877497608589,0.5387689431530766,0.28213043548509237,0.03404602999387213,0.026323321947059077,0.15069816524801136,0.023520966680624516,0.9320862507278691,0.7632015390739029,0.8112238027213219,0.2145399564940535
000620.XSHE,4,1,-0.1834771431182364,0.6286109243201446,0.23714460238129761,0.3501314677409558,0.9127177771703741,1.0,0.6066071534371542,0.4919150412863965,0.9584606305746972,0.23673191189863427,0.42564168126205326,0.0013024737099927956,0.013626177452772868,0.00587691010806885,0.0010360645699693735,0.0035400716015355884,0.011651506532029001,0.0015436894452744243,0.6294655922578343,0.02213418198289382,0.15230469365790508,0.006060186376243233,0.009346973211634614,0.4545454565289256,0.01181977816522612,0.6993520162229391,0.006379142441477438,0.05883150945102649,0.091122127223376,0.3202349550968606,0.1526805553744367,0.6626506024096385,0.12779678793492597,0.23597806793765308,0.09051555170186326,0.04409224243198771,0.3064258702529405,0.18308974338516615,0.1422761057253605,0.050546475474925905,0.5606562900358573,0.05241123149551427,0.04980235912703173,0.5168217193317386,0.11782743172669057,0.007426527961819499,0.1468183763305901,0.16390536899059602,0.04029972244289483,0.007426527961819499,0.6876779815302352,0.11888741072942327,0.00018596189687680688,0.00908592210622843,0.0444652231888677,0.017682267588648264,0.019453796091116384,0.017875501610085196,0.02996043969994048,0.7278129341803397,0.35665526518803686,0.0529510597987571,0.050552521895848676,0.15707142676191924,0.0221171561883113,0.905704541903964,0.6964779310954845,0.6897479093667236,0.5359985213523343
000622.XSHE,4,0,-0.4005413301350411,,,,,,,,,,,,,,,,,,,,,,,,,,,,,,,,,,,,,,,,,,,,,,,,,,,,,,,,,,,,,,,,,,,,
000623.XSHE,4,1,-0.3063554855208698,0.9803162523044907,0.46320781782130416,0.3555109410660813,0.5314559547423034,0.036888396204789786,0.6328059841372633,0.3935138573771985,0.8008244206969288,0.20406688619176797,0.5435600576256132,0.0023659174374022897,0.014103784160045912,0.005160891704744173,0.000436500936797422,0.0007166224854697298,0.0016135617568034297,0.0011301641358380647,0.6208674104196128,0.02251372849546735,0.15140040197006427,0.014131481907978602,0.0839819131880244,0.4545454565289256,0.09386157725433211,0.7001741042849594,0.0031606927526725954,0.05281721986072171,0.09117220309169417,0.3710120401711292,0.08261867397026776,0.5341365461847388,0.11058355546010215,0.57748237088838,0.07390562391516219,0.05023260871121297,0.30850358988529303,0.17601315125090877,0.1392604320212553,0.07887669739753378,0.5454411817032124,0.05525804042271942,0.3061900713980296,0.5207660995043539,0.13829911116890087,0.008898666227101079,0.36268795041775836,0.377212620251807,0.20940227013137241,0.008898666227101079,0.7010237480091193,0.07943079336766755,0.0003000126880957066,0.009137162362290502,0.056637014741710054,0.031486344621616126,0.03751140395898898,0.03006194555217901,0.029567317035531327,0.8323788065106676,0.36987802150376886,0.035906846714182664,0.061700680145887796,0.15096835891979532,0.02702727762158282,0.9066729630313446,0.68799201715979,0.7283364975588376,0.437244716894304
000625.XSHE,4,1,-0.1855527037649241,0.8255195877538078,0.2136530275425545,0.37772118922837494,0.5206326916309538,0.23371231924772634,0.6079029458717151,0.8123728551768821,0.35161437344290486,0.521195451460525,0.7679697180925722,0.03255764319049235,0.020920978268096933,0.00419337276342747,0.009087442913559545,0.006948287781082546,0.06925562833207814,0.0029312755049624587,0.6041941642018763,0.0279332549907724,0.14977452276463166,0.013787042175332286,0.17350362052830243,0.7272727282644629,0.20543728302396747,0.7030919825606866,0.02693532612632593,0.042597449579451926,0.0913655255687433,0.577097693658195,0.2504792904903379,0.012048192771084336,0.18216788699138678,0.0515163243161116,0.11661676635218787,0.10755904921746087,0.41413799565206805,0.19610948003279913,0.1518014750803963,0.09447102837418182,0.5576471615839911,0.052918367152881764,0.09640084787871356,0.5356783593575358,0.11954441466182276,0.0446474273250393,0.15827418301531415,0.17184606974904576,0.08131964606498987,0.0446474273250393,0.7479121313145832,0.08268643269183945,0.000279664262270734,0.009132787839686053,0.05056793866705643,0.01544947480977849,0.0856278431376896,0.006848069820470132,0.029872964810606906,0.5652497164140544,0.2792564141347189,0.027453481613238653,0.19252676537244948,0.16244007131276283,0.04064440390022133,0.7693675349022171,0.6372838441466544,0.5996136916345622,0.5930362846749787
000626.XSHE,4,1,-0.2462733648002762,0.6167363137131241,0.21386644872863,0.15893191778932325,0.6602222261229791,0.2634031647963231,0.38579148576327044,0.2653386836687187,0.5685723418623583,0.3566479174441245,0.08937345923990747,0.0013793611111246836,0.012118825990022465,0.004292079161023272,0.012581883658804359,0.011412382323488741,0.010505828981549174,0.0014382710006052954,0.6194385383694199,0.045355299605698673,0.1499236994794269,0.007249247564261568,0.006582174360284577,0.5454545434710744,0.004002083699888352,0.6990880308156715,0.001281860231014761,0.022519670796780317,0.09129891822760944,0.3339795056627777,0.0449219172652859,0.9357429718875501,0.09267264948593518,0.8674703495229951,0.07012710856656423,0.03419972608832095,0.307433843345231,0.18054635698555474,0.13821144552159456,0.05522401794916448,0.5565905617247504,0.29378317626275774,0.05794915945453787,0.4463765917716071,0.1508403625368388,0.8999774972917062,0.14997234261458614,0.1553098120454575,0.0632184951466207,0.8999774972917062,0.6584507412561917,0.05651907667404737,0.0011958536045359924,0.00869327717389425,0.03961178281451258,0.016202145265537173,0.2855330549455584,0.00997988963160057,0.02915130451222314,0.4701854979192609,0.2688198856426049,0.027999066276645685,0.031186970127471427,0.13711256143284187,0.017482951486510738,0.8721187030435587,0.6913559771792497,0.7378542590299251,0.22808582075046774
000627.XSHE,4,1,-0.2394050807634976,0.3836849219782468,0.22512187556570898,0.315781635880485,0.33407274967421713,0.0473318408186848,0.33344043560170555,0.27103964545752535,0.9983793476819536,0.1759792102123644,0.3198700396955365,0.0006151589543330713,0.01051614862798235,0.004672580750810391,0.00026493789447675696,0.0019094552043762388,0.0004892719472495855,0.0011433096446819694,0.6171916977789472,0.022395211516127833,0.15242183516470148,0.0033705266890169134,0.012269329630443256,0.5454545434710744,0.00495291221950578,0.7016633842450419,0.0007265771680918825,0.01790720810346387,0.09134051696217903,0.7501137171605493,0.26267048914715213,0.05220883534136545,0.16327536296809672,0.05525516400283749,0.12764302008360245,0.04608074965522886,0.310438455152218,0.1912130145522997,0.14148709109674332,0.04884065430685023,0.5283958699328789,0.014624925273087269,0.03235924179396534,0.5224019531641438,0.0985374835442747,0.002443218408168767,0.11171974956920776,0.12899302885199257,0.01498903793898939,0.002443218408168767,0.7219813105516976,0.06901343113327862,0.0004160730084796716,0.009068059106711452,0.04921616232186286,0.014409044732935578,0.06848675514919464,0.008444433977900737,0.02996043969994048,0.4830857477410148,0.28025912911546763,0.08655875494019441,0.06570331735791432,0.26205429523230483,0.012677065262906023,0.81615266080584,0.6304315377471146,0.6176035678732972,0.7423405203077234
000628.XSHE,4,1,-0.2222808977569617,0.6086618452045122,0.08483661528396341,0.4399258206397182,0.5778283761678239,0.27009706407038536,0.3866327668306968,0.2474523397579011,0.5779010818106696,0.3195337379659188,0.09183867538790902,0.0006947923290274892,0.010441821231409841,0.004698382087340864,0.0004821525756500405,0.001724988027864191,0.005622879034741035,0.0012169101066735377,0.6168189261713455,0.02220508143395362,0.1507397124337339,0.0029058897450124133,0.004671860451710382,0.5454545434710744,0.005288757997653218,0.6998301323699698,0.002179001080044769,0.03084019173374333,0.09123760636892839,0.29856110325908825,0.051917845236578004,0.9317269076305219,0.09266606144533704,0.791026374115978,0.06497654098029351,0.0331234534527545,0.3067195448482087,0.18114175987001344,0.13871709081077427,0.16445228744845883,0.5804832677883591,0.159145144156043,0.02528401317690015,0.5332523609994115,0.09329950194614027,0.028359263686179303,0.0678567968823357,0.08243685993146327,0.011107585650793348,0.028359263686179303,0.754968876237618,0.06519346306042603,0.0005030108546125583,0.009210149939520332,0.0445668009956208,0.016987658783139608,0.03406596726079953,0.00801216746137855,0.029406334503927243,0.5668774941979924,0.26977043063406203,0.0625283460437901,0.03045905672665334,0.21152530779753762,0.02068463241012143,0.9199068682450187,0.7146106983326703,0.7529025937847393,0.34975596093138606
000629.XSHE,4,1,-0.3018883285315849,0.7053966214465839,0.41450692401422373,0.33746987326718714,0.3356126013395756,0.2073722197033627,0.603193139157128,0.08660258405735155,0.6037494105321765,0.25903781490669536,0.6469093995795986,0.01799894967221673,0.01882058504941434,0.008207236287049252,0.0037474561440791368,0.038987996831701684,0.01556521570345056,0.0021374393791230933,0.5956857970766789,0.019741443274164775,0.1542211019048786,0.004735971992754822,0.066460238012315,0.363636358677686,0.07698822833537332,0.6769812214968848,0.02661529791478556,0.03626661843176268,0.08957973642243199,0.33474057030594073,0.06010803206277333,0.9959839357429717,0.09818815707469913,0.7453267070390176,0.06709937698824281,0.029875480853550296,0.29208818506659556,0.17590777136773494,0.13700257632124202,0.09225032891423642,0.5138348041500894,0.019144771819375038,0.05162252100546866,0.5175122177142725,0.10660002739792315,0.008643053137345839,0.11498761261023148,0.129572949299362,0.04267238374396993,0.008643053137345839,0.6768059903456158,0.06384254039649877,0.0005466791247016003,0.009107052563779994,0.05215571851391404,0.01413788333352002,0.10753309780855538,0.002933104350740974,0.030012197768823145,0.6051147483542036,0.2768698317887708,0.027265672569252095,0.023351160078481377,0.15934008777929776,0.017584345277262665,0.9094468548948318,0.7095440272433771,0.7412420487281923,0.17979931370243862
000630.XSHE,4,1,-0.3452229947835657,0.5891579267124418,0.37231008319826886,0.3492898404626701,0.6492827761798605,0.25085454417922903,0.5202618018620465,0.1841878790754823,0.6941458929570341,0.15860372754395494,0.6017828884093279,0.009852751358597301,0.01707326243338291,0.0074541716471365795,0.02803691943255656,0.07357499020883145,0.02091907237223237,0.0027840106428032594,0.6199678088733795,0.025051204421543058,0.1528299547451315,0.010885205483224922,0.08070181657346524,0.2727272717355372,0.0598375447658696,0.6966697312395335,0.007931692419422851,0.02799131771728317,0.090746002316352,0.21864577578044125,0.06722993473763336,0.9999999999999998,0.07124043581206163,0.880348917307173,0.03619870352192631,0.030548532107766216,0.23829251197795387,0.14729868108033362,0.13456793974891915,0.24170810450636457,0.5602361428315549,0.09548082016222732,0.2145928189485287,0.49372758158632435,0.12329361330738363,0.2513682225628533,0.2219721520169634,0.232649029255153,0.15150254853670864,0.2513682225628533,0.6927143403012701,0.05935106104767012,0.0008004630684025085,0.009070184133328843,0.04062479057822308,0.01467091112821668,0.16587037564613197,0.00908664314849943,0.02902708798145273,0.48175181267692935,0.2707217542820758,0.028452919851728757,0.02113103245242782,0.11529242349394539,0.012713106418615781,0.9089373464373465,0.750652337357923,0.7863606477728518,0.29327430799852655
000631.XSHE,4,1,-0.2932232324967648,0.8952550780178312,0.3358942464146616,0.5639892601772181,0.7293756253400971,0.2156609547610422,0.3710805645221768,0.4081269349419763,0.994466247313915,0.438053509726844,0.36857398291199084,0.0005775567066861468,0.011191730406917202,0.005015419199638618,0.0010850501618848761,0.00329255101538568,0.01845431138194373,0.0016162688079943395,0.6265005189056094,0.022314904097954946,0.15113943361775073,0.005342258897281794,0.016897612066104305,0.363636358677686,0.010631795151230904,0.6986674172576453,0.0028052363927280697,0.018540291218232793,0.09116180881505011,0.34516196837020796,0.1222980953994704,0.5100401606425702,0.10263969610686327,0.3847114102365365,0.060507664390269285,0.05208952481329899,0.3096606316969541,0.17793116021004315,0.14126871472506675,0.057867408735508025,0.5490315305399776,0.03849516674580339,0.07645984005659699,0.5288597731436397,0.10470810854938789,0.0031749298020455224,0.15107230206691782,0.16861466513940493,0.03883440329728616,0.0031749298020455224,0.7395326118837035,0.09285935925273843,0.00023674571816443722,0.009088516497517343,0.04193646347763361,0.014193674775386975,0.01430270772202755,0.01332226822329034,0.029063076190189933,0.6828261681911375,0.34696352169230105,0.03558885914963575,0.059344176991726956,0.18751899984800122,0.0573866423401328,0.9175120009657582,0.7059312945026757,0.7323606530538955,0.43275082560306743
000632.XSHE,4,1,-0.195097435224662,0.6442719496054642,0.5249504822620104,0.3885481318548222,0.6186950463451718,0.22478507138255016,0.5098784751785832,0.33930094463919963,0.7221105977752584,0.26108314948267225,0.13478999583935491,0.0014262045194334391,0.01122918557884144,0.004999392105478859,0.0017932360433759015,0.005494146490678338,0.005443207824318904,0.0013259244079241966,0.6173839551002621,0.024586928788907312,0.15096104967723584,0.0035216072873874267,0.019862678591175346,0.363636358677686,0.013701206420989175,0.7018889288010147,0.004855477669294384,0.06281088902957402,0.09094746011854775,0.36918082429678045,0.1389177882830881,0.4216867469879518,0.08876594141123734,0.4137926432528931,0.04933389595912295,0.04419104579988742,0.3056512577585573,0.17481916761785635,0.14114652794567625,0.15265082612805647,0.5381577590433669,0.04569066393493478,0.07462559372293444,0.5162531893244671,0.10459757690261082,0.051126586971330844,0.11859707612858744,0.13754598898000214,0.003711541005212114,0.051126586971330844,0.7066011355762074,0.06756076824792809,0.00044424852003470785,0.008885253081940825,0.042456752918976784,0.014571760847939109,0.07255864748030241,0.00885088186085689,0.029550182452726434,0.4966568460363944,0.2702039476719435,0.04379741843205001,0.05708799179973846,0.14700166565334144,0.02171217921875935,0.9090846955731349,0.7241359294148868,0.7463184522316371,0.25182805536152914
000633.XSHE,4,1,-0.1994380831511005,0.33734428938342903,0.03614355538946712,0.28041381217846884,0.5620846425248819,0.05408612040919775,0.16694778422601103,0.33235187255936455,0.941850151790709,0.2701121666276729,0.24039177827601116,0.00021724836642502858,0.013684344003226122,0.004684844019412318,6.429432602180274e-05,0.00021034574652015076,0.00023353903476345253,0.001115910029534496,0.6176185286830504,0.022145787255030455,0.15082712328944636,0.003101060831416681,0.005329454758270797,0.5454545434710744,0.00689625760025268,0.7034172627231305,0.0011285688723101479,0.018766392330650264,0.09137299635189693,0.781291360768502,0.2396365250771799,0.0,0.1710742854281765,0.14997859560475885,0.11437771772059382,0.05286232503225709,0.3111668136650867,0.18275182142196367,0.14737155439781413,0.05148162971418578,0.5305219354030709,0.017901014333249407,0.017693315462639757,0.5196351419233328,0.09996186223022227,0.0019579749903030083,0.09726782529424928,0.11044186343633722,0.044170306770712806,0.0019579749903030083,0.6100865061809327,0.0544746849557883,0.001955609630038756,0.009171615977305455,0.05504079206416128,0.056895255733513006,0.05244352338268859,0.09732212653375887,0.02872825780610197,0.4766566907987311,0.27287727029485587,0.028905895928358422,0.07822918799144926,0.1597622010690581,0.011824938685170785,0.8451706764568037,0.5970932289593565,0.6096027862787916,0.6410974034724228
000635.XSHE,4,1,-0.2642400357362508,0.597155325562437,0.8123860509775981,0.4180773323195322,0.5121629223579407,0.13316372610909963,0.47895512932857864,0.13704771346817643,0.8799176106201685,0.2768810291254251,0.20052141331831108,0.0017964093775148485,0.011140736718955921,0.004956088661408077,0.0002928225161938103,0.002087182350184181,0.001222540142882853,0.001175045278076837,0.6170839496296305,0.023252476180249834,0.15103746361945722,0.003996154566111612,0.01061728180768545,0.5454545434710744,0.008780563864223552,0.6991453853552412,0.0027333476531427934,0.045265442705978105,0.09117011466111219,0.2862356366413856,0.06412335725949306,0.8915662650602408,0.10843453661698843,0.6510180176758215,0.07706710949361353,0.036125642912625024,0.3067650399789879,0.1809461580144039,0.1398323701375511,0.540236711973541,0.4440009613128856,0.019384131105934264,0.24526247521698707,0.5269936329135715,0.11323227433571785,0.041289554330374005,0.15497013945605853,0.17080012782399218,0.057688459047802315,0.041289554330374005,0.7298466773470192,0.05792872678053612,0.0009552257407912601,0.00903583223227016,0.04648609386633626,0.013981495959810802,0.19547549659183747,0.008014612407738972,0.02945675341226179,0.5330262584507504,0.27509819345838954,0.0487061529054055,0.03510114363713842,0.19114393334853322,0.01875844948256266,0.9244489497379671,0.7093311883596485,0.7403851993462067,0.418304135683336
000636.XSHE,4,1,-0.2511526662897472,0.6006715061705734,0.3777919164608499,0.3351523437451581,0.8735330576612677,0.06904181861174444,0.36929711495077233,0.31912725356555177,0.991123953776941,0.25266108121590863,0.2981145184832483,0.0026145446488372655,0.010654254761126662,0.004761998703427566,0.0005395352911852626,0.0015436090002075881,0.0015040761287885148,0.0011601389908706418,0.6181891515872746,0.022866796914344817,0.1508430022489683,0.00408475906768311,0.011800442137197295,0.6363636304132232,0.012650818465894467,0.7014119363430877,0.0011356980666181566,0.02487112236592204,0.091240166820876,0.3156888269126118,0.03328738168558248,0.8795180722891565,0.08672496643393313,0.8903201830614752,0.06560439449488609,0.03514375077009843,0.3076829272693023,0.1786557040360187,0.13725864861421994,0.1525055813370427,0.5262413590897641,0.026745941102241134,0.09072876595407742,0.5215236845080411,0.10016987060486572,0.01267410470615123,0.13398006140194182,0.14391368207809632,0.09952719070911321,0.01267410470615123,0.7166785272331461,0.06686844561305005,0.0004595557772339742,0.008978742464156914,0.05322492386941262,0.016212757418875016,0.08025417202916013,0.013331079809973292,0.029217393683741363,0.5504250739873792,0.27635475047658653,0.0461865867211409,0.033225676038129065,0.18737119686375842,0.01832356284022253,0.9135317990086775,0.7198653310335681,0.760622159788547,0.35841739626460173
000637.XSHE,4,1,-0.208261440511698,0.6748503662181526,0.21530492446096855,0.3427053863614592,0.5048879549362267,0.030405647258914426,0.5757078382701886,0.2874616767661851,0.8827176376676307,0.34226290032232676,0.2020370446499118,0.000859649909808387,0.0107078855204358,0.004809892350911387,0.0012781083713055191,0.0008371047318875033,1.6313711689786887e-05,0.0011122781100860177,0.6181794831479704,0.02259479288570404,0.15091267020582008,0.0036639628749031237,0.0164423375479718,0.4545454565289256,0.013837088579793872,0.7017793258521844,0.0021747450287787034,0.09595731210997557,0.0911964368784096,0.39760584672771904,0.15469213847272403,0.28112449799196787,0.1360239330338849,0.1811386727632407,0.10974394576325315,0.05357903234965982,0.30432540596963165,0.1929903962638082,0.1426270677512693,0.042142566779794964,0.5304738396046836,0.020273512978610644,0.042226130239094745,0.5204051325320088,0.10266562296941616,0.03323123608323903,0.1235834093685458,0.13414906051797448,0.08655932832823997,0.03323123608323903,0.6782865162302797,0.052501660156016046,0.0057528895849936635,0.009025020943451919,0.041907573166362275,0.024276505469949305,0.3423849544229624,0.05851275947091049,0.03084366841722014,0.490885331482309,0.27134993545910474,0.051274160254292545,0.06877738462867407,0.21979285415716676,0.026939791828677395,0.862858786269191,0.713460815532263,0.6960878026368251,0.49102506526429335
000638.XSHE,4,1,-0.2710873433256332,0.4190324404430976,0.11497664117822037,0.4983550817164663,0.3914349408074065,0.19480299023574354,0.3147325488558288,0.40852892466283897,0.49751655120269,0.38079129582328675,0.07152514976741497,0.00025262372400241406,0.010469368174345663,0.0047103000640493975,0.0029840589171838032,0.00022972791834927278,0.002812499651237856,0.001117642772658592,0.6179197062962548,0.022056994100366337,0.15083937235985911,0.0031820556282795708,0.0,0.0,0.0,0.6981905462854394,6.135067190847084e-06,0.0,0.09134051696217903,0.579167364216795,0.34720774162497264,0.0321285140562249,0.13305799715660166,0.3190692116509718,0.1149326495716029,0.06022629483638841,0.19849564832003305,0.1902863008561845,0.2701705675445917,0.09565883125767738,0.5318427242963106,0.12315155519597824,0.02106853298236225,0.5499101577254238,0.10054358941688203,0.0016284235536312126,0.09920546694417594,0.11680136698888102,0.003535002917119608,0.0016284235536312126,0.9158554156047662,0.24628075787868206,0.00013322362034979692,0.008992006951036363,0.07781400866128892,0.02698704861109401,0.007520608418070892,0.011338859277219872,0.02996043969994048,0.5371888455085864,0.3059911976769561,0.06099652624362249,0.04947277406378663,0.18457354841161272,0.033522910809355745,0.7798967845933162,0.779916301800009,0.6589184950080931,0.7701295823946092
000639.XSHE,4,1,-0.2167310597542935,0.8200033220356666,0.24897952702223447,0.42040601743140593,0.7401718060532503,0.14760329915156617,0.6649563449496827,0.462551652655963,0.9387506706980266,0.45740278473327306,0.23795728133234606,0.0014540436275593304,0.011267913387963716,0.00505175503127797,0.0008784351590928008,0.0013770639313114889,0.0007014685590737666,0.0011323100333091264,0.6181831412189467,0.022159708163225978,0.1512387314948172,0.0039201506832474324,0.02236517442324097,0.4545454565289256,0.027910237784528703,0.7079584980424346,0.005640389841936933,0.1535678755539477,0.09127537928396277,0.17601153580118367,0.0743518353293372,0.429718875502008,0.05085110896487387,0.9634400610204917,0.034161356613576443,0.03770155330105897,0.24987108873275718,0.17617323645160715,0.12947249107646552,0.2250747579931131,0.4230097335442512,0.04401984867756909,0.15648332183606165,0.4895952304021953,0.13675410503221866,0.057720357193003294,0.1729452787412646,0.18897655864171606,0.06783701346328233,0.057720357193003294,0.5771129628396183,0.05649027729880316,0.0012021982237168985,0.009121240975275698,0.04561516311285056,0.01623913252853304,0.13836868237299899,0.016803989197953145,0.029412165901414145,0.5860049919997161,0.2824072478909601,0.03129925671006004,0.03991968378195006,0.16146316246136697,0.03352889274391339,0.9623824757495278,0.9231900402458986,0.8609606747061758,0.5354955175670123
000650.XSHE,4,1,-0.253733889209953,0.6112953526995855,0.2189184754359201,0.35984727820429707,0.468946937724694,0.027837495236463006,0.5840181042194151,0.230537990135678,0.9993975792521377,0.419458135222564,0.3477535904199451,0.0018723397938413561,0.012311297941006194,0.005433837855968284,0.0004980391399097812,0.000246373326895379,0.0011029379646024565,0.0011105115253603542,0.6193623567904142,0.024296671090067154,0.15179552200241364,0.0038903991570527954,0.03867509852069126,0.5454545434710744,0.027603655499878855,0.696205061216922,0.002760785081605043,0.036537939766663655,0.09112110502016225,0.33469321308191213,0.0326841371531696,0.8955823293172689,0.09255999399170696,0.9530540530274643,0.07147421476516318,0.026219905769058978,0.3064258702529405,0.17673291245817788,0.13587689811962345,0.06505662332752113,0.5318427242963106,0.028770585490666682,0.049056267371171296,0.5227943556986451,0.1163694583827462,0.008228065470258013,0.12268602287846095,0.13938902803818093,0.027753324866927127,0.008228065470258013,0.6839164875896409,0.06248058925067987,0.0006016206670817885,0.009062494722731762,0.049960450614981056,0.02184425560927264,0.0816995048954346,0.03178888940482691,0.02950267583774087,0.686039033401601,0.3055378248968816,0.03568049273813155,0.029645277252582522,0.10784820388103562,0.02943575402285099,0.9095480464700119,0.7068158197337584,0.758665533002564,0.2735082078526061
000651.XSHE,4,1,-0.1241166465492321,0.42676686114498846,0.2448487260893637,0.6091608995513504,0.5466923113573046,0.19528151328258492,0.5377308654650497,0.5666636923580363,0.19770201951456834,0.2386790209154699,0.848157683482871,0.0491754680935998,0.03701277733908545,0.013954525045319327,0.021492162351889495,0.033626240621064174,0.20055757254379114,0.004265362034139415,0.6317594962391165,0.10358913408192555,0.1637034924313608,0.030732350232055953,0.30073909311502645,0.6363636304132232,0.33838145597146585,0.704104653537528,0.0017994724156766412,0.030704531066292846,0.09122574262027254,0.39966907311788713,0.06913608930173895,0.2730923694779116,0.10115804577634127,0.8117994166917325,0.08058053149318106,0.05468591278058813,0.3161942281636642,0.14843851389924878,0.13364243988800412,0.12588641390369448,0.6789770300095669,0.4308766266093861,0.2579386221954431,0.7365029426576805,0.18543276446959345,0.1503077596740215,0.3014267628128698,0.3062766493891479,0.260060484175587,0.15162655872786435,0.8771093404005951,0.07461766827707624,0.00034061380376268415,0.00905418817435688,0.044591337972317006,0.017974117868234066,0.06101561469417436,0.009317983973122335,0.030070469516800764,0.6151741489372319,0.28688374443479564,0.043068655966493855,0.0791930939350102,0.17322739334751988,0.015259017766345636,0.8872326412066296,0.6842576621998142,0.7204835851951212,0.3251960344217209
000652.XSHE,4,1,-0.2970031199791839,0.5729611398308351,0.23447175609854207,0.33743640649765294,0.5471563899831905,0.26928536460672164,0.374208075055281,0.26097176342849965,0.995344850751577,0.12241882372959352,0.36594794269422776,0.0026287965661996445,0.013444793138335851,0.005766608383549188,0.002502034922480377,0.026877992532017395,0.01954154478510823,0.001976847541079297,0.6129482779314432,0.03116544571062685,0.15122704028787504,0.003932650358194909,0.02020045136569452,0.6363636304132232,0.022903951251724324,0.702971523295371,0.0019500111937269815,0.03251333996563263,0.09128905299492927,0.4172004103283771,0.19067622624259326,0.2570281124497992,0.13496918773412248,0.2068968349212965,0.0968426731661203,0.04569043791066811,0.310944939988174,0.18466156813107873,0.14271025875000323,0.04518916483520553,0.5487094846924693,0.06536348347111187,0.0390997655501034,0.5332925085883722,0.10719498356907906,0.017146413127833285,0.11966092954851698,0.13405908731958996,0.04758205111281287,0.017146413127833285,0.7481142867826549,0.10894544600713821,0.00019992411498633686,0.008873522255092041,0.04379480966429721,0.015109189848510495,0.033887633175516206,0.0074157276866469125,0.030081477113878936,0.5475786805463922,0.28098444769793113,0.027791115393159118,0.057020102969193145,0.14399525637128235,0.012418197044924329,0.8841365340642797,0.6880003095838312,0.6814738337474551,0.5497004052570197
000655.XSHE,4,1,-0.3214958012832424,0.8294319024851142,0.3469345582467279,0.3906354666657695,0.5170382555592055,0.04773100171306549,0.47004202469276984,0.15580711162690228,0.9964724137840191,0.28309766288910754,0.3621997480121738,0.0023644091842955797,0.011102530247144346,0.004981733352916775,0.0005085964642385773,0.0002801843058130044,0.0011064053051078172,0.0011161344026832676,0.6190829813005929,0.022118473113081672,0.151162395047118,0.005548588342893313,0.018023867592234025,0.2727272717355372,0.014608845614771004,0.7000571109387883,0.0026858737993146484,0.030794971511259837,0.09119201572010463,0.07992446452888868,0.0930375212674622,0.9236947791164657,0.08367272722481423,0.7166602162613861,0.049139582827577404,0.0348785393084438,0.29785074648132653,0.1795680242838516,0.13739253412780736,0.10721207212869202,0.49125736991468594,0.036992267310622086,0.1323654082045768,0.5347963971232486,0.10920248196637018,0.009361732232665359,0.1881005825716042,0.20098791074938227,0.10781891433316977,0.009361732232665359,0.7813647714299403,0.06459245753315414,0.0005213219569548298,0.009080016665209387,0.05865392784229213,0.02044255185214844,0.05533132542363236,0.028286855815801735,0.029162382941506245,0.657237457074014,0.31479566202645765,0.03235485484956832,0.03539044942488285,0.15507763021229165,0.030035592510617933,0.9182522972262857,0.7577423599133168,0.7708739863696257,0.28559004721439846
000656.XSHE,4,1,-0.2353527931817983,0.6391704480806419,0.3520045817802248,0.35194363133573314,0.910371304694533,0.9987752196288816,0.5914539433315062,0.4110405359178916,0.8137084090384189,0.4489422383439325,0.5359136862638625,0.006108824248022288,0.019025767736032817,0.008331889934307952,0.005172253877627423,0.029143816218247243,0.07367333139431115,0.003688477658376952,0.6622785427680425,0.021426627571992464,0.1558269723078629,0.010206640343581035,0.03129252946854897,0.4545454565289256,0.0296002098276127,0.711208200854692,0.012840377176561401,0.053721624310391604,0.09036588806998053,0.41951507007050615,0.14513658859261175,0.4337349397590361,0.09692061806361674,0.4445369515829499,0.05736934098209667,0.05665289708158837,0.33661504855628427,0.16918597659882917,0.14037051191061126,0.08965500417015185,0.6665416778990709,0.2244599178301793,0.1753634928833966,0.4942915347684544,0.17199246435267357,0.05593264089750924,0.23480347100124938,0.2572351071227496,0.048632797330828925,0.05593264089750924,0.7007900422656838,0.09384775522344979,0.0002336758872525264,0.00908368056092798,0.04516162480165943,0.015446412170167368,0.015744530256656973,0.013685068923820286,0.029662692599473846,0.6537058002335219,0.30721563511219374,0.03019172366208704,0.07370234510244864,0.1160878046308963,0.03025991505652928,0.8727196389768643,0.6946093715448236,0.7329930580677189,0.4544278407661212
000657.XSHE,4,0,-0.2710854612490253,,,,,,,,,,,,,,,,,,,,,,,,,,,,,,,,,,,,,,,,,,,,,,,,,,,,,,,,,,,,,,,,,,,,
000659.XSHE,4,1,-0.2711343727458948,0.5918267332877976,0.49432433033280354,0.4066380717616075,0.42412657176125024,0.19188864568034875,0.327134245753509,0.08172117560556347,0.9421136010973543,0.17488210032542045,0.24060229517631687,0.00320616828755561,0.010198291013804863,0.004590713358484571,0.0011106862565028123,0.007434720305264609,0.0012261950958496128,0.0012796707829630571,0.618505346363412,0.019536228267631957,0.15011405859139787,0.00409158089142785,0.008027678368127197,0.4545454565289256,0.008292616826805939,0.7007854983981836,0.0019854314669773363,0.01989689789273763,0.09130715012493607,0.22048409370447425,0.07710109944400143,0.9999999999999998,0.10549100007773886,0.6053183505988611,0.07059295947404862,0.029059859384494867,0.30178222817787514,0.17988294387717257,0.13712476310063249,0.054115600522398166,0.5334576888647119,0.041066730709545085,0.04586030405840419,0.5217873337247455,0.09033829820602786,0.009868252872665378,0.12342033599380221,0.13521484741688736,0.07479595404390177,0.009868252872665378,0.7337554059059779,0.057738925136248134,0.0009812490456840343,0.009121814795519564,0.05107371699314916,0.01850919099218151,0.06075455687236101,0.011121513325564013,0.02904769334229935,0.5346739953628292,0.25510910633003014,0.023573167202292803,0.017138930069556666,0.10707641422201955,0.011822695459711671,0.9262934768715116,0.7175766219981425,0.7335832147298877,0.46598723359349237
000661.XSHE,4,1,-0.08561807576542,0.4734569546346026,0.04001371993339048,0.3526499749530447,0.6587097912064122,0.10607574222594388,0.6880558390209404,0.8113838212146136,0.8596833866232737,0.6636967614569093,0.5069057223101383,0.003146711662578967,0.012508192173206038,0.005590747573616228,0.0005687986509229805,0.0016485736869836897,0.0019366703423701914,0.001153737467267916,0.6183410896766609,0.0295342193152258,0.1519751274979622,0.0041320652313492,0.12892208586633677,0.5454545434710744,0.1709292781189775,0.7057045250120481,0.00476014371430032,0.11219137198155014,0.09137962771657217,0.4904052382509627,0.2120939131801333,0.012048192771084336,0.17483210378535635,0.11757326514040155,0.14082884385988886,0.07519833766641887,0.31509768518084214,0.1857477187650733,0.14698939574738012,0.19837741279253965,0.5766748545114663,0.12752753114521542,0.2107453740801107,0.5272784399096583,0.24702709034926434,0.0761505847113625,0.23319461263208074,0.2474360503403818,0.1252256758479726,0.0761505847113625,0.6845416504533308,0.09280536384876317,0.00023691773410802741,0.009051003238966062,0.05790159247617142,0.017650698841887462,0.0684032462069019,0.013030830617128324,0.029440504232018563,0.9089392499581413,0.3471210049808714,0.03485714731427785,0.1036255480533553,0.19352445597101892,0.03675285637375127,0.7956196474982602,0.6488628322497902,0.6255713429430729,0.5951192316546887
000662.XSHE,4,0,-0.1802101906862547,,,,,,,,,,,,,,,,,,,,,,,,,,,,,,,,,,,,,,,,,,,,,,,,,,,,,,,,,,,,,,,,,,,,
000663.XSHE,4,1,-0.2606821767337802,0.567421145286504,0.14895486078396286,0.370062434117831,0.5754429518476631,0.2745109736705664,0.6568497183231059,0.38743600732229594,0.663382039255703,0.41674030360978925,0.11604902242908499,0.0005702059167804592,0.013684344003226122,0.004714911542865563,0.00018433576855850998,0.0018663930402829688,0.0005283614433132604,0.0011774559276211453,0.6178049813769453,0.026049287249766975,0.15067565532997904,0.0033542874993208456,0.01243075909552341,0.4545454565289256,0.008935505754971408,0.693392629048586,0.0030873699477515703,0.06651894727322058,0.09115504196455969,0.2621047176313502,0.07169265105413328,0.7791164658634537,0.084967277202349,0.751558106516894,0.0472107586219853,0.03250658530107315,0.3071974209527789,0.17978022571742075,0.13892896788567474,0.10151153613193636,0.5210321870953696,0.019566291902402472,0.048535087617666284,0.5194956691992836,0.09872564844217394,0.008450044181947173,0.11037088972932456,0.12685290214994016,0.021588275538315257,0.008450044181947173,0.7129065165340971,0.05808554978295521,0.0009348626972140496,0.014516751274748114,0.05299815471381705,0.013861421211700595,0.033587315065567454,0.013180979663014413,0.029440745333946895,0.5484812766745432,0.27548246046906666,0.044553748974017426,0.030540531569749327,0.1323764534883721,0.0239278877789077,0.9272210663106617,0.7288460262704,0.7789856698872233,0.4295823522715009
000665.XSHE,4,1,-0.04005867553473946,0.4817436098369124,0.37274730021140967,0.48559804497402603,0.6304317552821125,0.2221041130203825,0.5683728865946492,0.21528638286387816,0.9923841196270613,0.35430867962032336,0.3009049967948124,0.0022554419266959114,0.013684344003226122,0.005061206909904604,0.00034677968166414513,0.0014214741888057148,0.0018559457525913975,0.0011608510944875075,0.6163401427284271,0.02221836889955534,0.1512261043050169,0.004049841920794519,0.0,0.0,0.0,0.6975250590931943,2.7718851796135374e-05,0.0,0.09134051696217903,0.698655183005129,0.08821270241143242,0.6586345381526103,0.13305799715660166,0.3190692116509718,0.0775674404956915,0.03673996001110908,0.30616668208271125,0.18105526508290012,0.14208910423830812,0.2983900452247514,0.5289500018796058,0.03971480614247663,0.15557068757455084,0.5280530876386537,0.11711393689182573,0.014306006267246698,0.14830712895344927,0.16782067053036195,0.01828574094440455,0.014306006267246698,0.7304157508322846,0.08552211989041743,0.00026511774583935007,0.009148522522646354,0.0628031833693121,0.016844335816163153,0.08772979277588527,0.004917784668918861,0.03183911834435301,0.7632786416260924,0.31124420947185094,0.041035646424673174,0.044096898162837114,0.10655953919035314,0.022022492073936712,0.8454999928988369,0.6546758215028086,0.6927897906858229,0.3366635545603
000666.XSHE,4,1,-0.3381059519992821,0.7623907125766506,0.5153626201685138,0.6558976858879841,0.6390466327133637,0.3966240171928431,0.71239063449704,0.24987655397701408,0.9860740696507277,0.18877038228691528,0.3874129867243344,0.027455011989958075,0.02117081735887319,0.009364815752895862,0.0010518583178873435,0.014379684012429499,0.009518633307206802,0.0011344281745941597,0.6326482783653654,0.10199296404716943,0.15681523766626596,0.005927271478900006,0.018157012197117007,0.4545454565289256,0.019264245407494437,0.685129489107508,0.010501595801654159,0.07171927285882247,0.09057344948530538,0.2849914587754241,0.08330274704555332,0.9799196787148593,0.10432425808780803,0.5874536366426821,0.07486208695396926,0.040183758936180744,0.30477044448132823,0.18108425716419152,0.139342323160634,0.2612583432222975,0.7735416117610661,0.41201271030600567,0.18641251463973418,0.5519284974652419,0.23923347782517584,0.03229147846639757,0.18750817226802954,0.18267494092137304,0.27547575821916004,0.06734357421037825,0.7322667003202937,0.08620115065245926,0.00026198759096397793,0.008925062169790781,0.07375445821036261,0.026418157949062906,0.02472220343886868,0.017499107007791323,0.029602031626737517,0.5569140083140858,0.32452945297624924,0.04377755284206311,0.04314105311594888,0.16209181993210722,0.02216710534186756,0.9300135987274716,0.7205812436424752,0.7490368696083842,0.4296096112011425
000667.XSHE,4,1,-0.193524022069393,0.4458064006253428,0.75120954551662,0.04021076627746639,0.5056226903687803,0.21043245322694826,0.32212654143366226,0.2612691332174514,0.999717231077534,0.0034417617179418325,0.34474536715999593,0.001971138266106468,0.011092430740896452,0.004963543941985464,0.0008244909519012983,0.0072921910771792985,0.008363907462376719,0.0015535914590640884,0.6384252055211245,0.02102232211472672,0.15109070076864817,0.004989234219254809,0.014452107335949165,0.2727272717355372,0.015724323944933536,0.7037836662779883,0.0029414325807511463,0.02799131771728317,0.09136483627509952,0.2852999812217512,0.1155475840575391,0.7590361445783131,0.12401986426001149,0.43498145465707283,0.08639481076745936,0.040047105058051514,0.3064258702529405,0.18162927783744856,0.1408202632475166,0.08934406437919003,0.522924558247379,0.03324041068224428,0.05954040088917115,0.5149637692098183,0.10158937545441997,0.003034356923887346,0.12477974195876887,0.1422749344479985,0.021645000990044683,0.003034356923887346,0.6830260687071515,0.12648276280570542,0.00017779129396914862,0.009039464325242318,0.05124415663772709,0.01687315247068599,0.011303406462779214,0.026043734887542053,0.02928929109606411,0.628800134834999,0.29721963156697045,0.043110345268016464,0.04159985502755651,0.1247563269493844,0.008386074056349824,0.9249185141526182,0.6887549201715983,0.6992128603982435,0.565350515585122
000668.XSHE,4,1,-0.2164754945475365,0.4718241760655371,0.30856468959180017,0.34820314435350963,0.0656927033833773,0.08029208164575771,0.21386644989333278,0.43858489357807684,0.6629640330224925,0.21851957840352526,0.1159225315876995,0.0001746223255660059,0.010703529400299934,0.004809932304599061,5.656217375227667e-05,0.0004963157422548802,0.0007718761913942824,0.0011369411196632036,0.6191249156451889,0.022392398396535736,0.15087213781451758,0.003922289665699125,0.003220844123119663,0.4545454565289256,0.0030117549205374555,0.7016177264804823,0.0008354400283263771,0.019173374333001716,0.09134479753607545,0.2015376385811945,0.21218890093554962,0.08835341365461848,0.1399280058923435,0.17075163818051348,0.09893592668321752,0.06078241474738598,0.30609651068228966,0.1820359698886276,0.1438346370922666,0.08533558189016449,0.5318427242963106,0.01368213385488641,0.1273583706443273,0.5308456736315774,0.10532047127909136,0.003515283520723943,0.19056036183024241,0.1938213596261162,0.20076091626978732,0.003515283520723943,0.7549560224217291,0.3269236730611929,0.00012505919395716883,0.008941413168044064,0.06032389336915907,0.01323861310057158,0.008389785008814626,0.03429358047450972,0.029759759963388036,0.8978125904397994,0.33951839702646636,0.052197889876219095,0.09499638908938049,0.12252424063940823,0.016792187593467726,0.8776558350257773,0.6992254875945338,0.6788333117690704,0.6959177055193839
000669.XSHE,4,1,-0.09812319166377181,0.42268628746433573,0.13699522872378145,0.3602379009217173,0.9455635437485215,0.614472944917966,0.5590301299189877,0.5465185839628088,0.9451094587960895,0.3591462884080304,0.4396053666449975,0.0012978635093877503,0.012468271674471133,0.005564337797369654,0.0005160119614516731,0.0041612046964102515,0.0023650374781626193,0.001263151503016229,0.6162239341007464,0.02400550116591239,0.15187790863385003,0.004480942043978394,0.01488952368057824,0.6363636304132232,0.01615350070370592,0.7021478040194573,0.0027150375143055,0.05932893189834494,0.09124543197825329,0.4363604058661016,0.127201945034591,0.17670682730923692,0.12281557043867125,0.5579556082082006,0.07923128786620601,0.050327069719220845,0.30712901304396856,0.18180563654537066,0.14007674369633205,0.2427620953928175,0.5480558944541976,0.09726479370635906,0.18890573776545422,0.536725488772807,0.16550799909694774,0.026677933501356554,0.19803837374678945,0.2194100838349523,0.03402281264405017,0.026706555456900625,0.7301797080314147,0.06555667408913951,0.0004927059569362253,0.009057909095689771,0.04795738903350167,0.020955779574673893,0.11391631258505625,0.006411891389771276,0.03763646869736478,0.6958633598087473,0.352316980182996,0.0460310338703028,0.07168089487085763,0.1972021932157876,0.018334629419154154,0.8948610657425686,0.6733420680199904,0.6893161840232578,0.577182736536648
000670.XSHE,4,0,-0.1396061868469566,,,,,,,,,,,,,,,,,,,,,,,,,,,,,,,,,,,,,,,,,,,,,,,,,,,,,,,,,,,,,,,,,,,,
000671.XSHE,4,1,-0.1574755052803364,0.6247313592911004,0.1371940407215244,0.2750918875311139,0.5270694421109559,0.332125365445538,0.44452972574775823,0.752685260187572,0.9010681991220113,0.5988444961782909,0.4774482641164908,0.001937963107033401,0.011942860722450939,0.005361690483631885,0.0023288019757228,0.018035454764447414,0.026327293960456213,0.0020747485667495496,0.6372223498477648,0.019448979872829675,0.15167089088554805,0.005268664178118998,0.04067853483614197,0.6363636304132232,0.037722603253333285,0.7033873855682355,0.0029870255385981274,0.031156733291127787,0.09133498861623343,0.5846919748675864,0.3113822237033926,0.01606425702811245,0.18191490623241816,0.024926624501205724,0.12100233546593642,0.0956129907445417,0.3488068787216608,0.183764895903739,0.15096566551499127,0.07048623431221399,0.686528221126891,0.1765065617779943,0.11714922719170733,0.46921864280593745,0.1264614328974557,0.034566770490645174,0.18566860436052512,0.2043058226746491,0.05165806639899675,0.034566770490645174,0.6856669436079726,0.09103029646045493,0.000242831953133248,0.009017942639077283,0.0429019803187063,0.015905208434149682,0.022552033276465957,0.014177129048532893,0.02975911293843913,0.6135230855037961,0.30188748295958795,0.030052802656935315,0.159093258389672,0.1251987067436794,0.03993659149368906,0.7780762238854724,0.5905449781080008,0.5933041643672121,0.6349460693855591
000672.XSHE,4,1,-0.3188748749116865,0.0,0.2770086310661213,0.29459947271245335,0.780569047995192,0.3605610596854005,0.44880905177824987,0.3250510136682002,0.9975938296659728,0.9999999999999999,0.3578448490444746,0.00010429918796108924,0.013684344003226122,0.004718534720357957,3.398658431197281e-05,0.00020097372636864396,0.0001941630701613206,0.0011139114957639318,0.6172921449486918,0.023303447798560275,0.15080422108157335,0.0030531857627573225,0.01655539099643503,0.09090908694214878,0.05294291725396596,0.7154386690712862,0.011881920246852728,0.27114045401103376,0.09030841052110201,0.7495833847665239,1.0,0.004016064257028112,0.32282650658606415,0.0074776793734517705,1.0,0.33094887892314573,0.1852615822777748,0.5952408666733124,0.30548514650714786,0.04754609167120154,0.5306231024272647,0.013146289655995529,0.002850496061102265,0.5226303126501519,0.09978135621808398,3.768523381856515e-05,0.1036220744911971,0.12157033781260479,0.0031559496649089724,3.768523381856515e-05,0.575991175271128,0.05731289984444115,0.0010458917313963564,0.00868856625499777,0.05572795933088455,0.013149507421536083,0.2614586000723497,0.9853589081503286,0.030866287047276206,0.5546137187958436,0.28374634250415565,0.9655747525494986,0.07171196333961918,0.9787073453412372,0.04684079081174852,0.0,0.13149573216576016,0.02485127259956743,0.8037734956422568
000673.XSHE,4,0,-0.172491107967172,,,,,,,,,,,,,,,,,,,,,,,,,,,,,,,,,,,,,,,,,,,,,,,,,,,,,,,,,,,,,,,,,,,,
000676.XSHE,4,0,-0.2045495371535384,,,,,,,,,,,,,,,,,,,,,,,,,,,,,,,,,,,,,,,,,,,,,,,,,,,,,,,,,,,,,,,,,,,,
000677.XSHE,4,0,0.02496374598992422,,,,,,,,,,,,,,,,,,,,,,,,,,,,,,,,,,,,,,,,,,,,,,,,,,,,,,,,,,,,,,,,,,,,
000678.XSHE,4,1,-0.2982553968462148,0.2701001297633413,0.392214996437687,0.264465037230453,0.6500193505406866,0.11649297382820606,0.25433018407088887,0.29594853358950257,0.7878622757278007,0.06979525384926241,0.15865972111479998,0.0008147908199675679,0.010603675141278305,0.004703696817671854,0.00010011214641310852,0.0006239829936218962,0.0009139535736347546,0.00112910733461707,0.6184818362670227,0.024000945937563314,0.15076145283963327,0.0034492310471134764,0.0,0.0,0.0,0.7016021473567144,6.995354985244661e-07,0.0,0.09134051696217903,0.8357551271626003,0.368130270671565,0.1686746987951807,0.13305799715660166,0.3190692116509718,0.13482126392013788,0.04397622641682686,0.30785818382255353,0.1863565670591256,0.27068141227119225,0.1473857024538077,0.5556198005527047,0.03765657130318235,0.06974907760545812,0.5182973439639866,0.09723460263698917,0.00834691103119832,0.11566770715676493,0.1301452112638618,0.0441512215720001,0.00834691103119832,0.6892262820804953,0.07597401200332023,0.00032755366567331027,0.008380556655775223,0.051979078665547275,0.01878024530629598,0.047957134786019415,0.021840021252647338,0.029553042984079504,0.5484186271889897,0.2735574267970372,0.047326562836933,0.07403300679486172,0.16548930941885798,0.007798498534426033,0.8045751019016916,0.6042910530272878,0.5916340342158837,0.8957300346822384
000679.XSHE,4,1,-0.2328914400398589,0.5767091177328264,0.4767405842193241,0.4424590248987453,0.5137457380747591,0.2811679939489522,0.3304558662004714,0.25076609823170337,0.8353810662495972,0.14440162652244778,0.178633528475573,0.003592384997949515,0.01176824859218391,0.005266331034715591,0.0010950081993433103,0.010131885977283693,0.011106978565651736,0.0015116758832722386,0.6213656846495526,0.02308498154885193,0.15124219952864412,0.004596862660863377,0.007040838525623677,0.4545454565289256,0.00617097124224229,0.7014695180356503,0.0020737935842303486,0.02446414036357059,0.09122459852217435,0.6366714930266991,0.1379543722969226,0.7590361445783131,0.12052359111457786,0.47361818459930655,0.08108768458808355,0.03894841959796603,0.30603230207697296,0.18169469573784325,0.13927343061480746,0.06038777621771131,0.4574601960780766,0.13396877334049057,0.1115805960025296,0.5130588865564032,0.11936617150229566,0.043619491989545275,0.1836478989234312,0.19583400333412332,0.11148221219719144,0.043619491989545275,0.7124624756215697,0.07976996958433888,0.000297673744795699,0.009006787277442009,0.05122832633018116,0.015168225975000423,0.023209481442724132,0.011155947950104161,0.029593316541215164,0.6420552136014805,0.29049281757459,0.03148918637530901,0.038903639711316815,0.16067759791255004,0.01670126218819166,0.8992256181562539,0.6787432002122862,0.7020593430909423,0.575076699256919
000680.XSHE,4,1,-0.2792386299766529,0.907651330589026,0.659755603100112,0.36519859694552864,0.5808239903238938,0.22961188111079534,0.513234277200558,0.05863663189046392,0.9987942803399199,0.21150476529312012,0.32209040571485614,0.008549584857865998,0.01224000184728384,0.005182400788373517,0.0018581711159931184,0.015696165105349907,0.011229015230604397,0.0015858530404011411,0.6227507534026238,0.021570312839431123,0.1507315530628659,0.006097984858228409,0.017139639931226056,0.4545454565289256,0.021897100500378363,0.6939080163426745,0.007853022379875787,0.03549787464954328,0.09044355196070025,0.2457308253359261,0.09225283174876667,0.9598393574297187,0.09228131987440558,0.6235978067937653,0.06095989120071722,0.03458095901351774,0.2981309412322801,0.1794326289308713,0.13752511978203957,0.10507156325181188,0.4924641372196748,0.0725025836776567,0.10376797888946074,0.5211128140826179,0.10311157899940487,0.04626979505390922,0.16168768177871573,0.17511414563432515,0.08498851044530274,0.04626979505390922,0.7204750770352557,0.07673862909426485,0.0003208108671567926,0.009083514967317232,0.04856105142792012,0.015938383460426808,0.0551320217256273,0.011431376047498151,0.02952819586388362,0.5396277400833627,0.2688249469102227,0.05202161018691204,0.03516119834815527,0.185921825125399,0.024473589758928035,0.9369452216273024,0.7487561363937907,0.7623451003794428,0.3286770247053074
000681.XSHE,4,0,-0.04005867553473946,,,,,,,,,,,,,,,,,,,,,,,,,,,,,,,,,,,,,,,,,,,,,,,,,,,,,,,,,,,,,,,,,,,,
000682.XSHE,4,1,-0.2556836755347396,0.5132686301191757,0.33983745690024775,0.3214417696802755,0.6080081982765898,0.07737249448803635,0.19798216840454083,0.2042217715360863,0.9354435037352722,0.03347809357338008,0.23543153028168157,0.0028360579898372372,0.010877081861501433,0.004804338059692358,0.0004899932631278866,0.0005544812692022897,0.0020409202953545844,0.0011481482303045904,0.6195360691558814,0.02697648515588953,0.15090495327467807,0.0034681173134487753,0.0046940769454717765,0.4545454565289256,0.004724525568731043,0.7013090202362249,0.0009721009570130804,0.013113864520213438,0.09130323600053972,0.3829554823039437,0.08393810343045408,0.9357429718875501,0.1219228909376231,0.48109689056245813,0.08110951287448845,0.0347500676882677,0.3073077602534417,0.18162162242463784,0.1402626235841282,0.06934440414250381,0.5365226024118861,0.024763885908029856,0.04118728498212152,0.5207919144040556,0.10194864682284178,0.007145198075696214,0.11382247462266865,0.1327086508237998,0.0011034955866803336,0.007145198075696214,0.6950338698048675,0.07015287640107312,0.0003970504745478418,0.008853672680569307,0.0599166587075398,0.018381363268272517,0.05226033949710619,0.020048569935226135,0.0294909245025109,0.6549948272592901,0.2788748724219899,0.029264240296776475,0.02639883873609263,0.10841194520443836,0.008237722079320452,0.9146963897686442,0.6800257617973555,0.7044476952203911,0.4492497405706547
000683.XSHE,4,1,-0.04005867553473946,0.6580752627379183,0.4496176733067897,0.4520836428419272,0.5483416628425317,0.23857076536932142,0.2669297197815197,0.1456388237788097,0.9820252928897668,0.15992590544436427,0.2822010671309483,0.0030800415404838855,0.01162901005278832,0.005208328985646451,0.000858441841112536,0.006937162248369993,0.0042809926136830245,0.0014589822614998263,0.6180145752611874,0.026851265328216432,0.15082523457313057,0.005101199171385311,0.002728003892685191,0.0,0.0,0.6822654366547096,0.0003586509908848554,0.0,0.09134051696217903,0.4538233387655578,0.03567554942515098,0.78714859437751,0.1368434852842937,0.22600782877305076,0.07304719330563539,0.0380513611736997,0.34365258459975684,0.17301284305595557,0.14148709109674332,0.056986922574462306,0.4793557957296559,0.03192499113878806,0.08602936254744031,0.5289478971014083,0.09877543119961998,0.0162264392358032,0.15877726450691942,0.17398015910693815,0.06618932464108561,0.0162264392358032,0.7412398323394997,0.10541643670102871,0.0002061193654454301,1.0,0.04923753323704987,0.01467435927491172,0.05306148031793997,0.009652599332009359,0.0293554688078385,0.6622738104082418,0.28435836655763536,0.033270630110514426,0.041172709968319225,0.1356785479049501,0.01777950589220554,0.881560587124171,0.6462120206978907,0.7342341033975597,0.299272358100309
000685.XSHE,4,1,-0.2924858600007588,0.9324587397875349,0.5279794539762928,0.37338910183867136,0.5339761223522567,0.0843140615271809,0.34462671855636917,0.42579909198693777,0.9516113876840961,0.18302225350315265,0.4330201630918698,0.0014446289687781283,0.012563105202365147,0.004888385728344366,0.0002823376444876539,0.0005985619296902248,0.000802163038074071,0.0011898021408318505,0.6176109700510081,0.022177895753323115,0.150899088283904,0.009328173839330873,0.01522720412435302,0.5454545434710744,0.018363056271425298,0.6999977305939905,0.0021573279957227296,0.0193090350004522,0.0911844596922658,0.3045647060008959,0.0801383807318719,0.5702811244979918,0.09579340431727475,0.7000417822007824,0.07039100061656371,0.05000394196440425,0.30712253865488703,0.17864834228120272,0.13670620838825237,0.10875767315590443,0.5363667056860792,0.029886684690627392,0.2203088564537033,0.5234847737860011,0.12243198865927897,0.004956590272778285,0.2713438104909354,0.28770281598222514,0.13073361118201793,0.004956590272778285,0.7129918191304511,0.059233437825684215,0.0008110909978149193,0.00914180309581554,0.058681762799727075,0.01843462749703379,0.08125286138217645,0.013368350572291531,0.029651843012698985,0.6401030999852524,0.36896835598153266,0.03254071389699175,0.06176768248396015,0.14638765389876882,0.025190225518932824,0.9203222862904943,0.7181322144089166,0.7523903325209327,0.358878094972738
000686.XSHE,4,1,-0.2683884852598981,0.9101914916273524,0.2663159755708963,0.05679222253524763,0.45193133441830097,0.17961499051631316,0.6312481329609406,0.4960267328661043,0.7239485957712875,0.33446421631279033,0.5862312912139913,0.0,0.013684344003226122,0.0063545098277469625,0.0029840589171838032,0.008062098247688082,0.0003903947596397961,0.001328174131049702,0.6194366714067405,0.02242922700686173,0.15061667658734457,0.006044520869898834,0.09092803364685759,0.8181818152066116,0.10019928257417403,0.6989624841970469,0.00923650302608965,0.062042145247354616,0.09181069543700486,0.7583614585238272,0.18015909355375234,0.048192771084337345,0.18417855698193952,0.16368870104578692,0.12635202137987644,0.05250824623405706,0.38265294233744634,0.19937606706096,0.1469153037641327,0.3416812857481125,0.3734668898874588,0.2727277927135463,0.2091134716743485,0.5044476703478259,0.1376738675858722,0.010939642842595139,0.16873596520238157,0.18288521379227918,0.08286183614985804,0.010939642842595139,0.6839679028531966,0.05154028217855038,0.0010165370293848852,0.00911352497100272,0.05305644375124136,0.029247760156912796,0.06504798281099847,0.03229344616550119,0.02996043969994048,0.5796907000442427,0.29599917104153156,0.03279584657232042,0.06394276392272506,0.11868080888686225,0.0342138242507627,0.8169577551802985,0.5785790102162669,0.6108253479547836,0.6965041795994149
000687.XSHE,4,1,-0.2704251676813363,0.47335537172578973,0.4024511677293615,0.22441753212499993,0.6661307026628517,0.15454323917619553,0.23279827774580591,0.184969688619202,0.9177234642881293,0.2596097660955533,0.22295501579102622,0.001407897934762537,0.009995721805125268,0.004511026329340287,0.000176768898601564,0.0008366228694160679,0.0011742169443072121,0.0011556880626923452,0.6196822662680894,0.02201160555925018,0.15046922669368754,0.003347878414104967,0.006334984329217588,0.2727272717355372,0.0055231652166518,0.7017190788633435,0.004190254693719161,0.01998733833770462,0.0909866222304614,0.2538315217175482,0.10506503592756966,0.9598393574297187,0.06791149889782079,0.6422930318170945,0.0391834695757099,0.03270467694280778,0.30057199495045883,0.17919055033145437,0.1378695825111723,0.12578271363161814,0.5659068234117279,0.04354422683799059,0.057621126177664996,0.5192775473484605,0.09178600168042916,0.005459980706060475,0.11114062633906747,0.12935798071633142,0.005647628385734132,0.005459980706060475,0.713320175699978,0.08000339596839068,0.0002960964687408283,0.009145735944070794,0.058461721524838535,0.02811338251646988,0.03050672191559167,0.02705544391169824,0.029051076942242696,0.4946559434402662,0.2673965014571585,0.06310113315925281,0.027479988463228185,0.2019467719258246,0.015645301190404977,0.9481801494084732,0.7982702003449651,0.7926886586940507,0.08156772780689708
000688.XSHE,4,1,-0.3548734903495543,0.0,0.04346614638194973,0.29975300107500924,0.8557792082410733,0.32614518320545,0.4007159900579264,0.3250510136682002,0.9474541576252329,0.9999999999999999,0.4372725141274458,0.000336229068396559,0.011127044566706478,0.004991681509329852,6.174372181353351e-05,0.0010600311803295145,0.000455042103314042,0.001108313178247822,0.6179090259327894,0.02526343971415728,0.15115881296063144,0.0024795237847933752,0.0252075192497014,0.09090908694214878,0.07958582534164912,0.7222695611556013,0.018566276193527274,0.19564529257483948,0.09086581636127768,0.7906284461111044,0.637204611057868,0.004016064257028112,1.0,0.0,0.9463917334330789,0.3087101889079229,0.0,1.0,0.9999999999999999,0.060282304667695776,0.5318427242963106,0.026230098158802465,0.01941128953922526,0.5246120377888378,0.10458312945901634,0.001629773838882041,0.0953897535884822,0.10929004438314427,0.036022782425818876,0.001629773838882041,0.7259694990634243,0.0875116107897205,0.00025628100578568814,0.009001497055069517,0.07847070258598626,0.04533975585279532,0.0342800974911475,0.017787992089953058,0.02996043969994048,0.7290919816420375,0.30294995983105494,0.9943843511475811,0.09160920443073062,1.0,1.0,0.032472731533425184,0.0,0.0,0.6442804561518622
000690.XSHE,4,1,-0.1731058858351687,0.4247455965868143,0.2923834255582456,0.584880138499304,0.5681567836810161,0.20734257188330907,0.4385972544530306,0.512627955581785,0.9375027991488831,0.17832212182676332,0.44688626982574525,0.0011521934468566963,0.018703336370309322,0.00822857538198402,0.001570753412099497,0.0038810648362137138,0.0019409187024405606,0.0014341132013935896,0.6192710412543704,0.023451959046153714,0.1548626505866187,0.005417931734274571,0.036715436384399856,0.5454545434710744,0.044699842254014376,0.7035286710000395,0.0022421085690818784,0.0411956226824636,0.09149502958060829,0.7833970767431742,0.21099564616192432,0.0,0.15991282704680537,0.1520564131571842,0.11083506678975522,0.058329106115899546,0.3320771784851199,0.19457850068280272,0.14749374117720462,0.06156728629994611,0.535957916528209,0.024058777897060714,0.06233269218403885,0.5363530797376082,0.13892940265390835,0.015399225848731511,0.13644059768441028,0.14900310730364635,0.07624642914606723,0.015399225848731511,0.762974466479001,0.0552537879538884,0.0015674190574759392,0.00907642761560956,0.04213473807964649,0.0170550261460542,0.09427508325952398,0.013969083672832068,0.030388082485878903,0.6279712765969243,0.29599917104153156,0.043515489553949654,0.09514519612821319,0.21977884176926585,0.01237363163246994,0.8635049921177089,0.6360316881164039,0.6350626991943766,0.5078396996467618
000691.XSHE,4,1,-0.2712144544292118,0.4969430015945379,0.04076535208673193,0.2972274109487333,0.197914488163571,0.09538752231721576,0.5840804596986802,0.30930763774972975,0.7650049748010739,0.3638568613840135,0.1499440503903372,4.0024376118652155e-05,0.01056137393866284,0.004758885778361874,2.8298686437693063e-05,0.00020141539066187143,0.00041604681193134073,0.0011201687461498912,0.6175310790365103,0.02228881851939973,0.15085986773929588,0.0029973608636357663,0.029494959023895703,0.363636358677686,0.022499658479559998,0.7157993989805214,0.012881511224144989,0.11807000090440445,0.09106227012423405,0.19878960041632365,0.18589590151937496,0.5943775100401605,0.104370374371995,0.33360982815915013,0.07937455181552061,0.042635142472943074,0.3064258702529405,0.18455823601659063,0.14163657492259335,0.07098581520369979,0.5318427242963106,0.013704066014781182,0.014411253023970972,0.5232662906068773,0.10090790868728264,0.0005354494785556391,0.08782322209233608,0.10373702938797456,0.011852173472793121,0.0005354494785556391,0.7375332592486127,0.09844524035311339,0.00022109710556783693,0.008981623080163743,0.04726045974379174,0.01385810156736686,0.017533829435571927,0.022834997063912815,0.02996043969994048,0.7114747245363107,0.34058535117313377,0.03229433183124014,0.04794860487731665,0.12178403822769418,0.019689537596458695,0.9059060374089276,0.755901441776127,0.724874773245175,0.5202428817311033
000692.XSHE,4,1,-0.06937463644679154,0.4707463774809125,0.5289150772116775,0.5114942416793022,0.5986455457395793,0.15264234388434167,0.319770498690535,0.5978023218295994,0.726199331014394,0.2693050928405555,0.13617507055252553,0.0011736873967473412,0.010813629677023841,0.0048076910927062864,0.0004931225483966024,0.0022312303324789054,0.0028741629676959667,0.0012091873732058937,0.6152743077535444,0.022977476520307436,0.1508304036800341,0.0037619613287201005,0.005668944877508333,0.4545454565289256,0.004645647638080626,0.6998086389224305,0.0011176683572779993,0.019173374333001716,0.09132463954654375,0.27121447091418877,0.08260676664955283,0.17670682730923692,0.10707147101723298,0.7735774289882239,0.0767476563590027,0.06639215893469685,0.3053392248735556,0.18111684049402443,0.1386754953114073,0.23670577406818505,0.4827410463916893,0.031657943411165665,0.1308783038823622,0.49879830236723033,0.10011643247012468,0.05467131080229633,0.1425961150737828,0.15180764932064084,0.1121547003796099,0.05467131080229633,0.6601135576207353,0.07299203054788804,0.00035844282910685104,0.008921131514828385,0.047681150166825045,0.014023601900198685,0.0725961526026153,0.003573465141891191,0.029312788317892902,0.5128431445384618,0.2733773624683258,0.04272027283051913,0.1045611687021977,0.17027552946243096,0.02079380271579829,0.9093829444262971,0.7119737074875063,0.7168687106067129,0.2221072676768161
000693.XSHE,4,0,-0.04005867553473946,,,,,,,,,,,,,,,,,,,,,,,,,,,,,,,,,,,,,,,,,,,,,,,,,,,,,,,,,,,,,,,,,,,,
000695.XSHE,4,1,-0.2355579722998591,0.4244763430466597,0.15232026728462816,0.4905849477803298,0.5223614513824979,0.18599071806297052,0.32920917093729196,0.21248619649015707,0.601895166495571,0.465478163182044,0.09832720379797788,0.0002878742921797012,0.010803910557481668,0.004852327264162054,0.0003377072921512816,0.0025164143183677955,0.0011744589309328327,0.0011658427618935145,0.6161053450558529,0.02228767656326069,0.1509106379351545,0.0033856266244557277,0.005700500728706311,0.363636358677686,0.0035659052337304836,0.6961818835468839,0.0023182591198416076,0.01908293388803473,0.09119393331699684,0.255696870721013,0.039163952765516895,0.9317269076305219,0.08853272477406313,0.938513436519286,0.06494822808975508,0.03388775903989855,0.3056395409545869,0.18136610954776042,0.13591459404092476,0.07103428380912677,0.5427499780377597,0.025106348205390087,0.04135525515184937,0.5284480997664374,0.10627522101542551,0.026093096316808506,0.11342613349112843,0.1309332244300796,0.013916290728012858,0.026093096316808506,0.748128309127261,0.07432887342283567,0.0003435953105096636,0.009128976719184395,0.043418707940851634,0.014160328412628107,0.0814696243612582,0.0038356122906553804,0.028223564724375236,0.48864048398668064,0.29599917104153156,0.042310359177991946,0.03388598923385815,0.2111175235598115,0.029302955075671475,0.9263032409708709,0.73714397859449,0.7605574670000765,0.2261657325770035
000697.XSHE,4,1,-0.1574573241833881,0.747185829850981,0.05680348842010091,0.31220370177885615,0.37961263811814105,0.09148702618625626,0.6035521492752886,0.1849389072732107,1.0,0.4289274271671013,0.33341991932594833,0.0003208514176292824,0.010605565396448005,0.004767753317250817,5.215740724621484e-05,0.00034012212989980944,0.000401081185943716,0.0011180723345632568,0.617564054582599,0.022202965404456727,0.15086946496934495,0.0035713012066329493,0.018134298204604347,0.4545454565289256,0.021612742968015915,0.7000872691030894,0.00502616269160363,0.06312743058695848,0.09116494063343572,0.22784200976955027,0.05924849265943676,0.9718875502008031,0.07992347332041197,0.8728712379337212,0.042877343564158364,0.024879055500195164,0.30695687014337164,0.17988891321166056,0.13505798672583624,0.017184858053409014,0.5242333469428863,0.016395892536351188,0.030587840134789053,0.5217155899832729,0.10126213215372568,0.0009273390843073305,0.12052717364448161,0.139161481654817,0.007989276238901095,0.0009273390843073305,0.6947195355799467,0.1030136453995873,0.00021082370811815787,0.00909446169196943,0.05697538756550448,0.017481589734408963,0.04378335046005667,0.020742602188880285,0.03386667114035609,0.7727703158975565,0.3751553663160571,0.038078419761785165,0.02531290607282391,0.1703632454273699,0.03931118023568822,0.9102803539219724,0.7332575958604224,0.7836158251763208,0.3765085106318999
000698.XSHE,4,1,-0.1790721284495377,0.4945267795492033,0.7071844388854247,0.20083355275611242,0.5719461461496603,0.22426894622247,0.36274792517839677,0.18153133898305399,0.9493048890044165,0.3219275025764873,0.2465482682274432,0.003417820488399147,0.013684344003226122,0.004487365414851971,0.003082089879287099,0.005752681441263725,0.004071314073981862,0.0013752633390706796,0.6152940919580488,0.02555243162747871,0.15008346738277414,0.00460807088245329,0.008725545404916499,0.4545454565289256,0.008773527351901275,0.6915107766808218,0.007249676969700533,0.023062313466582256,0.09195708345158822,0.7936634006066683,0.1292856407503012,0.429718875502008,0.15864924086008186,0.22309950015347513,0.09767407655631233,0.041960256324982265,0.34970207134636994,0.18460222405687574,0.1475236379423746,0.20594221882029506,0.5433507985912805,0.0287653392597284,0.12684191316430923,0.5094095108674705,0.08084267238715806,0.06140532656024796,0.15083389176892947,0.1616580235283687,0.10238731979397526,0.06140532656024796,0.7005353030053391,0.05487908108506506,0.0017315049734188956,0.009210846584164222,0.04321621192349317,0.014207092563613327,0.2620288903989473,0.005921748103005239,0.028838324241779185,0.4848593380444268,0.26450087238733966,0.07880946859831159,0.039888615313188505,0.2169992431727213,0.019860022731351318,0.8581764568036245,0.5703501614258548,0.6342639412959155,0.5244258844412663
000699.XSHE,4,0,-0.04005867553473946,,,,,,,,,,,,,,,,,,,,,,,,,,,,,,,,,,,,,,,,,,,,,,,,,,,,,,,,,,,,,,,,,,,,
000700.XSHE,4,1,-0.2571639386926342,0.644285677025574,0.45734529875260815,0.5164405948018846,0.6243059508554778,0.1737656925549985,0.47438826374586146,0.4655290149914317,0.7885792969240537,0.24608074218304368,0.15894116323688257,0.003048712205352529,0.01148168996926584,0.005103913110133089,0.0008900850838712871,0.00608554814244991,0.0029382569797793143,0.0012644158146260342,0.6157378754511525,0.0224630083014491,0.1510807594193039,0.004140917859916864,0.02108115527482892,0.363636358677686,0.018780607667007995,0.7032023026860852,0.003742011221540028,0.07307587953332731,0.090984057306123,0.2677303215761398,0.09434403099303096,0.3092369477911646,0.06177539788471191,0.657665185982123,0.030189387926050394,0.049152349071290236,0.26038998655076884,0.16753457657423823,0.1376603051549822,0.12015455849246856,0.5072542234342832,0.03135548362470985,0.11119888804736024,0.5302593582423963,0.11622463581563042,0.03474073224046019,0.16390675356360485,0.17342709925094726,0.12352099650184212,0.03474073224046019,0.7358622631830489,0.07337739406313032,0.000353976385204702,0.009090793957988336,0.05262442753650336,0.01377274387386945,0.06689348027951107,0.006232549684341778,0.029480046310422506,0.6075248130772208,0.2862000839781097,0.04070785200241084,0.06244768405903049,0.160786372042357,0.01985837769934797,0.946881524193663,0.8186198089425507,0.809734548325513,0.3012132677102736
000701.XSHE,4,1,-0.2072827558022981,0.6652607827414169,0.3048759754015144,0.01858999364839664,0.6656728095229736,0.2171017665038929,0.46605769601268826,0.25023383745727035,0.7953767281176811,0.14322562681635104,0.16163903218243225,0.0020103661838272112,0.012121203810759798,0.0053634969490463265,0.006480020184908542,0.010697135224291719,0.012211496558577836,0.001521696251677628,0.6178979448561602,0.028090463119598067,0.1513738856187785,0.0038709266131750015,0.011156622889319442,0.7272727282644629,0.014376453395859301,0.6969288572183616,0.009752904415325184,0.048340417834855744,0.09179502008107876,0.7542153272540131,0.12333205746961268,0.7710843373493975,0.1614195119316003,0.38928076099041264,0.11353660751281405,0.0389729276277807,0.3182801552462656,0.18357098546059927,0.14039130966029473,0.11035681508446057,0.5377684695404333,0.07572438882047133,0.09890941839326621,0.40037861585245216,0.13913358158567135,0.4096847900248127,0.1554256328634382,0.17123358677414666,0.058202964196432276,0.4096847900248127,0.6113999324590402,0.061724944411974,0.0006384416526083859,0.009001476492948978,0.040385752934279415,0.013952154587312632,0.1616643516953239,0.009028345847481588,0.029091413158636566,0.48079931872842613,0.2703770040916456,0.03571911079506722,0.040244593581340936,0.13344503660637383,0.016488155769575883,0.8451475976764995,0.6049710317986823,0.6448141468605513,0.6117931639315879
000702.XSHE,4,1,-0.2104126578356244,0.5261027873918745,0.29808312628161215,0.33797718699584034,0.5717747914697132,0.10213312449698134,0.3168194893811312,0.2943293981459003,0.4449017729260173,0.03272361299903126,0.05922978823174385,0.00093137241354329,0.01070793816685124,0.004761555949400012,0.0006295792864329617,0.0008254770291895097,0.0007645061187023722,0.001132172337666337,0.617267588244365,0.023960801708955485,0.15083270940533428,0.0033358699338758117,0.004694101045405498,0.5454545434710744,0.003311303264658888,0.6979384694781346,0.0031234703826118248,0.027946097494799673,0.09121609368192271,0.38132804088659045,0.07725994426890612,0.8674698795180722,0.11614781454929236,0.5662648252385024,0.08202740577718524,0.039329835346624036,0.30656817486975907,0.18170498545160144,0.14021192906927468,0.11266889638354158,0.51646439292649,0.02520752031174853,0.051150458387243664,0.526169121879087,0.1036884323496713,0.03435113402786142,0.10923966118850287,0.12527396894809423,0.025075300386448767,0.03435113402786142,0.7485583276951824,0.05854972776767638,0.0008799305225483237,0.00885668873241009,0.044465618946556346,0.015242029164510416,0.20366819495421234,0.009184568140126956,0.029394639017166546,0.503142453841744,0.2695202872152575,0.027729828626177042,0.039450110780634956,0.13469443494452044,0.008632978405216247,0.9122429378932269,0.6910187519348989,0.7107004512652062,0.497747653590743
000703.XSHE,4,1,-0.07005867553473942,0.6074997210392128,0.3865985045696058,0.3495030361797027,0.8851577591488771,0.5486177246238162,0.6293828547705671,0.0,0.928441460246817,0.537767534132415,0.4550733895344188,0.002965373162486625,0.011651150388870903,0.004990231830044717,0.008871888277803058,0.041599289779033585,0.015010557625551117,0.0020282308940620932,0.6069968958977756,0.02519668928042975,0.1507303356130726,0.0083150032040875,0.018062625610516345,0.4545454565289256,0.0137984985634523,0.6960608141455559,0.0038083513618733453,0.054806909649995475,0.09107310248904787,0.15649647357071317,0.03584769103594148,0.9999999999999998,0.06590017010320823,0.9551308439901898,0.03950684802521445,0.02352967427697535,0.2956572014416737,0.17617151445776008,0.13108431667693554,0.04411110067130628,0.5026649695936051,0.06781817306783956,0.12503654957313667,0.5514963086700806,0.10059006492820403,0.09587999122969271,0.20112958919266513,0.2203943665877051,0.05607761526200929,0.09587999122969271,0.7666822080986052,0.06384094771587487,0.0005467362574656293,0.008951228153581748,0.040318078369520526,0.01447721523560833,0.13659633440084365,0.006003849401788129,0.028487706189517764,0.47551957491492425,0.26740837596964645,0.036273047943752995,0.018616630557560465,0.1846683893195521,0.02502482502841419,0.923291460141171,0.7805161204723365,0.8230942692751502,0.30196815876938055
000705.XSHE,4,1,-0.1447566621119207,0.3478363526793865,0.342675027074637,0.35924222025986147,0.6132340980767318,0.12429722011915531,0.6790986090792065,0.4554010360488039,0.8656702721167888,0.27886642290743785,0.19309504566997004,0.0010284963096709192,0.010838972300778219,0.0048723748877006106,0.0006704604161399818,0.0003857583827047065,0.001611640954122084,0.0011215308528712564,0.6189924526269689,0.022286616082588105,0.1510193357244462,0.003652689936468568,0.02450258968235276,0.7272727282644629,0.033524263088484364,0.7008314543120325,0.007104193364126899,0.16066745048385636,0.09111700347554406,0.4369848289140434,0.10242157531519924,0.37349397590361444,0.12019814190902968,0.5321974460501447,0.08526743783073615,0.039343179643166,0.30374742163917157,0.18231434936654733,0.14006114538406944,0.39206166365992234,0.6338835754004415,0.11403422517194796,0.18650756412119834,0.5191359468021963,0.11942570193252836,0.06424516057254631,0.1473509556473051,0.16330630233605248,0.05138875303938416,0.06424516057254631,0.7049254653957749,0.06664624066097558,0.00046476618237150714,0.009098161777020173,0.04551055116381782,0.021742139066154922,0.08716615360398358,0.020393366050757946,0.029647862787644856,0.5420671890783652,0.2753940829498937,0.05745878560389037,0.04095974561376924,0.20296571794092316,0.015210264999700905,0.901914296061695,0.7168883508027069,0.7080176809351673,0.5251827078338961
000707.XSHE,4,1,-0.2622808977569616,0.6070096521412913,0.7235024787981507,0.2470444327143515,0.6024502883355943,0.24846500219466178,0.45272481014724597,0.0983597756699478,0.8163042628732309,0.26031938775312896,0.1702729356129994,0.0032404716203295117,0.013684344003226122,0.0046132569506349514,0.0018894915093687105,0.014768544244093063,0.007292399242388464,0.001518233330377594,0.6124693291017776,0.024678961309800625,0.1501121529807713,0.004409605758718076,0.013942241974432371,0.363636358677686,0.0075455879277600765,0.6919543262247028,0.005823396620862739,0.031835036628380206,0.09100283619623648,0.2813587390574791,0.03851047292186526,0.9959839357429717,0.08637909430253071,0.9090154080848044,0.05738845328808381,0.02634252159009473,0.307335681238743,0.1792148955308897,0.1383765276597072,0.16937273653826754,0.5216938686853031,0.04571164885868792,0.1224656560305876,0.4899189404119849,0.07389118916560095,0.055082022566089864,0.15852212137185562,0.16810174244181111,0.11934690450005128,0.055082022566089864,0.6835285360555379,0.0690201577219535,0.00041595349291383783,0.009196620886689938,0.0468215644670806,0.014014960116400866,0.06740543443679683,0.005578057103228335,0.028847467044846715,0.5314716641366624,0.26552246978958566,0.025572230553943646,0.014722330972170933,0.12044565726807518,0.014295627205838367,0.8890505389782846,0.7027608243775156,0.7626712048437736,0.212749334666629
000708.XSHE,4,1,-0.259781858925743,0.6478159772658235,0.7505661060478863,0.4040579431960907,0.5762311833754197,0.07818166304023211,0.23461694469752623,0.08799287485129226,0.934706284758843,0.18191547574621453,0.2348781328506202,0.004494321204048186,0.011778978108898913,0.00526866157578597,0.0014032800005916233,0.0008995749974719316,0.00355754672999378,0.0012067133555021634,0.6179887153564758,0.022207850466820927,0.15150104235424566,0.005943058834635131,0.00491325068817793,0.363636358677686,0.0045522482477526665,0.6952974963767652,0.0037268185545231663,0.012616442072895,0.09108487319542696,0.30833341795458774,0.10060916069595913,0.9638554216867469,0.10700229659095249,0.5342752636025702,0.06860070346544517,0.03361498825188546,0.30583232759460605,0.1811652858420162,0.13982327112206458,0.1282217633538858,0.5105142340445078,0.019060394938450964,0.184755326106754,0.523987702632911,0.12497874224037378,0.08594980936529616,0.2312289611004349,0.24453874005826204,0.1327425934187343,0.08594980936529616,0.7146616466672977,0.059266558140091366,0.0008080656378112257,0.009108155790087358,0.04583058721470487,0.013714339550655942,0.21863587958010522,0.010713530016293514,0.029783412471204567,0.5105328754561492,0.27444392728671485,0.029484573658438925,0.02963659787278915,0.12760020836499975,0.016456002871328586,0.9251919089346836,0.7107906549909342,0.7279047722153715,0.5283137937685348
000709.XSHE,4,1,-0.2437623792384432,0.4421284325659118,0.9999999999999999,0.616203441127614,0.46694969444534995,0.3586413633369272,0.3905408602404477,0.1709277149559415,0.6422213518637722,0.06887699955721152,0.6280039880755276,0.06874558544250042,0.025406604209974537,0.01088049437363319,0.03942579881478166,0.2213654085968781,0.13374495971029035,0.007389554179892641,0.5003517297232806,0.024255257427039333,0.15129933495196604,0.014101073426338404,0.02387847075022745,0.2727272717355372,0.02407102798615369,0.691423339096546,0.010915049130053983,0.01587229809170661,0.0903143856102975,0.18905312150116044,0.07478786908163351,0.9959839357429717,0.1036292198047041,0.5500621600063238,0.06698834722663786,0.03754784780560463,0.291316336019043,0.17368073871127726,0.13824654172418543,0.2171676927599256,0.5468017852034608,0.05503744369819643,0.11203980964405753,0.5253343732094176,0.10052931603887302,0.051748025069723314,0.13274799206607701,0.14831770103748124,0.04525047600341094,0.051748025069723314,0.7308247358832968,0.0730619051432367,0.00035762104378208714,0.008967989845922612,0.04624916693006539,0.014529633490491007,0.10373307142564174,0.004158677722935784,0.029492277125193565,0.5074131528436768,0.26809943366362005,0.03808621974803769,0.034939369068875716,0.11732556556214217,0.008680385236585512,0.9343994546306684,0.7240585334571672,0.7329376071061726,0.2210606051115454
000710.XSHE,4,1,-0.1124270965873709,0.42228387794911565,0.04954505081986127,0.31842710432937815,0.5335397948257573,0.17117657012324092,0.27635492655933236,0.2874636922114584,0.5351406248490655,0.2778509098432451,0.0807806653327906,0.00032342947173328055,0.010503939848878421,0.00472531251151854,7.769680244673093e-05,0.0006113240695358774,0.0006745395554741708,0.001126441111053139,0.6171417313981727,0.0221458971219478,0.15080625473078693,0.0032772558313636934,0.005934737017427554,0.363636358677686,0.005963195457704522,0.7021758603443586,0.0018141594410962176,0.030523650176358868,0.0912383912113682,0.09741275142189021,0.10741227589770386,0.8755020080321284,0.07752345013050907,0.6181969183830391,0.0546351201041294,0.036461736604171464,0.3022603465226183,0.18114169155774243,0.13804896310219233,0.060506290814369985,0.5348324145377366,0.03093786178272684,0.0230320652802694,0.5238190426116873,0.09783861021858982,0.009250190487399987,0.09930382783356825,0.11530648144392923,0.018710916760170886,0.009250190487399987,0.7428430537394672,0.0778521154699295,0.0003116925809596722,0.009139899043453551,0.050012162952964456,0.01641667995773729,0.06725222693592019,0.007580869143615093,0.02941073563573761,0.5257062482050645,0.2678226212577523,0.027268500064268633,0.035025214526024424,0.12179805061559508,0.015989411975832986,0.9559639118887675,0.8179702357259746,0.7881007517566072,0.4769575252357059
000711.XSHE,4,1,-0.3277299084114518,0.6613265041379347,0.2479687405715156,0.2961713484434322,0.48529852074937996,0.22104456501224598,0.4924147977631578,0.24577640540205298,0.3607788966567405,0.3511936919081861,0.040900813561986604,0.000209157502653877,0.01064702502212223,0.004783498094710442,3.0062441078671188e-05,0.0009077303611822424,0.0002900864712892986,0.0011418726537668982,0.6172636370233222,0.022176309547621273,0.1508232250714036,0.0035873731387666163,0.006087253944857788,0.4545454565289256,0.0043314468442742175,0.6949236448390231,0.0016187070247621204,0.03825630822103644,0.09126767477879293,0.22994697923648028,0.032241522710506156,0.9759036144578311,0.09265815579661926,0.8550065239775423,0.06181753433663177,0.04147712656206182,0.3033945177722844,0.18010451977442177,0.14148709109674332,0.05518682111244144,0.5141370488016055,0.05477403918650339,0.06416325953719414,0.519702308839664,0.10014062758650581,0.0020718899641910486,0.14025009822384196,0.15591522350150253,0.04937791529723738,0.0020718899641910486,0.7124636441502868,0.06570693459103558,0.0004885973391381573,0.008351693195931036,0.07696471266144933,0.026259628869331926,0.019772451065053095,0.009553275831063673,0.02946274554436758,0.8676310621693577,0.27382508998836497,0.04548404358437318,0.04424925117156164,0.19193749366671733,0.036256206257103546,0.914364410390422,0.736157180133564,0.7675152424131202,0.41491945811332187
000712.XSHE,4,1,-0.1570910684292014,0.30201049833868804,0.2279729962915951,0.3041798224419657,0.48686461893644745,0.15288115345928593,0.49776514647737125,0.4970232789425729,0.9830874326777252,0.4184020171043955,0.3926844925390732,0.0,0.013684344003226122,0.00474658176953623,0.0029840589171838032,0.0002827626689388651,0.00022956026697714202,0.0010652177465798615,0.6214980524109716,0.022732436505711127,0.1535011777904567,0.004144375178685373,0.02808830471694716,0.5454545434710744,0.022014351988097203,0.702373266971745,0.0024930592840362023,0.061092520575201224,0.09134526448757257,0.6316386690642315,0.22258223998534124,0.020080321285140562,0.1564613525774391,0.146655524746458,0.1049677897378279,0.051316866857630254,0.30932127921525715,0.1846126417581761,0.14390092991938272,0.2536958720609165,0.6712380793282148,0.12267003134659418,0.13986245664637204,0.5234978619000022,0.112422173100914,0.0009435425073172674,0.14786283427790328,0.16370423598793213,0.0528127209211153,0.0009435425073172674,0.7161258131499211,0.07474128671978711,0.00010534334621320265,0.00911819997472866,0.05305644375124136,0.21354504197304752,0.007959723193721902,0.5234897634790187,0.02996043969994048,0.6137324122247689,0.29599917104153156,0.12010257144421782,0.11441828467005058,0.3434974603536505,0.015423072321588802,0.856647043785772,0.6464497368537439,0.6204157237802768,0.667805998013192
000713.XSHE,4,1,-0.2392824788982582,0.5212568119870971,0.28990113390591465,0.35358208646007105,0.5886439492154881,0.06518290174061625,0.42777516064304455,0.20735890371503368,0.9379107064920056,0.18433399010396823,0.2373094675232506,0.0013575269748495,0.010844340784784256,0.004866311990451328,0.0005954125517324571,0.0014881738954139853,0.0008629548077151226,0.0011325055208836294,0.618902471539814,0.022324249817145193,0.1509751227310901,0.0038678407698456633,0.010886175757355392,0.5454545434710744,0.014338952448273297,0.6997425322093656,0.0038007002723548598,0.03364384552771999,0.0915407057871335,0.682820197716632,0.09155804708441251,0.9357429718875501,0.12517408897280588,0.5936850361205586,0.07790933662825149,0.03300395289506787,0.3080031561724533,0.18209983886305825,0.13867809503011772,0.1772293203501881,0.5309724879971582,0.045177844860717485,0.11376332964648238,0.5160754559481383,0.10820369363691068,0.023293463979023443,0.14662557019230676,0.1614448717387196,0.0616759402177356,0.023293463979023443,0.6838896114291457,0.058669736128155243,0.0008668921052034726,0.009128308313186046,0.047630097424989394,0.017900057674001463,0.07250760910572639,0.020615318281356838,0.029533726224499558,0.5710356458940192,0.27588911385574577,0.036440902022910185,0.027957684209528055,0.1781998119015048,0.01548603218280792,0.8761796807317039,0.6501979125204551,0.6940453588865447,0.4348052109563788
000715.XSHE,4,1,-0.08317118867879836,0.28460981671344776,0.38261718315793475,0.4739149550952094,0.5973447547496591,0.10472839342801832,0.5331445267426286,0.44448098711379264,0.8534190011934254,0.42691322313250585,0.18704878345174536,0.004365245955051037,0.011094843865518601,0.0049775795062454815,0.001301280634711995,0.0003854759541846148,0.002692487478443929,0.0011246426601415143,0.617114480681427,0.02216507348097772,0.15112738982726928,0.004132397713982111,0.024737189171737964,0.4545454565289256,0.017461894396366143,0.6978585834368799,0.007616862624232439,0.06602152482590214,0.09098370223640048,0.2500107979447504,0.1578330526141506,0.0642570281124498,0.10797535018729798,0.8263400331999108,0.08998759885751882,0.06166766592401114,0.2841121318247226,0.18281522553386925,0.13376202694868414,0.13260978239770002,0.5667709395637344,0.12091626006251686,0.12068953209792437,0.5335732205303849,0.11797956504839632,0.07419760168471408,0.16889282576086312,0.18015884979202326,0.11031032798179059,0.07419760168471408,0.7540305476777245,0.05835178603249115,0.0009024399050985179,0.009081588433703453,0.05353453830116526,0.02254523599019604,0.19198410226224247,0.008248740471212754,0.029443131834390027,0.5600836287469105,0.2763800568146757,0.07914789862682867,0.09845115333701536,0.12634123093681918,0.017198211401567267,0.879163944554118,0.7887145637079298,0.7086223604682174,0.5978957452436668
000716.XSHE,4,1,-0.2438120267411737,0.3718285492293721,0.09761309152656483,0.3248918571808266,0.6484828423812783,0.1707237177498606,0.5106571936056838,0.6792988668983453,0.867954377605404,0.5122977239900459,0.1942555991396816,0.0006687924500061278,0.013684344003226122,0.004914458601231072,0.00023731634717707206,0.001571821261177115,0.0006745593956652536,0.00115112178446136,0.6168572651232511,0.022437912391555747,0.15099909475069173,0.0033760390715692552,0.022051280612128677,0.6363636304132232,0.018621828403408026,0.7060095963663758,0.007595000388431437,0.06674504838563805,0.09138172011200463,0.29773563442742773,0.11299684056035067,0.10843373493975902,0.11574989689716463,0.6173664073158888,0.10244938082456514,0.06575483998113824,0.3032347061660517,0.18554312283365187,0.1400572458060038,0.12223484391941619,0.5251892823463593,0.018501197725452858,0.058091706221655715,0.5156230729157298,0.11668416896128625,0.023413209730130963,0.11273839039348245,0.13031266371229974,0.012817831513215042,0.023413209730130963,0.664265340152867,0.07345087683973234,0.00035314245273371204,0.009135670923147345,0.05005859852176587,0.013643995216371099,0.09055251511567282,0.0058084492886633955,0.029614616602533242,0.6942394629663922,0.2792712086092941,0.04908580911126144,0.09917875749627311,0.1453287290368344,0.023670814141293295,0.8594555538197157,0.7343853655300521,0.7165531682302957,0.5230270812309481
000717.XSHE,4,0,-0.2196703260201764,,,,,,,,,,,,,,,,,,,,,,,,,,,,,,,,,,,,,,,,,,,,,,,,,,,,,,,,,,,,,,,,,,,,
000718.XSHE,4,1,-0.2490138994153366,0.7166866400629266,0.28349151132053296,0.5348154449318473,0.564932640893251,0.2559505344200344,0.41737422526942336,0.20849121751399963,0.849926102469486,0.24467812760428242,0.513326487769465,0.0015081896030518813,0.018654750303860566,0.008216459869904037,0.0021832211317771256,0.007992493022788478,0.024394734711783574,0.0019586087421916793,0.6371660268561589,0.04190959049625735,0.15569907312835513,0.007261328870188434,0.028833526790237537,0.8181818152066116,0.03260209137631412,0.7040414921523693,0.010176488523511204,0.03219679840824816,0.09147353848497476,0.7337601680532777,0.23151398249840502,0.5903614457831324,0.16918483538462956,0.09804752904992202,0.12290021517274505,0.045424808134405185,0.35016907483231147,0.1906113292980891,0.14975029701786266,0.04633993190724525,0.5148887906535138,0.0208782503907258,0.07289433138839728,0.52969681022588,0.13937396615921327,0.016255449909828565,0.15141969769219196,0.16893232447449041,0.0393494385903248,0.016255449909828565,0.7259788472931618,0.08391983395633931,0.0002730240968456343,0.00903764032806963,0.04247218746883407,0.013528321674135617,0.017003122717129716,0.01565716265813473,0.029387591212775694,0.6843253204826117,0.34664991776413445,0.03782093084060939,0.053385689991108265,0.11771252913310026,0.02268155171382425,0.8431069009103691,0.6141120472336477,0.6250656829842123,0.5720352822823915
000719.XSHE,4,1,-0.04005867553473946,0.6852418271353051,0.314318380793787,0.4085143357297783,0.8734431173512076,0.36795258662767616,0.7868575780137481,0.23299884881430444,0.9882071308701994,0.2827610276559089,0.29235060189311607,0.0025435547228264133,0.011246365931275436,0.004990805916920344,0.0007074191856032091,0.0007401662532484433,0.0021685456195738406,0.0011250321835095869,0.6198976712337431,0.021947534185482214,0.15120590972918732,0.004056932321321828,0.009102518119076647,0.5454545434710744,0.010819162555395705,0.6938350280100611,0.004207852633164168,0.0983087636791173,0.0913916810706267,0.4435830659770395,0.11382886563688477,0.9196787148594376,0.12869671428063206,0.38678820119926205,0.0898858138754128,0.03072126456145282,0.3055431932351166,0.18235435746130896,0.14107113610307362,0.18354336261497306,0.5454156512271615,0.07065569179442484,0.11229459277172579,0.5158930253039011,0.11459990764080034,0.025825842131481737,0.14439670930616444,0.16287186511253873,0.025510283873775796,0.025825842131481737,0.67429949624727,0.06770729750245691,0.0004411769391102051,0.009144700435680409,0.05108097255077438,0.022611489665979315,0.06739601196764435,0.020467995593463396,0.029337574140988365,0.580270623600782,0.2855621695941234,0.029714762627730866,0.02644978112913164,0.10766461784972386,0.020477507926063288,0.898070791495647,0.6997921365706956,0.7129937446034331,0.5210304813346188
000720.XSHE,4,0,-0.2428078164282103,,,,,,,,,,,,,,,,,,,,,,,,,,,,,,,,,,,,,,,,,,,,,,,,,,,,,,,,,,,,,,,,,,,,
000721.XSHE,4,1,-0.2318825749058087,0.5669049942903738,0.2950533076578612,0.3413529038974267,0.5656565099314664,0.09446825911616233,0.4179103580944663,0.2099022124275654,0.42197992691916236,0.15008826765304717,0.05408432150538556,0.00040001411122436074,0.010625319981459555,0.004775351276298078,0.00025931710568898606,0.0006195019809019523,0.0006196712086742302,0.001125782891116941,0.6170028125370729,0.02236045518180693,0.15087821639555737,0.0036490721234296412,0.003631093376906407,0.4545454565289256,0.003159621036251451,0.6897734998273274,0.0025223052160679884,0.030885411956226825,0.09125324992419233,0.28834313366763453,0.06735996951259271,0.9277108433734939,0.10825929473707788,0.6838391169686038,0.0774142808958311,0.03563290704810644,0.3064258702529405,0.18154347044356187,0.13838822639390416,0.055722954739581484,0.5234100896039298,0.02752701016533752,0.06530852067809431,0.5229033564026733,0.10432499019575589,0.014471948141026493,0.14116518340899264,0.1563641112200659,0.05441322689093896,0.014471948141026493,0.7211469810476328,0.07346590028209238,0.00035297270151229954,0.009024170768307999,0.04599852039392136,0.016348605831835512,0.1501085708626954,0.005409561179853658,0.02949544277989096,0.791009632497009,0.2764513038896037,0.03602162026189429,0.03320656490970043,0.17227858843795918,0.014570048453669916,0.916097981849427,0.7083471540400694,0.7337693715293638,0.3486723452014399
000722.XSHE,4,1,-0.2700586755347394,0.7170692428719881,0.4439624353305222,0.40958155382492417,0.2941476107724418,0.07101773735068526,0.718742606939647,0.37985170353679504,0.9705274869834088,0.37067561009093597,0.2673605291653998,0.00042800615241683456,0.013684344003226122,0.005031999069440209,0.0001053632989313269,0.0002645397327744388,0.0002486097442238706,0.0010937450229360705,0.6182346505408212,0.023288918007042435,0.15125718690774753,0.0027964525745121593,0.014687847857111113,0.7272727282644629,0.013373504998011014,0.6881604325142557,0.004023454780367795,0.06326309125440897,0.09109247156731116,0.38859625330900216,0.07852075371423622,0.8554216867469878,0.11452254493373087,0.5995016933597098,0.0856092415556784,0.03608379813353083,0.3095111508879998,0.1812206220124073,0.13941771500323663,0.4120254152620231,0.5318427242963106,0.041027894027738064,0.12882222051512646,0.5270907900788563,0.1178436198261398,0.0032089119808580285,0.08603134668613732,0.10255974727677344,0.004821928469205369,0.0032089119808580285,0.7262405977258095,0.051800825008738983,0.020944246641499135,0.009126325850604399,0.05746322487637848,0.10927280749324683,0.035033941211921674,0.11981964276165026,0.029721311697687196,0.8253798055759152,0.29599917104153156,0.02815812912129742,0.03634285158239937,0.13888247644018847,0.024218460250044864,0.8985048500944455,0.6748816947503427,0.7281239355395774,0.32384379176466155
000723.XSHE,4,1,-0.2043646245432379,0.21817204497181275,0.1965333878178424,0.255985195292766,0.45972471243759133,0.10888107680882433,0.6045883689008159,0.14060405826395778,0.68726810972488,0.7894291509483212,0.12342840776491137,0.00042089786047678297,0.010975245335950096,0.004926541459176776,9.948451920582918e-05,0.000388680225241526,0.000817576093742182,0.0011292786054819296,0.6179303608231835,0.022664772613706922,0.15108488564365952,0.003702173549748155,0.022504811547056223,0.7272727282644629,0.047185147904671855,0.7259962472719499,0.01991991458389916,0.2644478610834765,0.09323290686090668,0.6884721663378233,0.23067611208563468,0.37349397590361444,0.2439063918487491,0.07021154933944085,0.19753785607633262,0.04046750458024833,0.2638773855493978,0.24665086167291314,0.15507712065554505,0.06738118408481007,0.5120728997615211,0.021916931252187525,0.09234348148075341,0.5215022858431251,0.13120837547896322,0.03980419963672826,0.1617643500197309,0.17999684772372976,0.03946156413276194,0.03980419963672826,0.690961547225504,0.06872617753560721,0.000421266737026623,0.009059837822596409,0.04310368482068746,0.01435725828132932,0.10527623169223481,0.01845394657960415,0.029885224230691496,0.5135528024279171,0.2670322848528135,0.057586510378775456,0.05484895920629648,0.2255852744844708,0.031297780702279114,0.6651304483674425,0.5811773030825704,0.5258995598249863,0.7964403333457704
000725.XSHE,4,1,-0.2232647824049684,0.4794348538804377,0.5881595704475174,0.48015181518268696,0.4385486175020834,0.1960729654545047,0.5258742093180216,0.460611878191618,0.5331919781442456,0.23900888863967265,0.6808785150336623,0.02872903325724001,0.020140181108476485,0.008214220645857332,0.009184257875218857,0.013144848462339348,0.02633291618350531,0.0022834073142783493,0.6565932671878675,0.06852533287747202,0.1541520243105266,0.0,0.12473855110317385,0.5454545434710744,0.1818412217198541,0.757255325274662,0.1332284230056638,0.04142172379488107,0.08810624166188642,0.2886583167355518,0.13884328211921643,0.20481927710843373,0.11145054160281756,0.40257612419271543,0.07854786924927959,0.048869162794368905,0.209928752465285,0.1695621511945718,0.14050699714290912,0.13259762499002647,0.5449699232899656,0.05309444377874793,0.055029202045051906,0.5270931989341939,0.10375614386242134,0.01218734733209515,0.10646950215946269,0.12398614194729671,0.009159304948871547,0.01218734733209515,0.7438047528737043,0.06294397345896648,0.0005814546543340402,0.009029087582571486,0.05004698962956552,0.025392933984974518,0.05516093577312467,0.020450127925461452,0.022640857746835573,0.5493883081645031,0.27718012642657186,0.06144743857388951,0.06393286819279437,0.23797230455489687,0.016487258479392235,0.9265650963627843,0.7324283534562825,0.7175539260601036,0.4484051371282113
000726.XSHE,4,1,-0.09109315829336018,0.45622453195870877,0.4527389581531444,0.5367207488481853,0.5904084844806992,0.11314692808812779,0.5197385130227659,0.34177536176784606,0.9475810523746004,0.17673465757371265,0.43714511978005044,0.006303713980962868,0.014967630395780172,0.00656146242321747,0.0019496416046662244,0.005929731418540984,0.0017284189064566851,0.0012016006387641455,0.6200189174923756,0.025378807108553048,0.1531923884680442,0.007748496030611901,0.03507409750553259,0.6363636304132232,0.04038419847976881,0.7084026040371952,0.0074565059700666715,0.06665460794067106,0.09158388179081378,0.7221917233473123,0.3015375734088614,0.0,0.18437224537552488,0.04736171580096067,0.12302139771913652,0.06187022100077747,0.33595595073420564,0.18735821283078527,0.15019484891734713,0.1395808882652917,0.5331628822259037,0.03469438172749423,0.15055681369977664,0.5269382693883948,0.1388632577314276,0.03044576128172022,0.20224933185468305,0.21152388687794704,0.1515717323820422,0.03044576128172022,0.7124005435995593,0.05707192496588244,0.0010868648791519846,0.009092231113133268,0.05081436378785487,0.016208474006831487,0.10003161146023515,0.014443080533833894,0.029393249616223627,0.6134892658700017,0.30211368268927735,0.025655991031315804,0.11289261050798699,0.1557354207833004,0.01032810911048633,0.8166151240573205,0.6005871036221313,0.5924631581170965,0.749109636620013
000727.XSHE,4,1,-0.2199749935263713,0.7719410748530726,0.20156021896844303,0.30242573874352285,0.6363302013041344,0.1694448843409615,0.47062145417949514,0.14181094353803358,0.6382186787314741,0.29094584639301435,0.10859012856438766,0.001279822084887605,0.013684344003226122,0.004520520790673054,0.0002770798911443806,0.0011512451337338512,0.0016127816657664684,0.0011554753727303585,0.6165474081153755,0.020273261268732672,0.1504409372558182,0.0028542995001942482,0.008340906716151442,0.5454545434710744,0.006617006449306062,0.6852846238844795,0.00570226542576882,0.03604051731934521,0.09127860191580035,0.27914740416777595,0.07604752654159702,0.9518072289156625,0.10189063589085459,0.7440804271434422,0.0752099413690138,0.035094031263906394,0.3076982114448996,0.1803423040895042,0.13883147843403343,0.14991186684563015,0.5381282080199065,0.02598046500332243,0.035092559580402936,0.5209583663078864,0.08160264273334493,0.010588793724921648,0.08189734396622901,0.09099211201420027,0.07254602117343753,0.010588793724921648,0.7446320712054659,0.06437056156492989,0.0005285162587200528,0.009094665394043577,0.05633782192909182,0.014921469315702866,0.08203695861910203,0.005219833342285098,0.02967414698430621,0.5072983878568664,0.2538023259639331,0.04563669581532362,0.03336450488261499,0.14016243286720373,0.019746665071484117,0.9014740239451222,0.700817633010482,0.7413199441265548,0.23095977605687434
000728.XSHE,4,1,-0.2433970670370156,0.8672846751200121,0.5503414633113524,0.027704287624395807,0.49533405385886553,0.08561241911026166,0.4497340259141914,0.3094767519303844,0.7153803461548257,0.10257861428485796,0.5907470142514519,0.0,0.013684344003226122,0.005915144418274182,0.0029840589171838032,0.008062098247688082,0.00037310681064497834,0.0011713951563673097,0.6194366714067405,0.022036212549698207,0.1516306181988288,0.006297332303714513,0.0521805695840171,0.4545454565289256,0.05045913479078091,0.6703491431314466,0.03624510976603076,0.0201682192276386,0.09144212327528128,0.5217663523279366,0.13371122064161126,0.8714859437751002,0.13627625498879373,0.3190692116509718,0.09855099672483698,0.036507985491478816,0.3174754743444524,0.1869067379034158,0.14167037126582901,0.438566404928146,0.5318427242963106,0.17467825029600217,0.21291281524538772,0.47481405242696995,0.11342566120118135,0.003936838484258978,0.14278341321109433,0.15528999502226562,0.08103151257886893,0.003936838484258978,0.6090874141277459,0.05154028217855038,0.0010165370293848852,0.00908927318355321,0.05305644375124136,0.029247760156912796,0.06504798281099847,0.03229344616550119,0.02996043969994048,0.641348327813156,0.29599917104153156,0.037288159279619267,0.03635332456324268,0.13764241969397578,0.02097670036489801,0.891226157844655,0.6592034850294106,0.6866334136932188,0.5918257862808944
000729.XSHE,4,1,-0.08012836194588936,0.40649577597477926,0.49428854840775716,0.46777371434925813,0.5198708738002037,0.1002748931413022,0.4064127120655988,0.2696594318899509,0.8241625166082834,0.21693250086527432,0.5295724293334068,0.014903734551265606,0.012727046869366671,0.005448434426189344,0.004957892734615398,0.01610948852325783,0.009263441242680154,0.001476085197934393,0.6157049659569104,0.029866851954304753,0.1515129863273955,0.008423401243083767,0.03096441409105602,0.363636358677686,0.028321215161959422,0.6909304369031114,0.00626307547473396,0.018766392330650264,0.09082407058305605,0.37505630722124594,0.07067058172261267,0.8192771084337348,0.10232610537439174,0.8072290393481566,0.07444466165591582,0.037625602260436056,0.29877540294342664,0.17918612781966098,0.1364878320165758,0.14409144753744463,0.5251115852676689,0.03428834531216659,0.10838713110189803,0.5318937665889838,0.10514396877541901,0.023259870518692237,0.15347272021555652,0.16214788692535137,0.12453754840549791,0.023259870518692237,0.7590797602646484,0.06055462918156913,0.0007076527976627721,0.008956293837597943,0.05176682062520216,0.015352466235522683,0.09425041856086008,0.007818009381004912,0.029321078410185657,0.6742287737444322,0.28337375534182735,0.047839086933609276,0.035755540011013116,0.16952954793028324,0.010707812406532272,0.9146715356975472,0.7051794480562559,0.7324477902791824,0.3221180225241263
000731.XSHE,4,1,-0.3814826237548041,0.8074486158152039,0.27623709654026884,0.35302466111354386,0.6376324968717322,0.09352151744774209,0.7535674170454607,0.8497104446420396,0.9762842934157872,0.5476521577719039,0.40325912687889715,0.0015973813268075397,0.011213284482807622,0.004950850157947537,0.00197645575533617,0.0030443221361090515,0.0012941190932501654,0.0011768915827598792,0.6188438701606304,0.022829686155644804,0.15099157996702464,0.005464817978107321,0.12032803063333662,0.4545454565289256,0.14839818203755153,0.705811767259345,0.010054471878537441,0.18327756172560367,0.09099761624088991,0.47689941847490025,0.17149238266862388,0.048192771084337345,0.12729016761292888,0.27212326467843617,0.09260993419898621,0.09822473588257333,0.3173666185918628,0.17729308972263136,0.14288963934102328,0.12153897322721446,0.5116223974242765,0.04767807465656223,0.1341267887601325,0.512284038089463,0.106407858991558,0.04866853588427041,0.1856453715602175,0.19154706972050814,0.17242072154244453,0.04866853588427041,0.6787480850735648,0.057503779635791154,0.0010157866765458956,0.009080383493439818,0.04210043907996362,0.018836625717318922,0.1658646944514959,0.014594217338049591,0.029685086473495024,0.5135810778594501,0.2785462793551089,0.03399637008139773,0.1695593328381345,0.19252237232102143,0.03757372734342287,0.86815004047663,0.6831492415196148,0.6669747275641449,0.3150255334535078
000732.XSHE,4,1,-0.1888913603596421,0.5461907095566181,0.14450646880038442,0.14367886208733832,0.5179142541181544,1.0,0.6530568064630937,0.6356225188265492,0.8924468205620428,0.3210838842407918,0.4839399547975943,0.0012828630500237334,0.014417680281194896,0.0063870154840516506,0.0017691563130438203,0.0014348811484446626,0.015368285587590997,0.0018025084406259597,0.6378289127372416,0.021916101517019893,0.15310111957813144,0.004533255126265304,0.022603868842710366,0.6363636304132232,0.017739695484497463,0.6982243951616534,0.009828695601949815,0.0797684724608845,0.09082626305668072,0.43876714853127863,0.2521329415277643,0.04417670682730923,0.13634674702319383,0.08641421457161952,0.0833545077353995,0.08190506923497841,0.3103583027090747,0.18104912544756793,0.14532947535076704,0.08003777008667426,0.5800431183606941,0.06130858414172955,0.06772687380498339,0.46958354424200066,0.13735863481057575,0.0218484337130956,0.1355808535516778,0.15419047166779198,0.01832152569199087,0.0218484337130956,0.605980296268771,0.09654440379163087,0.0002259862289818839,0.009078771423189495,0.043373327725886604,0.015996188105954223,0.017866017661771785,0.02174701549309698,0.029397093625499037,0.6636177250363977,0.3142418425505831,0.059067833392943636,0.1505107742852036,0.20113872422353954,0.0215979242687085,0.8660693996676656,0.6571939542700456,0.6529363924660627,0.4884315697138767
000733.XSHE,4,1,-0.2829158183918823,0.6322328060631269,0.5549543674591975,0.326461785110404,0.6120652083965464,0.09170269599920744,0.4538764184835728,0.47887840836988776,0.9267167454526455,0.27295297354677406,0.2290834970561515,0.0038374182558108504,0.011116353063439504,0.004950474637595513,0.0007542209524120627,0.0020048989913756168,0.00200626797522424,0.0011794402693486733,0.6211214967947054,0.022630621830378422,0.1510469774122151,0.003848954314528668,0.017097989451948327,0.6363636304132232,0.01710685626746549,0.6911819136396541,0.010779556474287138,0.047888215610020796,0.09192129945590849,0.8461314433175326,0.1268141592625394,0.0642570281124498,0.14788899415113754,0.47403395342773164,0.10298621685338248,0.053392447689219455,0.31411265301812796,0.18391095738372631,0.13900046015021172,0.3606308197047585,0.5129676725875257,0.04411515520628125,0.16778668743881292,0.512752078681566,0.11234453984979184,0.037582939481381215,0.13974210912947507,0.15320428826965551,0.06992896329995808,0.037582939481381215,0.6918765052110539,0.06683915089669745,0.00046023406152620385,0.009073200185169626,0.05461073537582996,0.015946960993043977,0.055069620961779135,0.022401058204080105,0.02983151298698534,0.5779403953903285,0.2768875462254332,0.034482398599772465,0.07602949092448176,0.18095352320514768,0.019283962433450978,0.8429249336041242,0.5976267082393529,0.6423320562008699,0.5413416515153082
000735.XSHE,4,1,-0.3115073393884667,0.5052202437087724,0.219141636080884,0.2836009464898228,0.5521199917415403,0.18900141803353962,0.8430815042047481,0.3949052475049246,0.9995696994658128,0.5529470568103376,0.34625602920854226,0.001578354075766565,0.013684344003226122,0.004619877803098362,0.00036042139671111435,0.0020541222131727614,0.0022993364934287934,0.0012413971659078786,0.6192918148172075,0.026164418948467758,0.1505999085915314,0.004043729123836245,0.18276528158389038,0.5454545434710744,0.12701570372953797,0.7077920220032903,0.033931790794079826,0.19621054535588317,0.09163014965176476,0.3613308079419548,0.18510623534056955,0.1606425702811245,0.11498502538372041,0.24719561358753062,0.07604911905226554,0.04997718072623639,0.3103408749019923,0.17784119708369447,0.142195514445337,0.06584500303572885,0.5504404811228263,0.04166647691583701,0.05460293449761901,0.5215943442646118,0.09768142899490527,0.005810563858457291,0.12770415111928976,0.14426941022219075,0.03242575261288298,0.005810563858457291,0.7181847607495878,0.06728357193539955,0.0004502157541472708,0.008204271016508585,0.05899032187764332,0.02074712386550352,0.02772238228102828,0.015218236107726765,0.028948055586640757,0.5355621765651006,0.2741659468960122,0.0433139005342503,0.0604964316616353,0.17479986826772054,0.029722886881617516,0.8892041016318473,0.7136404847198272,0.7026732644509166,0.6159284336614106
000736.XSHE,4,1,-0.2376736670168519,0.8447844530299653,0.4649503340528534,0.4036340307819909,0.7843679394557942,0.24923421850154132,0.616460562127395,0.2546203624833291,0.888012968731202,0.3154776797885443,0.20495807957990586,0.0006259060824412045,0.011597757634632992,0.005191691878547318,0.0003364603967950882,0.000556501384685808,0.0023380050090844456,0.001158073661158499,0.6220048341588457,0.02210482015753473,0.15145933075182058,0.004364310315250607,0.01008586570231947,0.4545454565289256,0.006013249071434294,0.6959897209784516,0.004653724972505825,0.06507190015374875,0.09101724151204506,0.3128175093002338,0.12235189915724251,0.9437751004016063,0.10465958935425343,0.39426690716241364,0.07371416738432231,0.035975551510096127,0.3064258702529405,0.181363970322843,0.14119202302310888,0.17885326016989295,0.5470710613662182,0.07799662616345646,0.14989605232762232,0.5049426901197105,0.13559448010177963,0.024692748217362618,0.18166833381587078,0.2021223724381152,0.031744782119925555,0.024692748217362618,0.6554149036489647,0.05815713397173595,0.0009258886326428835,0.009082642859244736,0.046735816967873434,0.0206196281060279,0.021053675926921544,0.029203935636024244,0.029413018612188917,0.6192053384014735,0.29831870529659715,0.04197558539303074,0.037644078219972586,0.15878632137609566,0.03415071484117964,0.9266068156964111,0.7227068683384199,0.7263957139047246,0.4521183113971321
000737.XSHE,4,1,-0.3123591450183075,0.6948347444140677,0.09243847467370159,0.2620648146852893,0.5120408843907588,0.24343228474055625,0.5728202202453533,0.5688306624713647,0.9377337563743755,0.4369449917533068,0.2371734898687612,0.002850062113335253,0.010412717996362451,0.004679669919004656,0.0008359655798253923,0.006493344411375246,0.002976252500165627,0.0012798171299833567,0.6150429917599866,0.022565880258417673,0.15043390276386323,0.002438195054626211,0.026908828023525396,0.4545454565289256,0.022855860773581937,0.6927029926474324,0.010373374342962406,0.06059509812788279,0.09031398161498322,0.26595425353515645,0.013412582288314559,0.6947791164658633,0.01797612757608856,0.9954306492461238,0.012733424203770466,0.03579138835245338,0.29258759143230373,0.17072581895016753,0.127225034251294,0.13407615899345038,0.5219368102625276,0.029399659585189995,0.023875046007847647,0.5130983516363514,0.08772992540767466,0.024730474368916056,0.07636587525568153,0.08825733486305472,0.04231321090708503,0.024730474368916056,0.6921464353447219,0.07857507175117778,0.0003061744824317198,0.009167694643837702,0.05173133435245335,0.014093978360073854,0.07152046689627929,0.005249593229384125,0.029010496899604925,0.558497986900159,0.2752990868499897,0.03589092174225043,0.03723596182474785,0.17591215103612504,0.03379523838009212,0.9249105253440515,0.8349641767281413,0.9109153897542466,0.1861003493583019
000738.XSHE,4,1,-0.3068748190324973,0.4124371995043225,0.1764561285015736,0.3362314257215674,0.6697396829854833,0.49528527349390883,0.9080861591137817,0.6342065769109491,0.910970380394454,0.6732832279857766,0.4696966343045872,0.003171566028102048,0.011217833428368709,0.0050097610434058,0.0006564128074698854,0.002687780249848346,0.0018723804746077358,0.0012107119003269824,0.6213895289752789,0.022774112489749965,0.1510927519781785,0.003949398266594188,0.05058296258155733,0.4545454565289256,0.03921858320977157,0.6540075972021383,0.018317984583102156,0.13638419101021976,0.08945224085929716,0.24081198356129963,0.03913180758253016,0.2690763052208835,0.03736407225235884,0.9908602719025479,0.02784798781347622,0.05688729249864055,0.2796610537570585,0.17390456301951693,0.12683247672601822,0.15122269303326596,0.527955971789427,0.03186261928207734,0.08050128250907788,0.5208559498084478,0.10443151833406701,0.011194703542929587,0.12455041594674353,0.143732757407968,0.005491235785171701,0.011194703542929587,0.7091660561104121,0.06825594528411191,0.0004301540215616151,0.009082227778571438,0.05460559052587753,0.01745137026244187,0.04170504937189081,0.022100809011235137,0.029597803488966123,0.5993737269125557,0.29119847507899965,0.029009668245459714,0.07623439438235904,0.164255031793079,0.042483699228330445,0.9450325588331367,0.8464547123081694,0.8634968960664144,0.33567273426268224
000739.XSHE,4,1,-0.3018768573529214,0.5446287252541191,0.2218384075561262,0.4189648214671796,0.6296711076784449,0.21038075032124498,0.8143416359343234,0.7155664381457099,1.0,0.5625758686097796,0.3395980934216179,0.005020827273175744,0.011344771036990074,0.005064320624076473,0.0012830074152529198,0.005166483012102359,0.004389463910123732,0.0012306301826602384,0.6166803396470973,0.022481222017012782,0.15111849906649436,0.003981799201036673,0.08704371079034835,0.4545454565289256,0.07300441276943612,0.6922111077701546,0.011697258114917798,0.19955684181966177,0.09144482050277587,0.46002064322290814,0.13162431478223038,0.1566265060240964,0.09779419224693028,0.6551726261909724,0.061992168663316055,0.06153973369358322,0.33607882915276893,0.18679288847422912,0.13970758363945018,0.18930967743337962,0.5547014572675113,0.10183947065238376,0.1129196350868654,0.5320235235965045,0.11181538046994574,0.04283777912365301,0.14312143740343541,0.16017328407568582,0.038152902659920045,0.04283777912365301,0.7444392639671317,0.06820648442691156,0.00043111796967399004,0.009059244811040038,0.053730438357046245,0.018657600510959656,0.11633881092873397,0.00788489333364055,0.029478146100309396,0.5910707296059292,0.27881355321815837,0.04794479299730234,0.09700944856663443,0.2013342643258854,0.03554809475384339,0.8736010708554061,0.6865629560833226,0.7270267986575585,0.4237146369802629
000748.XSHE,4,1,-0.1095883278864777,0.8170989921524262,0.3205122531920547,0.35250601472219123,0.6017023460545375,0.11247189784373571,0.4835093580865942,0.46870590640895116,0.9149805179237737,0.2634119460068796,0.22115884584335277,0.0015877561751972814,0.010521446629366098,0.004635974276691665,0.000540478757192883,0.0009434182875528536,0.0013032433599179261,0.0011458450082406412,0.6188806961117856,0.024459017188436023,0.15068374487524933,0.003884450113360559,0.016434520709186953,0.7272727282644629,0.024804484588719537,0.7031600689489974,0.008576147961582481,0.07067920774170208,0.09207505739342733,0.7240295009906278,0.2023110388820684,0.10441767068273092,0.18839226774851076,0.13460746802943024,0.12681273362026863,0.05916423218461406,0.3185091460444522,0.1943423457617329,0.14757563231658333,0.135070087455238,0.5289953838084916,0.0544256748793376,0.09157185650196932,0.5023050738201748,0.09379419634006218,0.014490708922466027,0.14040954310505435,0.15469414269447396,0.0625774507847065,0.014490708922466027,0.6281940271823151,0.0692466938687004,0.0004119795231434275,0.013239442216630985,0.05058258170153643,0.021580108297078356,0.062122570065295854,0.01952844182629591,0.029394006975953298,0.5595253275791906,0.28042478829788214,0.04298286424270177,0.08127000148642109,0.1818526118457719,0.02581788000239277,0.7932789265881752,0.5968057582592547,0.612371373573128,0.6925514828200949
000750.XSHE,4,1,-0.2720377056789072,1.0000000000000002,0.08028426516312004,0.27835711097138094,0.4239918284714577,0.4056461742380691,1.0000000000000002,0.7991705893033725,0.6890270729289152,0.39193912335622033,0.6044125426511305,0.0,0.013684344003226122,0.005793025283370694,0.0029840589171838032,0.008062098247688082,0.00038358226256249257,0.0013092202955827601,0.6194366714067405,0.025283753064154667,0.15156833606906023,0.004053729824972658,0.14639524951520452,0.4545454565289256,0.12818319160799732,0.6871042304437855,0.016542845134634013,0.22166953061409062,0.09086959991305862,0.3576832824871231,0.12682887051147024,0.38152610441767065,0.11977650731074864,0.3444116049806025,0.08110361084011908,0.054702382631866116,0.3150282597249171,0.1859524128943846,0.14152348715868943,0.044525740734344454,0.5249301580658111,0.14638747634323276,0.04538222877800685,0.5192876645408786,0.11322426731878597,0.004993641281706309,0.11965818860016608,0.13582478688105237,0.030809342310798748,0.004993641281706309,0.7014794742088185,0.05154028217855038,0.0010165370293848852,0.009058298131010384,0.05305644375124136,0.029247760156912796,0.06504798281099847,0.03229344616550119,0.02996043969994048,0.5501656053215471,0.29599917104153156,0.03273928042201825,0.06457604940608096,0.1710175526929118,0.04793892444816654,0.8973784280865205,0.6866127106275712,0.7153055215955089,0.3993988792660971
000751.XSHE,4,0,-0.04005867553473946,,,,,,,,,,,,,,,,,,,,,,,,,,,,,,,,,,,,,,,,,,,,,,,,,,,,,,,,,,,,,,,,,,,,
000752.XSHE,4,1,-0.2374473084072433,0.818450750821243,0.15009416574653472,0.4065095168691111,0.6022802710580273,0.013024070414295708,0.7155742856775886,0.031954701584927914,0.9680519416652982,0.4555502274849809,0.2645912832450683,0.00034199054819607965,0.013253706830574852,0.004947122114450456,0.00021773338793786104,0.0007342586127526504,0.00032897507975377483,0.0010887101979962356,0.618678081877405,0.059791502104663316,0.15110674138883473,0.003974079891950063,0.07275301820116609,0.5454545434710744,0.0999948119727184,0.7244372040611715,0.01411413022871864,0.19575834313104817,0.0913319837532447,0.6439155172347795,0.2736228660720978,0.7108433734939757,0.19686844078207943,0.03074328174035698,0.13472464572918166,0.037036193345103975,0.320059519846408,0.20554126511367074,0.15106835440405347,0.04853229092016359,0.6099736312398142,0.09205000372154508,0.08233174004191951,0.5243418846627217,0.20096167754663607,0.00956147215545073,0.15968214292249677,0.1779102185990952,0.03810678009636434,0.00956147215545073,0.5935903862805381,0.05708283521640037,0.0010849327623086305,0.008890163590487346,0.047209934678874285,0.0510212200446807,0.05772176889676188,0.04162036101256457,0.02951179957059938,0.6263130057005488,0.37754915123515376,0.04155226551413203,0.03837236271066308,0.19282122409687388,0.028066190105880243,0.740006000482879,0.63040666047499,0.6042953371022384,0.7532277433200615
000753.XSHE,4,1,-0.2661123153814827,0.617602710028057,0.29108511334295273,0.1908103438170497,0.6966368509523558,0.2061673250652071,0.4462176740701887,0.34626595705892305,0.7436813879212006,0.19461016247822308,0.14223217484286899,0.0009381923058014847,0.011189386497711645,0.004988096361856775,0.0010291296607184731,0.004765163134127421,0.0033357010801158627,0.001226298141349755,0.6185531120307827,0.021936924313614894,0.15096551489501672,0.003614926479925554,0.007791340342650337,0.5454545434710744,0.008020843936551373,0.6974194363271807,0.0030408449721624686,0.04069820023514516,0.09138216188200778,0.6354319629383927,0.11441253058437822,0.38955823293172687,0.14595869825588212,0.33568764571157544,0.09553770484122184,0.044029839699517466,0.30904203346394754,0.18480966629560194,0.1414714927844807,0.09662272850713233,0.5921842166576505,0.09349960290767978,0.06543278236298941,0.5315026487773292,0.10956140520362105,0.0376957087586928,0.1280220750237242,0.14654557282251512,0.01406791202889711,0.0376957087586928,0.7443177369805453,0.06577578231686966,0.0004867437669776038,0.009116008601002326,0.04299577489091598,0.016864457144237625,0.060026532564607646,0.010971012207402025,0.029763541313405237,0.536179246276791,0.2762644263160221,0.028230116494419675,0.051859438578132036,0.12494790875006334,0.015546001076748221,0.8715621493800685,0.6537830038476851,0.6650379046929997,0.6482734388283945
000755.XSHE,4,1,-0.3079911649862163,0.7648228192081122,0.6229146177632908,0.07566181422118134,0.7523343104729472,0.22635387493392511,0.37676154228923747,0.0927035201217476,0.8415110925330563,0.26030469259073774,0.18143349360024097,0.002596743878458149,0.009828734127785678,0.004437173910517714,0.0018687374624428415,0.013575156415560003,0.004529200156621883,0.001434651844561887,0.6104145088605641,0.01799863579425048,0.1498536181364069,0.003821199886832069,0.009097974650013586,0.363636358677686,0.010824679652208435,0.6965056170348463,0.006358422229261207,0.029121823279370535,0.0915250773951757,0.260605031299246,0.08367465291805809,0.9799196787148593,0.08868029688346149,0.8392196275737887,0.06351252709205533,0.029647341388975755,0.3040513689686861,0.181989953496912,0.1362538573326366,0.2184835107308446,0.533383911819746,0.030096934681911,0.11139316018220727,0.5222992154839936,0.06495100662998408,0.031771761856900824,0.13185820191856465,0.1443459950508871,0.07388145493891808,0.031771761856900824,0.7403833007898086,0.06339247033015469,0.0005634381717587077,0.009104386342149993,0.04383161512934152,0.013633597233635433,0.13347883658002058,0.0029955091616443233,0.028371741610622073,0.47320154394944575,0.2537470413484152,0.022549264631921084,0.023728125540528472,0.11287611782439075,0.018460399593228448,0.9264062078368436,0.7649567688293311,0.7675350463279582,0.4800864508648891
000756.XSHE,4,1,-0.2480586755347394,0.5187499889690375,0.5865627226445594,0.2842798438146592,0.5869944305549635,0.2574114126752385,0.39054831803863227,0.3247138846406764,0.8282108542870668,0.3502414067137556,0.17543105142349635,0.0026072212515112015,0.010773144523603975,0.004815943774334629,0.0006054454780096857,0.0022580312005406463,0.0014231450424130056,0.0012177606211786175,0.6186234851613996,0.02276911532780738,0.15070948555387942,0.004112474227235878,0.012768260584260083,0.2727272717355372,0.007130327571416938,0.6948598431462624,0.010247408325314759,0.04463235959120919,0.09097158825759723,0.19262670689804823,0.10304292455795738,0.8353413654618472,0.060516423326407096,0.7727458913313738,0.02749245151298972,0.03935127109476423,0.3039312942349354,0.17869253468250085,0.13935922133225184,0.15692016954994484,0.5101135362382994,0.039404331280976215,0.10451991857702304,0.5119897161147925,0.09590317497368563,0.033058665536409716,0.14567088482955307,0.1549661306390157,0.11342333594959599,0.033058665536409716,0.6899776460456405,0.0615380447838573,0.0006484074596095626,0.009239571592396774,0.04913885765334686,0.0169588742542071,0.10074402402988289,0.014486913532183496,0.02934611623247175,0.5573309323241407,0.26885258921798166,0.05957081063144626,0.04162366662770223,0.22813687490500076,0.02000493509601005,0.9071780332618482,0.7695535358896115,0.7961160562219938,0.1549461284411454
000757.XSHE,4,1,-0.3109565083520769,0.24764344320564285,0.01575823275401189,0.3788946510363277,0.6746178581668058,0.23345850498336468,0.6010440503136212,0.8189939593440716,0.805412829454335,0.9999999999999999,0.1657147477930736,0.0006846189841538724,0.011179406725536349,0.004822536880180004,0.00020374634891527732,0.0002555303255961703,0.0006799476701472204,0.0011352672145045826,0.6176343161594435,0.028383933950913487,0.1509217412019854,0.0023694561388127302,0.050713495220183966,0.5454545434710744,0.10375220205176071,0.7384095882659599,0.024771043501524422,0.32639956588586416,0.09199080809298027,0.4842327747761293,0.1629840458151038,0.14056224899598393,0.11636719630121047,0.6069793727331616,0.08829171818542021,0.2963032264355112,0.2535412149210271,0.19648202680070645,0.13887957323017647,0.15644900961811972,0.5318427242963106,0.018613700233351623,0.008900799145949384,0.5250332662922128,0.10417511972666132,0.006473615293216182,0.05487430807043005,0.06458882150510933,0.0485416124925349,0.006473615293216182,0.7083621083529938,0.07207003123624253,0.0003698096756007043,0.008937305404683417,0.055338929522943114,0.01487458737088645,0.057874422134747215,0.016760390914454144,0.029713072005232564,0.6209744933430764,0.3010792374538476,0.8016979838823033,0.08138355498737572,0.8691589717282262,0.1840678650475564,0.846287334365369,0.8052911193666801,0.7178523050436612,0.6333250478200982
000758.XSHE,4,1,-0.360710849447783,0.6811847861748407,0.24384048036705047,0.21081461835576165,0.6724342144307388,0.2139166144214228,0.5666236185982572,0.16375602778456214,0.8684667865068292,0.3231212911633734,0.500977367626205,0.005554513520619514,0.013315733291952967,0.005818342521895606,0.005554618325919674,0.017128410306900526,0.01016782296452051,0.0016081692248411982,0.623901864911099,0.028644767676441613,0.15124578575834147,0.005187913285289204,0.05930028110532457,0.18181818479338843,0.048173745952827265,0.701202993868349,0.004763375538839489,0.033915166862620964,0.09105014571301218,0.08871548457114564,0.03725859813338373,0.9999999999999998,0.06267532423041802,0.9671789007072177,0.03551790847779989,0.01962237186915792,0.26427103091460075,0.1637431121398417,0.13016271639408614,0.19737841203483525,0.5810860483587421,0.09711352738097186,0.1216813193504985,0.5042034927117672,0.10934138630357979,0.08218996054323284,0.1502370698437234,0.1656239996281443,0.0587153487674275,0.08218996054323284,0.6899157140236301,0.06886434078501544,0.00041874723360390013,0.008981535896772653,0.0430670112748727,0.016228166993701606,0.0849913183955789,0.012047923061097879,0.0289844429076096,0.5064595500547213,0.27204702774139183,0.03320297335475946,0.01710297558414184,0.14046983457465673,0.018819016569958727,0.9108919416000341,0.7695728848790417,0.8159450560186738,0.18403248109355486
000759.XSHE,4,1,-0.219504026268834,0.36134884061151346,0.49339590582790155,0.5975057871835731,0.5725205604719024,0.15342945735088773,0.3450439409325811,0.1183335712169497,0.9953940279554843,0.0979183142328448,0.3087248413104631,0.007760938894356528,0.012861605352166818,0.005680361626790757,0.0056974137309609195,0.0010687363642458154,0.013032497615744933,0.0013395903766843529,0.6142552716329577,0.023536806030725065,0.15203554608648173,0.004883775564024402,0.012983831070430267,0.6363636304132232,0.01596429129542035,0.7031934279417412,0.003591346857705291,0.03065931084380935,0.09134398295257604,0.6505147547544986,0.28184569595560643,0.6907630522088353,0.1519366862946356,0.1761525265912397,0.10926973397522236,0.03755789583146333,0.3064258702529405,0.1836931453150711,0.14577272739089628,0.1683849270366335,0.551910393255773,0.09181221101783547,0.12156172502893352,0.5394419147894725,0.12953177575966138,0.13925448828168244,0.1581224649980243,0.17045490913084296,0.09297195509570828,0.13925448828168244,0.7546288343809194,0.06235266158577237,0.0006074924740371352,0.009053076997362908,0.044683285675312996,0.016312196829465525,0.19269822380913845,0.006407686082031354,0.02948879681204733,0.5702278556245378,0.2722782887386991,0.03136293222283196,0.04647405865322826,0.13078664120687034,0.007695160614942873,0.8649882475749526,0.6727173720755388,0.6567598682907636,0.7646985636237584
000760.XSHE,4,1,-0.3099922303520152,0.2419385235139921,0.020771513353115667,0.27186083915179976,0.49052358467303436,0.19670822423297113,0.7127604169903559,0.916815244681469,0.9724682302090295,0.9230240323912315,0.26961793893112523,0.0003381429570077566,0.010586599066228133,0.0047603213622105355,9.83928416423734e-05,0.0008904409732152254,0.0015568683174171077,0.0011532657428873743,0.6171225533648957,0.022164782368636227,0.15083406108377131,0.003305229445288675,0.05037254555163167,0.5454545434710744,0.039187041021643,0.6935610424156368,0.004999904248392177,0.1059057610563444,0.09122091371596684,0.4295098219165559,0.2079949138492014,0.07630522088353414,0.14777304463661026,0.06605694082428994,0.08632248372680758,0.12913201241905486,0.31909790763328416,0.18167892400032445,0.14585981796769587,0.20470555979997465,0.5318427242963106,0.019889882341248596,0.02362622063219491,0.5221821451145844,0.10045203091892181,0.01494121318342412,0.10623665207098618,0.12260563053337614,0.01988704213084123,0.01494121318342412,0.7196687922204033,0.08799200024432256,0.00025429175617830527,0.009145525113794859,0.04530502100417972,0.013893964434701301,0.05551159942903531,0.008103980087105028,0.029724526390064933,0.532211260718329,0.27110329599480487,0.032378035433712544,0.28081795217352495,0.1603045675634595,0.06013683675300592,0.8357190282768316,0.6584875724205035,0.6662234990612945,0.588810727204085
000761.XSHE,4,1,-0.2561080582507889,0.5058789637680435,0.9999999999999999,0.26349875066247375,0.7114572754271538,0.17876116945464643,0.0,0.1579834260774067,0.9141115742940218,0.23516707046137006,0.46716320345283846,0.014979024487844371,0.015335155903776015,0.006689968091178573,0.011007108663618759,0.055956883400624435,0.024485172031594137,0.0024150424975615146,0.6093141666402662,0.024614181882572028,0.15193462901601598,0.007652772591025342,0.0025842851013033476,0.4545454565289256,0.00235302151647097,0.6894205744764416,0.003992880743744199,0.001899249344306774,0.091209739728629,0.30663833236878746,0.08492995449845286,0.9638554216867469,0.11265088259979891,0.5159947808179661,0.07304719330563539,0.03500230776481122,0.3058915797229031,0.18155565253998077,0.13960619460974322,0.267730351274205,0.5314032896520959,0.04437947052195662,0.13660356629388343,0.5143954800880806,0.10557042945983446,0.07283297476781282,0.14016912277827537,0.15277608404497361,0.07832592058913887,0.07283297476781282,0.7030453026898363,0.06201451780589218,0.0006237034583272324,0.009086910732983986,0.042930606791518534,0.014439371290203758,0.11230105195401685,0.007246508059149551,0.02912377121687094,0.49341903191575476,0.2695444255685118,0.04607697253933589,0.031735028636799285,0.13252979809494858,0.015037686187713107,0.9211655494169946,0.6966050815974527,0.7196003305933516,0.4013921789973084
000762.XSHE,4,1,-0.1669583715833717,0.837646586784848,0.20713224808942507,0.2703982173721573,0.392329830174974,0.03432584834344615,0.5325423095392283,0.04597230668261193,0.9975644111600639,0.29441757850793826,0.3579699846268452,0.0014667644587744362,0.010611396957737237,0.004750243350850991,0.0001772236701173663,0.0015682534391640315,0.00048129041775852167,0.0010639105577556615,0.6207272381573583,0.023192086081325423,0.15086198064622927,0.003431328961395231,0.04410387829819512,0.4545454565289256,0.07409854350029454,0.714254031745319,0.009406231272442094,0.09631907388984352,0.09197674182843936,0.6245152740307379,0.22104408120959382,0.7991967871485942,0.18187274277259002,0.09846227128864725,0.11457813779035683,0.03082149540525172,0.30285500338947763,0.19759092441329543,0.14924725144739337,0.24078502716214462,0.5211276248395047,0.11103017504523144,0.10050005581617441,0.5174789755106131,0.10221357464393578,0.004522146222758072,0.11448870780182756,0.1305241943632392,0.02858512144415578,0.004522146222758072,0.6955702244860519,0.06570399946421937,0.0004886768102982122,0.008899493858303506,0.07030951944990735,0.05127304183871973,0.017976824051462198,0.04125560435494629,0.029219199904967158,0.5972419811430593,0.20087431451456705,0.03932658818688832,0.029838099673502753,0.1612005687287835,0.02427932643416881,0.7798905710755422,0.6516159170315334,0.6229202588767746,0.5991520985635999
000763.XSHE,4,1,-0.04005867553473946,0.5832710543596483,0.33323445031838866,0.36979524077594106,0.5086859991960199,0.19531619973499242,0.5201466800399461,0.3337110635790617,0.8075837911617676,0.3255274155849768,0.29448349460704565,0.004585277962534866,0.013684344003226122,0.008150090726543492,0.0029840589171838032,0.008062098247688082,0.00966583515757642,0.003724127055187232,0.6194366714067405,0.02795801905504902,0.1535011777904567,0.007249247564261568,0.03212743887797873,0.512508658030105,0.03385548310334353,0.6973754749785577,0.011416551503228026,0.07601564141075765,0.09146680527188153,0.4259820692575249,0.13112622332231372,0.5511172547939428,0.12284974011172788,0.494504656209718,0.08633157970599001,0.045919982486072305,0.31147779666162767,0.18463137997985954,0.14208910423830812,0.20470555979997465,0.5318427242963106,0.077915971133906,0.12469801664167228,0.521515575256219,0.11601091851739048,0.03148564188991912,0.14997234261458614,0.16450473416111355,0.0632184951466207,0.03151351181947201,0.7073590212283098,0.07474128671978711,0.0010165370293848852,0.009470773081934954,0.05305644375124136,0.029247760156912796,0.06504798281099847,0.03229344616550119,0.02996043969994048,0.6137324122247689,0.29599917104153156,0.04246130980234155,0.05485061095598209,0.16042323302325237,0.02380545148233199,0.8768056165474607,0.6953581940533766,0.7048157031587168,0.46648362214367545
000765.XSHE,4,0,,,,,,,,,,,,,,,,,,,,,,,,,,,,,,,,,,,,,,,,,,,,,,,,,,,,,,,,,,,,,,,,,,,,,
000766.XSHE,4,1,-0.2795610083496695,0.42890912310613083,0.14475418981993643,0.30430873148017146,0.524870752598113,0.07030130862585243,0.5634602692016552,0.3484028787154505,0.9313174485110285,0.3329482942976969,0.23237632470921787,0.00047779972976930136,0.013684344003226122,0.004645749762855178,4.087094288069402e-05,0.00021998793262316562,0.000982036257042875,0.0011325010777192349,0.6179003762881906,0.022827037353240882,0.15070463949274165,0.002484660562625183,0.02958230917625136,0.7272727282644629,0.03844394602342636,0.7123439702620541,0.01821061744123762,0.10875463507280454,0.09276013502022892,0.777364303955687,0.3068241738275508,0.0,0.1896571715433539,0.05608670165968757,0.1199469078862264,0.05271235470486807,0.35059642899158605,0.19107380535609853,0.15585833612803093,0.1999084410330705,0.5318427242963106,0.014787230542740443,0.04034770868426643,0.5244919563502566,0.10232045091341786,0.001364585999166383,0.07068378490718458,0.07993779075856461,0.06351395088265067,0.001364585999166383,0.737963277816534,0.11128883095128986,0.00019621460300113492,0.009077835983785735,0.08536414192609462,0.013930630441793903,0.014288389264001694,0.017267981338448136,0.029347607795248705,0.7517810749764648,0.27947463263470324,0.046311841500379355,0.07094755943468169,0.06962217218928915,0.018895286235568583,0.8125399440428343,0.5753449648401223,0.5860981798882003,0.7600129370814944
000767.XSHE,4,1,-0.251546926187481,0.32107964982527937,0.35131435056335353,0.4214601321353056,0.575977578449098,0.5464863356089843,0.25441408430046475,0.4233254077474816,0.9365754575894916,0.28584314461006577,0.44774685930017133,0.0006125689240754442,0.016028563912357997,0.007318486406278874,0.001962901981755282,0.02981808052568106,0.016722578488260333,0.0025752297185818365,0.6015650105872795,0.025583383374087495,0.15233634396205906,0.0033499684640640698,0.012752814902796936,0.363636358677686,0.015608007904181386,0.7047037565818545,0.003044534798993254,0.018042868770914353,0.09102928487983938,0.31481523730562483,0.1228554313360268,0.285140562248996,0.08709192029524962,0.7474034980017431,0.06341928378800875,0.05240913109767216,0.2930064333028904,0.17678578123764355,0.13560002807696206,0.10529667657535649,0.5573337599134135,0.034700174440821914,0.04797500401805072,0.5323645372171362,0.10840630597840438,0.018484013880850542,0.1115068431430178,0.12996179898433421,0.0036397064378351344,0.018484013880850542,0.743729967035805,0.08141342479619419,0.0002870927568975175,0.009021546767565508,0.040383774145836174,0.014665171356078352,0.0842300845029204,0.003977927728402684,0.026979969150994654,0.5146045375968988,0.29599917104153156,0.02895231397154662,0.0743843052074011,0.16472852383847597,0.013836214631811929,0.9338748562014458,0.7809113926849762,0.7616651659700091,0.44502543151748664
000768.XSHE,4,1,-0.2590041625767412,0.5798275953697805,0.3162000019055462,0.24142555688970113,0.4519229756534255,0.16092854803055315,0.5113364747236575,0.5528177665531727,0.6232218269506885,0.40341082453396027,0.6373855427292837,0.011389936684631697,0.010091333839249835,0.004441946378030248,0.004729868430083427,0.01281607220037285,0.035206091337892424,0.002076860794460432,0.636945171533223,0.018686790180137927,0.1500157575216624,0.005309795556327199,0.07374142306345295,0.363636358677686,0.053701879874223736,0.6854439158893555,0.006958426925081858,0.0193090350004522,0.09075336881496332,0.16439291316271187,0.06753083414864594,0.2730923694779116,0.07711235639718506,0.8645620209034195,0.042795474432541794,0.059876871982692495,0.29653951698703895,0.17046822054971897,0.13712996253805337,0.2598118532470463,0.4930078659999795,0.03868286523048423,0.12016448117836316,0.4915125186605993,0.09536757516717694,0.02744626626794516,0.1269336835899866,0.13814773889861678,0.0826574654803095,0.02744626626794516,0.6457570138014928,0.08018489504520963,0.0002948877247494244,0.00907995963959509,0.04660983410365368,0.01460978683835553,0.041935992243275586,0.013351138149914177,0.0295685838422734,0.5192333920649159,0.2710943414444041,0.043080339695901276,0.08149413976935115,0.1844018372853017,0.02778788060058623,0.9289794918407637,0.7611229047808594,0.7817568977035381,0.27939601724132185
000769.XSHE,4,0,-0.04005867553473946,,,,,,,,,,,,,,,,,,,,,,,,,,,,,,,,,,,,,,,,,,,,,,,,,,,,,,,,,,,,,,,,,,,,
000776.XSHE,4,1,-0.2655803448766335,0.9775380185802593,0.30050486390694153,0.11546867731712668,0.3385269683010559,0.1566117169631087,0.6458824046095822,0.306158412899143,0.1977551484580751,0.20405702496437386,0.8481278677845444,0.0,0.013684344003226122,0.011286502794927857,0.0029840589171838032,0.008062098247688082,0.0011458674154598385,0.0022698490104843642,0.6194366714067405,0.022540677180794208,0.15335449888776864,0.01996892325264754,0.16730173055371636,0.4545454565289256,0.1500511223138825,0.6635765079705905,0.024679523855708718,0.016414940761508547,0.09112618074230648,0.4568619797822321,0.13374502818322825,0.6827309236947791,0.1335593470461202,0.3086832036579443,0.09332514907186854,0.04290888125669952,0.3155182189344743,0.1917960258451099,0.14184065284136255,0.17622170474068855,0.4871471642978606,0.27084206414850737,0.15939317577669182,0.491830045941689,0.1250709970006759,0.0065482697004930245,0.17016384266758072,0.18216285674380145,0.10421128163206016,0.0065482697004930245,0.6606686087613947,0.05154028217855038,0.0010165370293848852,0.009090338575558781,0.05305644375124136,0.029247760156912796,0.06504798281099847,0.03229344616550119,0.02996043969994048,0.6754451717205767,0.29599917104153156,0.04129190847301131,0.048024018585830094,0.17717556176217256,0.028007118502123587,0.894041769041769,0.6774468179204813,0.6982411483101978,0.5783209026932962
000777.XSHE,4,1,-0.2375171310577111,0.4254925643467915,0.18993511614834038,0.32161512400500547,0.5871527455617048,0.11987445232883623,0.4212216204883947,0.27457620224516943,0.9738491436580288,0.32809579699019864,0.2712758724592846,0.0011806362520922285,0.010699941078881503,0.004775346353890187,0.0002548728282906268,0.00033549666225334517,0.0011552303257866727,0.0011465386533550954,0.6189716630191489,0.022539054736004527,0.15084749116608645,0.0038935196628793146,0.020285682544200524,0.5454545434710744,0.017907119488525296,0.7047539106084354,0.0025382421590471912,0.03834674866600343,0.09119370445950102,0.31716788542918234,0.050266052374462654,0.9718875502008031,0.0867882116236753,0.9792279840139453,0.06429462499158639,0.03190462513136532,0.3047235542583462,0.1800103196558375,0.13528676197235456,0.1757726052704697,0.5016579732380302,0.04781476811823197,0.12945728393388664,0.5201056716659515,0.10365675241311473,0.023551879933617525,0.1632343597767239,0.17491798785045978,0.10255405021050708,0.023551879933617525,0.7123397801062661,0.07756286351298021,0.0003139862298161252,0.009070406204230672,0.05412777907644929,0.018676404689830745,0.041758535740903525,0.02567445996904972,0.029611252072798914,0.613927812268876,0.28407551956345406,0.05352470003771618,0.025747019375220715,0.0879848919541977,0.01769979661422504,0.8956439689821192,0.7484437884215649,0.7667824975641186,0.53124554538773
000778.XSHE,4,1,-0.2240586755347395,0.4536555433381517,0.7837658041246607,0.6755579078700562,0.6204246419732035,0.2726957678098432,0.3874601681070575,0.23673530112859445,0.8855049313319383,0.08614188179288712,0.48901539980818565,0.008104414367785057,0.0214703818586987,0.008949438471268154,0.013470376286801857,0.03650589468144729,0.031960268575900036,0.002729272775598083,0.6207158611947874,0.04433598733666006,0.1551669873098137,0.0104534168183699,0.022577381830405717,0.363636358677686,0.02130021692603666,0.6946868488535648,0.004466844658798004,0.015148774531970697,0.09114096704117501,0.34397103968550036,0.09589963411861513,0.8313253012048192,0.12429787957325307,0.3697550248999331,0.0796568410169002,0.04055582405178576,0.31651278825856016,0.1805684603237245,0.1407760680294392,0.23844049927172298,0.5153218538663694,0.06746186654994775,0.17798644125461582,0.5121323604983696,0.1408178401907341,0.16416011101472483,0.18877331571399525,0.20143721772795675,0.11038905442648049,0.16416011101472483,0.7010915226747155,0.06269820515527186,0.0005919416562618459,0.009049923590556917,0.04073072171955132,0.014691450088965398,0.13477373325987502,0.009316810398869332,0.02921452497944157,0.4954592983479386,0.2740952838135017,0.04044681246249303,0.04323003222090897,0.19633374183006536,0.00911467368546988,0.9128474244081182,0.6700140418380438,0.6913467454246356,0.3615651892851498
000779.XSHE,4,1,-0.2505263815481026,0.5371476735062557,0.13973371049034988,0.2783719850911739,0.48018395969737926,0.06163347918614562,0.46707257804896546,0.28149430975671563,0.6141644397882219,0.4290538829066257,0.10173161444326628,0.00040023811183515406,0.013684344003226122,0.004670746125742552,7.492601051979446e-05,0.0002625699990416827,0.0003972044779384024,0.0011145856966170884,0.6176790763340928,0.022640427677683518,0.15073668168225984,0.0031080824401032887,0.0072568858806969306,0.18181818479338843,0.007644321560393839,0.6926489711247241,0.003887304372201093,0.042959211359319883,0.09087667004974005,0.21066127554455333,0.059514540867587055,0.8514056224899597,0.05412075351373144,0.9397597164148612,0.03038637284306609,0.03727439173229981,0.29982637836710185,0.17990405108935734,0.12574449444570096,0.18018075247268386,0.5318427242963106,0.031203816545570418,0.046273420623277495,0.5212893028836889,0.09190767352467667,0.004801532516474861,0.08271380721928727,0.09435837859408197,0.0489124485064109,0.004801532516474861,0.7248558911959542,0.06056659662860826,0.0007068542772112885,0.009226176878753907,0.05751427761821413,0.023683702660185206,0.05127005646460828,0.028068756820666865,0.029344105687577875,0.5306084318445672,0.2560629606118528,0.04061878590938983,0.03811538297402556,0.17420240221411562,0.023292456780522823,0.9396134836886281,0.799486422537703,0.8222545832860237,0.03553233503410888
000780.XSHE,4,1,-0.3271735214731148,0.6975013938234063,0.4715901042863146,0.30366843603765487,0.5915310666034743,0.01839303753486332,0.3129629790754899,0.08712458438312076,0.9751646338625446,0.22814684334376814,0.40485607375138855,0.005120537959578464,0.011890964674796448,0.005320264482048616,0.0009163409805649197,0.00043288843949772845,0.0023019796665306167,0.0010811883749915112,0.6240777936235432,0.02209621688144985,0.15167371303224306,0.005763854725436885,0.01632730026970756,0.363636358677686,0.015604695262898033,0.6998196929104677,0.0046157411405096304,0.01686714298634349,0.09090852893754393,0.20903914660352974,0.034825282149963825,0.9999999999999998,0.06288745913767818,0.9040302885025033,0.04029402030827752,0.02224571782171721,0.2972402546824311,0.17810396964684244,0.12949848826356986,0.15627671258221648,0.5318427242963106,0.06237706650949347,0.1310936615174301,0.5032198767822318,0.11371112876136147,0.014664916178690285,0.16095402127012465,0.17721816007408714,0.05758508088810851,0.014664916178690285,0.6095653423730716,0.06036521929774368,0.0007205801406789974,0.009099773298947282,0.05619244693812829,0.026093389647922592,0.044661025748467365,0.03952622533572341,0.029063309119171543,0.6198950371627878,0.2912008110486694,0.026519790758868785,0.008458024684485983,0.11570947015757208,0.014767153197344021,0.9441431381460283,0.7879433682720802,0.8159991867192307,0.23323535931953543
000782.XSHE,4,1,-0.1973920088680728,0.5291569422603138,0.5288744255571869,0.38439063829983144,0.703388726868163,0.11699210572557253,0.3085152311026645,0.23026407280081487,0.6223467361704482,0.09958350816064904,0.10403645827451136,0.0012951490402372265,0.010957527533584857,0.004910170228322453,0.0012269170210678355,0.001918602888982745,0.002060791676779981,0.0011716758215107202,0.6172986346281009,0.02208337728098889,0.15097449238510058,0.003769721097411306,0.005132742842435855,0.5454545434710744,0.0036032782774605555,0.6951756619129478,0.0034720974689155227,0.0201682192276386,0.09123225811505593,0.42610999386626297,0.08218760646230042,0.8152610441767068,0.1229433784262752,0.5442455027671724,0.08243392697634251,0.03882939547095484,0.3082934424663963,0.18117241922016122,0.13998315382275636,0.10721118648972244,0.5179259624235618,0.029263403309431772,0.07331115438885627,0.5103638592046538,0.10593457466464959,0.04436879800941767,0.13243643760352464,0.14901291798790636,0.03549369830595004,0.04436879800941767,0.6522458537679794,0.06019407682043744,0.0007327474635207604,0.009110861765150401,0.04320513070821101,0.01512404257977143,0.1726434681781046,0.008933521047839073,0.02933197975895643,0.5006531070263893,0.27023295262867647,0.0238340523674827,0.03878851938645649,0.11864993413386027,0.01039450858407609,0.9019959594381559,0.6637947238069968,0.6892158441880791,0.28390631165589114
000783.XSHE,4,1,-0.2727208679284754,0.9160536883322616,0.37564436577596483,0.13730937443170677,0.472750677268924,0.13857698418035708,0.61500235542126,0.334913503501653,0.6517968559959746,0.15398867312351472,0.6232375421203207,0.0,0.013684344003226122,0.007860184250263105,0.0029840589171838032,0.008062098247688082,0.0006414188792061597,0.0013333918479451043,0.6194366714067405,0.023244055782430766,0.15185726849539072,0.0075691819465814655,0.13942047035775973,0.7272727282644629,0.22720617774004798,0.7421725917479619,0.08499784549755458,0.07284977842090982,0.09441483106720579,0.692564937643271,0.2927056494903913,0.18072289156626506,0.18646658348167403,0.07478192668301681,0.1310042266480998,0.0475544024020223,0.24528696391292426,0.2656998940843661,0.15585833612803093,0.22289342921099795,0.5318427242963106,0.21989238158737615,0.14627321745569724,0.5236251297570075,0.12998817572477864,0.007028889414318069,0.14862763718061459,0.16168725992647687,0.07970694677376643,0.007028889414318069,0.7160673867140622,0.05154028217855038,0.0010165370293848852,0.009075653109069225,0.05305644375124136,0.029247760156912796,0.06504798281099847,0.03229344616550119,0.02996043969994048,0.6718453211922697,0.29599917104153156,0.03808316475342212,0.05706799417883686,0.1305352098849876,0.02502811509242089,0.7892357018079561,0.6431272389544915,0.6193687568158472,0.6202109515480071
000785.XSHE,4,1,-0.2857005138865619,0.49945629611064934,0.3790571992068692,0.5087115417680335,0.5848856813521807,0.21434307300377972,0.3629683445469616,0.1833664935154881,0.6620691835442538,0.07958899951080575,0.11565238329074057,0.007109311156085217,0.011490300519143922,0.005100394910975277,0.001519541102131391,0.002738615922786799,0.0029804846021978955,0.0011849284716861233,0.6170638121063735,0.02520310908066023,0.15120205104964024,0.0039686423653919915,0.007808957487794229,0.4545454565289256,0.006638108013713004,0.7026046776580335,0.0017586046918994472,0.032468119743149136,0.0913760849194325,0.6427569167666332,0.1871692286501802,0.7751004016064256,0.14167251904273134,0.23140871718377698,0.0925972743553525,0.03642854264382175,0.3064258702529405,0.18222229251947486,0.1423579968647392,0.06756008315666848,0.5545935558264063,0.14580729420648153,0.0908667826332572,0.5333541752850157,0.1281248036322614,0.09765606642961522,0.16162761585342597,0.16095260458433988,0.21868059249999403,0.09765606642961522,0.7386877656211841,0.0570139417802954,0.0010972622186699356,0.009021661092955708,0.05855221811630948,0.019734846514316694,0.14127837779815,0.008285209291124772,0.029509054822658216,0.5741980588639043,0.27287843827969077,0.027730901124286764,0.04027186868696239,0.12490484242792724,0.010032601543339117,0.8867284586215223,0.6649915970103053,0.6660386625228074,0.4527175519053823
000786.XSHE,4,1,-0.1981738587808129,0.8772896111080715,0.2508363760320385,0.5024011964458645,0.6788766488708562,0.16374870652346046,0.5019193472272114,0.499212418953907,0.9190481752183776,0.2765867391628011,0.46310239569136047,0.004211937804526501,0.01346202069153785,0.005974820239478247,0.0021722892118681545,0.01141529540167325,0.005678063219094496,0.0014085905722205903,0.6136122973288594,0.03261875824535719,0.1521128021292528,0.006509181436615432,0.05593546103776596,0.363636358677686,0.05135070661990469,0.7014073797505763,0.005628325974267933,0.044903680926110155,0.09104968031362938,0.30461779667708144,0.17184608383928682,0.24899598393574296,0.11336832022093651,0.24594933369195532,0.07152631659069214,0.05718420627492157,0.30226199609937426,0.1819140101566411,0.14251397998736534,0.11263057236994814,0.5475548839901199,0.07095782369144701,0.173539295108433,0.5193641858454375,0.1371725586997022,0.04620530870374846,0.22561975387380187,0.2339752045716335,0.1759647369145118,0.04620530870374846,0.7076049017442628,0.06470821102925263,0.000517665357115053,0.009021510578233357,0.046197454592081987,0.015501218427264311,0.12098565863244129,0.005624951174421183,0.02975458103948119,0.6129847434642172,0.3060410316965778,0.03749558203903665,0.07456117076380808,0.15108774129806962,0.030389124842974218,0.8994493047961256,0.7325085135553495,0.7158943579966888,0.45798128270101324
000787.XSHE,4,0,-0.04005867553473946,,,,,,,,,,,,,,,,,,,,,,,,,,,,,,,,,,,,,,,,,,,,,,,,,,,,,,,,,,,,,,,,,,,,
000788.XSHE,4,1,-0.2688965521487997,0.5991326623762596,0.1160278675560627,0.3245274412458987,0.5584768324293329,0.20446311775029447,0.7380226725351253,0.6464571861708941,0.9934809469070613,0.7375848113895241,0.37129082548374837,0.001697349468113458,0.01137331545888083,0.00507562937022411,0.0004804375531583513,0.004778676834149883,0.0034063686723209293,0.0012537199514092976,0.6166420775465459,0.02278086565626528,0.1512367865872789,0.0037563175242596113,0.10619688621801357,0.6363636304132232,0.09411553738951055,0.6878323059740646,0.02327474666411904,0.14746314551867595,0.08999902625864552,0.31900757535945384,0.1363150971202824,0.12449799196787148,0.11730796849862506,0.30909794589666956,0.07882479880882884,0.08256754094347155,0.30733433700434104,0.19280915380430927,0.14181985509167908,0.06696284044062631,0.5373236964832473,0.05012223535925406,0.05244573407658989,0.5246596126817562,0.11129387997586059,0.01963768941561107,0.1252932651583776,0.1433950574443514,0.016236997877036717,0.01963768941561107,0.7236791827777564,0.07589612302031923,0.00032826427372753113,0.009082068216516049,0.04836356834128454,0.01674845163756877,0.059255599071350994,0.007662080481922791,0.02928236861018968,0.5602671418417619,0.2785225303301329,0.03486575167411267,0.11687489962534353,0.16899367305061558,0.04875755219237901,0.8736525542883924,0.7374397417186329,0.7277899095093117,0.5142805363762708
000789.XSHE,4,1,-0.2773468111279598,0.8480621687401936,0.27943269769248924,0.47875506450498484,0.6716740683529638,0.20764284645104747,0.6507714056416587,0.1960709444065073,0.9955569274434266,0.16822364490300223,0.3092140898148219,0.002854726180122681,0.012896503748416869,0.005422529184959217,0.0016190121682448466,0.010008946452385556,0.0034603004585758994,0.0013184739148097706,0.6149279378773859,0.03258210314944994,0.1512530565586377,0.004399782970708081,0.051924111703632266,0.4545454565289256,0.04564474176125109,0.710355099794936,0.016933455644196706,0.11051822374966085,0.08898291239737903,0.37065258476277557,0.1603190495341625,0.9317269076305219,0.10914406858940826,0.30743692376236903,0.06761019826379827,0.03555944833923798,0.30825520625253117,0.18052982909469387,0.1416456739380799,0.13966526550530414,0.6035696530689743,0.1279486504744906,0.11831930772349243,0.5299562037981546,0.11730854221638753,0.05524610268293292,0.1643513092818509,0.18290086616602735,0.03818974769632374,0.05524610268293292,0.7279571664113432,0.06785509536350971,0.0004381345936901786,0.008941020020299341,0.045756580526927604,0.01731935550326033,0.11243398267078594,0.00607977965595732,0.02914589538365026,0.5697804385020453,0.2851825745227858,0.05302489154362865,0.03537467810530582,0.14274379971626894,0.023962582999341984,0.9063534106886708,0.7114374640661625,0.7221048656898494,0.577126080083522
000790.XSHE,4,1,-0.1762946305909192,0.590576361421792,0.08227916041629829,0.30041295160439513,0.5348160110469437,0.08827258784251366,0.8425300414612148,0.328137576493019,0.9892877121096231,0.7133683439132056,0.2943893632044467,0.0007987972293748218,0.010727556927270494,0.004820348329237622,0.0001537052557696088,0.0007700629987377249,0.0007852275361001385,0.0011290566038963902,0.6177229932420362,0.02216159666123618,0.15092442159433261,0.0035315157160201957,0.1774560814873304,0.6363636304132232,0.16281768759693496,0.7211798761011876,0.018907404969303446,0.35068282535950074,0.09099627156384751,0.39399336282352526,0.21971656910343582,0.0321285140562249,0.16109406272605212,0.032821099292782346,0.09579431276030799,0.06947328999114535,0.34446745178808447,0.20513842838730348,0.14632646747621905,0.05653258978305951,0.5240422201704028,0.024338176126683653,0.041446817838355146,0.5215221990472495,0.10409191637680394,0.007448009772628127,0.12058778775944153,0.135495472117658,0.04337217436343572,0.007448009772628127,0.6995724353423848,0.07210206300157089,0.00036939759910627494,0.009118422319792097,0.054442010681236164,0.017255843211184913,0.05889569770058496,0.01416711454824061,0.029837797983015373,0.6767192294002393,0.2848837650691944,0.03578186818445732,0.0945126528246021,0.1678674570603435,0.04016076449123646,0.7456061552882363,0.6998114855601258,0.6370774174638842,0.6671937305373712
000791.XSHE,4,1,-0.2823494244334179,0.46362890625995856,0.5085888265116539,0.692795596127275,0.6445866548975256,1.0,0.5923834750107828,0.3505687494949936,0.9977360922915612,0.32862772319728056,0.3169196408202208,3.8989151625901446e-05,0.011538014627265922,0.005112050965738567,0.0006257030177290552,0.0033219343991251673,0.0017206029507457728,0.0017081494694685564,0.6154788220430332,0.021920120573485427,0.1501172777197327,0.003871284481932003,0.00663207809742109,0.363636358677686,0.0059968584323531245,0.7014425912414285,0.003892496923697314,0.07764312200416026,0.09086056406570031,0.27698589781768623,0.04764470446492446,0.9759036144578311,0.06383481937569091,0.8824267348595984,0.0505229087946174,0.0361010949280142,0.30498502993905047,0.1806266614429451,0.13666201317017498,0.2719630614478056,0.5308433279116251,0.023450142243901136,0.12334185740304499,0.536438875135217,0.08498334453445376,0.0061783120006335705,0.1262324445847462,0.14581211935907665,0.0028513817021187486,0.0061783120006335705,0.7537115393379351,0.06140078138215323,0.0006559672051807371,0.00914731374412022,0.03946205448897392,0.015706372447089098,0.16712984568951597,0.0034082747859958016,0.030357578324392873,0.7388032063230519,0.29599917104153156,0.06492251932405968,0.035619205715113886,0.22088281210416982,0.02072261769456242,0.9426323656814986,0.7835760249436117,0.8201791330110135,0.2554011354500339
000792.XSHE,4,1,-0.32062495610102,0.5370009862170819,0.32214827055793327,0.4079253914151184,0.5259961767009459,0.8338742252699217,0.6720876573025725,0.1961303084309191,0.49584759984509186,0.3641720339458251,0.6986680966155115,0.005179307331241298,0.020120807139191954,0.007196898080097347,0.0020917389612827033,0.011472258738330148,0.013203167086111557,0.002595780967263889,0.6371819118829626,0.031543969347870904,0.15294635047522614,0.013963147044776808,0.1154524795546554,0.363636358677686,0.11681058083899214,0.7035739704953425,0.008619296860488585,0.06416749570407887,0.08996383542849512,0.26672050282798104,0.023595851702778108,0.9999999999999998,0.0037275133704283703,0.9904445030741229,0.004532300357590571,0.03153971434577586,0.15169381625602013,0.15343041814007707,0.11306826601361732,0.3399116180615923,0.6354837532694588,0.1365766965992073,0.2814159264823285,0.5285601516872265,0.12203842637051844,0.021019276733617424,0.2506220321239669,0.2568153719502922,0.21324051565026053,0.021019276733617424,0.7224627443831747,0.14572725830339142,0.0001629885551059299,0.009082083569566052,0.04614653376947589,0.020516976136404744,0.035489268177143894,0.018939483587427156,0.02924498555187841,0.7521830296404142,0.36968082673081243,0.049642988129233415,0.02640832214394287,0.07342293344986574,0.01761320811150326,0.9662144409254236,0.9272339790367523,0.933012597930359,0.024036470385257247
000793.XSHE,4,1,0.02480618933012536,0.18768972029989317,0.14083448107210267,0.3918999439210269,0.6055617549728382,0.1025237887600052,0.40166872377599927,0.5494525226137541,0.8855339107556692,0.33057927943431353,0.488994619169958,0.0032123687894069345,0.01236815126274606,0.005440922232906991,0.0013199660456468456,0.004730382422291349,0.0038279580736553563,0.0012359232705065537,0.6163633401533539,0.030681814023070443,0.1516405132602847,0.004584127467163391,0.03936033672785049,0.7272727282644629,0.046114850840018304,0.7001992566005167,0.004240725809408778,0.03355340508275301,0.09137696678586193,0.6050820447288828,0.22557084624595045,0.04417670682730923,0.14986211231028088,0.16410446987421196,0.11402628351479156,0.06565915369271477,0.30067036662538255,0.18886562452725744,0.1448290294990082,0.04797916912733403,0.5196731415572424,0.031022238663650913,0.051349452795577656,0.5245437868876047,0.10995653408265087,0.011322080451591035,0.1303302406821526,0.145649558277435,0.046003281063745356,0.011322080451591035,0.725209955397259,0.06495449372000184,0.0005100951114683271,0.008976713942425257,0.04798060681790238,0.01674236919246696,0.08301079851915735,0.007275759397405611,0.029464498641439674,0.6737242513386477,0.30737058776695514,0.15843667638035785,0.09505153716764005,0.37669201563054167,0.011162289884548662,0.8670040902699863,0.6742597629472384,0.65794282213708,0.7033030082535718
000795.XSHE,4,1,-0.08147879387793472,0.8063735627146014,0.09779835297281098,0.30946562422696633,0.35850491787931443,0.20063077544958025,0.4071125021285799,0.09829216664214546,0.87763613962462,0.2956616400187943,0.19930077669894142,0.001296385635535475,0.010754656141959574,0.004828896759228134,0.00026010429753593885,0.0040732786286532905,0.0017885355764525345,0.001193917177390087,0.6172118715885502,0.02212904519632774,0.1508561851647859,0.002989549360266413,0.008797495991402579,0.363636358677686,0.008056711881089048,0.698510910382855,0.004074762358503194,0.027313014380030746,0.09114964318344194,0.2740022768077092,0.09381366567951452,0.9638554216867469,0.0951010012504101,0.7137518876418105,0.059276240475943584,0.029898506318277118,0.3040739662433326,0.180404251291483,0.13829723623903892,0.1576546863062744,0.5317243303627518,0.03919827098801138,0.03913713191182285,0.5046528245274147,0.10167310100103377,0.013961008385660126,0.08323229023019763,0.09702190949400599,0.02891752198840203,0.013961008385660126,0.6450395371691457,0.08395883477988839,0.00027282233068798214,0.009094566695864987,0.050756978923000844,0.014587673723680816,0.043810001267414474,0.008633868421906048,0.029123160970182287,0.554643657488055,0.2715130640077103,0.037102909606121816,0.029549412368878994,0.1838245585701981,0.026771400370879946,0.9245803212566219,0.7331249170757599,0.7538927895266336,0.302815747558559
000796.XSHE,4,1,-0.3173695999044874,0.5949410926987186,0.23864215004906772,0.3161678317765383,0.5046117813447413,0.10976400335237302,0.5175587643422782,0.34371916712273753,0.5959706306712952,0.2975805188552468,0.09670495875720941,0.0009627565691791577,0.010974979034617605,0.004923772590526811,0.00016891160227572422,0.0013586720102565493,0.0006531482536414682,0.0011223091514130383,0.6178346904319235,0.023823215921534094,0.15104059203013487,0.003235359390167093,0.009988636462845053,0.5454545434710744,0.010963038362279581,0.6839737118410182,0.004557151229716647,0.05783666455638961,0.09110933324555714,0.37807164458413256,0.08650357900813518,0.6907630522088353,0.11147952898144939,0.7744079400553743,0.08978238966252211,0.03971689985593318,0.30662296211636,0.18317019486348723,0.1389029706985704,0.15045428045819095,0.509934822905943,0.06538723723897132,0.054884019590406466,0.5137473374119002,0.11461592167466411,0.011947180687254684,0.10053876863913402,0.11289760907475435,0.054095405317931576,0.011947180687254684,0.6496283494415018,0.06778473993127322,0.00043957588347246835,0.008979111211518596,0.05881632041386755,0.0212365893597175,0.04265394744183657,0.014130763085753895,0.029536191730094346,0.718719888051468,0.28982122629453116,0.03289263952672283,0.04229768953260611,0.18945120522369155,0.02153421666566968,0.8949098862393661,0.7128775817080184,0.7186708668569601,0.48716519648472056
000797.XSHE,4,1,-0.09659577800823774,0.6837977025397493,0.3325730909337282,0.6346926803216989,0.5523809523809523,0.30461435778844614,0.7059709203875901,0.7863358673587828,0.9155166372627969,0.6610009725877213,0.2215075991631727,0.0013784909814147808,0.012292695558523399,0.0054592728047335275,0.0008469697760369961,0.008203154414127549,0.006215415035713057,0.0013725111071176772,0.6221108360380445,0.025832438513000034,0.15141763115583745,0.003797471591535236,0.06775123458955781,0.5454545434710744,0.045474779825822445,0.6823968033413286,0.0357582416232053,0.17893642036718818,0.0884807283106728,0.40966018446042696,0.09341404966352651,0.10843373493975902,0.08778827618647315,0.7432488894865922,0.06510702857202158,0.06699370623817769,0.3776945468761332,0.17000489526669693,0.1380983577576906,0.15074646080552406,0.590150774548407,0.13999454319118101,0.09161394513717572,0.5207788664376434,0.12449188079779827,0.024947624787890137,0.1347259648131669,0.1548292562207215,0.00358298098610571,0.024947624787890137,0.7170524564226429,0.08074919053673811,0.0002912258748718719,0.008964813957864833,0.0452980292850136,0.016856714876968947,0.023438345828266444,0.013269095529843938,0.02954236502918583,0.6124929727236337,0.2899136917606262,0.04227515361504175,0.0950562994876692,0.17851972184222525,0.04482383202727762,0.8990889207652213,0.6939183362080406,0.7383295529860343,0.3802407368408929
000798.XSHE,4,1,-0.2805650046486635,0.4718106447514288,0.20142153754296732,0.3176954392938476,0.6264720411853062,0.008538029837276806,0.6476173784927873,0.4479926256689676,0.894865285197047,0.5530771863404598,0.208852642235563,0.0006832819670696361,0.010202356666996093,0.0045835195835666025,0.0001382162794673083,0.0002365306865099188,0.00039820216397933907,0.0011148975486914145,0.6182830611445093,0.02221613597192498,0.1506414736127876,0.003520974497194134,0.056557533357744647,0.363636358677686,0.03571601618830203,0.7037625943804356,0.01941388011285232,0.1150854662204938,0.0908445183092564,0.15402389164964386,0.1317365989833948,0.37751004016064255,0.04071804372087261,0.8213549136176097,0.01598636921747329,0.04243566209935401,0.30223202093124585,0.16807000903406347,0.13930722695804312,0.1250173605366199,0.5114900711576583,0.022514455096762538,0.06596535597403562,0.5144085280544928,0.09095814575590679,0.003607225670984872,0.12172606445316553,0.13656511620867307,0.044786334573606174,0.003607225670984872,0.6566558811466072,0.05660070320422857,0.0011782633014977414,0.00915957699281018,0.0541632653491981,0.01852181634917981,0.04579306151542125,0.056337255979194575,0.030108614021315067,0.5556466036771367,0.30205684076064626,0.046860026159203885,0.04693087028615358,0.14171139547550288,0.03636373153077706,0.9462575094800527,0.8476156516739644,0.8381676889887593,0.44487863930457794
000799.XSHE,4,1,-0.2855391703016281,0.3296194778756151,0.19374747912103496,0.3393236489828138,0.7811533256599871,0.06441730102154816,0.9436988027333659,0.011480342720972092,0.9897676289298953,0.8232409793939018,0.380086004737082,0.0017000700402129045,0.010839545179462264,0.004857013054873408,0.00047000256263054433,0.000338624891728084,0.001319811973222027,0.0011222463314732667,0.6205430609248888,0.02222510607088705,0.15100399810203213,0.0038564740839741552,0.19138735212648572,0.363636358677686,0.146752505877254,0.7104331006351502,0.03628509957600685,0.27995839739531514,0.08783899464112589,0.2792333088018618,0.0894054676433558,0.9999999999999998,0.03725602838654933,0.9655178785729172,0.02558266327665705,0.0,0.23604306978525474,0.17337265112078726,0.13071905619811935,0.3289582768235286,0.5318427242963106,0.04998386601825681,0.16051040528253277,0.5004028810552199,0.1096654964237355,0.012471725589466513,0.14309295764485605,0.1474072359973515,0.15893146213562842,0.012471725589466513,0.6319496784793235,0.09009090043504597,0.0002461821978275285,0.009005122842324709,0.05358572296223046,0.01764707935871068,0.03394199712744019,0.03647899088887806,0.0295014934847816,0.8926004858938863,0.4192672335675728,0.043493145843330444,0.008920299584977205,0.14229421581294016,0.04153421666566968,0.9486017809717231,0.8767662863208172,0.9035166471708125,0.449965702708338
000800.XSHE,4,1,-0.183417776026658,0.6348184636938174,0.28496534552318353,0.31381063793506137,0.5261854191377264,0.14507907652102353,0.6593138991399088,0.23200450140540668,0.7197483356590053,0.8325515249131341,0.5884498502212911,0.016366390193787026,0.01688413490776698,0.007167230303742528,0.005636806296332289,0.011199175293437143,0.01723998899254381,0.0016195642047238533,0.6194846202186832,0.015669393699025428,0.15388338477644842,0.008180243444892576,0.16533476405166958,0.5454545434710744,0.3143521057824715,0.7994878021237921,0.09614189164685966,0.10848331373790358,0.10310092536107805,0.7050309692827302,0.4977219624781075,0.048192771084337345,0.35890459331366575,0.0016620487240003312,0.3413457407354262,0.08165039918037749,0.3064258702529405,0.3801775197962857,0.18025279664740274,0.1644094547273838,0.524822407395234,0.04212246182155623,0.13622246235043914,0.520313234700878,0.1354007451051452,0.08093323369319322,0.17335086078438788,0.17950332278931672,0.16179556730355563,0.08093323369319322,0.69622927468254,0.06846779187858631,0.00042608905113642695,0.009167690805575201,0.04699648936546322,0.014824942625301957,0.11780940894513794,0.009625294171056197,0.029643599233770992,0.559182695879438,0.2634564992808134,0.03165080859044986,0.13803599035743583,0.20025063966154938,0.043297990069988634,0.4665144650693784,0.501039317146522,0.4072978746438596,0.9170451389745667
000801.XSHE,4,1,-0.2718252881765547,0.38745309879839973,0.17136726123240142,0.28807451509041426,0.5339313193725241,0.17133023260522623,0.45770558352920415,0.6016514558568932,0.9995833110133228,0.4655839296797808,0.3461263760961222,0.0022953377520892847,0.010884307267635814,0.004830248157792004,0.0007544415461246196,0.00226034323578358,0.002457028717711357,0.0011551639454438893,0.6197721216284037,0.023914272369671606,0.15092263088956256,0.0038418603195945165,0.01913523099099282,0.7272727282644629,0.028506316216100273,0.7038954744766824,0.0026203035473428065,0.06353441258930993,0.09150211714609388,0.6012047261248359,0.2820868629463636,0.012048192771084336,0.16941739321774396,0.04777748462938572,0.11643634248736454,0.08088737638434046,0.3076669356197277,0.18715438826342232,0.14616008547875117,0.1307178965333756,0.5765047853560405,0.06760438915710447,0.08250196152807718,0.5149504803578724,0.10345936203918529,0.022390491405833327,0.13320669629866771,0.151724719690443,0.017597613501929857,0.022390491405833327,0.6819521908160655,0.06836322011099269,0.0004280828301881654,0.008996465367092615,0.04845234998277134,0.0181277317326451,0.059193383061799935,0.01609037781384476,0.029463562839039885,0.5490628634917608,0.2743857227091097,0.04632458147792514,0.15428403672387841,0.21700185565182145,0.01905305975952623,0.8204018193180043,0.6560689487417632,0.6188287700712676,0.7677476990765714
000802.XSHE,4,1,-0.2461192815953455,0.4772165027906865,0.33764756074193497,0.3281386650442071,0.9999999999999999,0.0486479147820415,0.7215030280732241,0.3003519150669376,0.7327640486538181,0.33105551871022876,0.13842344525815198,0.0008178724910661046,0.01056937627373666,0.004749845107431084,6.10475684796178e-05,0.00021260466568660222,0.00041221544191396984,0.0011135788540977923,0.6180176740410851,0.022511012113412728,0.15085078785202935,0.0033824748384037864,0.042658884504515514,0.6363636304132232,0.04836698227513458,0.7238585098708454,0.027136848697624713,0.2883693587772452,0.09027725518375225,0.30401624608096645,0.1395273843586885,0.35742971887550196,0.12340256485596565,0.4275027486939212,0.09689289067979137,0.048169867898208124,0.3080049348943288,0.18292400894679073,0.14092165227722359,0.30957977155506367,0.5175759737715568,0.03986126342283707,0.12267439699175803,0.521713422013469,0.1021218420803901,0.004512489637327907,0.1134014127474303,0.13123084313663394,0.010842778518654589,0.004512489637327907,0.7164156082717812,0.1099251639122259,0.00019833705944933508,0.009019232295277542,0.09362136226128555,0.034942479880117575,0.02350753631253332,0.04444987787590728,0.029402705715582206,0.769439913599152,0.31665256324978547,0.04716474562213584,0.05992091250174979,0.1949725610528449,0.018995334091045042,0.8807643692036755,0.7310656317721467,0.692509895356114,0.5144577031352318
000803.XSHE,4,1,-0.2154318098630976,0.5452115522907829,0.0804915462555485,0.3102884817826561,0.6856820208818664,0.18570201337622866,0.38533531710765045,0.31816753517089424,0.3004964263101554,0.25934544652991137,0.028616294098434247,0.00014413253176397256,0.010492633029166646,0.004720958483449111,8.780160644404088e-05,0.0005660904374177314,0.000439460304271918,0.0011247117316355126,0.6172842226541541,0.02213345273581492,0.15079256415495845,0.003357080155694861,0.0035382700538765795,0.5454545434710744,0.0026055025275693016,0.7017012286254642,0.0012520284160787711,0.03635705887672967,0.09128906671751712,0.3285820263030947,0.11537398840373617,0.6265060240963854,0.12850039067080746,0.35562915063048006,0.0994190899570039,0.03372886365857322,0.3066539697384592,0.1820198654986592,0.14132590853669633,0.0459884942615828,0.5388842719602802,0.021227816959148292,0.02928301007815527,0.5244832443234521,0.09571274722317523,0.006163458862874461,0.11006787136306499,0.1235969568543156,0.049389048329819794,0.006163458862874461,0.7570546999977799,0.06435218588953193,0.000529123204263684,0.009145094405909951,0.048868159394311314,0.015281275927359244,0.05229770605369624,0.010104757932119918,0.03335895679265739,0.5512999491042233,0.28238135756045346,0.03290451013080089,0.031012063100946542,0.13937829330698687,0.019251211341747922,0.8997830594651404,0.6892939277342887,0.6891986807952195,0.44142129296713206
000805.XSHE,4,0,-0.04005867553473946,,,,,,,,,,,,,,,,,,,,,,,,,,,,,,,,,,,,,,,,,,,,,,,,,,,,,,,,,,,,,,,,,,,,
000806.XSHE,4,1,-0.2400586755347396,0.5290096666531354,0.217892021160033,0.42055104009938743,0.4338377847935677,0.1576370976664273,0.4770022220095369,0.5289653381889686,0.9113010092742938,0.4456926738814757,0.2187979846394943,0.0013354718364200883,0.010793402714696605,0.004793188595673312,0.00019578328045221477,0.002257557696033625,0.0012536757518383315,0.0011876582540064145,0.6177221851508696,0.023962460392833007,0.15076545772751226,0.003026513349139935,0.018073329320118577,0.5454545434710744,0.016136117781024594,0.7000318617077623,0.0047204518390451715,0.04693859093786741,0.09125714254271831,0.5974964540285723,0.14436267107451403,0.08433734939759036,0.14391508806233866,0.458247057023978,0.11669334816097933,0.06508143821439237,0.30474143904104534,0.18817639252334398,0.14148709109674332,0.08937409559152268,0.5153795487216971,0.016438591027043335,0.035077431832197636,0.5250180102084078,0.09980119969482822,0.005263432366595245,0.10151083944571342,0.115994403270161,0.034597489183066016,0.005263432366595245,0.746923556019851,0.07644332550767244,0.0003233659884828561,0.008127063269659156,0.05558469504759381,0.013909117004805282,0.044160064471859516,0.01090083246707254,0.03061553150670826,0.5936848209721648,0.2787315996155773,0.022909518371973865,0.09375670152231373,0.1373103181841212,0.022903032840820722,0.8434868131399922,0.6832100526292515,0.6609899845001359,0.4687832333547949
000807.XSHE,4,1,-0.3195862345898576,0.5293628535619616,0.3704890161135112,0.3681868784410789,0.5469161590806696,0.30469842020506166,0.2747419705408686,0.1921461395703181,0.9731430995162194,0.18742577492811935,0.40765694238206646,0.003220871964519318,0.010866535078967246,0.004481325489444249,0.0034372575376601724,0.03107009429489324,0.004412640872476338,0.0019516444375350126,0.6069060184309071,0.02773039127622857,0.14944227262433418,0.003959658430839555,0.01200903228175153,0.4545454565289256,0.010102893247763117,0.6994713057423022,0.003303383193534691,0.011621597178258117,0.09114720203628142,0.0,0.10741227589770386,0.9718875502008031,0.09797733977555861,0.5778981397168049,0.06389208937316052,0.037550710627287105,0.29025116182241295,0.17982207599628008,0.13740943229942518,0.13675127175743218,0.5008544165813807,0.053520226424412724,0.07052045548853648,0.5209168135533121,0.08457655326119706,0.03186092160119035,0.11969643135572865,0.13342019096399083,0.05400183482979845,0.03186092160119035,0.7264778090553965,0.06503147802055849,0.0005077855066147127,0.009211416840307194,0.04239422320417033,0.015756145695034897,0.12244618753965288,0.003971453510440293,0.02891589640344331,0.491529013364854,0.26808502851732313,0.06610661411209262,0.036659288163037096,0.21250712494300045,0.014408087575521923,0.9396347871781399,0.7628504931228162,0.7499650130837863,0.32789616655750975
000809.XSHE,4,1,-0.1718416212711736,0.8404691404654341,0.45382893063917307,0.41755071764971907,0.7300842814262393,0.16372556676146738,0.552493991293435,0.12038602739429866,0.9948500051372615,0.40508800662055733,0.307151837347234,0.00047081548203336475,0.013684344003226122,0.004632974851989769,0.00017854136106063972,0.0019996471290947204,0.0016123197414876327,0.0012158113646216428,0.6252771855553546,0.02226320286600932,0.15055959007571282,0.0060383504848359505,0.009613245156478227,0.4545454565289256,0.008755639843365906,0.6950031386558567,0.005456523668548913,0.021072623677308493,0.09080932666306528,0.21037381552443163,0.06140581336395517,0.9999999999999998,0.05125363824542031,0.8869960856134745,0.030519359458196303,0.030325011659778127,0.3017326489746532,0.17707756421171594,0.13338376787631576,0.04590371445840238,0.5287280174057538,0.014215027048874507,0.13751353741278824,0.5131153742140708,0.09159209261820925,5.1433592736087304e-05,0.21300100196019572,0.22908154582060516,0.09423900023246831,5.1433592736087304e-05,0.6970636041866047,0.1036031676863753,0.00020962927305324047,0.009154167784300166,0.042989310848668055,0.013330674333917113,0.02119824616440841,0.04160346154332134,0.02709228723349407,0.859671805402936,0.6065522391923931,0.03526972596210799,0.029219843329979088,0.0935945179105234,0.03042112819285757,0.9317986536194629,0.8000807129273366,0.8342214288920635,0.10618329032389523
000810.XSHE,4,1,-0.1705701393795367,0.12038829772734722,0.2343843126959139,0.4023196189817142,0.5867393210509642,0.099487418115975,0.17058076774717734,0.2435757223859721,0.6376285522845885,0.6495696831065573,0.10841891417551242,0.0007486569797818665,0.010797233787342056,0.004848672769986822,0.0003847182291229357,0.0017253012229097458,0.0005498842911287034,0.0011414093759735398,0.6171239977424883,0.023006391813457736,0.15092765583959963,0.0037052286679075844,0.006985419104190827,0.363636358677686,0.021708681232735408,0.7111338434349851,0.006508878426398159,0.07447770643031563,0.09103408544977191,0.6627201512262433,0.5282406212871648,0.008032128514056224,0.2588124925061038,0.017448945127753954,0.24978588250976472,0.0715806021953945,0.25046267509561704,0.1975616936629083,0.2233834299128834,0.10244242320161547,0.5350912875340715,0.027396400874269814,0.10745656867418382,0.537229300866674,0.11326673932164204,0.04117727606588091,0.166092464091423,0.18295075810734962,0.05539743998566489,0.04117727606588091,0.7668691726933536,0.056228119665391624,0.0012635376062491697,0.008981793882845026,0.04661577046898341,0.014163337509588685,0.11478530442150287,0.007888521634039414,0.029109050377664925,0.5306871595166787,0.2731188484915379,0.1104426378448508,0.1025053720413056,0.3056004426964584,0.019498265238978286,0.5006790487281817,0.6176473840166294,0.44457148289073767,0.4959283290114378
000811.XSHE,4,1,-0.2149557948763033,0.8527257655635117,0.35712097360712497,0.39298274442738446,0.46541987329784196,0.10537829533712101,0.5330339027362248,0.203265351142785,0.9085172282674081,0.2519796897387161,0.21704698999231564,0.001810831611922836,0.011094971652586341,0.004775485443246041,0.0005010168694405549,0.00044982814783889324,0.00196605542863751,0.0011658652827466242,0.6175021949405012,0.02431847145896642,0.1508616379404897,0.003991152503444324,0.01556178565922271,0.4545454565289256,0.016292666785434593,0.6999230739656905,0.002265454451631551,0.05354074342045762,0.09114098582945039,0.30008927278157477,0.06968382605462595,0.827309236947791,0.0969792516249402,0.6501875066086711,0.06693524097048104,0.03379806536552348,0.30979293975498423,0.1791261425441861,0.13907325227410391,0.13204490576036493,0.5334503011088468,0.02499821755660656,0.09437290596685062,0.519244385439979,0.11274419443404403,0.018139118293601156,0.1446625812962018,0.15572694780584603,0.09596939158242009,0.018139118293601156,0.6937625105605784,0.07060061011584796,0.00039019814583145576,0.009059499781334733,0.052668356639943334,0.014850900102285739,0.08383646547293219,0.010146380698959703,0.029532381774763614,0.6010619365011427,0.28672937577245167,0.027016398008598508,0.0330106913053849,0.11650588045295637,0.025327810013758452,0.9263582749854427,0.7278785767989033,0.7629299759976553,0.5006476194090657
000812.XSHE,4,1,-0.2142747034093039,0.5132615703031191,0.27838380031568544,0.39467414433527115,0.5351888119603895,0.06318348168090124,0.4764484804943361,0.31281982597179736,0.775408587920498,0.1633813955376979,0.1538490033651081,0.0009986521825341241,0.01097311875813487,0.004926228440584542,0.00021072432991552008,0.000826163826155577,0.0009750192719965802,0.0011265983469373453,0.6179394623603276,0.02430176102407461,0.15105595810369535,0.003723495678768531,0.01779195898413863,0.4545454565289256,0.009601050553715747,0.698502921882714,0.005903147787463354,0.03839196888848693,0.09113651826103066,0.4037273329272809,0.12825168076331506,0.4417670682730923,0.11408312262583485,0.3635225988323568,0.05897711701724088,0.04360813861956693,0.30758854005713276,0.17215587723617176,0.1413558053018663,0.04396432614025413,0.5293974888062934,0.03199395721633092,0.04775810889859176,0.5248344152840907,0.10838646250166015,0.007444122587815137,0.12829071406638248,0.14377624864645397,0.04305859394569783,0.007444122587815137,0.7282948712106075,0.07183063848978366,0.0003729299480520282,0.009024110726916022,0.057194769244245276,0.01869197489260897,0.04704070728379035,0.015002758095090264,0.02938581359686343,0.6518102374803597,0.3168768163380834,0.051132419879109964,0.050505682107510094,0.19729283832396008,0.018185978345396904,0.8985341423925239,0.6746135730396716,0.7014969119095462,0.3306779126451287
000813.XSHE,4,1,-0.1040212340370796,0.480271049871129,0.0618781699556748,0.28541027691892523,0.429420679082776,0.06972552626688386,0.22798924088315248,0.33605736030536565,0.9776160296608793,0.3019134648292557,0.276046835944541,0.00029416635593749644,0.010398505512113024,0.004677469159480794,9.137517963827708e-05,0.0005719634507005517,0.00036485435948459884,0.0011242203363583392,0.6177560776265925,0.02221221328644063,0.15073703946249323,0.0027528010002238062,0.008447914500728819,0.363636358677686,0.004587312249690267,0.7008022166210263,0.0019488957075747342,0.011892918513159085,0.0912357911036153,0.333547581055342,0.17556961510064914,0.41767068273092367,0.11130165188529956,0.2717074958500111,0.06210167169036663,0.048202425608697766,0.3056166205651842,0.18109799995048814,0.1419407420117143,0.15710623424619363,0.528310182016212,0.016327727966312787,0.03162737176872259,0.52147273721765,0.09567723784373819,0.0025649077516827876,0.0764248186973609,0.08928379517292531,0.033176967239991334,0.0025649077516827876,0.7190412922992789,0.06253241795851433,0.0005992806943626092,0.009161564664462364,0.05296530682565923,0.015195072259983237,0.03372985300578613,0.022645435482696763,0.028942450307346528,0.5227129334041513,0.254826453999988,0.04991081203219379,0.057231294338797215,0.20808831446015097,0.019018514087455883,0.9049615827072475,0.705547078855425,0.711042398861407,0.3427438156832596
000815.XSHE,4,0,-0.2474165350665121,,,,,,,,,,,,,,,,,,,,,,,,,,,,,,,,,,,,,,,,,,,,,,,,,,,,,,,,,,,,,,,,,,,,
000816.XSHE,4,1,-0.2772381627142266,0.35877514544691874,0.22134275378965515,0.3815673887048413,0.5442664306151466,0.16910429596912577,0.38016436987198693,0.16574380649086978,0.9999262341941393,0.2300059747436564,0.34189616095778863,0.002570580842752584,0.011394403039041223,0.005077826336232853,0.0009915061697952034,0.0034407417964157586,0.004794292525962776,0.0012763732126173971,0.6170941145788746,0.022113372249032093,0.15119158637733293,0.004092537013660172,0.01678262962020618,0.4545454565289256,0.013663336506784585,0.7006443711895899,0.0043227207066067995,0.024645021253504568,0.09117062717691057,0.2687372770069313,0.12242467005201765,0.9357429718875501,0.1056510894642737,0.5010383954813629,0.0669773788441815,0.03482425587485395,0.3031403308673333,0.1797758268294214,0.13780328968405617,0.041253143716419687,0.513853901750285,0.036182744731117364,0.04389210439716691,0.5199014408809087,0.10566181389220919,0.015339731462225331,0.12556485398354683,0.1435236864157604,0.01777468173443105,0.015339731462225331,0.7022869275523881,0.08207167833552992,0.0002831742728204615,0.009089076335519242,0.048949025882025154,0.016752895677563932,0.06180654784009293,0.008457284615971103,0.0298294247990976,0.562932239868802,0.27823656870972524,0.024045756994353296,0.033374606773585905,0.1439198903075442,0.012071543937309326,0.9209498515856898,0.7120538675865733,0.7301478956360092,0.2358299187389704
000817.XSHE,4,1,-0.04005867553473946,0.5832710543596483,0.33323445031838866,0.36979524077594106,0.5086859991960199,0.19531619973499242,0.5201466800399461,0.3337110635790617,0.8075837911617676,0.3255274155849768,0.29448349460704565,0.004585277962534866,0.013684344003226122,0.008150090726543492,0.0029840589171838032,0.008062098247688082,0.00966583515757642,0.003724127055187232,0.6194366714067405,0.02795801905504902,0.1535011777904567,0.007249247564261568,0.03212743887797873,0.512508658030105,0.03385548310334353,0.6973754749785577,0.011416551503228026,0.07601564141075765,0.09146680527188153,0.4259820692575249,0.13112622332231372,0.5511172547939428,0.12284974011172788,0.494504656209718,0.08633157970599001,0.045919982486072305,0.31147779666162767,0.18463137997985954,0.14208910423830812,0.20470555979997465,0.5318427242963106,0.077915971133906,0.12469801664167228,0.521515575256219,0.11601091851739048,0.03148564188991912,0.14997234261458614,0.16450473416111355,0.0632184951466207,0.03151351181947201,0.7073590212283098,0.07474128671978711,0.0010165370293848852,0.009470773081934954,0.05305644375124136,0.029247760156912796,0.06504798281099847,0.03229344616550119,0.02996043969994048,0.6137324122247689,0.29599917104153156,0.04246130980234155,0.05485061095598209,0.16042323302325237,0.02380545148233199,0.8768056165474607,0.6953581940533766,0.7048157031587168,0.46648362214367545
000818.XSHE,4,1,-0.2588086755347395,0.6368075668677342,0.6080545325006801,0.3138809358583686,0.4557009702018391,0.10236452211691219,0.44932073959813246,0.19637985720020576,0.8661277957459963,0.19962720693302288,0.1933263432085034,0.0020061596968279226,0.013684344003226122,0.0045616103064673435,0.0006701265604149707,0.0015806478070233127,0.001058046778645979,0.0011553171858890883,0.6173396607443804,0.021415113705665435,0.1505187249832511,0.0034002079791001336,0.006252013532452722,0.5454545434710744,0.0058152497878495085,0.685878268408518,0.00865909124737027,0.030252328841457902,0.09120934162930677,0.3446585716117021,0.05137638503325614,0.9879518072289155,0.11098806115282803,0.6393857297872187,0.06997038122911364,0.03216460917385561,0.3131310162792379,0.1803299910305765,0.13696098082187505,0.18838837136709888,0.528732892319488,0.015715339800745964,0.08059559070342492,0.5244239463345572,0.09277608673061488,0.01703712185798596,0.11268631237481534,0.13015513375079144,0.013782694337023933,0.01703712185798596,0.7511127314709323,0.05775814601213541,0.0009785413644367255,0.009124376835738829,0.04777230635444374,0.014048263645039298,0.18960788486999025,0.009385112420394016,0.028765228130603726,0.48694340367447553,0.26663361269583946,0.043098507163881125,0.02614670378390034,0.15578482038810357,0.015448196446730874,0.9056566090525628,0.6718660165406218,0.7203040297005912,0.31593922324730106
000819.XSHE,4,1,-0.2166607619728914,0.5380509377494836,0.11578755699436061,0.3457728194230506,0.5379421891103683,0.0008905192779526394,0.48020161743069745,0.29795921508300616,0.9607091704069151,0.2914207321671304,0.25698873192479754,0.000722573046777202,0.010790324124885167,0.0048526762532662025,0.0004744853671921472,0.00022414738376988724,0.0003454736191095873,0.0010936766409619795,0.6182217511356444,0.022130839256108113,0.1509950874227487,0.0037370014271899342,0.0335249271663296,0.7272727282644629,0.044648655679588915,0.7082996677217924,0.004622366232808383,0.10558921949895993,0.09173175571919062,0.7462316127260455,0.3403372092398309,0.0,0.20997139472772286,0.022019322471329913,0.13346755258573006,0.055669703986683756,0.313419452460852,0.18882998597069012,0.1556009639756978,0.07246837483880364,0.5471836869505293,0.07837307966543766,0.07809893569290331,0.5259418062303919,0.11260215691629587,0.04306264253565076,0.14789627384778428,0.15289314144007596,0.15568008647715592,0.04306264253565076,0.7318670634990191,0.05269299250834914,0.004815482678296771,0.009106316714026274,0.04345458997128909,0.07003417241877147,0.20725085790657863,0.06986419555220837,0.02976723548532406,0.5082270417356458,0.27758872645464244,0.03489225537739989,0.07878132848937353,0.1367990639408218,0.01839729018364539,0.7603863387822924,0.5781975587103623,0.5638847887450391,0.6902732941639195
000820.XSHE,4,0,-0.3673169956615223,,,,,,,,,,,,,,,,,,,,,,,,,,,,,,,,,,,,,,,,,,,,,,,,,,,,,,,,,,,,,,,,,,,,
000821.XSHE,4,1,-0.267536153012217,0.5968719523901694,0.5045020648711479,0.3166167114631476,0.6598572824485163,0.0569534623230441,0.3509099135268301,0.2684435687232942,0.6598035195071039,0.23724643593972658,0.11496933274725907,0.0007251582229519023,0.010620232874320122,0.004705448933937013,0.00022299856162171522,0.0002292606270215144,0.0007913863496815428,0.0011271977286862966,0.6186483144845145,0.024008648751458195,0.15076986907378143,0.003684523277525851,0.0099515984471115,0.6363636304132232,0.015049428877119297,0.7160148258015261,0.013973530484674002,0.07108618974405354,0.09242661601329098,0.8178155183913551,0.23261699702954422,0.20481927710843373,0.18050704195659534,0.1429166850597321,0.13264512478762872,0.049622752626257816,0.3096047145602969,0.18936475075044115,0.1511515454027874,0.15048012501357644,0.5313376039587917,0.02880344729834955,0.08671472366985224,0.5221156205596766,0.10113001637434962,0.00918326953201425,0.1308554846989952,0.13851313797363418,0.1190155642446224,0.00918326953201425,0.720260067751295,0.07149130536381712,0.00037748111315200777,0.008512459094937417,0.05371975289945274,0.019006977014290043,0.035591437303444516,0.03215961173156461,0.02903941959590004,0.5265506302094711,0.24914829572519503,0.03355385086133786,0.06318242139027996,0.13437151669453312,0.019211880122031465,0.8189895754924656,0.6047001459466634,0.6027229062641102,0.7592422833916269
000822.XSHE,4,1,-0.2491739570360799,0.4796486094221482,0.6559627190451942,0.14708184820854503,0.513215625206357,0.1152935025717676,0.4270152938724659,0.22532348354691256,0.962814569449189,0.2894455863273115,0.2590853176207615,0.00299528256054433,0.007623227388020482,0.0034973896484430615,0.0013334468575121156,0.008974038365188388,0.0023335391616524288,0.001277315193376531,0.6141812228024538,0.01897397730357665,0.1488068508094207,0.0041108687388626925,0.015464759343385322,0.4545454565289256,0.011167661813986604,0.6480920898798823,0.014492683154965656,0.027086913267613276,0.09054558263130871,0.19880283644172514,0.023258142922095666,0.9718875502008031,0.06988593466508376,0.9563771238857651,0.0427319582573577,0.0355685604542654,0.3080488900460855,0.17437656246547598,0.13505538700712583,0.17604079285299012,0.5330230174328925,0.025387786635933468,0.09364847626785767,0.5203155231134488,0.06166551870413045,0.02242455542011558,0.12900056748072572,0.138755358457387,0.09788321289777728,0.02242455542011558,0.7453507163665302,0.058331132461928045,0.000904864187247859,0.009075879840718379,0.046453773655096633,0.014447638275447768,0.14498704318114383,0.004429695137095576,0.028085710269839623,0.4601737774756804,0.23636956831085842,0.03483163485924356,0.032895962686501,0.1460577690378477,0.015684781958485376,0.9048861328485607,0.7408893901198534,0.7854232624705253,0.35614691523090575
000823.XSHE,4,1,-0.2845457321023329,0.9439362357413779,0.35492472562779803,0.44836192558229965,0.6075951081164442,0.09287197709742054,0.6327169048811704,0.2245719056822915,0.9842703200645626,0.3475597329347592,0.2856393592516079,0.003712836379539371,0.011287039085230922,0.005044245164796768,0.0008693736418192489,0.0020487043682499567,0.002033904151050234,0.0011812103066162142,0.6194544500555799,0.024657676785572416,0.1511298333011977,0.004198290900853138,0.03860283884512737,0.4545454565289256,0.027707620417358463,0.6877847669562661,0.01199953029747255,0.07244279641855839,0.09098355240310396,0.3385823752528553,0.06793745998517375,0.9558232931726907,0.09772633542876943,0.8828414770983236,0.07948838996516108,0.02949749819048361,0.30839056897508604,0.182242921417807,0.13888477266759736,0.1889994622561202,0.5370752266533345,0.03564008771843857,0.12113943846787045,0.533355981926519,0.11134139988069544,0.038052900125271696,0.1510374789707264,0.16539139417397963,0.069048923581539,0.038052900125271696,0.7556080614459141,0.06470531575241616,0.0005177560489440792,0.009016135091601027,0.0509989187899946,0.015903473652272054,0.08565176881916507,0.016384778694995602,0.029399959605483257,0.5689066722256535,0.28070082204719327,0.02953050420248634,0.028363017430709785,0.101906159750722,0.03095681043249387,0.8772049111644489,0.7084466631285657,0.75263986184789,0.4968947128890543
000825.XSHE,4,1,-0.2589138943899584,0.330310163213142,0.9660846634222976,0.6572344088679503,0.5732280463309619,0.24861884545603768,0.11404962170318705,0.23147663796611528,0.7375342374328095,0.0,0.5789883352856592,0.04339100884165003,0.018305328046304286,0.007957641630888995,0.033987299722951524,0.07899645070600887,0.03186601250174558,0.0036083496998653795,0.6049851189974662,0.011728555813981799,0.15279610890446102,0.018544201624495132,0.014390482004370804,0.2727272717355372,0.015434525869472955,0.6999056770010871,0.007019568918512435,0.006783033372524192,0.09145810472957795,0.17344324408840095,0.062109097305516635,0.9839357429718875,0.11551668025999041,0.4939754583466362,0.07747099908452576,0.0388522847261493,0.2986210485476956,0.1809535302615752,0.13863779939010598,0.13562055233115877,0.5411862363796418,0.05069050417991628,0.12002286788391135,0.5265355087759418,0.10536294328194742,0.09023148206020222,0.16723760620815925,0.18127805041635173,0.08288834337029234,0.09023148206020222,0.7314569099192898,0.05780923896041754,0.0009714246808770486,0.009198044882077724,0.043793358552772166,0.015473076410138332,0.20888916663618218,0.007060398742194412,0.02938026552819626,0.5033475893254148,0.270328727385137,0.03130794231975166,0.035563397921525616,0.14624602586512642,0.004281270562900042,0.9295103037877603,0.7030344743708818,0.7131495354001578,0.2944603916842222
000826.XSHE,4,1,-0.1557399094679014,0.5204284602364686,0.12339576820511294,0.3120650537336431,0.7110527112071812,0.07808603074262005,0.5805506423857332,0.5974617115784217,0.701359574055161,0.3674511820904641,0.5980572813775213,0.001291654336164984,0.012812321040560098,0.005693510972958851,0.0004091584717850467,0.0014238924628657557,0.002313626488946637,0.001151095009013167,0.622784172057658,0.022913177281819786,0.15193078537001597,0.004872119092868113,0.10519098674649177,0.6363636304132232,0.12418115608637117,0.700802146584184,0.007657334051937197,0.049199602062042144,0.09158825740977249,0.5581152715191996,0.24021998795852403,0.012048192771084336,0.1698166284779913,0.07395038902616674,0.11925022274956705,0.06444435293585374,0.3229948059951866,0.1899555186209214,0.14674502218859917,0.30211713605934615,0.593657194457997,0.07542462501380323,0.16959891479958863,0.5174299151569032,0.1285314208399326,0.014291685060040945,0.16043684347271472,0.1770413441520677,0.05401031714033743,0.014291685060040945,0.6904847875088955,0.07626060851584784,0.000324977441254227,0.00910150133955745,0.0456819142430026,0.02062008857282258,0.04007195995118052,0.028481483325876574,0.029468499298860612,0.6694114163995285,0.33262650784408887,0.03834552866600572,0.10652285284822816,0.20532589489284087,0.023900819525034395,0.8158766030875857,0.6433981248065104,0.6240002323659339,0.5582920377556693
000827.XSHE,4,0,-0.04005867553473946,,,,,,,,,,,,,,,,,,,,,,,,,,,,,,,,,,,,,,,,,,,,,,,,,,,,,,,,,,,,,,,,,,,,
000828.XSHE,4,1,-0.1453218334294764,0.5732458857451136,0.5320297985096509,0.497199504266836,0.6218725472249318,0.08735856724378677,0.05036271830114675,0.3081355647121917,0.9992223854632185,0.11514181798494516,0.32481312107567806,0.0004460801711412934,0.01295897345764944,0.005504428149242477,0.00024290091337859367,0.0023756494661397783,0.001257128696009305,0.0011679719055895667,0.618233007873981,0.02419119458403595,0.15174839801127063,0.004991869810562707,0.002906152856078987,0.4545454565289256,0.002317421552799985,0.6981650046862956,0.001834659227604018,0.004160260468481504,0.09134799841912584,0.4403646921431217,0.113627026551617,0.718875502008032,0.12696537721144052,0.39343536950556357,0.09158981034698462,0.04103145563129339,0.30610515541034683,0.18190602741753065,0.14097624637014272,0.12982042220664033,0.5276924751635709,0.041134458093671965,0.0938404970862749,0.5274358184583839,0.12041404632685931,0.003277490104506145,0.1442688766959324,0.15560880033471483,0.0930920328042757,0.003277490104506145,0.7305033904860729,0.05154028217855038,0.0010165370293848852,0.009078803774259145,0.04608149758930799,0.022096784166298847,0.03452665210063788,0.01304081577806428,0.029546067374051375,0.8292247098441747,0.29599917104153156,0.032184530774764505,0.044570305759500356,0.14254968460252318,0.01167404438595442,0.9060019031117297,0.6837075980717349,0.6888303279792347,0.35989733577127236
000829.XSHE,4,1,0.1878174306599509,0.5261865246545446,0.4138192335257581,0.17154145284381656,0.5881646576375288,0.18592346812967808,0.40285575665370255,0.11472977184609845,0.9772129522217119,0.48460082331580867,0.27551647791673195,0.0030481325901494474,0.009334519414823708,0.004223236534813039,0.01130623179087564,0.014227494838749874,0.007990802674857116,0.0013389703040156608,0.6243931659091705,0.011332670754535121,0.14969380183000966,0.004498058374072869,0.012049203728152671,0.363636358677686,0.010807412631680927,0.6994450505364803,0.001712021076774597,0.026408609930360854,0.09132129236374643,0.3014471328687963,0.04868393692019774,0.9277108433734939,0.07791477974203867,0.9592854525053408,0.048425127304249735,0.0296463770254866,0.3029838236267474,0.17663178000361446,0.1339713043048742,0.06213079422251003,0.5384146217659973,0.1244605262472395,0.06267228404892342,0.46491429935070105,0.07971298673742085,0.1344749285888347,0.13658075151008633,0.1543043706374773,0.027394682174450905,0.1344749285888347,0.5678336762965119,0.05769159595994904,0.000987988344175368,0.009044829119571966,0.04032216786563656,0.01838315159280069,0.16510821798198794,0.013180784067305579,0.029078403189611243,0.49281970365130073,0.26690283320028046,0.05500302493216855,0.03170810400494621,0.2249336588640624,0.02853382783992343,0.9087074462797007,0.741925943125028,0.7825596163849668,0.32112857005810336
000830.XSHE,4,1,-0.2979062091670264,0.6431321815243438,0.5834431316171418,0.6036482674395071,0.5537074883666889,0.23243782454420092,0.4577194633202698,0.2928388847551903,0.983905442774859,0.18390183631522666,0.39128767224777383,0.0037851060397432208,0.01531847348109945,0.006733881509939116,0.0032057551099006305,0.017025342782237274,0.008774691777282694,0.0017694208557528389,0.6055594260406211,0.02345648035138424,0.15270227776137094,0.0056009682220750645,0.028138696395060513,0.4545454565289256,0.032629898977598326,0.6981838996907713,0.010509354557498917,0.0327846613005336,0.09092084114677233,0.46795330207524766,0.17094602079881457,0.4016064257028112,0.12437100682389243,0.2796009440518879,0.0813635655220573,0.047853265488055394,0.2839005497525417,0.17873869372866394,0.14257247365835016,0.16129377683234475,0.5038991771346644,0.01931877181216147,0.10398830589372128,0.5337946344835028,0.1212009968387949,0.03634358220979542,0.1434742105083313,0.16052347798763356,0.038413733708993654,0.03634358220979542,0.7452350320235296,0.06859571998301565,0.0004236832985321764,0.009069166993766137,0.04347226714804872,0.013506069348569488,0.16700776928770197,0.0022553261004908945,0.02941548820425707,0.536782455482828,0.2786344622101427,0.030694530275890385,0.060051701065667026,0.1475747485686781,0.01750672967637734,0.8991483930067745,0.724130401132193,0.7012421015386323,0.43812480796757125
000831.XSHE,4,1,-0.3194775617332866,0.3688736239977268,0.06720713605918194,0.3142474766675526,0.5531084992757129,0.03156010444710072,0.6545672177565204,1.0,0.7252026144709192,0.9999999999999999,0.5855672142967177,0.0018414732460337057,0.01111448312004853,0.004985559034526479,0.0010904263476385586,0.0002218404960663815,0.0006353118476621446,0.0010817149436410124,0.6217976957329674,0.022157378198148454,0.15119439914076582,0.004021533231057316,0.1697405287257869,0.2727272717355372,0.20803927402490213,0.7011953267082629,0.02031433289924329,0.10690060595098126,0.08991984125873902,0.1880111773547538,0.08242315309768863,0.17269076305220882,0.028269941010684474,0.983382592529096,0.005965888033249253,0.14832777966509708,0.20121871087533832,0.16095093127364138,0.12349183818310858,0.10154543195068182,0.5280397499460744,0.03887231245881117,0.0651579295730016,0.5221859591355357,0.10609697785589842,0.004656806488227016,0.12578948122697065,0.1417535706488476,0.03684238568164775,0.004656806488227016,0.7069972668113306,0.05595740908357222,0.0013345193522788707,0.009082434496423266,0.045331800607778264,0.02951659617633942,0.12169617747054368,0.11051753138029977,0.03216144846584814,0.5973578549703219,0.3103549836842252,0.9098252364330208,0.09204653384535488,0.9432281375082332,0.433988006221212,0.9597222024967689,0.9247130821281679,0.8914085336389299,0.4786326521398102
000832.XSHE,4,0,-0.04005867553473946,,,,,,,,,,,,,,,,,,,,,,,,,,,,,,,,,,,,,,,,,,,,,,,,,,,,,,,,,,,,,,,,,,,,
000833.XSHE,4,1,-0.2690306381515619,0.5309044428402974,0.3681140702363194,0.32297663718462655,0.5262407541612021,0.07877877736728803,0.34666456191029016,0.21897428126931281,0.7368014092781577,0.26308981257867226,0.13982162080846616,0.0007013865653383585,0.013684344003226122,0.004540803087766504,0.0003782570097795864,0.0010099592317453607,0.0009511080072895222,0.0011386443157314033,0.6180736275455327,0.022284714255258235,0.15056276109914452,0.0038456903327967174,0.008822816770896903,0.2727272717355372,0.0064054367552232195,0.6926026813783333,0.007203978837419565,0.02975490639413946,0.09071820576969689,0.11324228277254461,0.09562437627700077,0.9518072289156625,0.07081155436912263,0.764852443129497,0.0374742982775433,0.03181692193228988,0.29557393202906296,0.17953203772816548,0.13508008433487495,0.10198648015754068,0.5279579318062891,0.0262166911241824,0.08553533586648529,0.4999039669672061,0.08490692974242993,0.0188820002290984,0.14539694662008307,0.15860715227951247,0.07611177246626094,0.0188820002290984,0.6063261807690555,0.0590137171975302,0.0008318400735815155,0.009155137768066432,0.04608611476234222,0.015963045205267423,0.08037435469942877,0.0156728298744123,0.028821575149628065,0.5150253425485367,0.26369788281335627,0.025475453849512587,0.02684591956791944,0.14214783781729745,0.017397858467428366,0.9552848631605857,0.8201483791075148,0.7992992054669368,0.2651248548537987
000835.XSHE,4,1,-0.2743821078779738,0.5126163815579563,0.1696679373837484,0.27638221742315433,0.4443308766923364,0.06489275081874984,0.38530092837157737,0.23679796315436244,0.732659986177693,0.24663993178350926,0.1383873050177562,0.0006787972421518991,0.010819464814229289,0.004861194646272934,0.00033922711597819845,0.0006020004796365344,0.000493879552273339,0.001122597552713821,0.6179004652761344,0.02213200050643737,0.15096090670197007,0.0034683844203041735,0.006763220852727151,0.4545454565289256,0.00960582217336398,0.7015095509852874,0.001671464178551001,0.03753278466130053,0.09130185299459176,0.3862694142419286,0.08437324975821847,0.8353413654618472,0.11209551077737559,0.5949313160161338,0.07661339612583634,0.03919145009399451,0.307998277132866,0.1829716961501321,0.13940991584710533,0.04424555676941769,0.5275169782691422,0.020859014210618757,0.04112726818071174,0.5182675544529779,0.1072390221622044,0.018211951861676123,0.11859830302927785,0.13417815716274564,0.0356625493001166,0.018211951861676123,0.6424792907498099,0.05815406786741281,0.0009262690030268247,0.009118414917428702,0.045769772449882555,0.016545257278753896,0.12128436014229037,0.02153677944545722,0.02960374794554936,0.5159689657734218,0.26838812058197575,0.06753872408799878,0.02817856514802259,0.21115298994274712,0.01482039241490698,0.9092107412194117,0.6894542479324226,0.7216586174755026,0.3627502633808587
000836.XSHE,4,1,-0.2088898443659084,0.5221879232825478,0.4079482453623766,0.36845478967020706,0.4983435435646287,0.17939697057128456,0.4679849153602055,0.42829329712372144,0.6263239425364373,0.3313530957486508,0.1051671960458963,0.0011425539215057323,0.013684344003226122,0.004569564151492906,0.00025687502640629,0.0016810780854024027,0.0015078063308699363,0.0011871134009769707,0.6191294237917037,0.05023850332956168,0.15041296745534963,0.0037364064126856823,0.014864791432385633,0.6363636304132232,0.01263216516302665,0.7053393791774066,0.008915779697202303,0.06303699014199149,0.09110803927825607,0.31751513083419114,0.09941544971113081,0.3172690763052209,0.09698452205741871,0.7993355911462797,0.058373771609968386,0.04363156665913386,0.31982250491770603,0.1601902234336218,0.1380463633834819,0.1066099181420003,0.5417983144659094,0.0347472447906293,0.07934298020593177,0.5161547875839245,0.07611766206942049,0.011483214491523185,0.13801575544099784,0.15488974146499118,0.03641482421604232,0.011483214491523185,0.6688658377123947,0.076801450536215,0.0003202750544779255,0.00872848254003614,0.049939607376712235,0.01546627649351923,0.04163636696194098,0.017508055511470458,0.029615330373213723,0.5492862948428939,0.2909609848292397,0.07366457329118956,0.049870417478168054,0.13350425279931094,0.018421666566967757,0.902381197540157,0.703896886471187,0.7272063541520888,0.42136912061335996
000837.XSHE,4,1,-0.181597137073201,0.4434650910726077,0.4222726603861271,0.25196617271013366,0.5617758697503822,0.15399746619606175,0.44745587572988027,0.1799303425469109,0.7771183739206263,0.4865440651846466,0.1545004311982432,0.0011722166567475225,0.010632466989553361,0.00472429213025826,0.0002786957174900981,0.000608623309596303,0.001214482493678342,0.0011626210547052223,0.6196794812704606,0.023757028484945934,0.150766814932084,0.004195988047491174,0.019992584420746463,0.18181818479338843,0.01759975417852758,0.716270427137391,0.008012540336475435,0.08117029935787283,0.09042574451245948,0.298510333915197,0.055656843932563906,0.9236947791164657,0.04254095455437834,0.9272958908694084,0.0,0.03457186384900989,0.29735952048984193,0.16791700231058052,0.13296781288264609,0.06587744962706951,0.542728920420702,0.043159976853920555,0.08950588930650503,0.5190452533987343,0.09742764137128172,0.01381648694608665,0.16125594325704384,0.17618253194530692,0.07047262639106579,0.01381648694608665,0.707876000406648,0.0722886038333627,0.0003670236555544296,0.00832291966109401,0.05062097019733533,0.017322321766100473,0.04354326225096506,0.02839242859964465,0.02903841159913753,0.5445764950218608,0.2705882146826206,0.059216471880968305,0.03845756906858709,0.19732371307696206,0.02614583956451516,0.9279072162020139,0.8045448012029546,0.8449300657754026,0.3870191131559639
000838.XSHE,4,1,-0.2131355986116626,0.40293900142431793,0.16199303205234739,0.303263824564715,0.645718766012259,0.2657540199913081,0.25459907912765306,0.4471422909859577,0.5822449217950734,0.36590180924519067,0.09299742184560078,0.0001746064172517535,0.013684344003226122,0.004694769591847018,0.00018496059202933822,0.00024053103321413665,0.0022850992454082324,0.001187502027120095,0.6193044613904799,0.022161996540826144,0.1507732020708335,0.003399499532712753,0.006420999361317067,0.363636358677686,0.005418248135548751,0.705392897460215,0.0023037942891047706,0.046260287600614985,0.0911885864006997,0.3997981848701745,0.09721734914126676,0.34939759036144574,0.09617024023948843,0.7906106052875529,0.06798626512631846,0.04978878296557632,0.3082569616739827,0.184155893126684,0.1387482874352995,0.09494669701348851,0.5487044590082073,0.04125388271183652,0.05161269208739698,0.5329748608645157,0.09506417885169281,0.03148564188991912,0.1154256161567054,0.1340374535030166,0.004780577205327844,0.03151351181947201,0.7623796853619577,0.05700352042456562,0.0010991543940494276,0.009149997786254686,0.05305644375124136,0.01502996814276544,0.06504798281099847,0.018615391277675378,0.02996043969994048,0.6137324122247689,0.31031176824533446,0.024361412688010134,0.06174918983865218,0.13529039684349192,0.021405605072680505,0.9028037167488034,0.6901204059970816,0.7300950851964414,0.36609576234590413
000839.XSHE,4,1,-0.05618770779280399,0.5976838312366661,0.48037022647417815,0.30268001536284084,0.5238653603588919,0.1363933499216502,0.2645125645254914,0.1553840513418194,0.9449847594576106,0.05075612411224781,0.43972779170933846,0.0023482710080094398,0.011844874860866394,0.004685263489176065,0.0005946246248049112,0.018652028497012328,0.0021630364385899627,0.0013957492778870024,0.6160969677645542,0.02406366925058692,0.15040095218690117,0.006316481541209732,0.015424944375419358,0.4545454565289256,0.017721387316297244,0.7017093965231338,0.002906391621281052,0.014425250972234783,0.0911655889089089,0.2871365709292304,0.08406351984816623,0.9598393574297187,0.11145317681905681,0.5097633813400896,0.06869986487475117,0.034281621918312,0.31246325708486766,0.17402341701431437,0.13995195719823114,0.1408223930753982,0.5368244450086612,0.04902693892225002,0.1045679924193234,0.5205310755185784,0.10344578492351819,0.005921266790157755,0.15090137130690165,0.16621786745855005,0.059828652025668526,0.005921266790157755,0.7133926244804429,0.08835053959544853,0.00025284099573963587,0.009111540315128216,0.051802834574869165,0.017354361688186066,0.026200699701474005,0.007762225484845579,0.029516862711094313,0.577079935199364,0.282048092554233,0.04624215349820446,0.028021532283685008,0.16472868217054265,0.011059550158521267,0.9163616125321328,0.6863086550793862,0.7191699255108748,0.33337337678420464
000848.XSHE,4,1,-0.1273228264781357,0.49875031450500007,0.061734830528122064,0.38203255909408107,0.4767536897677851,0.07950099103261907,0.5930548840084505,0.5560666643336362,0.93854386299231,0.4835470254864388,0.44591364560609215,0.000809180006719574,0.014984364876989783,0.006641117877078261,0.0009096854019393671,0.0004108022943935932,0.0015268123034073273,0.001107971498766485,0.6181586211937337,0.02356988407040689,0.15345387641288727,0.004072583099609221,0.1072179885733849,0.5454545434710744,0.10969311806370512,0.7103129557790108,0.006054233797774189,0.09441982454553677,0.09121436193922221,0.5188665259598426,0.22242014335364227,0.020080321285140562,0.17796801111007166,0.03323584153150757,0.07308928698438824,0.07054519907867049,0.3367394773706187,0.1578255569937265,0.14797728885734562,0.04468732958997894,0.5318427242963106,0.07396773939580979,0.06908068372150512,0.5355997905259399,0.20931038522280654,0.06534492699161089,0.1483294220000366,0.15871070950225702,0.1049070961684608,0.06534492699161089,0.678940892311899,0.06449782423330057,0.0005243600817562525,0.00907519388837717,0.04283575686547245,0.02661932839568721,0.1560786750308632,0.01517498989650366,0.029867611530503303,0.6843053613544708,0.3081033035867063,0.03937234810623646,0.10970103144430032,0.18254974793534984,0.025743554465514146,0.7289441635539902,0.6316007695369512,0.5989667637498579,0.5603728895647617
000850.XSHE,4,1,-0.2130969049109969,0.6549603150089924,0.4341363799489948,0.5022053538685903,0.5405029803176163,0.1487660721917187,0.4060093694804525,0.23854920187451073,0.9997492840765092,0.14253669440056302,0.32944901041245495,0.0009983331090539663,0.013719306528379892,0.004677075625450174,0.000744719469536545,0.003134244628764298,0.0017141958270371397,0.0012764960949242178,0.6167186703708066,0.06401220971652892,0.15045655243322004,0.0051033165673714,0.016709170591678,0.4545454565289256,0.018509192084575857,0.698457767842261,0.004142509290567265,0.028533960387085104,0.09125954501790161,0.601457187203209,0.14721192876889092,0.6546184738955823,0.136204445346274,0.32488586889012305,0.08549339856250468,0.04082322757884794,0.30576146259667003,0.1820924768283395,0.1414649934877046,0.09283026141405465,0.5322144853488237,0.019389268040394668,0.08730061504317557,0.5295583813391437,0.12757249352954703,0.009589214379695015,0.15004397655846993,0.1650254360856141,0.06243139600011345,0.009589214379695015,0.7341912671174851,0.06109665014600587,0.0006734908018566622,0.008819970542519684,0.04471112063274794,0.01442137025109083,0.08180028836450692,0.007090970351485097,0.028856672507172453,0.4738313653263373,0.30728688218712175,0.032587083190265875,0.04412794601549465,0.1546765750873993,0.014846563378596639,0.8995078893922825,0.6688365176241655,0.6748910124553422,0.714937686097695
000851.XSHE,4,1,-0.04005867553473946,0.6843730775483534,0.3937127558328242,0.26360818168666494,0.70718394047222,0.13919687671062497,0.6639103887543033,0.2943922433939659,0.9841530851231055,0.3037198096589755,0.2854541405195791,0.0009486137979921049,0.010582026919116609,0.004739755015543115,0.0014668598229998268,0.003990072799970369,0.0018546750681007241,0.0011463632818680778,0.6215733732126408,0.022476430926352226,0.15072643860744905,0.003496656451346802,0.04089421150529488,0.5454545434710744,0.07153266287828401,0.7466256130145197,0.04746266276950616,0.17599710590576104,0.09436862964412163,0.6481597801855801,0.20852527083009312,0.10843373493975902,0.1631482137845526,0.1354379790965805,0.09764760378268414,0.044723284850294906,0.34579805471246244,0.20767084458153273,0.14846863569361793,0.2736897353879835,0.5990966935621185,0.08259308954073875,0.11412672506435059,0.5030283326353006,0.09649534609547393,0.03477481671360988,0.11691079249457338,0.13556727738222768,0.005353133166708945,0.03477481671360988,0.6473310219835309,0.06427474507229566,0.0005317002522181046,0.009220206187272352,0.041602971665332514,0.01987884411869001,0.07939695827915413,0.019999710127159512,0.02939619051488614,0.49547482211427046,0.27015800693510467,0.04139647703870922,0.05201892475884827,0.17728037759031262,2.9909672788179694e-07,0.8371197327122182,0.6368747512272788,0.6330796671886099,0.7070426489782737
000852.XSHE,4,1,-0.2506683350755154,0.6359823528131309,0.12451093624783105,0.33084433826369086,0.5599402849837296,0.2638046758227812,0.9162466476161356,0.4690765651169298,0.9958642849678461,0.394869454751468,0.36428232936498434,0.0024467566275608627,0.010853688062911223,0.004874596850739491,0.0005240094851102095,0.0020430727265857034,0.0019488203254039366,0.0011799668757627273,0.6179824120643568,0.02147477120851938,0.15094578173454795,0.00414280040797289,0.04836640420205225,0.6363636304132232,0.04842657981397272,0.6869957939577552,0.008881845834268333,0.20416930451297818,0.09111362353650912,0.2607953958865713,0.07055979947705279,0.8554216867469878,0.08975151228471928,0.8641462520749944,0.0739075524219677,0.03519388193176606,0.3074449644315184,0.17968445038600345,0.1383700283629311,0.061904634234728625,0.5249925268075024,0.01575832974871246,0.07890089853333324,0.5124523769299749,0.10479479321095478,0.01639141954281346,0.15208428630234033,0.1620351618836972,0.11150765912880839,0.01639141954281346,0.6688950509303242,0.07407873319544521,0.0003462394765940787,0.009137166748876217,0.0541382006955837,0.01343394739828658,0.06838167614271456,0.01137613003953811,0.029411901642803433,0.601856975105423,0.28405585848540016,0.040230947842954425,0.03564648082073534,0.1465855689821148,0.028385475862894062,0.9154979335615174,0.7481977798416701,0.7689239608885885,0.5023828983359275
000856.XSHE,4,1,-0.2892496140460663,0.7891364334946698,0.21306590755347962,0.3074581492734789,0.6859003518204135,0.23722956307067533,0.6904038024827011,0.24967794100645113,0.6497819078823155,0.4870429272763483,0.11197963136051292,0.0012285295561237461,0.010275971539056702,0.004628984356646661,0.0003078080678335579,0.0022893725285445263,0.0023860310134938474,0.0011856367552537173,0.6173163064900306,0.022012624185859017,0.1506114763143032,0.0032666371125204654,0.02078871831751927,0.6363636304132232,0.04104565721324444,0.7271922912537521,0.026544899326796566,0.3282988152301709,0.09362247733713067,0.591481355408406,0.15426392280556475,0.4538152610441767,0.17625380294643525,0.27004544712601075,0.1533147683215067,0.046306074122801175,0.32181097549503823,0.1896609161142437,0.14429088772594803,0.15373911539642288,0.5428968787887377,0.04004229482236717,0.05819013267776462,0.5178315917844544,0.08387298016470433,0.024039905757454683,0.10245513530900369,0.11629627047816128,0.04132369636827223,0.024039905757454683,0.7172686342353207,0.07971943995654232,0.0002980186002182167,0.009065071293516209,0.04850630494765708,0.014496083665660072,0.055114285313104944,0.008940806987993124,0.029409840698071434,0.541710696872959,0.2720034229742228,0.03653682560384487,0.05304020531990317,0.16655448839742615,0.03475892803732727,0.7633564002783657,0.6557759497589672,0.6275306102510345,0.6942651804040146
000858.XSHE,4,1,-0.1848794904586471,0.20088510482748262,0.2954422508312945,0.5370501043578869,0.7105618845336937,0.0439241493064218,0.5848450911736545,0.013918115390105068,0.18479036899588053,0.39628676449262046,0.8555244197345588,0.02420993408056607,0.09507844565772372,0.04232663616736221,0.010241153732073271,0.010554908520124154,0.023796493427575605,0.0,0.6892764425847673,0.029088294923409388,0.20484720560735997,0.04095580190679433,0.24900521425165217,0.363636358677686,0.22889228797824304,0.6970466979658955,0.0066430432585111165,0.023152753911549244,0.09076747599087981,0.20921867660245974,0.1509545417408461,0.9999999999999998,0.1124031722733088,0.41337790101416794,0.07614389712631152,0.018079352753223987,0.2726101164273503,0.17777460607079293,0.1405498925016313,0.0614335548155371,0.6091141387173288,0.2896093259332817,0.2534561413633434,0.5347787321841059,0.33856191538985203,0.04675346313898235,0.31820405546019226,0.31963936036462876,0.3036966704545484,0.04675346313898235,0.6581083623420588,0.05691216449253069,0.0011160553980103117,0.00908114950097033,0.04901498549679989,0.03786252470431124,0.03952836662051504,0.033194136995156234,0.02959432998660882,0.8646488357729671,0.5265534538966213,0.05486929579286616,0.003721598481995027,0.08428079242032731,0.015642160674762217,0.928941323088722,0.7271875414621203,0.7290956476276231,0.4201313850012467
000859.XSHE,4,1,-0.2900586755347395,0.315582602495292,0.37160439588359645,0.2745176402633923,0.4630804221844963,0.06560393694125607,0.44775460197938255,0.37858856901736604,0.738897587594699,0.42290009029790565,0.1405521054174672,0.0011661432329021426,0.010307256369339594,0.004638642966048594,0.00042801641308854436,0.0013347092989123219,0.0006233443340836264,0.0011369820848570172,0.6175260820528486,0.022244059297105774,0.15065630760515253,0.0034634629113980274,0.011534056045706922,0.363636358677686,0.009180855183120264,0.6758689661387697,0.008008085088465917,0.04757167405263634,0.09087479822378498,0.33844753516147763,0.02371511656029584,0.49799196787148586,0.0786803100595427,0.9638558298489167,0.04919040701734771,0.039663956118766115,0.3042268000344414,0.17770790701542108,0.13264414790319687,0.12090364803547965,0.523312490815562,0.01816540251324336,0.061547394576205325,0.5216697815842688,0.09298653202345498,0.015163805661136382,0.11645558623416381,0.13200851455591098,0.03448085741315505,0.015163805661136382,0.7297824082675745,0.058109292899005995,0.0009318645138764886,0.009155950383070167,0.04863241973110639,0.014639770722660228,0.12522623163680852,0.01149762431408008,0.028971247685125222,0.5042202467613542,0.2656484174876141,0.04290721250103796,0.049026662188848866,0.20117157812737496,0.01976520906861279,0.8852123602846147,0.7104009110609879,0.7719645219466984,0.2752040584909541
000860.XSHE,4,1,-0.2830754353112757,0.5947955820455543,0.35412884245472465,0.39879817112072774,0.5988809285584724,0.2817412453964528,0.4297500270345185,0.2703670364031558,0.9943995068228979,0.3554626365828333,0.36876462268007887,0.0062398475394647235,0.013562070212602514,0.006032281034505817,0.0032888291106993946,0.022854697434214904,0.007964326748958002,0.0015921301924050138,0.6194809089729879,0.02285455813296778,0.15227223265895562,0.005008114086494641,0.021894577755218907,0.6363636304132232,0.025631381301674833,0.6994180918988906,0.007280434143768437,0.02821741882970064,0.09172673008562399,0.6236386915753599,0.15695055266341723,0.6425702811244979,0.15555220297489558,0.29704988917964187,0.11664708006853704,0.04515872129948922,0.30320883169203705,0.18396631216365322,0.1420486303381974,0.2687138936062583,0.6153565411391457,0.20853979286204374,0.18901185164351864,0.5871841428586111,0.15525623237477154,0.1212849944579997,0.18972481635580787,0.19798586931648682,0.1527820520670728,0.1212849944579997,0.7795488778034465,0.06568712065368519,0.0004891341812361961,0.00907850082568319,0.04747390505720281,0.016397790110625327,0.05043907782479159,0.009737800822777264,0.02974751416488132,0.6336867947081699,0.27436742428002986,0.027605800719776228,0.052104873296517085,0.1459332408674064,0.02619339594424837,0.8343698072744317,0.6896505019680688,0.6775817043513161,0.7182965594161131
000861.XSHE,4,1,-0.2932232324967649,0.6890925645821188,0.2399474492674762,0.4443379449597363,0.6697993645666941,0.3295760144797061,0.506212345887708,0.21189695358118063,1.0,0.29954851047126996,0.33506926954701366,0.001609338252612909,0.012212602160599008,0.0054588412118074,0.000606198319739197,0.004503620349831577,0.0021584924912264793,0.0012424860056631298,0.6170596028902333,0.022413611442287238,0.15166770473102928,0.004916147482892989,0.014045821561460795,0.363636358677686,0.015251213583330602,0.7011717348233794,0.002889833659611553,0.051053631183865425,0.09093585143551006,0.1717374960541186,0.013245281932482325,0.9999999999999998,0.028366126403417347,0.9850436146633965,0.023553508504508103,0.02386896132533614,0.2706482258575615,0.16131730576955322,0.11495696165674872,0.20470555979997465,0.4895101907810054,0.04462986875278182,0.09838606968856661,0.5274422420726177,0.1283730211571497,0.01925494492360362,0.17731857930434156,0.1946511031387733,0.05842986600334998,0.01925494492360362,0.7249715755389547,0.06393712681402323,0.0005433117916490696,0.009072265568250689,0.047711623508850984,0.015870983971921892,0.06036675760273169,0.008292798404627513,0.029359192947228642,0.6952496166184137,0.3358772043037127,0.044868055920051435,0.015153083849612111,0.0949108907128743,0.01897290183645391,0.9689590404908324,0.8854401618681176,0.8868206267014862,0.16956461149571483
000862.XSHE,4,1,-0.04005867553473946,0.6028437723499559,0.10513174206101761,0.4360312802739246,0.6230905864425849,0.5437571091495341,0.34397871875855834,0.24848754573915638,0.8082646681987709,0.3814885426072698,0.166894274888993,0.0006050244185593601,0.013684344003226122,0.0051449811000119534,0.0003065801753040462,0.001386130320835674,0.0014396324830710154,0.0013856633025685272,0.6189993346904213,0.025445586666844048,0.15083916394431607,0.0029277729281506674,0.0064075316385306755,0.5454545434710744,0.005752225591556669,0.6990600834541265,0.003464706887793143,0.03671882065659763,0.09138559526726772,0.6559091100304112,0.18403739915284703,0.3132530120481927,0.18361264429455917,0.12837504196185395,0.1315127216623211,0.04718051268405928,0.3163745044766231,0.18587578471200092,0.14148709109674332,0.1558217356897449,0.5254702180966044,0.04636688124358407,0.034386716969495267,0.5273974373633376,0.1006175672907092,0.019495643498997444,0.0793100714528689,0.09351826538381675,0.022316959028054445,0.019495643498997444,0.7311636092112782,0.11846958369190305,0.00018646517990984844,0.008818368067925613,0.046482268208679324,0.015840250490509578,0.03243463300591176,0.017929437126796056,0.02922409686221206,0.5636779350729562,0.2657445815723529,0.05335666720887404,0.05583005898061199,0.2231399940467143,0.031062840222527966,0.7875891195977902,0.6053137853257269,0.6212210829836842,0.6470694647739018
000863.XSHE,4,1,-0.1491190782193033,1.0000000000000002,0.2038718583628604,0.5291903715572831,0.9108755053918212,1.0,0.8329465636330415,0.552856609680257,0.9982015193999678,0.8024927635993092,0.3190040291850511,0.0010919262842853058,0.011088591355019327,0.00494827517780262,0.0006298088600489791,0.0003896225593720251,0.007212646280525015,0.001333877620739328,0.6221397038422248,0.021433321539666813,0.1509364175543553,0.004780883425414412,0.015314991878530453,0.5454545434710744,0.01351305316250434,0.7001869581756807,0.004384767888497574,0.14918151397304874,0.09103651265783058,0.3885329637690512,0.12620197382380938,0.5542168674698794,0.11789430411185964,0.3161608830313961,0.08068196693342858,0.040264865961635476,0.31305839243022054,0.18244687337292048,0.14187964862201907,0.04123349863382137,0.5505223997762967,0.03419493325573769,0.052638358906732186,0.5089967133577773,0.10212932690056556,0.004413120918187424,0.15159005415826793,0.17094558309718047,0.021986413989238597,0.004413120918187424,0.6699280303163091,0.06051402864504682,0.0007103778760940825,0.008943426336725718,0.04529974423499774,0.014770254162036209,0.02450761132277795,0.015623001867586948,0.02976141770941503,0.6680087332274022,0.33744035734106703,0.03796045309470142,0.04395477074170763,0.15638972804884227,0.04427558772507029,0.8963958046327989,0.6748264119234002,0.7091570661688404,0.43356603152202644
000866.XSHE,4,1,-0.04005867553473946,0.5832710543596483,0.33323445031838866,0.36979524077594106,0.5086859991960199,0.19531619973499242,0.5201466800399461,0.3337110635790617,0.8075837911617676,0.3255274155849768,0.29448349460704565,0.004585277962534866,0.013684344003226122,0.008150090726543492,0.0029840589171838032,0.008062098247688082,0.00966583515757642,0.003724127055187232,0.6194366714067405,0.02795801905504902,0.1535011777904567,0.007249247564261568,0.03212743887797873,0.512508658030105,0.03385548310334353,0.6973754749785577,0.011416551503228026,0.07601564141075765,0.09146680527188153,0.4259820692575249,0.13112622332231372,0.5511172547939428,0.12284974011172788,0.494504656209718,0.08633157970599001,0.045919982486072305,0.31147779666162767,0.18463137997985954,0.14208910423830812,0.20470555979997465,0.5318427242963106,0.077915971133906,0.12469801664167228,0.521515575256219,0.11601091851739048,0.03148564188991912,0.14997234261458614,0.16450473416111355,0.0632184951466207,0.03151351181947201,0.7073590212283098,0.07474128671978711,0.0010165370293848852,0.009470773081934954,0.05305644375124136,0.029247760156912796,0.06504798281099847,0.03229344616550119,0.02996043969994048,0.6137324122247689,0.29599917104153156,0.04246130980234155,0.05485061095598209,0.16042323302325237,0.02380545148233199,0.8768056165474607,0.6953581940533766,0.7048157031587168,0.46648362214367545
000868.XSHE,4,1,-0.2829965286420841,0.5225305204672893,0.2878027039702057,0.5593122348666013,0.5591186183964713,0.19466794803098703,0.4629076049239699,0.3253229155577901,0.9526585986780114,0.24046699679220068,0.24947562769950654,0.0024261121186189083,0.01061251423319876,0.004690394780252408,0.0010879304460528472,0.0009763321983100449,0.006319407023554863,0.001193008695056651,0.6191991584142815,0.02280778445891028,0.15074352918513603,0.0036360789484374497,0.012852778582810323,0.6363636304132232,0.020422157384881307,0.7020861843446469,0.006890701250573863,0.046350728045581976,0.09177828193588299,0.5685555385040463,0.15023692360162202,0.4939759036144578,0.14729211767294592,0.2862481123581894,0.1058943930629296,0.041474878196714235,0.30759648354621955,0.18486530430514603,0.14194204187106954,0.08844554338821799,0.5676702355055747,0.09619995455452451,0.052296927551593986,0.517852307940358,0.0979526231770764,0.02317052664459578,0.11964628505304217,0.13761768244190223,0.013685412838030014,0.02317052664459578,0.701910661305457,0.08342641634200224,0.00027561885080980807,0.00870880568732594,0.04625708208383836,0.020299721477556987,0.060360106448035813,0.011691616138101213,0.029562593072325397,0.5348819029476306,0.2737186087042513,0.0413137809344611,0.044418014599087896,0.17646765909206058,0.017120147155590116,0.8647334933462101,0.6802303082570429,0.6648319439786856,0.727331217370228
000869.XSHE,4,1,-0.208340851086705,0.44557166174146445,0.17667463114446041,0.4227095581979154,0.585517938327361,0.07877606567642947,0.4284420120973773,0.0,0.6343033829525466,0.5373626437370571,0.6319252041584766,0.002829409027275894,0.02375550446916095,0.010367514061232161,0.0020313877320413047,0.001237412772274245,0.0044086477809331375,0.001120560779340012,0.625679762899242,0.022854984671197075,0.15865918880879815,0.009920057424990228,0.04241199181228751,0.4545454565289256,0.04438837956285723,0.7012564964151252,0.00280939081892642,0.017952428325947362,0.09103840166957053,0.3602563975261852,0.13057902242563454,0.9959839357429717,0.11261398957244932,0.44619900030695026,0.07071739235795188,0.028492973472059105,0.30498496534016684,0.18250267480569773,0.1404537029093452,0.1072437135936967,0.5318427242963106,0.10788101562804835,0.2615747178702414,0.5534221885125222,0.29160424239607546,0.05516807256252901,0.3110701761351683,0.3301148232982565,0.13191212220252735,0.05516807256252901,0.7176133502068881,0.06728496683119754,0.0004501851803978714,0.009080990487238155,0.044887760481114695,0.02362537329668246,0.06035738132215347,0.026378849015486604,0.029443392006527378,0.8730100472033382,0.40926967270923625,0.04100607960178469,0.023057792918244564,0.16953239790748342,0.020628701322007538,0.9067191205919529,0.7288460262704,0.743408597011457,0.43494910466900294
000875.XSHE,4,1,-0.2142522239218362,0.35700862258478305,0.5881595704475174,0.882066468545752,0.7004767003608479,0.7603568512858114,0.4699668252277426,0.2661536564482981,0.8882601719972707,0.2874545851807021,0.20509631599941996,0.0010013880826964053,0.01449245883661821,0.006424255412605173,0.0015068643591661485,0.009349297871339953,0.004163221018985849,0.001938961851649741,0.6119955683144938,0.02428913629224666,0.15138230644779097,0.0027806397112541048,0.015862234377726665,0.363636358677686,0.014903560444750658,0.7288643953263501,0.03909187701330263,0.07000090440444967,0.09192090346862344,0.5140237615050521,0.12493828337348478,0.40562248995983935,0.14708920602252318,0.35230607977217915,0.1170060314331583,0.04197915494356625,0.34293968571512934,0.19273690949114186,0.14149619011222983,0.19864616396349527,0.49723300901587647,0.027712449856142157,0.06769170384953695,0.5270921952444699,0.11068656514813591,0.02999061285785398,0.09709146484607134,0.11169785462695767,0.030468194383809176,0.02999061285785398,0.728745923295438,0.07627396411935017,0.00032485885216564775,0.009100521760134933,0.041759164033119106,0.014210551418838476,0.12307583018419634,0.002988330799130131,0.02973410372146657,0.5277149126843586,0.29599917104153156,0.06397499161907727,0.04706398846982534,0.21852374347671885,0.014018962732547708,0.8608571459004986,0.6339834593781788,0.6629334086762271,0.5573329489798923
000876.XSHE,4,1,-0.2837409860040535,0.7462923709078316,0.43946703987143904,0.4463877403254918,0.7833364678701615,0.16596903899845325,0.5467717884752987,0.1668764867344309,0.7231815192067718,0.2573753279824895,0.5866369654124346,0.01703555163362244,0.02413358641775888,0.006616626050567995,0.02312482704968203,0.032112892919530275,0.011228594251856237,0.0016920428917078724,0.612906144299931,0.06347396432401833,0.1522715264718064,0.013992305754161626,0.05152707988471057,0.6363636304132232,0.0568840115604566,0.7026446182457488,0.006292822195297022,0.03825630822103644,0.0915969174664306,0.47569796198580105,0.08398428075345757,0.899598393574297,0.12325433394250747,0.7847949746381014,0.08880588220610523,0.03388877243881935,0.3169267775864587,0.18439252701737863,0.1366646128888854,0.12263587734737602,0.547754252884793,0.07754585105651624,0.18976733303619617,0.5167934554291103,0.16612540972863,0.17085130636313126,0.2392038677965952,0.25481086188650065,0.11630626124403155,0.17085130636313126,0.6874255793273248,0.05399812285732812,0.002314366329051057,0.009066446762299521,0.04191601599705344,0.016515508982111595,0.3535789401532795,0.007183007912276734,0.02904520604217997,0.49123849716635826,0.27491540383173,0.02690376133212065,0.03217145094284658,0.15205570438769822,0.021875635580546747,0.8718683870417974,0.6723773826898416,0.7137594959771647,0.6410740526330524
000877.XSHE,4,1,-0.3206437819177181,0.9870018981099893,0.657698460000995,0.3780834802890466,0.5573051007690899,0.2960289637508397,0.620941041547808,0.1308672589266362,0.9802909182876849,0.22428394920887815,0.3972354523109199,0.006791654408363577,0.00818076824339168,0.00362931695108428,0.001956300342151623,0.019240472464262904,0.010462845281017387,0.0018498066604935427,0.6084427137538496,0.009819891076297306,0.1483452125675804,0.0056237466290325,0.04252875179758693,0.363636358677686,0.04180794430503497,0.696173790433748,0.007423339115667831,0.05421904675771005,0.0902174390398199,0.2955959625766193,0.12461092787900827,0.859437751004016,0.08565770385703424,0.5076855637876644,0.04812231557628149,0.03770673531704587,0.30166533121431083,0.17574031606312077,0.140249624990576,0.3698780982368458,0.45514581821858785,0.05986929525667495,0.19899075680857115,0.49330081271567283,0.05101705651265518,0.013555943269279142,0.16515012604838336,0.18272480491202792,0.047971177108788544,0.013555943269279142,0.702272905207782,0.08200672448014212,0.00028355340790139666,0.009102007716045945,0.04918542514137783,0.014822136990413445,0.07717741253084934,0.004507757384491052,0.028872451742979106,0.5689482537426138,0.27978317529525204,0.04458472954441417,0.03934228855659852,0.14939319235446116,0.026723843991146735,0.9323498814105751,0.76701052585025,0.7750684555322895,0.43360246360799914
000878.XSHE,4,1,-0.2774800591825383,0.5766746030765502,0.27783225052428984,0.4467335636106784,0.5145286199929953,0.23168921708784648,0.3603833888317815,0.1418221200981852,0.7656596463280876,0.17232881585994733,0.5636255708463909,0.010666113746846093,0.011618950067817508,0.005090962996001654,0.013978511832537342,0.07029589063675151,0.013513692031189527,0.0023193350804394915,0.6159007943977362,0.026281063424980673,0.14930808436024123,0.004503085507477574,0.0317288716836182,0.2727272717355372,0.029911496608104955,0.6965040471536668,0.008115285219605799,0.01361128696753188,0.0906245764744645,0.22458216214705146,0.029521306125591555,0.9999999999999998,0.0744125773600667,0.9231412823542575,0.04244531384477567,0.02701498805138503,0.299349988758883,0.1773798037215991,0.132597352966409,0.29244217441757764,0.5594337923391283,0.13207218799198214,0.13373418113883334,0.5628027128207631,0.08218576244468848,0.10485177744901286,0.1283952094592268,0.13971577134017385,0.08262777739342307,0.10485177744901286,0.7832823270548286,0.05959191286011495,0.0007796696246696122,0.00920338143776183,0.04219172718681187,0.015654725206374256,0.09818725550078206,0.008404962763858121,0.028850158668634177,0.4944585698397615,0.26758668832110555,0.03421368094838732,0.013845363139271878,0.14294923557278208,0.012413112400550336,0.9216289003138713,0.7457819203042773,0.782883080327319,0.16100734847983916
000880.XSHE,4,1,-0.2499779373571155,0.6661805198887766,0.4074290898581532,0.43539009946713464,0.5868073613970505,0.2326374049913913,0.45710150187625775,0.10416389161228479,0.8256123659591883,0.2168263476527378,0.17428901982698763,0.0017642660880798882,0.010800014736275584,0.004817353233243079,0.0006351391578999664,0.0003971449681747335,0.004246797202385777,0.0011944526513773803,0.6158061933428778,0.022310495025596004,0.15097218425154502,0.003777643790852766,0.005169931515979255,0.5454545434710744,0.003928144384000964,0.6997667891176412,0.001607275652872704,0.031156733291127787,0.09124646373644137,0.2119254250491519,0.09899257525641256,0.9437751004016063,0.10297568617736848,0.4964690447274865,0.07237099855378462,0.0389230652529236,0.3056833726547105,0.18148364576830078,0.14023662639702383,0.21299890961740317,0.5318427242963106,0.06408857648879017,0.12087452441626796,0.5316155839450755,0.11118004108295948,0.0336693831882653,0.14269632936634574,0.15758197770034263,0.05841131094904596,0.0336693831882653,0.7442312658554741,0.09219567117241637,0.00023889082183441471,0.009101212647385072,0.048773177549035686,0.015673979143509917,0.09528023901293907,0.005228488452400983,0.029316015269690722,0.5251917462352095,0.2750660738754302,0.028603711460958546,0.04056082400093844,0.1306529297765618,0.018957498354967996,0.9345805342915168,0.7481010348945207,0.7531560838946643,0.3170779104826521
000881.XSHE,4,1,-0.1699288054048693,0.6371705590766389,0.5228300326801191,0.7736316562350096,0.5523804508550598,0.275768113552597,0.38948889637430856,0.25854260220735237,0.8381718725713267,0.1449273652927334,0.17990114740745733,0.002788280853906833,0.01106390806844419,0.004942160199470124,0.0007529802953073885,0.003429494402717544,0.0037278027580597674,0.0012827136874125377,0.6188907475119197,0.0222576173478967,0.15101281369812744,0.004691963306887789,0.010198787358710139,0.363636358677686,0.007733560989257434,0.7010097609344526,0.0022512421848326965,0.02401193813873564,0.09111486281019075,0.29268882622746084,0.07836512319931457,0.9799196787148593,0.07455290262480713,0.7395100497998662,0.0463529186176677,0.03565052166483199,0.3064258702529405,0.1787530397374248,0.13891856901083302,0.10734419336042905,0.5276804637781848,0.1309163413062321,0.14114691503482374,0.5155606835624851,0.1101281627499299,0.02234568648614676,0.2011328000178762,0.2143552335849853,0.11338277990233148,0.02234568648614676,0.7110695893906941,0.06809820529263708,0.00043324835264981236,0.009122189574436603,0.051394676478643056,0.017877109293978257,0.04828899969219934,0.011766451056300937,0.02925807725037096,0.5902828984645887,0.2935786335083559,0.033591493919991965,0.03239090937016358,0.1274644386178244,0.013597535442962255,0.9291028745508514,0.7505749414002039,0.7774092782661277,0.1344620904007934
000882.XSHE,4,1,-0.2293443898204537,0.3811861393062515,0.6777268102954548,0.26959678563188355,0.4275491516271589,0.2068987584794573,0.3071867072205159,0.2304745952207197,0.9509171987610858,0.1842083077940434,0.24794237800071284,0.0005201812285282516,0.01150051776928537,0.00510027367368206,0.00025678213556310777,0.00416628219507517,0.004709272172383213,0.001343803404400335,0.6145854461147451,0.022460254997179,0.15085609217036094,0.003638106354092902,0.009463020700010963,0.363636358677686,0.011592945649170593,0.7035274868516506,0.013299234436005003,0.029935787284073437,0.09123183782717023,0.309713922109989,0.14245501872111627,0.6827309236947791,0.11693113257641137,0.36269208776520656,0.08469276690902815,0.03938669525919054,0.2756467724921491,0.18555871617713773,0.1408930553714088,0.16285322603253627,0.516436500378836,0.04836055829661002,0.07636306090519283,0.523762354216075,0.1012189638885277,0.004677797286217162,0.11694109955205334,0.13470541855271947,0.013834913561279525,0.004677797286217162,0.7286243963088516,0.1159532658049954,0.00018963424682991067,0.009052411881303846,0.04577755568442597,0.017409606995017472,0.030137444264247415,0.00475876535763717,0.029645353693000875,0.75798891824852,0.2852306565651552,0.03398043698447981,0.03977506181223388,0.12461414475350864,0.01039779864808279,0.9099190822456718,0.732135354473487,0.7099677064162042,0.591345959642042
000883.XSHE,4,1,-0.2917828134657739,0.5754812980570014,0.562428343519184,0.5244187893422682,0.3685570013432535,1.0,0.5545991619920774,0.3049154328324464,0.7732632324000496,0.2618792018979962,0.5593754785758396,0.0031927543357128663,0.016286446763661862,0.0064010454832195435,0.0032666127500694912,0.01854072130104992,0.004778011088423848,0.002125887136490174,0.6144872679337924,0.0342798836543615,0.15175430168850573,0.0067015830863637015,0.008456811353698636,0.4545454565289256,0.009562558865606622,0.6906724643020671,0.006137869607202313,0.026318169485393866,0.09105380562905452,0.13306906311604677,0.0709460645450943,0.9999999999999998,0.09415034699209829,0.7710848691970733,0.06600063434213645,0.028115062243324947,0.29441889336192134,0.1801278892407884,0.13497609558645754,0.2723800363772181,0.5267766949773512,0.03987641920110323,0.13551483515943466,0.5264595495376282,0.11198579067812645,0.01131301717331654,0.13767117907688461,0.155690723740886,0.025319696958853107,0.011362752680055372,0.7278987399754844,0.0669228547535796,0.00045830297410202176,0.009084457809084387,0.04306490056719991,0.016289762458887545,0.07878689959010411,0.0068477666471214406,0.029791299364792318,0.5809414720744076,0.28980643181995597,0.03229537182940714,0.019675040721959462,0.1547544744642043,0.016427439133815877,0.9373828308076864,0.7524379726681709,0.7555180308043294,0.33674423491278765
000885.XSHE,4,1,-0.2410764872395741,0.7735130605616516,0.34521512029819673,0.5007514086588272,0.6579820771363539,0.22126150028093117,0.5745796391337188,0.33425994956623045,0.967062689518845,0.19429266962761294,0.2635170145993018,0.005111190503925939,0.011331984267829012,0.004636723949783017,0.0013950818851421818,0.003345234288187944,0.003138576618057717,0.001293812987573834,0.6154139323470479,0.02597151836720108,0.15047522983702852,0.003670560228441176,0.022317992499767788,0.5454545434710744,0.01646912352778015,0.6954029224102085,0.011595032891173106,0.05177715474360134,0.08959478879216279,0.3291653573381045,0.1377706712524989,0.6385542168674698,0.10786862392960808,0.3755716821390844,0.0694470085884323,0.04148277895496715,0.30700467526524805,0.18123381095908603,0.14131680952120979,0.239747863416114,0.5035484848868628,0.03341805389096007,0.10827409854407366,0.5228971335263843,0.08595967840338689,0.03527096470781945,0.12650552135330592,0.14418466379861142,0.021058131129629055,0.03527096470781945,0.7238252488674036,0.06490699855095627,0.0005115333129931018,0.008838144441299225,0.05356606699702759,0.014348830668133679,0.1764261276570901,0.004840094053370168,0.029291503240310483,0.5803183037402297,0.28600035857134437,0.05000121062286627,0.04568359599280662,0.1535268467852257,0.022415654722737332,0.9188869636846515,0.7092150944230684,0.7231531529152682,0.581259428335628
000886.XSHE,4,1,-0.1785628306593932,0.48158319512762876,0.5374826251229341,0.3155146100156302,0.6255828357778541,0.008657525014444278,0.5196684925842555,0.280236122239321,0.9743417938614556,0.22858885835990383,0.27187805921488034,0.0010224285646312935,0.011439518915281473,0.00501757283147993,0.00012601429798825183,0.0003182875553559454,0.0009989645051610365,0.0010930684281370748,0.6212633941806129,0.022160210411990972,0.15125232064396318,0.004246997015898369,0.03741597790822362,0.363636358677686,0.0254792595537845,0.7242860191507003,0.025690418995779816,0.06511712037623224,0.09048730718237252,0.1946002722544415,0.1987898320813634,0.5943775100401605,0.10797600899135779,0.2692149360588605,0.05845925669184529,0.03952672471221965,0.3037856552131242,0.1716466661000901,0.14192124412138604,0.11822732758199386,0.5318427242963106,0.037381472068356056,0.0752630457335165,0.5221648415037424,0.10942807096514667,0.0028523957569045453,0.13022840792484913,0.1410425895220047,0.08865976047545471,0.0028523957569045453,0.7028291248771584,0.12241621580438664,0.00018194798564253478,0.009094744626748058,0.07149586908124587,0.0330534951689216,0.011996004134062151,0.05539558977837168,0.029458144175362497,0.7887847441295215,0.3563451652143749,0.0636245772366826,0.041251875807764724,0.2119000797993616,0.01462403541305258,0.9153461461987473,0.740792645172704,0.7196201345081896,0.5173834080703128
000887.XSHE,4,1,-0.2817889554329583,0.6152049219468698,0.17863035683471817,0.41162302676650975,0.619091920501459,0.12384617553968069,0.4468911546784633,0.5395226069747966,0.9675404109282286,0.3094491827749493,0.4149495911409429,0.0034650911502595028,0.013565286079583194,0.005888096776036488,0.0009640063677353572,0.0035932969028881732,0.0017370797795337992,0.0012080650664531634,0.6200547726809219,0.026655141717454645,0.15213479739517968,0.005001029520620778,0.03163868664982641,0.5454545434710744,0.026118008494747092,0.7008951602616937,0.0018839850394297409,0.028081758162250156,0.09122328676631164,0.4590938743132458,0.15389659571033978,0.08032128514056225,0.12503705772836451,0.4237639090071953,0.10094322906262648,0.06236339878955662,0.30430775625195866,0.18356282524713646,0.1405199957364613,0.05920101999845254,0.5384957865668284,0.03403703627735905,0.09552261483045363,0.5155145941303583,0.13661050092420124,0.031569587328890474,0.1688745266675871,0.18421312205013896,0.07167552405437479,0.031569587328890474,0.6550211094712759,0.061883699259366556,0.0006302595202060046,0.009089344465571081,0.05018524098213338,0.016009712979481665,0.07545587199039869,0.016775001913904013,0.029528925980457546,0.6243686539674866,0.31062654015833596,0.04175205078701048,0.09354804593350441,0.21206712012970563,0.021230633486869654,0.9016719688685007,0.6932134801645224,0.684025898239564,0.45743482312303674
000888.XSHE,4,1,-0.2547239252690647,0.29466201424788546,0.15845125665485577,0.3969146471655151,0.6606175957015887,0.025046984563609376,0.42898953878075774,0.4410114896870582,0.9971824096654283,0.29531069633800416,0.31469701603587635,0.0013420022274023638,0.010684468056264109,0.004802422934002188,0.0003113637519972136,0.0006129053725126656,0.0004375093244290483,0.0011169566399021795,0.6173006985888808,0.022191696531025148,0.15090644761708316,0.004087940798573253,0.02620250813747021,0.2727272717355372,0.037628222038032295,0.7060362747852063,0.0044707739723571106,0.0529528805281722,0.09156247818009851,0.29171912630520025,0.056058997232777,0.8554216867469878,0.06986617054328934,0.8911506941286256,0.05126891549282777,0.03672647889965906,0.29819665033827025,0.17464398892404376,0.1323971746257055,0.12726003994553803,0.523319225232473,0.03504926739117359,0.12593339716456028,0.5190393517031571,0.10542647722064606,0.015026035647817045,0.17561305682333117,0.18716879332580547,0.11207067249083312,0.015026035647817045,0.6995385480095867,0.0549488172310356,0.001698234763441225,0.009103299291377454,0.055037889841111194,0.020990293167214617,0.17095726189697583,0.010371716735321414,0.02959750108993737,0.7212746564535069,0.3310610188370648,0.022560225237603017,0.03483593807499602,0.12908932145209506,0.013987707124484059,0.9319939356066524,0.7712147848392381,0.8026077795058526,0.16520986992974546
000889.XSHE,4,1,-0.1881422992281193,0.7183721711464142,0.35245386725329253,0.43166678855181495,0.6465991111289431,0.1075425862010368,0.34778012422205845,0.20137687892175882,0.8532328303500627,0.2141798649205204,0.18695888460376064,0.0006503229796313798,0.011390461362732592,0.005104459457874301,0.0006602504447085722,0.000485454296919577,0.0018499413146199986,0.0011434279734454506,0.6180075159623849,0.02213945292906233,0.15132214451448375,0.0036837917731812764,0.0039006555876464834,0.4545454565289256,0.0038559542304945414,0.6968571662550187,0.0020906787036595385,0.017681106991046396,0.09130475577527356,0.3133196755140141,0.07672580219323846,0.9477911646586344,0.11097554387569156,0.573327762373229,0.07390685735597322,0.035135566090642494,0.30801298286678863,0.18156377213555266,0.13815425170996495,0.11665781430260239,0.5285860418253526,0.03162974491987238,0.07066522611700575,0.5269481055476902,0.11844971619476616,0.027908186576932982,0.12650131856583452,0.1446354801132259,0.016740104920879923,0.027908186576932982,0.7337250241593313,0.05942083704362039,0.0007943083770587801,0.00907371259321348,0.04276742270456582,0.016896240061600606,0.1011141792641384,0.013024786709725369,0.029533308042058892,0.5745101974512193,0.2857681242533414,0.044797636669165364,0.03314628342153933,0.18431325049399605,0.01823547885386134,0.9158121600318132,0.6943274291274162,0.7287220137676815,0.16697677182038506
000890.XSHE,4,1,-0.2905894610973722,0.5270107581791401,0.46702589743291145,0.5243309612063478,0.5113300550257491,0.15599616313821452,0.5613899015612073,0.42360848619722313,0.6914319260164095,0.4078595915904999,0.12474752653935961,0.0010992833303027267,0.011007444738160106,0.004931168384185066,0.0007175014616153853,0.005352675933313459,0.0020581611075251695,0.00122038065793398,0.6170283571372991,0.023852546789548262,0.15091929135316148,0.0036105346454148777,0.018637820219078755,0.4545454565289256,0.015619782002753107,0.6738784114320451,0.010525975586478262,0.07506556932260106,0.09127023482910376,0.23335750041365566,0.0801112851194613,0.3373493975903614,0.08754056585998304,0.8570833149402679,0.054643030999754524,0.04811878084831113,0.30388176076763285,0.1782402400558627,0.13804506352412668,0.1408244058912382,0.5150243333580596,0.03543890933481909,0.07738120503304301,0.526438391758246,0.10372794523757428,0.018876660464697395,0.12505140909674814,0.1395640551174863,0.05011243037547212,0.018876660464697395,0.7363612249452837,0.08102994184837792,0.00028945620037381146,0.008891388818709914,0.0465027156892595,0.01445152547187727,0.046557112911110636,0.008257082628194506,0.0298290529300217,0.5471151852373418,0.2713464315046001,0.0603359811578332,0.05806068020361288,0.22411318209454326,0.025077765149249268,0.926011205635483,0.7508485913935701,0.7734603776474533,0.4833718195187897
000892.XSHE,4,1,-0.1059720465328562,0.32691674496198786,0.0,0.2921470136751595,0.7563406664777585,0.02284111443986231,0.6310842685619418,0.38580716109692265,0.8300804661998931,0.7476935362554792,0.17625911468156608,3.512352330752783e-05,0.013684344003226122,0.00472638100792128,0.0029840589171838032,0.0002011400927440813,0.00019449107576463386,0.0011135594725637339,0.6172319111172827,0.022178658190407978,0.15081545188898182,0.007249247564261568,0.044956757955962,0.4545454565289256,0.04929693417653626,0.7511310231293665,0.032864288758839975,0.26517138464321244,0.08881071744720477,0.42992596760007107,0.19868694499771913,0.03614457831325301,0.14502056127470678,0.306605386105519,0.10968725569861608,0.05953956875049866,0.34097958779632676,0.19249331449046306,0.1425555754867323,0.05847809706136133,0.5318427242963106,0.013653498177681609,0.002235721945288947,0.5226623905737315,0.09933818523746288,0.03148564188991912,0.14997234261458614,0.09699974461475189,0.0632184951466207,0.03151351181947201,0.6415479733622195,0.05154028217855038,0.0010165370293848852,0.009178950896944427,0.05305644375124136,0.12961547017654018,0.06504798281099847,0.12616759391420385,0.02996043969994048,0.6137324122247689,0.29599917104153156,0.04780616449163508,0.08415297808899848,0.18446524927800578,0.03171935754022851,0.8002238641689507,0.6608896112511613,0.6464235450063769,0.47833543101887943
000893.XSHE,4,1,-0.1567076681116217,0.32400947348872383,0.18665249504822612,0.1828355136609051,0.6206963018316561,0.2848318498576543,0.2631933628910735,0.2073301378143156,0.9644883507107422,0.2551923229377949,0.26079791326251955,0.001102352477396042,0.010356027815302035,0.004806347518834294,0.0031047301231476154,0.019376510452685326,0.005152798265188889,0.001477753472657965,0.6185168671548558,0.022532178006695915,0.15112012797556632,0.0035204156144884673,0.0055775736107302794,0.5454545434710744,0.0046475311338008895,0.6982833292986868,0.002826810570797917,0.014560911639685268,0.09126424937307816,0.46193705131071205,0.13402703336770402,0.6746987951807227,0.12834359530457168,0.32447010006169796,0.0890293398967491,0.04050000478004653,0.30667425424671596,0.18186548198142027,0.14148969081545376,0.20211770769904475,0.6438189511316534,0.12994761019061415,0.09663569861945433,0.588285712404513,0.10543309171289413,0.1584740802823553,0.12366947514676407,0.14114184234196853,0.02111671208678888,0.1584740802823553,0.7921152356279733,0.06281863867987275,0.0005867456629927168,0.009091206297045563,0.04061120289757948,0.014694127221492603,0.07407455648807207,0.009461463205337198,0.0266787797183565,0.47125331127480063,0.27043832329547707,0.028479496679887098,0.04349150626822334,0.13036191543800982,0.01366348627146019,0.9066924912300633,0.6764461987528194,0.686195087044807,0.5259802187885717
000895.XSHE,4,1,-0.05083453760370495,0.17890750523161786,0.08286098722119467,0.38759069892957687,0.5478428117547638,0.11377495569097137,0.4715905536213618,0.518432071524122,0.1514442730072475,0.46819618815221864,0.8753057803152241,0.014016484538006703,0.027882090830693606,0.011856561612427414,0.013904253275816856,0.004545197182948502,0.008831857496010814,0.0010670459118582918,0.6278037408019033,0.04060004988620514,0.16083434380779868,0.013587902985172977,0.11942096098855383,0.6363636304132232,0.10791745866700143,0.7032757468874511,0.0028762806513147176,0.01731934521117844,0.09137374451809659,0.6239122593931835,0.15252051481788567,0.0,0.1685622655481052,0.31449883430739584,0.12207867529131873,0.06433077961163997,0.343128763864782,0.1854034904724416,0.14202263315109304,0.2818273888038004,0.6822942329066929,0.18543633904598092,0.31516563072249626,0.5505618735370218,0.25468301699524154,0.18050815775857232,0.30542001130889185,0.32056011125036443,0.16515111633833499,0.18050815775857232,0.7215933590175946,0.054002329667321165,0.002310591860716121,0.009075743582399601,0.04303917631743776,0.028668052250516468,0.3000486919950027,0.018215975060451788,0.03132149702306818,0.550849205460374,0.28731220020505926,0.02463428220707761,0.10553822772012483,0.15918705983685463,0.016666566967757375,0.8177051526039965,0.6121384503117953,0.6149947321586531,0.504679368169927
000897.XSHE,4,1,-0.2256647361408002,0.5313207758816288,0.31020515323238873,0.7808753525741878,0.7510224859133914,0.22932335720344404,0.24753281534781724,0.20910776054531358,0.9902839895709201,0.09692039669204158,0.29636578260109436,0.0015270687338730588,0.01067215451032934,0.0047988271947119665,0.0010710005615437133,0.013405934542809948,0.007102759066951589,0.001427852290682002,0.6277994864952469,0.02147183742526101,0.15009541530682224,0.0033417978666855216,0.0060361954005783425,0.2727272717355372,0.0055123439675143935,0.6980131234299191,0.0035323669248035496,0.011621597178258117,0.09112078850667636,0.3244641072311264,0.060800439845928096,0.9959839357429717,0.10693114575249257,0.6659744030124247,0.07488238850581981,0.0319754292677919,0.3064258702529405,0.18070956957991957,0.13830373553581501,0.05055541237725547,0.5820921400911498,0.06872653609550793,0.03217814809675631,0.5193111508804206,0.09206624727304502,0.005427757989847533,0.11133998464912298,0.12911047755643862,0.010018934107556228,0.005427757989847533,0.7162520142513763,0.07822841780301501,0.0003087830306127942,0.009081807214665998,0.04586013712212395,0.018099996639663253,0.01714820102893363,0.015956688146857013,0.029949949882264758,0.5572194938586872,0.27712308983380163,0.02661694933762679,0.021170739068774702,0.11203790786340376,0.00991834659328827,0.9208877164079476,0.7017823183406309,0.7268630862948986,0.19991353784507232
000898.XSHE,4,0,-0.2573110717008735,,,,,,,,,,,,,,,,,,,,,,,,,,,,,,,,,,,,,,,,,,,,,,,,,,,,,,,,,,,,,,,,,,,,
000899.XSHE,4,1,-0.1623887726221183,0.4408313874715328,0.2687360193772885,0.6064881618828369,0.8805687972322458,0.423840896781476,0.6850546967348518,0.40267350647718314,0.9823971954943145,0.4771049369944912,0.2827549163150146,0.0006447342571734049,0.013684344003226122,0.0060738623699654794,0.0008056002746776074,0.01154247064987388,0.0008054437597127575,0.0013935164408391686,0.6127014914476152,0.022470029653876084,0.151941414125169,0.003613300771762346,0.03879221155915943,0.7272727282644629,0.0490348145983339,0.7313405174212912,0.02318024166586778,0.20385276295559374,0.09112554520800124,0.4796959745299467,0.38066502136214164,0.0321285140562249,0.15860641859619393,0.036144170151083205,0.1519099636099203,0.06299279700746423,0.14397488269638256,0.1965665586296742,0.16044034035517354,0.11668180706741507,0.5191653966762536,0.0353299407463718,0.06342743598065999,0.5324348356454062,0.132760170173479,0.021406440340991217,0.11961206235506093,0.13241438619733434,0.06268374473864807,0.021406440340991217,0.7318845914297767,0.05793130560165117,0.0009548827383232515,0.009147425327894348,0.04211547787213227,0.014688955001450043,0.11244705403730633,0.002350111780991642,0.03608426265572151,0.5810834036522987,0.29599917104153156,0.03757012065766234,0.09226852805346661,0.10068066955464355,0.022439582460967875,0.6988884904347332,0.856096037326965,0.6556363261889611,0.7361254517820203
000900.XSHE,4,1,-0.192706650612621,0.5429649619368057,0.8124798462012404,0.6803413539663345,0.5186204025748339,0.2090006804536261,0.31136908187460877,0.2894340647994971,0.9999117444822738,0.06975928937288392,0.34214417335750513,0.0016355470015266198,0.013880706253792296,0.006146563521580333,0.000570846327183576,0.004317053594990537,0.01023625100027499,0.001451505143615239,0.612374533038665,0.02261671615093062,0.1525503225398119,0.008012087521075422,0.011635328081416034,0.4545454565289256,0.011892297679733082,0.7020378616194374,0.0031299143488726223,0.023152753911549244,0.09109768961249848,0.37764931379423294,0.1324047025834178,0.5943775100401605,0.12005979305646872,0.35895324807848067,0.08172678370798575,0.04374092293622557,0.300637883465201,0.18436479812130638,0.1410698362437184,0.2369659103873455,0.38459722256564394,0.10747756589603057,0.2663488814553958,0.540017510772401,0.14788438076429064,0.014859214042737469,0.2734827160626282,0.27478343054249366,0.2749747717529516,0.014859214042737469,0.737666471522371,0.10037108116529947,0.0002165319403671223,0.00907589820954606,0.0502311488740166,0.019162432745879792,0.03195796691937359,0.004719988508360915,0.029410892283883137,0.8036504136529308,0.4577897093917467,0.042182829402763175,0.051606664526715064,0.17496366279069767,0.010816234970389424,0.9148845705926631,0.7147046791384728,0.7091570661688404,0.4476171032924433
000901.XSHE,4,1,-0.1973620463212563,0.6639462842128983,0.19734472708871684,0.2868491709360407,0.800618715776082,0.09853489150705652,0.6300915527591575,0.37392647765576603,0.9195557542158476,0.435299326922891,0.2241733936453712,0.0015281134691872724,0.010689828961339829,0.0047181946132527144,0.0004035458086178851,0.0006572100937454898,0.001015152109247492,0.001137544754391473,0.61868551292612,0.022388631497474974,0.15078425540357185,0.0037549981666907123,0.025920324643615357,0.5454545434710744,0.01537081809050865,0.6906695309459554,0.005127327990797723,0.05137017274124988,0.09112333724987244,0.2316414154628062,0.10659533495505652,0.465863453815261,0.0886947905727774,0.5965933647401341,0.0508343425550953,0.05035911588724449,0.3072279677785334,0.17704300240912663,0.14006244524342465,0.1165841452428587,0.5131824703328832,0.03154616954645277,0.0890552141943634,0.5087826865610282,0.10279547589618102,0.016603762127939896,0.14400028986181418,0.15953536599344595,0.053126831483261874,0.016603762127939896,0.6442017020789295,0.06309618499828948,0.0005751834327400759,0.00908932116183447,0.052019841707478066,0.01724254321678976,0.0700092691230859,0.022268483432632713,0.02935595101169516,0.5536468099214609,0.275881521954319,0.044174759016987225,0.06027478792729194,0.18035866963064295,0.033747233355267095,0.911355292496911,0.7271626641899962,0.753072907452345,0.21085591920926566
000902.XSHE,4,1,-0.2286950391711032,0.10238223687526266,0.043731652500341334,0.28461752174853067,0.47117688901817106,0.17978257301137246,0.37009944973879066,0.4657574931964981,0.8508679337407431,0.5573295022787169,0.185824984561341,0.0005614664232327679,0.010292402848790634,0.004632292046556887,0.0005394530217599734,0.002179663497743637,0.001188200038150585,0.0011592105440148387,0.6169318331529466,0.020590672891099237,0.15058962688614128,0.0032331105367605683,0.0106327789124126,0.7272727282644629,0.009760086225112348,0.686948621532065,0.00668823037756488,0.0319254770733472,0.09123935625660116,0.35582503894205364,0.10384926223565735,0.14457831325301204,0.12024030536885778,0.4682172961885804,0.09051555170186326,0.04936057712373569,0.31173417616860216,0.18175456745276458,0.14053299433001348,0.05269978586054841,0.5257826648871723,0.02663802904641337,0.021877112496689603,0.5333536935139482,0.08448238377945472,0.026578728453155568,0.10085110622978664,0.11754074599380987,0.013233464729625026,0.026578728453155568,0.819554626964735,0.06691142484174506,0.0004585653730488867,0.009078513985440335,0.043169512516232654,0.014392350134495926,0.10192557394846166,0.0073062429886273225,0.029350753017579296,0.4878094080677014,0.2613658064263694,0.09812432268088125,0.07247632601234863,0.279307107209809,0.020374319554944068,0.9050556731192569,0.6802275441156964,0.6927066142435037,0.42468236697786177
000903.XSHE,4,1,-0.275579911055975,0.5468592349159677,0.5128163868513069,0.46964165589325907,0.4583687535994931,0.23777388981568454,0.5702423080062364,0.3336992893356745,0.9814110169231054,0.2568248394650187,0.281299368133072,0.0020418807281420877,0.012029392970807774,0.005256472588691198,0.0006618602016726365,0.0029393620752867318,0.004041934463938591,0.0012564890572742096,0.618178658003867,0.02703625682436641,0.15126485087155303,0.004258086972492123,0.016355227381930543,0.7272727282644629,0.023534325919192987,0.6992476501455673,0.007695266205090347,0.07474902776521661,0.09199346256361934,0.8358842235756876,0.2675032344124402,0.05220883534136545,0.18433469354411547,0.07270410913059144,0.11945677386388259,0.057652418975233,0.4020562035966575,0.1948106157671529,0.158586740914633,0.19080044935711066,0.5665066890852389,0.06005866962068329,0.1090616200132586,0.53488363783406,0.1105319949082335,0.01980383587806523,0.13896973598846127,0.1514798997946213,0.07843910642039338,0.01980383587806523,0.757358517464246,0.08374275939932915,0.00027394614759772127,0.009015206780399056,0.04848506595169961,0.01845114005046159,0.05799816132523518,0.010430679061749295,0.029695974200687928,0.5650795094046304,0.27566563942400446,0.04318406326308849,0.0732337616741266,0.18414565600141866,0.02238305317939822,0.8246944724545882,0.5789521692981294,0.6053000557150137,0.7728533259091197
000905.XSHE,4,1,-0.2208905019361861,0.4757245283307477,0.49020813858826534,0.4595302646725666,0.5820169532469204,0.1045423714351208,0.21582847229904445,0.28683175850714876,0.9383089540272178,0.07660955533598746,0.23761620781361026,0.0016435314495440916,0.01127476190402138,0.005045843803803676,0.0010111674697519395,0.0021969657411827735,0.0027530490443375267,0.0011781313063508464,0.6186362013452135,0.024446141282240628,0.15128057550432267,0.004885020770682232,0.004218426350014407,0.4545454565289256,0.003814939527386014,0.6961560397461781,0.002799950487914387,0.009677127611467847,0.09124296167886484,0.3277535816665989,0.060422234509140284,0.9558232931726907,0.11119756084384892,0.6132117988007378,0.07245025214804621,0.03362645346225647,0.3065022308867707,0.1811740393373962,0.14001045086921593,0.08073975973902957,0.5485764548300545,0.05320607191482365,0.10583446773141487,0.5189487787424619,0.11402357648729033,0.02567180731855015,0.17129723786281315,0.18534833840689188,0.085510967760063,0.02567180731855015,0.6999790833359626,0.0683400050071734,0.00042852877457334347,0.009022354173498705,0.045151598940213665,0.018076159451641018,0.08925142916686526,0.012494184450587108,0.029319407042580792,0.5290438579664088,0.29250759141476645,0.02540691147031853,0.024524669951636678,0.11750289747682019,0.009251659986839744,0.9164193094828932,0.6873175666710893,0.7218606174068491,0.22182519040568616
000906.XSHE,4,1,-0.3078649433410073,0.6171728456726171,0.4127536096869504,0.4946972877573776,0.7194897141218825,0.33136139174098506,0.5938621906619252,0.1416821382628438,0.7343179604808477,0.32357626112530136,0.13896012782803036,0.0028812642526431184,0.011172682906848728,0.00478731396370661,0.008660334864517769,0.00229448856572617,0.01062697120708651,0.0013817033054675473,0.6194504501647555,0.0289334940697153,0.150856878449929,0.0036008502295529665,0.013666200452172084,0.363636358677686,0.0058451259682488176,0.7012592348630772,0.0050882543650293864,0.08293388803472913,0.09131855186320714,0.23676497420306153,0.14440867549555472,0.8835341365461846,0.07885489313539344,0.5330289837069948,0.05342888329222822,0.03479926596598256,0.30364180718765327,0.18060741175352998,0.14088915579334316,0.1590395841168219,0.548837388356937,0.04509485240184657,0.08503782239057188,0.48971350519927337,0.11694161196220479,0.2419833513511169,0.12642595553831978,0.1441162126141306,0.02089908780702319,0.2419833513511169,0.6670102141095169,0.06008233747726084,0.0007409546108090138,0.008834490415398492,0.04056278854033482,0.014016277265604251,0.2599694804376607,0.010584407509107035,0.029187873000177677,0.46924021143369743,0.26875000121665094,0.045345309453892084,0.03284924659478655,0.15916932664538683,0.01858018783274511,0.9362883640340287,0.7615872805271771,0.7675508894598284,0.29258394385211967
000908.XSHE,4,0,-0.0650954943859913,,,,,,,,,,,,,,,,,,,,,,,,,,,,,,,,,,,,,,,,,,,,,,,,,,,,,,,,,,,,,,,,,,,,
000909.XSHE,4,1,-0.298525698707645,0.7134683444711738,0.30126919970231125,0.24663468612862605,0.6321516547428885,0.2225414183661737,0.3908188703838819,0.32993388789836886,0.6547584652848458,0.13931555347588925,0.11345821894570784,0.0007654753992377832,0.010713323255773184,0.0047957316268828695,0.0005271346504508717,0.0031531849510884865,0.005280170506175355,0.0012712976962450757,0.6186810841817002,0.023160458375751848,0.15086181572581092,0.0035301600802231845,0.011848749893797627,0.5454545434710744,0.019948340037287453,0.7249299431344776,0.015249621785967673,0.10138373880799494,0.0922759520503211,0.5459942338310335,0.26397246175856465,0.06827309236947791,0.1681439249701232,0.09929380894549732,0.11616059012051114,0.054805019844070144,0.30801824380619147,0.1880255865394107,0.14678271810990048,0.17308581817461596,0.36109551473761803,0.06260862931396387,0.09257965006525797,0.4980761275370064,0.10300383240199541,0.020142573346216146,0.1290422298956594,0.1479350843513409,0.011249399280116907,0.020142573346216146,0.6839188246470752,0.07692375876795077,0.0003192394587912006,0.00887901809866993,0.046200488734361625,0.014397351018056746,0.022118692072599568,0.010819317955416151,0.029166270539830844,0.5369266047416236,0.27786359221911866,0.027172820232904335,0.07863771670875444,0.13529799678269241,0.016520308667823173,0.8083582465807899,0.6776320153907394,0.6359301106642761,0.7414524502168192
000910.XSHE,4,1,-0.1826442268655379,0.4300759538154678,0.601872093380238,0.6836257012749068,0.5760942668067596,0.21027625983349493,0.29874323670927144,0.27378834636563004,0.9311914319260166,0.10469587781359183,0.23228461884921342,0.006587130121972506,0.012265364614297143,0.005094233157446302,0.002718331115485921,0.01183675928971369,0.006801088602509737,0.0014351490795315523,0.6184144688965435,0.0245633891770548,0.15063458238885422,0.0052777969451441665,0.01529854102525159,0.5454545434710744,0.013267299276988201,0.7172724837675332,0.010756118490103673,0.05073708962648096,0.09122890830477401,0.304529945668928,0.24563020703114366,0.11646586345381525,0.14378991529097396,0.10801776821452437,0.10742380342048725,0.04961986135191746,0.3064258702529405,0.18603437033759274,0.14311581486883118,0.09236191942440553,0.5253894553505143,0.07602258604428978,0.12584718821834495,0.5041105510433234,0.09304310333873458,0.05632144121427797,0.18722363572493605,0.20194706585213576,0.08981786093622972,0.05632144121427797,0.6903994849125416,0.06878190363006265,0.000420245656150219,0.009029036040189332,0.04813152241650699,0.014973780485284456,0.07222475027685431,0.009551280754833573,0.02946899784861072,0.5949156338741888,0.27528390304713624,0.029828780551774275,0.07063784370395522,0.13961381225616862,0.009792426870850033,0.8417594551987615,0.7103262792446157,0.668053380792315,0.5928366463969584
000911.XSHE,4,1,-0.2510801809110836,0.4912065088366345,0.3585865504424572,0.010022146501934559,0.3839488309849383,0.2760616992828843,0.3235704540266103,0.05431130311179255,0.7968292119616524,0.298623682027623,0.16222179355881527,0.004607089232143091,0.010154763938907773,0.0045604276201494575,0.0011979736399255552,0.014254933568178614,0.0032352057911299195,0.001380628533388435,0.6156929593727524,0.021360546136818943,0.1498878188505277,0.003249510870273416,0.007391561997633849,0.363636358677686,0.006030639195136992,0.6983262999724319,0.005124574954903682,0.02862440083205209,0.09104903406025273,0.27216714773295847,0.05046748732743186,0.9999999999999998,0.07932132640974185,0.8574990837686929,0.04752539048958235,0.027429204266188133,0.3042483866513174,0.18033962944257134,0.13538035184593025,0.26593620774707055,0.5145436769152429,0.12150223491259579,0.09698336227739217,0.4326106660260182,0.04448228630272685,0.05877032672872673,0.1031247881475337,0.10670692755335145,0.13906456549231724,0.05877032672872673,0.621155978718755,0.06376490575013313,0.0005494819242803736,0.009142223111397767,0.054367872074229356,0.015777873302625697,0.061857955723263185,0.007281549030387084,0.02902720512702243,0.5267773880819611,0.24677358789173487,0.02353875788793922,0.01667265564488513,0.13073019582510007,0.01428426153017886,0.9170859311755266,0.7395211401530233,0.774851932730062,0.2822183314771171
000912.XSHE,4,1,-0.2960001746206626,0.5616352338162052,0.5314945517255251,0.07826283738355017,0.4357170023128702,0.7641353213281356,0.5652014579166807,0.2968397268448699,0.94806536001665,0.2772420273910092,0.24549252145487954,0.004706687426352157,0.011702673475978366,0.005319125762377458,0.0011712537981089898,0.023792489689651086,0.0017980880313227243,0.0017329733854734102,0.6159179353764355,0.022342936856850196,0.15104556747536085,0.004626092677673072,0.008999707226392593,0.8181818152066116,0.007082898129891183,0.6945830810085178,0.006550395513794016,0.05449036809261101,0.09175779083484088,0.5424842140796999,0.07997795687458412,0.7831325301204818,0.13226084424422654,0.5546325373498997,0.10002495447629109,0.03801791295555624,0.30921815172674566,0.18111517677593464,0.1394749088148662,0.12937317452699432,0.5497700045854342,0.06956141545788101,0.1083103667026566,0.5166668700811173,0.1027046136605627,0.02859006016973372,0.15656062041914112,0.15839967447534709,0.19143938713185776,0.02859006016973372,0.7178143371462427,0.08750716502635633,0.00025629963827269585,0.009012095320318967,0.052408080000042205,0.015130446280776503,0.04518420372930244,0.007797002401876187,0.029464543592646653,0.5651338425867918,0.27065770978029624,0.03882230282569127,0.038899928812592806,0.17786272293154987,0.019310881138960338,0.8955321256621835,0.6490010393171466,0.6799304486510893,0.3386489729761311
000913.XSHE,4,1,-0.159580587885337,0.41991589798016704,0.8392061917551245,0.45007422008703835,0.5092181294923137,0.11019480064010365,0.21564554908246297,0.3847294475426318,0.8050339015349435,0.18889645131163987,0.1655588930063665,0.0029700160692426535,0.010900075365223376,0.004846128421055368,0.0009957670147850393,0.0017771179277761189,0.003218733836420316,0.0012069282185733893,0.6198156777505062,0.022671402484015328,0.15091317182771427,0.003979490395377027,0.004578564061322659,0.4545454565289256,0.0026569739709714395,0.6919161586099244,0.0027045861889529884,0.01184769829067559,0.0912373115387417,0.35133500109980365,0.03387839392491663,0.37349397590361444,0.08813941875035408,0.8720397002768712,0.05819908907061396,0.04636956653153035,0.3064258702529405,0.18082799549141632,0.13873008940432643,0.28212971374296714,0.5362660914871542,0.03322820590888091,0.14092628602470067,0.5223680685990612,0.10489401059467593,0.03500692256468026,0.1398377812790565,0.153284311030443,0.0701418162800456,0.03500692256468026,0.7232795459564817,0.06721476640366164,0.00045172961798116505,0.00893064410011333,0.04857569446240011,0.01499608635350113,0.06813780047053224,0.015298381449421316,0.029784341462815424,0.5482062842423793,0.26953157773532804,0.04792717802834872,0.05550947856306579,0.18702270798500278,0.013291260393611294,0.9041325219070884,0.706600216708682,0.7457375373963926,0.2842744429036316
000915.XSHE,4,1,-0.05684108294214703,0.38553694705706665,0.1065875794374615,0.3743792932420322,0.6205394914025923,0.059280816197254865,0.5527195896885169,0.6105381037335025,0.9858084249331938,0.48426534822700923,0.2881443296640448,0.000814179064137728,0.012157083784960686,0.005424923131644406,0.00027988310111882146,0.0007872424765017292,0.0006442916171736971,0.00112273260509136,0.6180961706642834,0.03142426672554714,0.1516786757619366,0.003936662709949221,0.029569630957393338,0.5454545434710744,0.03638381507818836,0.7011199281842803,0.0064490618092882986,0.07004612462693316,0.09162206242078581,0.5787719281578811,0.13913533228278377,0.12048192771084337,0.15151834571665362,0.5625259855517765,0.1215467408839654,0.05985572560413662,0.3038207289246727,0.18614405553327032,0.13902905705602653,0.05666382537582693,0.5509907935495141,0.06078294094744089,0.10394487195967266,0.5313611285262431,0.17945483006760185,0.026240297868016203,0.17759598938172272,0.19679301868353977,0.04093404022788787,0.026240297868016203,0.6971781200008882,0.07036338831424098,0.000393788142250824,0.008996742270315885,0.049588570306881054,0.0214973634849275,0.07328131391343964,0.019826969776903142,0.029558915246300024,0.8445333611282674,0.3588923454751197,0.033810559783888375,0.08253038762192622,0.17976650770127173,0.02652973021475145,0.8349689679169447,0.6744173190040246,0.6628238270141242,0.5292729693907622
000916.XSHE,4,1,-0.11042904590511,0.24585554478933608,0.8873369037625012,0.41433489753590724,0.5074335331914015,0.0027740597483116858,0.0,0.28447368753745755,0.9591820425927275,0.0,0.25550472330354324,0.0009191098218945849,0.011289875830501492,0.005033105489126188,0.00020165064407809725,0.00038822687211633735,0.00047031386644267605,0.001041458847740614,0.6208614717188754,0.021916458209614142,0.15123915110877173,0.00511001674197092,0.0022529132776323113,0.363636358677686,0.0019808961353977197,0.7013714265733078,0.0038777980418332834,0.006104730035271773,0.09136431797724154,0.42296981075309503,0.17717428697001225,0.40963855421686746,0.13111518398420977,0.28541760129103916,0.08900512910089489,0.042421127634187025,0.3072537080005893,0.18187616310321872,0.14208892597820913,0.14885852006024597,0.5318427242963106,0.05751909309280141,0.10112227025823753,0.5201085221447677,0.10671595507784996,0.0024314136416577403,0.1450196616056491,0.15381269044711313,0.1177493143244754,0.0024314136416577403,0.696894167522614,0.06171674352055621,0.0006388713321706513,0.009084781319780879,0.055861857348877275,0.08925769732892208,0.02130521890243384,0.10390059700895826,0.029164457507816113,0.6953516299400229,0.29599917104153156,0.05179753933183692,0.05031473575205588,0.21381091034605054,0.004025094215469283,0.9092320447089233,0.6737539250807134,0.6811028404094921,0.6427559969835188
000917.XSHE,4,1,-0.1776326400317808,0.633496120925236,0.24764945570187086,0.4264293276561415,0.4996404895227061,0.35318110262412133,0.7301743757512179,0.24380988048226312,0.877043378684668,0.31494768715546123,0.4950377191171481,0.00931072372309637,0.015734967771402687,0.0068465006014850754,0.0012384623359311178,0.007798061698433013,0.005226409319603154,0.001593607975627015,0.6202982736459353,0.024849784538905392,0.15266174478536423,0.005360182432031521,0.12441477086948156,0.6363636304132232,0.2677415980114886,0.7347993606932117,0.024034127143384137,0.20579723252238402,0.0928087979642496,0.6787207163632825,0.29826243526540097,0.28112449799196787,0.20253415569648103,0.06398014986156436,0.1383173615002359,0.04840128970982484,0.33657163990401345,0.23191810951548508,0.15160909589582405,0.1691817605713692,0.5264694748984158,0.06438385913986513,0.11596212451130647,0.5343917897217033,0.1309406626085016,0.024989176747654253,0.15258692402135549,0.16884945074562735,0.051987816221199565,0.024989176747654253,0.7372446326554699,0.08353580863857828,0.0002750366113262975,0.009093915562047892,0.06267100030130351,0.017432940882124593,0.04815375954671641,0.011934184156411162,0.029379448233523956,0.6875198898256127,0.3028047403832509,0.04870173291319574,0.059543493485414205,0.20633439099153872,0.02191586409044685,0.7635365922938178,0.608987329176065,0.5848861803001217,0.8113174451298426
000918.XSHE,4,1,-0.2376987935288397,0.47376817485909295,0.5038332181183576,0.6721820138956152,0.8585270686062344,0.3107796581244789,0.2698355679796949,0.09580309172969365,0.9944328770684066,0.30426101702125186,0.3686693027960348,0.006539159246868196,0.009655281499626614,0.004025330663690561,0.002917557346428513,0.028598138916851923,0.025775865293144674,0.0023473255952652606,0.644210621542525,0.017744725050770203,0.14971641539695194,0.007497849410918257,0.0159748212714762,0.363636358677686,0.013888653893653152,0.7105034496744936,0.01725744906904744,0.018268969883331827,0.09130429940852754,0.09440701810267299,0.18296083237254696,0.9437751004016063,0.12293481397349762,0.24345677390080472,0.07732303038215022,0.03603452842148345,0.28715205356653656,0.1802935028651299,0.1436669552354435,0.0001787380465912078,0.5517251967907186,0.06388524860777237,0.06556810844448475,0.5240830531566925,0.09356912953804211,0.010701603919968102,0.15942060424128082,0.17883767764500869,0.026655395796537994,0.010701603919968102,0.7310187116503483,0.08333148651141711,0.0002761272809387081,0.009076932621290019,0.048290353168884574,0.014874812250018736,0.018675564803123972,0.015113787999209639,0.0293100054295337,0.607193824202217,0.2804485373228581,0.06726745519111021,0.03504950029656265,0.15453637204235698,0.018993988155769578,0.8928860547357658,0.729017403033922,0.7040793424044065,0.6239203914195577
000919.XSHE,4,1,-0.1917440687931664,0.647439257636809,0.4269753369376388,0.40623381443437706,0.5736354525309921,0.10695487240229051,0.5195477176858784,0.25772726298317783,0.976749720524194,0.30507911218016265,0.2749142911611362,0.002626378950139958,0.01138150071120823,0.005052862962277271,0.0006786613129754511,0.0009694537696379143,0.0015841140194589364,0.0011073722863243882,0.6206429750084319,0.02420460387961941,0.15124745550393207,0.00483998467518255,0.014744167742183973,0.363636358677686,0.007743610443211596,0.6929536802229944,0.00376476130923828,0.03382472641765397,0.0913190572845335,0.2174217536235188,0.11063850778356724,0.8835341365461846,0.08409633823527474,0.6680511939751503,0.048106256739403074,0.033732337909712105,0.3041784568141681,0.17948978695642162,0.13951520445487797,0.11666200095954957,0.5249246298131229,0.07461564891668793,0.11918027152743088,0.5247676899912381,0.11610766374219075,0.02444437756668,0.17262813796493043,0.18023895640481297,0.1474803429080064,0.02444437756668,0.7218375815194847,0.06127418444285577,0.0006631285655324659,0.009041767831065995,0.05160033855751071,0.026687177642456702,0.057224040820353414,0.027452610778270242,0.029412133209627253,0.5912675487862078,0.2881615198441597,0.02714789277683898,0.0317447594378978,0.13106411815372143,0.021809983848776693,0.9161397011830539,0.7478080359117247,0.767527124762023,0.1758861320580829
000920.XSHE,4,1,-0.1690553679272422,0.3386866349641705,0.2623573089875091,0.3703106902600899,0.6302804616378664,0.07999379565131556,0.4058281035523565,0.340220903795285,0.9089295264323081,0.44120910249295686,0.217304489205136,0.0026450061399191263,0.010620322982767584,0.004774646480814133,0.000588314394988777,0.0005851957470414525,0.0015456106796518361,0.0011433156560891231,0.6180754887635539,0.02345752943548851,0.1508747837693706,0.003437749818465604,0.02135210976318446,0.6363636304132232,0.018677470781259302,0.7045630418380862,0.008240285571839895,0.044587139368725694,0.09078419493532779,0.2834636437588972,0.03817409111166838,0.9598393574297187,0.06931738676146416,0.9597012213337658,0.06467415111318897,0.029971274898848262,0.3071326079504089,0.1789594516540444,0.13768370262337615,0.1399207320917158,0.5257965860325781,0.030069683426759357,0.06667745834282135,0.5129378014280979,0.10170460687200487,0.018049058359144412,0.11516741882205056,0.13044171194371987,0.03625949190429727,0.018049058359144412,0.6593329804376609,0.07329982651709821,0.000354862612169614,0.008755394517560293,0.05433489226684199,0.016147103420777836,0.09390649843679388,0.014142811781418043,0.029330627136273765,0.5696135580139781,0.27743104850193295,0.07133736614289217,0.03606243133548853,0.21237499683335867,0.01908820362505234,0.9006254349462441,0.7437309274247053,0.7778027160409069,0.32916035776959773
000921.XSHE,4,1,-0.1470105471924936,0.5082130173987206,0.0951017932249359,0.4890410495603901,0.6416326673905357,0.5164133224287205,0.7311101222623149,0.7466555975969297,0.8869899072570625,0.5661549140816393,0.4879406794094142,0.007896658298959112,0.015002655040879366,0.005905691813131649,0.0030789487408438205,0.00116750586075881,0.021853450757977313,0.0016431933688908279,0.6150864228135041,0.032979419777828686,0.15236153744838365,0.0012113054339910074,0.03208227345302492,0.6363636304132232,0.053888512859934914,0.7332470827986196,0.04755866715662097,0.15261825088179434,0.09029550602296202,0.6615304599036836,0.21412038042931433,0.012048192771084336,0.1671372723667272,0.3053591062099437,0.12295325312761918,0.07675198960113713,0.2882353983408337,0.19021521802756305,0.14309371725979247,0.1659796121078441,0.5314613363053219,0.02364075530132547,0.037172144494759835,0.5224527800117681,0.1300565834998706,0.08014834970284825,0.0784590461463193,0.09202910972568348,0.027797856997256766,0.08014834970284825,0.6967995166965226,0.06644229476450544,0.0004696851589415332,0.009098627029267588,0.04360260334684361,0.01367594947021582,0.14561446877412199,0.007681229301817597,0.029652156308990034,0.5773848663237393,0.2769346549471069,0.02344510930299485,0.12110093294055532,0.14600488612757764,0.030307471436262487,0.8000800656147478,0.6772616204502233,0.6231935529015376,0.5670522500704894
000922.XSHE,4,1,-0.1161741610990439,0.5719168753724789,0.26367552357531293,0.3859975744560366,0.6966831585097659,0.28555297884664194,0.539405969801718,0.31075601001199926,0.9816516339565082,0.3429373309331234,0.28165083197092156,0.0022185639741995,0.011150743231077715,0.004999378353079443,0.0004912613963531054,0.00048083971510832867,0.0034414286203303937,0.0011917004630183584,0.6195597301573923,0.022217941828153256,0.15119090300237867,0.0040091442318013005,0.010997557829011054,0.5454545434710744,0.013329026260717648,0.7025029336024972,0.0066366717012457214,0.07664827710952338,0.09146303308369963,0.2533978842327588,0.08441206729044415,0.9799196787148593,0.08223719317847923,0.8865813433747493,0.06219915770938535,0.03300607292076718,0.3051997684289634,0.18133573369113815,0.13685829193281285,0.09935750113261146,0.5318427242963106,0.02544553160841389,0.07604266014011865,0.5259241011436603,0.11142582168965115,0.018781608566586075,0.13722328201207745,0.1516329856000118,0.059253445342244,0.018781608566586075,0.7306845124372354,0.07100442534376573,0.00038428835330867354,0.009104298336274083,0.04649625164701157,0.014588401903728216,0.07601613939637815,0.015583237259981082,0.030644007415249183,0.5913191098672386,0.28619132409184805,0.03849414277907335,0.03200260505090425,0.15620432119876373,0.02388003230244661,0.9117156765278154,0.7757009862456332,0.7822018256568959,0.4968110580456381
000923.XSHE,4,1,-0.1912614246756329,0.6779190329307081,0.38459810440488196,0.27764775711553985,0.49756433950293766,0.1539161154703048,0.22196769033233194,0.2522261967210172,0.4061294993848459,0.09721700694346422,0.05059498129516682,0.0005271524044073743,0.010563024951755979,0.004736648311255625,0.00011354644332213669,0.0018424054353672282,0.001524456932503435,0.001165927447762874,0.6173041106573558,0.02216375711069086,0.15082500613333072,0.0034866104484191393,0.0021382770774443045,0.6363636304132232,0.0026385082375651892,0.6977082438766627,0.002688894006363554,0.016414940761508547,0.09132402085101653,0.5286307807578243,0.10002618319000453,0.5823293172690762,0.12668209146572043,0.4624016655391289,0.0845962531788572,0.042154796227488495,0.3069539977681871,0.1816797025298939,0.13997535466662506,0.1581511272050498,0.5360016399812884,0.02882366714675752,0.08247722450242749,0.507358089514349,0.1014309757716371,0.007705730125729356,0.12427906206000437,0.14175030042076095,0.02153632138626401,0.007705730125729356,0.6650085244169919,0.12118654007347013,0.0001833005394922245,0.009080560053514854,0.053262916607522866,0.014257701076907613,0.02608047084263109,0.009029558540876354,0.02943621752146232,0.5269082312553294,0.2727554105437496,0.04260605178183373,0.04715422515713078,0.16635427749911336,0.015452832446013042,0.9045035576827485,0.6629019061518733,0.6929020128699042,0.3848812792195561
000925.XSHE,4,1,-0.3046501152234554,0.713116334198357,0.271151828636338,0.3508046987344426,0.6267831544139711,0.18346703777059964,0.39797773515784224,0.28536817879418114,0.9185880170961038,0.29986426310528114,0.22352829035430527,0.0011406997678634655,0.01092061434171104,0.004873290103082251,0.00042325315541366106,0.0037584424175935525,0.0022494076975661708,0.0012201534532041004,0.617750572922073,0.023046945635397238,0.15076847824728665,0.003444682501095154,0.010356461321671163,0.5454545434710744,0.009136110865300836,0.6943378559425988,0.004555790474431576,0.02957402550420548,0.09122196715929311,0.5346891154702369,0.08141630122205024,0.40963855421686746,0.1173145565392232,0.7307850639411395,0.07538858538276455,0.04725648309670457,0.33070589789415583,0.18086785710106112,0.13286122441551823,0.23394402971045,0.5019907740498591,0.042173138955133686,0.09865490981638209,0.5300932275192772,0.0975566239701192,0.012937328494592957,0.11705047644338927,0.13487340206383813,0.013352217077170735,0.012937328494592957,0.7482474990564131,0.09787964182585049,0.00022250998338098796,0.010047311728593748,0.04924663566388879,0.014753752317138517,0.033737104611947615,0.009950736091198925,0.029326791299945077,0.5521992187110174,0.2735891570517182,0.03220716698486818,0.0566658770698826,0.14700728644170846,0.024300412753484477,0.8497704549005127,0.5987627703330238,0.7035169112230106,0.4021869977120194
000926.XSHE,4,1,-0.1895913858151133,0.6878927880645181,0.7776902873246234,0.658330843984118,0.6041429382228763,0.4171460936104609,0.6224632610216936,0.24865391158534744,0.9981334616624178,0.12675757042559893,0.35539996178169575,0.0013750057263097891,0.014231267014117085,0.006364310043495682,0.0025037728119386223,0.010077002846088555,0.0268789656850058,0.00213653585231005,0.6424794116571546,0.021236421379402966,0.15281546296032825,0.00752424625417876,0.04008673641730548,0.363636358677686,0.034005185701008946,0.7016913069254178,0.015769810843125634,0.07782400289409423,0.0907595487298219,0.36401155303562727,0.12785390000792016,0.7068273092369477,0.12311400867776706,0.3290404774052739,0.08016948633847587,0.04058521685811892,0.3099463877205999,0.18281071054219977,0.1414649934877046,0.2562170446694558,0.5352337656828989,0.07619396292160707,0.2306761411579794,0.5713678797448026,0.1474850743112094,0.041125331001458904,0.2333911516809753,0.24707090282137112,0.1306843077520101,0.041125331001458904,0.7598755283210463,0.148450267047138,0.00016136876403926824,0.009082525243915248,0.04159980560382333,0.014297194135948946,0.017920289236547204,0.016511338898396365,0.029353677570348364,0.6154818521627379,0.299796790105144,0.053225798064530906,0.04382876511392356,0.09239847747884683,0.017159927020398397,0.9144895683913024,0.681037437530406,0.6951596591614231,0.47273261911319076
000927.XSHE,4,1,-0.3416150957682025,0.8476819192031508,0.3577944783619923,0.1404235547269333,0.5422454484435562,0.15399601996093717,0.36687788808413724,0.11133612845055685,0.9770592734595023,0.512320926878032,0.4021338101435716,0.00893974850320366,0.010038368431310648,0.0027837553473657522,0.0013727253625235281,0.005281243745081805,0.00974461601861125,0.0014176649634140255,0.6103938162631793,0.026372470567518583,0.1478546467096093,0.004212615483187585,0.02724404944297689,0.4545454565289256,0.03814212515697746,0.73919415642239,0.04751802425815788,0.037216243103916066,0.09249253819681949,0.6385825494379952,0.14543205929862382,0.827309236947791,0.15402245994800717,0.35105979987660385,0.0979214919262922,0.03656199953288243,0.276451986009464,0.18795867646933706,0.14160537829806813,0.10884132578221445,0.5255590721943564,0.024891544194194773,0.06407117520419851,0.5203795986654299,0.0919346536904254,0.02191083325877781,0.12272199456253276,0.1339506107793817,0.07969422330795796,0.02191083325877781,0.7209868926133794,0.07539771624712224,0.00033292136606027814,0.009232876291787396,0.0532043444696029,0.01427517739804521,0.13405194440964904,0.003144670449200802,0.02952699035424197,0.4834156277755663,0.26688356145050485,0.03369751685812654,0.038706240515303636,0.1967150054466231,0.038290064006699764,0.8371064180312735,0.6884646853301493,0.6672110542812102,0.6766340591174427
000928.XSHE,4,1,-0.04005867553473946,0.6674432464328809,0.193772039495623,0.18548363820261837,0.5685086876822733,0.17940456330568855,0.6002966132066834,0.2638260003800031,0.8923677857700492,0.47429255361317296,0.20741742293884297,0.0014720551028390872,0.009512469736916086,0.004208620153408281,0.0002752826240612061,0.006389620900852734,0.0012446166889529355,0.0012197289892606248,0.6172333399402897,0.0264272721992184,0.14985850539749632,0.0027746661074504924,0.019993867361048183,0.7272727282644629,0.016083398760670647,0.6497023362347669,0.01928978123215757,0.05819842633625757,0.09107678144297474,0.6140286434611635,0.09336563919709992,0.6787148594377509,0.14195382837627196,0.5749898110972294,0.10186998506118362,0.03759121994758842,0.3190840907601448,0.1843667311538469,0.13830243567645978,0.29841943233601526,0.5395808317989919,0.02714002776932046,0.07119966667338401,0.5197511283078401,0.04913297061546632,0.026049518929168146,0.0680022759790935,0.07457553906845064,0.0871382460225253,0.026049518929168146,0.754349556017514,0.059979937973084596,0.000748666504533765,0.009205431069937242,0.050285631515820536,0.013819979200179458,0.04282627701246389,0.008683119421390339,0.02834555685147918,0.4798423894181138,0.23997241219820006,0.032530517039963715,0.03950997994671561,0.16094992906723413,0.02976535861697673,0.8535766783599152,0.6189492945911286,0.665540924129882,0.4474597592358024
000929.XSHE,4,1,-0.2302760668390873,0.5735465162455192,0.3349730206402423,0.38495231339487085,0.49978041524672145,0.06991642930332687,0.3960805541641238,0.22048439944586254,0.5434866988835897,0.13413299508678844,0.0828917071249129,0.0007080526232257379,0.011051717578891958,0.004846461643607973,0.00033551967243940933,0.0011228860056177203,0.0007762673356409806,0.0011171031947542467,0.6186323575432744,0.026870587110123904,0.15098117203310088,0.0036527105141974333,0.007423244995693924,0.6363636304132232,0.00971213933876479,0.7055939843951895,0.005208598200039547,0.05127973229628289,0.09170836974821472,0.7172364867637208,0.2513369238057714,0.41767068273092367,0.1642187703817506,0.11508070534925093,0.10028508995574234,0.043866509941194,0.3115466218200469,0.18263050925703783,0.14959041431717088,0.12471543816062125,0.5498709705822576,0.09364627878099599,0.09156285123625,0.5367473290612016,0.1279820698521713,0.02603397018991619,0.14375892978131488,0.16172328833676505,0.02992665187033622,0.02603397018991619,0.7572907427986497,0.06440934028344483,0.0005272411171920745,0.00894351900334895,0.04850630494765708,0.024717943206625223,0.04740102435172488,0.02138528078918018,0.029553273188745538,0.6731088448876357,0.2891079768886948,0.027607848216167515,0.05221921020942456,0.12484958453665704,0.01221361488305318,0.8530076976608769,0.6260669585599934,0.6324842294824842,0.7056044500468607
000930.XSHE,4,1,-0.1650586755347396,0.5941317632302424,0.5333520359174304,0.42637868481970354,0.6185313817289102,0.15592746696979753,0.46391834373903346,0.18970122123158004,0.9881241443386062,0.2605096514346152,0.29219790937744367,0.003898281339533795,0.012193429998521835,0.004896233339072217,0.0027223380199314327,0.011702589385858643,0.00177396829995213,0.001349954025382597,0.6149155514796829,0.024455984185054395,0.15057138898360026,0.004649430230158403,0.017853207251518028,0.2727272717355372,0.014916476162388833,0.691882360938905,0.006172756183715185,0.02803653793976666,0.09089249751875775,0.19423202407567236,0.048641032235550295,0.9036144578313252,0.08906635606251259,0.8695471404857206,0.06254996515047583,0.040811468155887015,0.2997983088848441,0.17962504077456554,0.13591979347834562,0.11827346132104646,0.5071543630879974,0.019965078318030672,0.08521062465410033,0.5154384743016889,0.09541022123561849,0.0408934297390629,0.13940215322115337,0.1557910666368787,0.04194502561525246,0.0408934297390629,0.6911590285787069,0.05502800001981247,0.0016620708561719203,0.009019839563237486,0.044919948773124774,0.013819989908709567,0.17745941225223988,0.0058491918748134275,0.02949920642185693,0.5176882228946724,0.27466097780186427,0.05998773614661503,0.044308501854521634,0.21647571819425443,0.02099359933002333,0.9139560935081166,0.7388383972402814,0.7536894693342979,0.23018294541321715
000931.XSHE,4,1,-0.2448779526431731,0.5589415217786501,0.13523767984916535,0.29543277756656916,0.5951024324841664,0.23573361361370046,0.39555540087529695,0.18963507798215823,0.977749510642913,0.18327091111940397,0.2762225678634658,0.00193909368421219,0.010698562841650888,0.004784824318905051,0.0009796509787278768,0.0018646741885132267,0.006600248469319545,0.0012966709612887966,0.6178510322881903,0.02302646183672463,0.15069574646415668,0.002320645735907697,0.00513391624603376,0.09090908694214878,0.0,0.6759128316894959,0.0012969341100296443,0.0,0.09134051696217903,0.7189686097005383,0.1764799022716443,0.8393574297188754,0.13986871352696023,0.20814311481687175,0.08602647802077379,0.033535500606426634,0.3143482680787172,0.18175567469215317,0.14148709109674332,0.15000187996999456,0.5303210085462765,0.020441283072157864,0.03242076862468781,0.5243420854006665,0.09717176496063246,0.012961551793638114,0.0793277179393947,0.0925179948493069,0.031982551887221315,0.012961551793638114,0.7370985665658227,0.07773781444698943,0.00031259291096723637,0.009283512295667203,0.045951952905890395,0.013609535166480913,0.04966731293719794,0.009516484278232078,0.0294860697721574,0.5556909572952277,0.27232481346795534,0.03269924049258863,0.03518451516180446,0.11963420542635658,0.014966800263205121,0.8843664342219255,0.6417230551501483,0.671177118292744,0.44285525813408466
000932.XSHE,4,1,-0.2259883237759454,0.4316226418498444,0.9999999999999999,0.75115509049928,0.60438567675486,0.37973958367229466,0.25332938898673796,0.12431962690077106,0.9952789884249156,0.07963695214597707,0.36615349031147915,0.019165675913467302,0.011379837258193009,0.004886651126471828,0.021085753218729113,0.13570564168400856,0.04586779633448226,0.0045112499599442284,0.544337613813992,0.01991510404883992,0.14662126886520063,0.0029055236924718664,0.009260253563250468,0.2727272717355372,0.009482675535210493,0.688961749873278,0.03208893795770874,0.015239214976937686,0.08937737892693617,0.20073521263691851,0.07168112286784278,0.9999999999999998,0.10853138081378111,0.5724972513060788,0.07261480600894918,0.03213904415806978,0.29965786674507255,0.17960829295210026,0.13797747083765535,0.22761469004528112,0.5241027294089171,0.032884869239697634,0.08946267501308372,0.5374663723794866,0.07692375979575841,0.08892690191922793,0.10847230006733075,0.11939496531895162,0.07303719996808529,0.08892690191922793,0.7522438672691601,0.06297608331267424,0.0005801178505976774,0.009154100066383187,0.04300949449078913,0.01349015647282778,0.1297001493184229,0.0027551611546296354,0.029413002266295472,0.47459313871704945,0.25856712009784605,0.025001718434471257,0.015397838236564428,0.13015901289456352,0.006237961356702758,0.9288685361662239,0.7097375171376763,0.7213985260606317,0.29319806767081935
000933.XSHE,4,1,-0.3647141119819064,0.8044323094050674,0.44425356046033754,0.4011672288434681,0.47761380667347064,0.2991418040770814,0.3848901279882465,0.034327063893829335,0.873038510141481,0.2504718887344178,0.4978309079467419,0.007530967337420019,0.01689894584441381,0.007155101091724063,0.006364934218965455,0.06057943053148588,0.027781962364349905,0.002876206128852987,0.584726277896561,0.019888409153759497,0.15162418262831054,0.00759696384796156,0.023023996991113967,0.5454545434710744,0.02078490069237378,0.6993884749818863,0.0026464292791369545,0.016686262096409513,0.09131798597441407,0.34943877599072803,0.11734687687601231,0.9919678714859437,0.10431701124315007,0.6319070238240672,0.06764543770794652,0.028661230988575714,0.29882510263496115,0.18069391615330424,0.13880938082499472,0.1234602462028028,0.5512169493413036,0.06727445952254126,0.10940060786641809,0.5256098258172764,0.11019709272177827,0.07080873350588206,0.15808819009150304,0.17175128903586714,0.08033013152617706,0.07080873350588206,0.7274745640511489,0.06779535540914694,0.000439357646608069,0.00908128630761232,0.042286840951317045,0.014466827961402775,0.117207202313715,0.00343075851272622,0.029026804652633,0.502663989186588,0.26900423258237754,0.033792790440206846,0.02408573248089866,0.11102782844403912,0.022109678770114254,0.9234760903836048,0.7365026978019551,0.7415140224919663,0.41315084100528543
000935.XSHE,4,1,-0.2499178304643168,0.541823036689668,0.30254210463354747,0.3829188087317458,0.5586639015872458,0.3064671657624081,0.8407107530263125,0.16791883838529123,0.9974449808077182,0.508797568337339,0.31572204360410355,0.0010374588671799069,0.010722732382001105,0.004748274945035347,0.0006804865379549642,0.004684116226233493,0.0013652043531890965,0.0012015095871598135,0.6160066766389598,0.026085853139202364,0.15071468361434978,0.00442336613431945,0.040309083707120025,0.6363636304132232,0.09475151102254697,0.7589338854458718,0.03495187549586813,0.46490910735280816,0.08889074833026939,0.4902864480760422,0.16892649670917567,0.4738955823293172,0.16201309438949285,0.06938103827229058,0.11260407001156289,0.042256505398745335,0.29589223092304723,0.20037268705837596,0.15020264807347844,0.10333200729025795,0.5211192822036298,0.021618114681661076,0.08814848277471125,0.5255070078419483,0.09670405073245927,0.014105304777691797,0.147444983227876,0.16747886181863644,0.012772769238476714,0.014105304777691797,0.7366673794691843,0.05992887798894011,0.0007525823121209745,0.013269447011245937,0.045317157573298274,0.014271665000169517,0.09842544997832832,0.0054235560528207,0.029133720417348477,0.5263005866874834,0.2782274194951853,0.053734365293181166,0.04684518975783705,0.1916277961442975,0.027777561763474307,0.7738723352885202,0.7274307859006681,0.6522353338808016,0.46130974890596
000936.XSHE,4,1,-0.1520805334582368,0.5457531970671171,0.4837786136303726,0.3034191174582679,0.45680365846421067,0.07740449244016745,0.24553826865557857,0.1513582910196706,0.916592827680443,0.0769245345403991,0.22221097859187683,0.00026215201191659676,0.010497067768903145,0.004719314036371351,0.0008599950862726315,0.002960415629723703,0.0012401768720303535,0.0011650422593153422,0.618260478365852,0.02303835305609139,0.15067922264502612,0.004388059722681501,0.0060651427237361725,0.5454545434710744,0.004854051025921524,0.699802865196644,0.002228248386918254,0.015329655421904675,0.0913467965734928,0.5339469794000985,0.0893078280301246,0.9277108433734939,0.12884165117379118,0.5542167685214747,0.08477594983590597,0.036729977971201616,0.30817063770966396,0.18140246349582886,0.13898486183794911,0.07353911235304532,0.5240076937195229,0.02618084187943746,0.07030490566791973,0.5133137434511252,0.09636131559465765,0.013155317727131941,0.14013892013787543,0.15684466704480193,0.03943479184012329,0.013155317727131941,0.6622776728049481,0.06339895737942933,0.0005631876111323172,0.009111432021293372,0.040410949507123366,0.015800832391179007,0.08258646408727496,0.012608842655105344,0.0295993141219521,0.48968445727249643,0.2819347980252492,0.026787606536843478,0.03293618470544844,0.1324743818716117,0.009777920679547766,0.8971582920282342,0.6662465171819028,0.6938195942573928,0.6181232822925525
000937.XSHE,4,1,-0.3177029063039703,1.0000000000000002,0.42386463845964095,0.4886858414139055,0.5323108892137661,0.2718900340660684,0.6263096204353614,0.14454718532990368,0.6090631830472129,0.3781946993002395,0.6443185960962216,0.042124219498150844,0.02716798922039889,0.011605192094936805,0.010736387461112747,0.040800356390297075,0.0228622960706066,0.0024107202618552127,0.6197098568916276,0.02245583872698744,0.1583298505763508,0.01643654830318336,0.10443069766768139,0.363636358677686,0.09628967524798163,0.6887295296399047,0.015971691032008264,0.04173826535226553,0.08974512596018201,0.20785069946054047,0.09241842391653277,0.9196787148594376,0.08346915677033166,0.769007051644648,0.05641162843158853,0.03847372756154388,0.27439896851940027,0.17167559344386876,0.13655152512498145,0.11977188194496946,0.5246611331872668,0.0892428694158107,0.1879962333828824,0.5337405155335839,0.15591820379633559,0.06638425791626722,0.2295270932172257,0.23933734445907784,0.16478902770720227,0.06638425791626722,0.728758777111327,0.06507570842141136,0.0005064704236228728,0.00905783178211654,0.055408846714604346,0.01657438448064989,0.08139793969398036,0.009192479986549276,0.02946982331622975,0.6109101029780128,0.2894453298418374,0.03302105492539069,0.04114592964919431,0.12356400732127476,0.03566758389663217,0.9407017369445114,0.77600227765247,0.7892533396001722,0.4545441064516892
000938.XSHE,4,1,-0.04005867553473946,0.7661116278504253,0.2503032465215839,0.2426089347775159,0.6210221264865018,0.131044449313436,0.4886577247666435,0.32279078340541,0.9102090118982489,0.18698627355818218,0.21810770604793367,0.0007928387247645597,0.011013249404934856,0.004922642230135027,0.00245657555190368,0.001638041616635247,0.0028133325852974186,0.0011886722862376059,0.618140128980625,0.022641357797609778,0.15099102232583894,0.003654291637698611,0.018686485639892912,0.6363636304132232,0.02264119918381199,0.7055453354135476,0.007007904119046823,0.06326309125440897,0.09170842759371575,0.6951851542530254,0.23002595904239978,0.18473895582329317,0.18141619155913885,0.08682998340004454,0.11025173365831245,0.05003187278842334,0.32360133175054623,0.1847135726347598,0.1512893304944405,0.24506475671376735,0.5391594784304667,0.04469810618713881,0.12944440750211117,0.4395566003920974,0.11563142030032927,0.15248108470296415,0.14075579014244813,0.15320096214023401,0.08025379073132624,0.15248108470296415,0.5239659397249518,0.059356062659648684,0.0008000182563784193,0.009081417082698955,0.040500918421676115,0.01467317062806964,0.20628948892157806,0.011341969248990325,0.029527943864692992,0.486123416160019,0.2717840364894036,0.025592388643415013,0.06471595028797604,0.13085963228960834,0.01845052940120835,0.8117250855690161,0.6008469329087616,0.6109296485729299,0.7571657739050581
000939.XSHE,4,1,-0.2923663678424317,0.5456274931201113,0.3042077638308255,0.203933921368674,0.4566169236568927,0.29037888467793427,0.47027611669133956,0.1475305940011921,0.9972113890891592,0.32400396769384554,0.3594219187847483,0.002975585375368921,0.012585733449893539,0.005572053989301187,0.0006943717931492184,0.009810368619672234,0.005660823019413809,0.0016086315258252485,0.6157451406194284,0.025025166928508532,0.15128936818235547,0.005301133716672022,0.019832802156770114,0.4545454565289256,0.018142883499966806,0.6916217158645055,0.0031617175965111015,0.02636338970787736,0.09114379267259536,0.24496828472083437,0.05396322129438908,0.9999999999999998,0.09992278816418976,0.7594515547187708,0.0662044935823693,0.03010042211830489,0.29506329701003586,0.17724194883096545,0.13573911302797037,0.036869230816919014,0.45328189243950123,0.031444232364749164,0.07353897662952341,0.5190901384031923,0.10888220128909491,0.012909463517144051,0.15443262643231193,0.16962438299949847,0.06338061956386609,0.012909463517144051,0.7132407157472099,0.1055198876879423,0.00020592624640882015,0.009025849733990478,0.052159544171570975,0.01437096519986861,0.03601627980964395,0.007307817534083432,0.02915268301590376,0.6005984411920922,0.27602635207384474,0.0245801779274364,0.02419602863741777,0.14992582142676192,0.018046449721840045,0.9288223786056156,0.725650678873115,0.7547641617795005,0.19955113846306294
000948.XSHE,4,1,-0.07402093968568281,0.5847967253435434,0.6462725926333697,0.30411766986997363,0.5219495314494349,0.0961379375674759,0.3590666731300918,0.21505607243583605,0.5998854873680448,0.2651546762520375,0.09777561337893625,0.0031505814034660825,0.009562731077291164,0.004292505403085354,0.00065802646830791,0.0008482291690915116,0.0019376465765747442,0.0011576400865799974,0.618427424520872,0.02206433634784677,0.15015501012909363,0.0037428339580341937,0.007996560309967104,0.2727272717355372,0.005186447943465381,0.6989957525364167,0.0048630242187630845,0.03043320973139188,0.09107011130435588,0.19332443768801538,0.08052667479403106,0.9718875502008031,0.07469520430172698,0.8421269296036644,0.029525455263304683,0.030760091542685483,0.3062158833196625,0.17536144672342616,0.13851301289200507,0.2857483540601031,0.5151190172495556,0.03829038157841383,0.1483307559420889,0.47959864134135344,0.05188808070237553,0.02394544716649903,0.1455226908887144,0.15903859878161364,0.07329697072834154,0.02394544716649903,0.619976933243123,0.06933103722985294,0.0004105257773891602,0.00914922931126971,0.05888518225169238,0.015189921457000894,0.06535821825911937,0.014405232764174599,0.029709760599651937,0.5809764005486543,0.26464239321649985,0.055510836537150596,0.02521658763483189,0.10186087677965244,0.017893910390620327,0.8941189941912484,0.7294237318119503,0.7714139731142051,0.26822103937115443
000949.XSHE,4,1,-0.1563377453021814,0.550817046239638,0.563347663747299,0.4657322414076725,0.5112927749344045,0.18228148652723514,0.32157238559634005,0.19407895158735558,0.8427681848079324,0.21345052080815655,0.1820148997176092,0.001388545130276332,0.011108417443436241,0.004984446071057156,0.0008947464385155825,0.0068418539636809165,0.0027830189577042947,0.0012684036409076147,0.6164114043396892,0.022166905695935636,0.1508418825277057,0.003750372570581846,0.00771966785583435,0.4545454565289256,0.008249284937892334,0.7019223144042551,0.0071071704799888025,0.03450302975490639,0.09073291571711488,0.19932198144575125,0.08971792857115776,0.9196787148594376,0.09454826464422603,0.6103034701811623,0.07383821456686446,0.03542423586064903,0.2938088315904764,0.1803963306188131,0.13541674790787636,0.09634826093919113,0.5402759844461102,0.03802974591082711,0.05827963623338946,0.5206058704768121,0.09998048724786818,0.019361126445600556,0.12131004070203884,0.13490766958207964,0.05628066057053611,0.019361126445600556,0.7145728384847922,0.06868397655357525,0.0004220444632108384,0.00910739718492024,0.04381763169100927,0.015604512908693996,0.08590455888618286,0.007390984829479467,0.029605178211225894,0.49945555933793356,0.26311077576968744,0.024975962229866568,0.03257960857027936,0.13089296118964383,0.014603397738828737,0.9364676684040845,0.7745124054663663,0.7589625917251321,0.4103824909826516
000950.XSHE,4,1,-0.2127665646605391,0.5327086180547345,0.66169947205781,0.4544091406424168,0.5129030074000145,0.22644082982078978,0.1671510092265393,0.28766963407392404,0.9132439479108032,0.09674676174694541,0.2200380466380767,0.002010032241772651,0.011256433644910652,0.005022833447753141,0.0009479934912992557,0.0006334133129017347,0.0011953646595711687,0.0012503849652625726,0.620063360202638,0.0229803906428193,0.15101176022438778,0.004334154443316901,0.003988898314186916,0.4545454565289256,0.004530995976255627,0.7010725736845055,0.0038459689810109226,0.01116939495342317,0.09090351486387829,0.35678408664196565,0.02642454239620704,0.9759036144578311,0.08907426171123035,0.8325714326777873,0.059480951473348864,0.03513865350670945,0.3068489716937404,0.1802280806942186,0.13763430796787787,0.18510176515092777,0.5074303234108233,0.04416863761612432,0.11395200094533325,0.523422705613468,0.10585485262650172,0.029115280214570965,0.14535692877415993,0.16194488122797118,0.04405181949537144,0.029115280214570965,0.7241267292764354,0.06381120307567019,0.0005478061328107717,0.009068594818491916,0.045752491030811575,0.023639251551703495,0.10877635566236815,0.031555563283759344,0.029127064914400334,0.5407853695155366,0.2749743870658917,0.023959477771420424,0.02875422862063626,0.13216230936819173,0.009659777472034456,0.9169004132876966,0.7079408252620412,0.7576621346507777,0.03289770683358785
000951.XSHE,4,1,-0.3262078383962311,0.7905025079016011,0.6041828858651868,0.8120888700325973,0.5391873107262178,0.24802841996643288,0.12354277730890323,0.17559072242902934,0.997301840017774,0.16858715681478484,0.31515780410092337,0.006372750444921282,0.011943262325689045,0.005227111565173096,0.0075700808119475655,0.013678172405036595,0.016174067048257128,0.001715409119288127,0.6242993183925365,0.028817073925652355,0.15107401765467995,0.006663886509316801,0.0051760113152461516,0.5454545434710744,0.0056974799980452715,0.7015097485960703,0.002942645458479747,0.010310210726236772,0.09129420720139246,0.2083550949714138,0.14656302353620676,0.646586345381526,0.1104965933242067,0.31325255441182054,0.06783486127119559,0.04558132317848046,0.3032884895464518,0.18134016045745366,0.14203693160400044,0.17253181074281682,0.41164651065736546,0.09581716185682622,0.2465544562969238,0.520822025095776,0.10969369504858258,0.19536100909353693,0.2756212822788109,0.27493939526662714,0.2952114441213214,0.19536100909353693,0.7213023953670175,0.06426759771471711,0.0005319396951174408,0.008964108540049512,0.043156584431736804,0.014250697698216446,0.07450526494320468,0.011648027634387652,0.02953231502903204,0.5053745496721713,0.2701827292807764,0.03983257979507811,0.053533033286555384,0.15685997428687237,0.022781001375844948,0.9097992501171692,0.7556941311750918,0.7365207954308408,0.5060736445090143
000952.XSHE,4,1,0.0552492423538235,0.45099575763886807,0.3285572579612136,0.3225187267824286,0.30823697767123137,0.14022858469261357,0.6196512567840069,0.20330034660162036,0.6612002399145019,0.4631081815316612,0.11538991479486571,0.0009435490337281181,0.010445615574114539,0.004673634981089644,0.00014526450412334123,0.0014940708583222745,0.0013296047631529346,0.0011581293975833394,0.6165899537326806,0.022306070491226248,0.15066670088603917,0.0038501087398861104,0.04958998175733782,0.363636358677686,0.02427228761789028,0.7058282383849337,0.019260672631632628,0.12566699828163153,0.09053461515883594,0.28000183511373555,0.09581800564377005,0.8032128514056224,0.03956579542025768,0.8919822317854755,0.025823409227267863,0.03944172935864765,0.30481506595902497,0.17255116342529864,0.13872099038883992,0.06430077072328766,0.5320185841762913,0.035605768624383964,0.07932189470571094,0.5314613369082888,0.08898807145949293,0.008799297507960597,0.15170812377151674,0.1650373710205971,0.07921656319573168,0.008799297507960597,0.7740497816604093,0.09143685152098675,0.00024143091364057148,0.009155071695119097,0.0664623589585557,0.01591440706151316,0.04489483231145731,0.0052968882717800815,0.028425380659965506,0.4858184850356437,0.2284019650955519,0.06607901353573864,0.04182619923361694,0.22301396172163956,0.022608273015493213,0.9141069932254904,0.7796785856441559,0.8147356969525734,0.3572589514617685
000953.XSHE,4,0,-0.1899560061302221,,,,,,,,,,,,,,,,,,,,,,,,,,,,,,,,,,,,,,,,,,,,,,,,,,,,,,,,,,,,,,,,,,,,
000955.XSHE,4,1,-0.2449969471396777,0.4612473949769017,0.2452939887424558,0.29309895734190977,0.49873707421496566,0.09449519524535738,0.48270868058706135,0.39642122879499647,0.8166291836847601,0.29221291743445665,0.17041117203251355,0.00047522284794989354,0.010504247178387043,0.0046979494857134416,7.393625833734997e-05,0.0009263056615079732,0.00041419892227174797,0.001110425067344995,0.6182540667083867,0.022322626901670577,0.1507898373538216,0.007249247564261568,0.018265586184776583,0.4545454565289256,0.025616634638626762,0.7237523061560228,0.02296503606738055,0.09934882879623767,0.08927570705469974,0.31786679904191906,0.17534128243510624,0.14457831325301204,0.10117056305347774,0.39842151567756456,0.08010694245213955,0.054139457692631544,0.2919211877389704,0.17853250340707094,0.14077476817008397,0.1517162354772318,0.5183905869335828,0.053825710080089906,0.05004470510417911,0.5216401125160269,0.09947656737791605,0.002343051793198249,0.14997234261458614,0.113303089406834,0.0632184951466207,0.002343051793198249,0.7136239931664441,0.06124982980542478,0.0006645276491287162,0.008799217605501232,0.06257628229448697,0.04512923685938602,0.021976015566658055,0.024879891521055117,0.030315360968094916,0.5567870460823003,0.27145427543768774,0.027599406356046297,0.07571113704616997,0.14384333675330596,0.017130914637793863,0.9026492664498444,0.7722513378444127,0.7296026278474728,0.39514143829207415
000956.XSHE,4,1,-0.04005867553473946,0.5832710543596483,0.33323445031838866,0.36979524077594106,0.5086859991960199,0.19531619973499242,0.5201466800399461,0.3337110635790617,0.8075837911617676,0.3255274155849768,0.29448349460704565,0.004585277962534866,0.013684344003226122,0.008150090726543492,0.0029840589171838032,0.008062098247688082,0.00966583515757642,0.003724127055187232,0.6194366714067405,0.02795801905504902,0.1535011777904567,0.007249247564261568,0.03212743887797873,0.512508658030105,0.03385548310334353,0.6973754749785577,0.011416551503228026,0.07601564141075765,0.09146680527188153,0.4259820692575249,0.13112622332231372,0.5511172547939428,0.12284974011172788,0.494504656209718,0.08633157970599001,0.045919982486072305,0.31147779666162767,0.18463137997985954,0.14208910423830812,0.20470555979997465,0.5318427242963106,0.077915971133906,0.12469801664167228,0.521515575256219,0.11601091851739048,0.03148564188991912,0.14997234261458614,0.16450473416111355,0.0632184951466207,0.03151351181947201,0.7073590212283098,0.07474128671978711,0.0010165370293848852,0.009470773081934954,0.05305644375124136,0.029247760156912796,0.06504798281099847,0.03229344616550119,0.02996043969994048,0.6137324122247689,0.29599917104153156,0.04246130980234155,0.05485061095598209,0.16042323302325237,0.02380545148233199,0.8768056165474607,0.6953581940533766,0.7048157031587168,0.46648362214367545
000957.XSHE,4,1,-0.2673314028074668,0.5497763116893101,0.3637082354535358,0.4064294799387965,0.6344745555017808,0.21320217426988625,0.3086629369389302,0.1899842996813215,0.5880166570214949,0.1868880479990409,0.09454783815858248,0.0013901408040027437,0.010837865203857653,0.004862622245703563,0.0006401718176454309,0.0017421598981197325,0.003889518889596823,0.001225475231972492,0.6178364068336885,0.02232172497741416,0.15096794897446772,0.003764040177446181,0.006073971921104965,0.5454545434710744,0.005958691561743132,0.7041702345366703,0.004137003939140189,0.03350818486026951,0.0910746192182438,0.2711102546837967,0.11274333503554967,0.9156626506024095,0.10591131706790029,0.4557544972328274,0.05611724186772686,0.03393219906461609,0.3056379208756562,0.17875697947291566,0.14035361373899344,0.08779033157598407,0.5272220208598061,0.048822663805090566,0.08249690979364928,0.5115655969850124,0.11001589044729808,0.05612511792235455,0.14639762770659187,0.161263583709915,0.061080588046780994,0.05612511792235455,0.691883516383357,0.08123780388440069,0.000288167573454684,0.009091259484397358,0.04463447556037969,0.014632167666282966,0.07315378725986098,0.010008759558224403,0.029555787732020666,0.5462824460576842,0.272996210083875,0.02664158429420768,0.029249159429898745,0.1385734914120687,0.014398666028593647,0.9242341395520586,0.7279283313431519,0.7363808477659863,0.4352406699148469
000958.XSHE,4,0,-0.3252297781963364,,,,,,,,,,,,,,,,,,,,,,,,,,,,,,,,,,,,,,,,,,,,,,,,,,,,,,,,,,,,,,,,,,,,
000959.XSHE,4,1,-0.261402549052526,0.33656359139118186,0.7125919558421403,0.3421938228842937,0.3711505589088134,0.33997589126047345,0.25944789091395737,0.1978494832489931,0.9739255439569561,0.1802170243456302,0.4065849325013247,0.00150694535550397,0.008037262552664515,0.003945842432684148,3.889338548602442e-05,0.008134974190476667,0.008586717402408205,0.001603261955888423,0.6112866687136137,0.014351817108733303,0.14922254907383783,0.004337003686567994,0.004577100757577937,0.4545454565289256,0.004039656143328869,0.693338536626755,0.007330128582216588,0.010219770281269783,0.0910304505143514,0.18069692347081806,0.05642838248630606,0.9959839357429717,0.10799643191721203,0.6306607439284918,0.06871395502759896,0.0315206867821679,0.3044780840961584,0.18021147698969245,0.13758751303109001,0.13458805831787693,0.5219367097488424,0.019456667535087905,0.06837058557344351,0.5254310887512237,0.0882428966880715,0.019645361490899866,0.11848427957788038,0.12674573929110006,0.10499085898503321,0.019645361490899866,0.7544255103841305,0.06212156979520247,0.0006184591852989507,0.009107944411488208,0.04089192701806079,0.014245803899956715,0.14591136892957424,0.004052322556257532,0.02906519162123342,0.45416718874571294,0.25892802741182547,0.12070798850217025,0.024119481043183105,0.2906291957997669,0.009843871508045702,0.9187413898396557,0.7011576223961788,0.7268815699487476,0.36803514128717923
000960.XSHE,4,1,-0.3491908366237922,0.6962488647913835,0.2269905813080728,0.267020906814879,0.5887238590076975,0.25072167132715933,0.46374184251533307,0.2069424394326632,0.8090835564602601,0.21622887328709509,0.5386793181601546,0.006347935948856028,0.009466929309028567,0.004218578320486258,0.005310134414621475,0.07194150124629085,0.0019494050411264965,0.0022298773125886866,0.6080049750229346,0.02323836576245197,0.14875723642872696,0.005684093255667149,0.05395080806738984,0.2727272717355372,0.036918362668136195,0.6984413759525926,0.007703505057475488,0.027674776159898704,0.09093421136646523,0.19635419901213985,0.0823901954837924,0.9999999999999998,0.07912895562427613,0.854176012910392,0.03956539025992933,0.03471354839920117,0.2944008782608083,0.17424259578423132,0.13480971358898966,0.23523335902491474,0.5259708265059412,0.06640853996044997,0.15114053612190537,0.5118400459031472,0.06242705564058659,0.10703490227545774,0.1649797695823074,0.17416239745843462,0.12744353498171132,0.10703490227545774,0.7234758587809675,0.05918352323544254,0.000815699913330431,0.009159070616321686,0.04311159997446043,0.014141631319058106,0.07485172543885611,0.006520065596541681,0.028874975821358742,0.5038720708593403,0.2661535709287018,0.03664773978335863,0.032512214526230584,0.09619670542635658,0.018504366812227075,0.9076555864850662,0.7455552607138118,0.7776205200243984,0.29180074085015917
000961.XSHE,4,1,-0.1535338528397041,0.5914256965145884,0.4198276327504125,0.3183004972382832,0.5525297383957356,0.3204054375548213,0.48816965330767853,0.299351154877625,0.8889003538124189,0.40350711651910265,0.4865492801541742,0.011963458741210516,0.01856765785220414,0.008127974081556449,0.005086712986092568,0.037054647514892104,0.06960715615149445,0.003328461194370117,0.6411430525101428,0.03512675398171518,0.15378647152889707,0.009423827353186549,0.04315921763914189,0.4545454565289256,0.05055461381893485,0.7142008424633222,0.02232354437860244,0.040381658677760696,0.08964297623004608,0.42769972812085777,0.10815237962471608,0.9076305220883533,0.10851425190822594,0.5463233203195978,0.0746977460323594,0.03368251972728106,0.3280826051971566,0.16890656948586943,0.13961399376587452,0.08444704446575882,0.5250683643830159,0.146063558014953,0.1578507220163976,0.5124117475699467,0.14218129592176518,0.047857628214545846,0.21984170422875338,0.24131387590479453,0.04769550201627172,0.047857628214545846,0.713537522041373,0.09723735670082073,0.00022415674522994805,0.009022521686240702,0.04884164362917187,0.014551339681021588,0.020091567924732576,0.011306996736250883,0.029642190762619054,0.6395054349814768,0.29739210399425514,0.03243418720974504,0.033176094307955525,0.11425249848001216,0.027202697852485493,0.8787201218559602,0.680158440582018,0.7263310211162541,0.4461261559981754
000962.XSHE,4,1,-0.3124575194653753,0.7858575411484321,0.2940384983871667,0.3349145349013252,0.6363741684073794,0.15473866169740277,0.5337467439460288,0.13972129323427854,0.9955600010186707,0.26072002428568936,0.36526986143380075,0.0017163816203643783,0.011224697578561918,0.004931687379596759,0.0006435489964272409,0.004763554032550339,0.0021220006909726465,0.0012324759152990126,0.6203963353156273,0.0248771972178498,0.1508926157161886,0.004396185344919281,0.03042074425189026,0.7272727282644629,0.050883564019035904,0.7050389721427679,0.010466895808895548,0.05666093877181875,0.09204115605274697,0.7170336275456695,0.23186734828092323,0.5903614457831324,0.1896617831717726,0.08849203212404488,0.12458102938542558,0.04056172101647365,0.3133838621838678,0.18831060966158972,0.15263338506773566,0.259846312654227,0.5166472273199413,0.06845526223740747,0.15515773574014802,0.519157746943002,0.10314482552623072,0.029893024060180493,0.16036599648391145,0.16768650732680626,0.1420081923215474,0.029893024060180493,0.7129813023719965,0.06790423287914654,0.0004371352335582972,0.008949840073364504,0.047438550703683545,0.0176592442489143,0.04271953521730985,0.015635803606730104,0.02893056548065341,0.5253187084669948,0.27840962512942735,0.0385419420698271,0.04394951363518195,0.1740044871307696,0.024670993599330025,0.7979967618695942,0.600180774844103,0.6058136372398095,0.6443295569637972
000963.XSHE,4,1,-0.03190871628453575,0.2810375497888625,0.07675265267925097,0.35823060304108456,0.6577450225644857,0.214933317713994,0.4062430471569009,0.6237612569489348,0.771661460615646,0.42285213766273433,0.5602744670556862,0.00893713526288932,0.016933895656062407,0.00746926097035896,0.005407927311608108,0.009927058557395587,0.008044283440398477,0.001387307123096643,0.6201350097733594,0.035871929064440346,0.153459165494817,0.005515210680955883,0.042296190451091314,0.4545454565289256,0.048921563106533276,0.7036335702311488,0.003515618192446151,0.032061137740797684,0.0912012836631755,0.2891145267055868,0.08298341795183167,0.2369477911646586,0.09553647073394723,0.8442047471560898,0.08815812891191328,0.048281142610891246,0.29104717107808714,0.18137707885745372,0.12986244888303083,0.04268119629857659,0.5384051734795847,0.08739051270868478,0.13840969862725155,0.4865885373173445,0.20215211208570433,0.18778715682730512,0.214897947053179,0.231818195666467,0.08754778257823538,0.18778715682730512,0.6321845527514762,0.06316691695423154,0.0005723251474679483,0.009043383465417212,0.045860005202894405,0.01518178297411819,0.12669484354451857,0.010826740812566384,0.029467123519495566,0.571176468631458,0.27999321790139214,0.024023697658232875,0.060696016164674835,0.16126762235902112,0.01826553807501346,0.9004727599380777,0.7620599486975372,0.7489484121221082,0.20808465983054109
000965.XSHE,4,1,-0.1913356892871952,0.4704828110148035,0.4966961002994883,0.31198324607478173,0.6105049613448917,0.09793235379828344,0.21748182472434116,0.30769344930816184,0.9767646493182371,0.11930325594525662,0.274933264787344,0.0005148354929787318,0.011427504045649057,0.00503094976663352,0.0003709795231717738,0.00021221104525007733,0.0052168438633484705,0.0012125347106425007,0.6219839575789898,0.022661846028281172,0.15123698686957338,0.004598883318245259,0.0071916641243795374,0.4545454565289256,0.006123363489711016,0.7013819940122291,0.0053007594009787445,0.013294745410147416,0.0912893781935323,0.6251025353097055,0.21213578461931634,0.20481927710843373,0.13811234190349572,0.22974666845977665,0.09139087281682835,0.04759579980847463,0.3101808299004217,0.18207062075627922,0.14380084074903093,0.13581007907065232,0.5318427242963106,0.030981944695472143,0.10062752974524378,0.5093456360534342,0.1096735034406674,0.008169553109388796,0.14878000780465464,0.16836629550882246,0.017913049425098148,0.008169553109388796,0.654515136536738,0.08369098856186968,0.0002742176054332972,0.009066583020618298,0.04433172092856362,0.015012309776615993,0.017886063503007983,0.018220728036176446,0.029127583896517248,0.6358346186642243,0.3230725865588695,0.032788127835924684,0.061127593686276904,0.12336284643056189,0.014120655620027518,0.9043251409580888,0.660444584494273,0.6667291590201552,0.47611802402222747
000966.XSHE,4,1,-0.2153164074935024,0.581362909256066,0.3064795984802209,1.0,0.5457572999183348,0.40135230215322715,0.3877800247847493,0.6047030232228766,0.9701349475165073,0.48230199718858335,0.2669132936905013,0.0010810252393340745,0.016268827539340103,0.007194131951586264,0.0026981204520546385,0.015965890735343595,0.006313643034822126,0.001730572995468278,0.6072673892964503,0.03149734018864438,0.15283314682274296,0.0025420920201818503,0.021651604583892613,0.5454545434710744,0.0187399273827606,0.7137385928695837,0.018755725072235527,0.04739079316270236,0.0920948493906166,0.777062892080822,0.18774102169061374,0.12048192771084337,0.14114547579488002,0.2696296782975857,0.05242705213082143,0.07382069690017519,0.3398956348794595,0.1504342759300246,0.14312881346238335,0.2748899372170534,0.5065221320078392,0.035494504809901184,0.07646939442388455,0.5705726764502593,0.15937323160244254,0.06973020339121686,0.08061925280233906,0.09515564343121162,0.020082665417646438,0.06973020339121686,0.7740532872465608,0.06447384597306789,0.0005251368814632133,0.00905776433836117,0.04094429895219193,0.013708299939674568,0.14624808363605324,0.002095847139293445,0.03172921672976804,0.5394647405368784,0.27852914891086394,0.04596544898589616,0.11281562997556785,0.15414481684146528,0.03067371537955375,0.8286604720853277,0.598596921852196,0.6600063900631876,0.4949534233258688
000967.XSHE,4,1,-0.01671237203279392,0.5365491579894665,0.37465284651565556,0.2885274674526812,0.6794748020853446,0.140741636603054,0.21201111543387194,0.3326519906827798,0.5967096059764354,0.19201820653277307,0.09690644059741627,0.001147486164593114,0.010930029365548615,0.004839043969885195,0.0008023344904062046,0.003074141933765151,0.0010768169707900828,0.0011726301809327,0.6178947603795971,0.023243328201516825,0.15080992555360237,0.0035159907920336584,0.0032501812989029813,0.5454545434710744,0.004602347639404517,0.7005200694267829,0.0032821493110552534,0.022971873021615265,0.09148588840360512,0.5122354442605457,0.1916880797762157,0.3092369477911646,0.13405081487474158,0.30245077759036804,0.09389178856627609,0.048367434679211375,0.3037716583746702,0.182225898770805,0.14218901514856092,0.19953059524358735,0.5353292034270342,0.0320278755566333,0.09926454983253226,0.5080634425047984,0.10410740821391129,0.06747661822531968,0.12682425449011064,0.14163125852827269,0.04851006890021807,0.06747661822531968,0.6745109999450792,0.05596590460112695,0.0013321598205954291,0.008972303230488657,0.0442202491795943,0.01436943388006305,0.10395509990219107,0.01131711881418302,0.029200632332170157,0.508260306949214,0.27145953136944473,0.023387503154525688,0.06305303472143622,0.12414160270051174,0.014516510139379076,0.8859615329991053,0.7072414975012165,0.684807492745166,0.5741957722865659
000968.XSHE,4,1,-0.3821401234985404,0.7795982297903451,0.32661592973192133,0.23215844904011457,0.4552918922488337,0.2736029187917284,0.4968043334779318,0.08822758261447594,0.9970168756844193,0.39655050398606273,0.36018357435109066,0.006682487497149155,0.010019477734505216,0.004559112016194632,0.001385719541102697,0.007627554263444004,0.006062821695556439,0.0014908921549886612,0.6135978788957784,0.022338796636868902,0.15021311669097107,0.005086091168555653,0.03224443126493285,0.5454545434710744,0.06654221859249274,0.7211962923069243,0.025909196971022456,0.06701636972053902,0.09238749154478046,0.5424817853730044,0.17877057621891404,0.9236947791164657,0.12303495219058937,0.43830452551537363,0.08508619836824298,0.030776850763547782,0.25164904686876627,0.18486426600181174,0.1395619993916658,0.13272475443848034,0.552514480504064,0.06413608402450909,0.1431510259386246,0.4994361271130479,0.0797161199179594,0.022327396258658268,0.18146284100236323,0.19195816813673666,0.12605111069229702,0.022327396258658268,0.7005329659479047,0.09116523889385401,0.00024236367035204408,0.009203446688224344,0.06492207003433592,0.015323478244518105,0.058571176777715075,0.0050687063178548415,0.029003357830642333,0.5581509198385972,0.24549152987130954,0.03883345843102951,0.02930385395386981,0.1593774541470335,0.028184482861757492,0.8623421766485351,0.7854058865154134,0.7144579140404475,0.5347988353413337
000969.XSHE,4,1,-0.3067253422014061,0.60680079924962,0.30121351540475383,0.3912699187040817,0.46638062973262817,0.1191240370785761,0.3975714923178464,0.03697004553623762,0.9654336946394213,0.2997907872933251,0.41754084637732486,0.0030402296718743393,0.0112351228727683,0.005022391619880282,0.0013141196318178642,0.0012159918581219466,0.0039310693650936685,0.0012208809343441482,0.6234796155953057,0.02229617427113382,0.1510349470226386,0.004548334744294411,0.019466823191224863,0.4545454565289256,0.016842919117178636,0.694845795448394,0.0028541743970522107,0.01912815411051822,0.09122568512264694,0.2790013289644428,0.06641301046023543,0.9919678714859437,0.09799380987705397,0.6842548857970288,0.06187859166563883,0.024221293614643386,0.3041468948856623,0.17968049112129628,0.13853381064168854,0.18403795172317566,0.5545088730465919,0.06722338163521158,0.1080756532373079,0.5211028574805557,0.1033096656356762,0.020906098278957105,0.14022498591609373,0.1499715420279791,0.10549025501801562,0.020906098278957105,0.7179335270753947,0.07586902679218685,0.0003285125696317439,0.009070880229649518,0.04825262426923342,0.021077674772902594,0.047094008898505964,0.023253718577598278,0.02929177975834128,0.5457651719866984,0.2736051195111283,0.024555713595554786,0.014675346871104198,0.13983262717231595,0.017749297122689477,0.9110410660266153,0.7143895670248996,0.7567669977001052,0.28201032337243265
000970.XSHE,4,1,-0.2802754124402181,0.8223142351581586,0.14362038976891012,0.42031146052700774,0.7186546735108232,0.045704464744764806,0.7391630941741754,0.31474879032058595,0.7943971357791382,0.3492721060681352,0.5473105110726919,0.005266845438601044,0.013872017617219689,0.006149734535262061,0.001597281060141552,0.0018383822458335152,0.0013615013667394506,0.0010405205481383022,0.6252063404553933,0.029965762970641536,0.152631133274768,0.00610378801305686,0.10991222420568823,0.7272727282644629,0.15650914367039478,0.700536334377201,0.0067996096190074155,0.07714569955684182,0.09185653616976132,0.7624810359337707,0.17715527400357328,0.7389558232931726,0.16993653081687748,0.1906941696891178,0.11528233606811267,0.045692850332830236,0.32439161419371804,0.20063817658975605,0.14615228632261987,0.14635554330690023,0.5933760074235387,0.1639015447126244,0.177917172091781,0.5297616887296404,0.1535583966540417,0.030329657209016446,0.2188477580439068,0.23682441175514507,0.08017877529749716,0.030329657209016446,0.7140399893897593,0.05903734032411995,0.0008295509541694179,0.0090571636502798,0.05264685380552677,0.031221822510868035,0.052775295911719956,0.04661752819991353,0.029500613530851084,0.6396989276403986,0.31107699297632324,0.024564423580203436,0.05294493830321629,0.1464230411156711,0.027795657115511158,0.8431370808538439,0.5970407102737609,0.6335391180128487,0.6225491836688767
000971.XSHE,4,1,-0.1971583734199358,0.4751509182761577,0.0,0.2893310240672111,0.6235446345506203,0.2721364363754166,0.5447548683885066,0.9113662135518175,0.6793417982522774,0.7705141566620325,0.12094557324971678,0.0002995886699469771,0.013684344003226122,0.004659418764958938,8.632878369507554e-05,0.0012278493008592195,0.0007650841231790414,0.0011381496196041976,0.6164750895100064,0.02483342919708947,0.1506949463988037,0.002888690784861201,0.01932660536926365,0.2727272717355372,0.02155151988432964,0.7111183342352373,0.014175771011547591,0.125983539839016,0.08951253094970334,0.29820652742074805,0.04590101525116134,0.13654618473895583,0.025651853676983083,0.9950148804176988,0.02691044422997574,0.09113661520188655,0.283360114190707,0.17450872652488053,0.1277293796811185,0.09421757460361013,0.538892363311942,0.022367050580260464,0.00425828266178303,0.5201124967560748,0.09799579144227437,0.0017726585690605744,0.07063742372364934,0.08115607649885243,0.05148974554923888,0.0017726585690605744,0.6911216356597573,0.061787302744417,0.0006351975410307071,0.010366065721202378,0.05649282702381246,0.014249894558458284,0.03263874031564163,0.0022464167159535254,0.027785343580504922,0.4646900846377917,0.28023907870913545,0.021334148648563006,0.13982171605563626,0.13967532426407256,0.041214033618472215,0.922054970104103,0.845161094157711,0.8557707287576608,0.28143389091323745
000972.XSHE,4,0,-0.3172863983070167,,,,,,,,,,,,,,,,,,,,,,,,,,,,,,,,,,,,,,,,,,,,,,,,,,,,,,,,,,,,,,,,,,,,
000973.XSHE,4,1,-0.2526754979646461,0.7130192617275802,0.3936896775498061,0.44877716142652013,0.5372104628331699,0.20201138765537086,0.41295755145570007,0.16873582661014383,0.9739567187915756,0.21545254332655933,0.2714064290777146,0.002592356965667739,0.011165608924632475,0.004851501199107055,0.0012236014102524517,0.004179626718110007,0.0013067041529228691,0.0012454108089502603,0.6196165428912469,0.023135228552022057,0.1507545446947444,0.004250438895738324,0.009801284644781395,0.5454545434710744,0.009025537210459067,0.6882133496507015,0.006420502752759349,0.0243736999186036,0.09125129377094053,0.5265127491097615,0.07750813149598401,0.9236947791164657,0.12115143138358074,0.6584956970492731,0.08510083091362981,0.031398880953817945,0.3098202630595907,0.18130156724721677,0.13782408743373967,0.07018471449938331,0.5419987890111202,0.03741090925306532,0.060307385959703516,0.5205821031041473,0.10208041447104689,0.014679830693051704,0.13172091956258955,0.14702604479524892,0.047070726830635026,0.014679830693051704,0.7108884674395316,0.057528637818738126,0.0010120073699408526,0.009043193745585031,0.047390400184897985,0.016588573283044077,0.081449578520022,0.015694883290583283,0.02979603694957612,0.5417849891832615,0.27759300906570367,0.04909226847487681,0.02944779559215326,0.17950264731215484,0.019099120655620028,0.8943888383917287,0.6631396223077264,0.7069548708388675,0.47177407312772923
000975.XSHE,4,1,-0.2505086029657989,0.472268552265093,0.20700732894281343,0.34452711189038904,0.9999999999999999,0.0498086992488978,0.6041027833745791,0.5919491023115142,0.8963976819973674,0.45835700350170244,0.4809927181933132,0.001284135750509189,0.014966272166441709,0.004330728281191497,7.208253191161719e-05,0.0009127537024535185,0.000639161436888893,0.0010899249696093181,0.62058386965222,0.07391433829648666,0.1503164363376537,0.003686083760721443,0.03744622822255616,0.5454545434710744,0.02197885198146129,0.691556299471517,0.005340893535774007,0.030975852401193816,0.09110882804417697,0.5049667989318177,0.09237434433180078,0.3373493975903614,0.1183442672847127,0.7702533315402234,0.06939967981724698,0.04961120024178609,0.3083628474498377,0.1792109172407912,0.13903685621215783,0.19864109166757848,0.5452297009094679,0.03687510148633373,0.08962861350700904,0.5171906355266979,0.14062149421031753,0.0001397340645932682,0.11779674531439448,0.1353502963511438,0.016407439304429332,0.0001397340645932682,0.6190128970514516,0.05976796567536529,0.0007652406679076359,0.008878733244760052,0.10970376745489283,0.03400446618523543,0.015446290632550676,0.048098950539048085,0.029988761844094776,0.7137944187624676,0.509227956184217,0.028868764743802136,0.07489391468272744,0.15188541824998733,0.024085511754501406,0.890698008833847,0.6698730706293401,0.7157900573785425,0.4121824270918891
000976.XSHE,4,1,-0.2906915869271446,0.6457960854496603,0.1518783922694103,0.28408293880025703,0.4779214092208879,0.12307189740986521,0.47731959275450053,0.3249614179646898,0.8475814036403426,0.4081384129611332,0.18426553318826033,0.000409062198381425,0.013684344003226122,0.004579610465638863,0.00046495147123588583,0.0013854643381057794,0.0009634042139873808,0.0011444865128496927,0.6170526484186527,0.02217667745350569,0.15055240590216246,0.002817587800634408,0.01061719534705506,0.4545454565289256,0.009638058659969969,0.6849075310820396,0.006306733672184211,0.031518495070995745,0.09086299564343114,0.30644676450642566,0.0505431538092948,0.8835341365461846,0.09157903474664371,0.8097215991393072,0.06053254614578293,0.03956280449852842,0.307376824169218,0.17963415845544184,0.13829333666097327,0.09044257875202358,0.5310609400401692,0.01735992390342024,0.025580335838206562,0.5164940347106418,0.09188922257261624,0.007834743743785746,0.09213426397144256,0.10590309430938107,0.03508601725567036,0.007834743743785746,0.6533057093144593,0.06260259699598757,0.0005961471424039704,0.009150579008861945,0.04281728817333553,0.014421584421693006,0.1328062385613996,0.007507589211300598,0.028127253358032928,0.4589717944254155,0.2692062939588126,0.03292139385104333,0.04244967145145824,0.14840662524699802,0.0293377998444697,0.9217132266265216,0.7172780947326522,0.7582839775766874,0.24448514455097736
000977.XSHE,4,1,-0.170424335312164,0.5027655848871303,0.17338375267702782,0.18509726523371045,0.664553403730851,0.13333203172172123,0.49112998486481296,0.6563292035638204,0.9976127101996157,0.5626350359741442,0.31640193187655036,0.0029250546312989565,0.010671447688092783,0.004704146614012808,0.0007104225659699466,0.0021053405462801863,0.0015581360539889194,0.0011780576816936888,0.618409118923257,0.02417013399237812,0.15071789624354487,0.0038261729038886333,0.03142715215702437,0.5454545434710744,0.0384378512161009,0.7084867161868003,0.011842868876250053,0.06932260106719725,0.09026402011189419,0.4103174316924027,0.10583505794361403,0.0642570281124498,0.11946818701075562,0.5006236532426375,0.09486373590764242,0.06954471100540961,0.32992724650668653,0.18391643257785925,0.1402652233028386,0.2586556918285554,0.5202297863461003,0.03550040681970675,0.1503470569007049,0.45505573770070584,0.09275572105711423,0.04767405079703554,0.15622350987625036,0.16926952132609369,0.08493125484916464,0.04767405079703554,0.5411526600971983,0.06695958676541479,0.00045746214452258146,0.008198701149296753,0.053666721369173845,0.014769922197602836,0.09459443106207484,0.013505326247187678,0.02923172767013582,0.5742435213224475,0.27463216750927044,0.03726588869387117,0.10343491093946142,0.175666498834676,0.029250164503200338,0.865977972191845,0.6871074919287077,0.6982371875272302,0.448312200570401
000978.XSHE,4,1,-0.1041211755347395,0.5942380526830929,0.48719885751912684,0.37374519534942935,0.5694194587031042,0.09329518165074724,0.4653199954756025,0.27832566334258674,0.8368418926549456,0.14629556225431523,0.17929534662782198,0.001703927928654815,0.01015633550712125,0.004524455522840619,0.0001741691221812416,0.0019154199576258317,0.0004895520642761592,0.001157362998170618,0.6172390195351231,0.023605804454214178,0.1504496409374949,0.0035265984773494765,0.017258516261658783,0.363636358677686,0.012696289658239681,0.695243887943762,0.0077062196184627,0.04856651894727322,0.09094563631726987,0.2629834322355535,0.0490820988931733,0.9558232931726907,0.07851429143646954,0.9572086615426152,0.054859059921474655,0.037236073872030345,0.2977408558980928,0.17776364269503842,0.13031869951671227,0.25844225283688277,0.5249282985626341,0.025561203714171206,0.11313987972589068,0.519187295568477,0.08163484486665792,0.004823362128029915,0.1209161272676094,0.13513678120281838,0.050107659075793946,0.004823362128029915,0.7254833911170785,0.06655384130410362,0.0004669781982876447,0.00921175570405369,0.07720295879001571,0.015388885946422782,0.042152755222357334,0.008813190567764664,0.02947232151361143,0.717776819246809,0.29331058098874985,0.03022116048520464,0.03594827996751726,0.13293821566094138,0.01327062271938745,0.9047955930181364,0.7559622528857637,0.7676551900779747,0.4398021494561626
000979.XSHE,4,1,-0.1123478321612454,0.8277744145598509,0.28215508817915513,0.5559866295828889,0.6856082965756647,0.23971112176504317,0.637494660423661,0.36235342445222496,0.9735834989404948,0.35338829839687375,0.40705520737947565,0.0026290033124307137,0.015515657192336297,0.006473328643728175,0.0011804905824363695,0.004283969512399931,0.0055933471485047435,0.0014740058765821237,0.62830144465327,0.03611212980288551,0.15281874854846791,0.005812590411737293,0.04166260721383617,0.6363636304132232,0.03894479077592872,0.7045955448365395,0.017023077184972382,0.047752554942570316,0.09081956636863363,0.3215849853745669,0.16462193569288544,0.5140562248995983,0.12130888555387632,0.2783546641563126,0.09051555170186326,0.04419351391661389,0.33615831539031016,0.1836971420307693,0.14222021177308614,0.20470555979997465,0.5221593978184912,0.03072498867597409,0.0823448910244791,0.536637886733695,0.13455617888441715,0.011606458708962403,0.16206650694508018,0.1831913854030602,0.01223414251925153,0.011606458708962403,0.747535865067652,0.11584125425129546,0.00018978104200379435,0.00901704667894496,0.04690915883550146,0.014862797279236638,0.030582101668811663,0.023027737075397414,0.029638427120653083,0.809161905120958,0.4102895181342299,0.03975183368739312,0.04938336202064207,0.17024101307189543,0.037444517556977926,0.8933405291786793,0.7013898102693386,0.7025108723492461,0.5473059943385016
000980.XSHE,4,1,-0.1060652761948054,0.2523701861614662,0.5966837142485106,0.40986079771675177,0.6061910027926632,0.06734538481062632,0.3005786837069069,0.3047683053274998,0.6548836037055024,0.16798484851414502,0.11349571444511863,0.0006446648449657263,0.011102052863987973,0.0049814306457705015,0.00022340649658351627,0.0014891965710970773,0.0009703645041301562,0.0011404467838790255,0.6185688356203733,0.022155088221029927,0.15110643214011016,0.003606380790173373,0.005358091880505351,0.7272727282644629,0.0052037320235555915,0.6988837849894125,0.004730809698991016,0.024690241475988063,0.0914191909411289,0.3471273596372597,0.09128977823177617,0.2610441767068273,0.12595674819586505,0.5795601884408054,0.09851543988061032,0.04927908447396044,0.30679569952373986,0.18219730934964531,0.1396711875775041,0.228189469736549,0.5162924140110448,0.03286632527061717,0.10966785559968563,0.5254586299972507,0.11466814135030681,0.017560091427405156,0.12742368684231759,0.14596637909249827,0.013484488107137944,0.017560091427405156,0.725216966569562,0.0815270351838237,0.0002864041784135709,0.009101830881809303,0.04754250305656854,0.01643191819608214,0.04241011795822853,0.01756797625687162,0.02939686614514858,0.5582207767870905,0.2784736696312069,0.03807830601198565,0.07198916747430253,0.19880047626285657,0.007956870251839445,0.896213837326554,0.7020255627791787,0.6895828767430747,0.4366110960474736
000981.XSHE,4,1,-0.2323663678424318,0.40341142078209824,0.37458975176024834,0.2581075905289396,0.9999999999999999,1.0,0.4209603903908757,0.3420069547519711,0.976231603554458,0.23024264420111484,0.40333502138372845,0.003416944255740321,0.012274453912611992,0.004974945064655977,0.0013137537206188844,0.016258139384937313,0.02062566834500828,0.002053287501555494,0.6295038777264634,0.022484917970769625,0.1509780866067481,0.006792906531435192,0.0017860009798893264,0.363636358677686,0.001773920264316774,0.7001803379396356,0.0019549070340853553,0.02310753368906575,0.09131676949113741,0.2305241984523954,0.11219965418774178,0.8554216867469878,0.11198680810750626,0.39052806747568775,0.07776087776372954,0.03676212039396146,0.30543993387884083,0.1815647982191316,0.14072147393652004,0.09627112983620267,0.5466238257237437,0.03483555634475709,0.1233019651741116,0.4885852375067127,0.11560739924953363,0.007838119456912816,0.19485192992392247,0.21320081511972344,0.060552564215729535,0.007838119456912816,0.6776917351132363,0.0994364738767935,0.00021870154421338613,0.00909163892406172,0.049927338888364134,0.013669845608053791,0.015255716575083962,0.01281189056044547,0.029452308691402234,0.6875315326503616,0.3344310444139861,0.04195376168149503,0.03515544645513306,0.10492650225464864,0.015238529640485733,0.929039851727713,0.7079988722303305,0.7155576914444448,0.24895070218774784
000982.XSHE,4,1,-0.203556774394055,0.42476638382298065,0.19934152788819942,0.2141138397841269,0.5256369169865983,0.20738523581948382,0.29668467724928227,0.4441460567538396,0.9931762238757083,0.12184996625913369,0.37209133180851633,0.001222657859481943,0.01304501196435838,0.005650359246664054,0.0007410393183481521,0.013545498796613936,0.0008408272911983958,0.0013469365058093664,0.621424241102784,0.02390472937655031,0.15163842258511961,0.0040467471465155894,0.009958541888703126,0.5454545434710744,0.011293950326345245,0.701270810542764,0.001294681996505982,0.014515691417201772,0.09127687585361707,0.35894849210088975,0.1294198480870856,0.465863453815261,0.12039248910667485,0.40506868398386603,0.08194897983376102,0.04294959156173303,0.304640814896536,0.18170810408830973,0.14073707224878268,0.10177553705750961,0.5506899058327488,0.04164512767049094,0.06991896963067483,0.502014164390566,0.11867983089876502,0.018301909501795686,0.13139067444271102,0.1506720137038768,0.009140484822363187,0.018301909501795686,0.6347144174241655,0.06941357869798799,0.0004091163996011929,0.00910749999552294,0.04470373315589317,0.015035204613988652,0.031100522226496206,0.01367931840998058,0.02975808042283645,0.6033799674666211,0.29968213292718615,0.03164690047233791,0.06288245707675602,0.1708336499974667,0.011393940300293117,0.9191417179133943,0.7040516783866262,0.7098792489299284,0.45151696486245807
000983.XSHE,4,1,-0.2777945245913432,0.7523828349985675,0.3418774500826265,0.4137358600685307,0.6302294731721262,0.2153062655967419,0.4370766922676306,0.08911639397997495,0.5226829853021632,0.19288734804525332,0.6858911663765659,0.033210004413682825,0.029480843100896836,0.0127688159722057,0.007598335243770798,0.021901472217782464,0.030268485692394702,0.002509160222672051,0.6181629954674933,0.044533875482759167,0.1593943991980516,0.01634410504519023,0.06093250570886721,0.18181818479338843,0.055840442972599116,0.6941024699392369,0.008651914859916511,0.013882608302432847,0.09055702166363898,0.25572617200207176,0.04658692150388378,0.9999999999999998,0.0899570591513813,0.804320710728581,0.05634512708857839,0.029809857522359217,0.2959702275354518,0.1761438922846165,0.13603808067967044,0.061972828435387525,0.49922086816886374,0.07254072814843715,0.14118161825393716,0.5264310447494662,0.1453656517424574,0.04979013191489005,0.19755962143483216,0.20767524767994786,0.14044956776000997,0.04979013191489005,0.7174065206239476,0.06841752786848557,0.0004270443521277597,0.00905174237865907,0.051268561695193754,0.016662783396698206,0.08894894019392549,0.008873258009947451,0.02938101880145257,0.6143053724428753,0.283034066419015,0.035017485781681304,0.023801766264095997,0.1467948048082282,0.018224113178201832,0.9210892119129113,0.7253272743355006,0.7625603029206813,0.18340728435242015
000985.XSHE,4,1,-0.2116727757202682,0.3947282392446154,0.24804623278788826,0.3288777671396341,0.5398872736968894,0.05578201187214413,0.0,0.2677630811101293,0.5549831875434144,0.13797887377048862,0.08583623321116429,0.0007756344646247316,0.013684344003226122,0.0046741541346400585,0.0004243408064862503,0.0002979247775158156,0.0004612429056505226,0.0011230453362687182,0.6172846832480169,0.022166441202468593,0.15074383923281606,0.0034647425953259446,0.0014778509864690028,0.363636358677686,0.001192300454938481,0.7026130820369741,0.0007398571087884976,0.00804919960206204,0.09126026882813293,0.290822577324252,0.06416203730341097,0.9959839357429717,0.10076671616481167,0.7756542199509495,0.06889375614543303,0.03201162468085925,0.30633922295575317,0.18174273142013675,0.13786178335504096,0.19563732633324293,0.525649836052128,0.01865778314609693,0.10040615944800356,0.5145759836480476,0.08945839667144824,0.02965253007346104,0.12741321903004416,0.13866952195777876,0.08257820889121091,0.02965253007346104,0.6912630276345357,0.05526695676061071,0.0015622525055951205,0.009150603683406594,0.0468348883092651,0.015361418566693657,0.3907252234326092,0.010724131303712296,0.028929140663608025,0.49983201067148053,0.26486859294618925,0.03204385477270596,0.01994513230075514,0.1881805112225769,0.008788658252078722,0.9237681257189927,0.7209903365618509,0.7391269906235065,0.3375107851078703
000987.XSHE,4,1,-0.2223090717312529,0.5460185284872403,0.4047060641893858,0.5508375280416999,0.6183431423439146,0.09336893964210019,0.38341907729634933,0.09538699389191829,0.9778487432150826,0.11718251198332483,0.2763544797409106,0.0010923055978771265,0.012710670693635842,0.005650190508338789,0.0016179910618329687,0.000227302577861355,0.004007106943147569,0.0010776693066721686,0.6217137182670193,0.02264510653547249,0.1535011777904567,0.0054227565696563,0.018490406968609974,0.363636358677686,0.014864131938051554,0.6989429329080092,0.0057880226391027545,0.031201953513611283,0.09078516842100381,0.25782438881221054,0.11768340450714171,0.9718875502008031,0.09875077574178041,0.5384298721177211,0.06577106971327512,0.03310472312861494,0.30110451955956385,0.18043150448879428,0.1393852185193562,0.05470608017721797,0.5318427242963106,0.21882215047596615,0.15957588932352718,0.5175074802987751,0.16612993543385238,0.06577695689527358,0.23112412635208046,0.230372000184139,0.26602911500078064,0.06577695689527358,0.6771740768915268,0.058825125556854825,0.0008506478706741297,0.009073265983955353,0.04195440449285234,0.028211676114338745,0.07349456656087634,0.020509491223092438,0.02996043969994048,0.583720780668032,0.29340985969971506,0.0214394809629148,0.02501770407932911,0.15037785947712418,0.011044296225399295,0.9310485932595758,0.7315687054973248,0.7371307560078477,0.30807876187097344
000988.XSHE,4,1,-0.2453659381045718,0.9954438692655418,0.33934836668215795,0.29408702387101443,0.5115206348649097,0.07490503658613304,0.6154893910749215,0.29735476472333167,0.9987297352597917,0.5377860964428038,0.35226479592735627,0.0023456990509634866,0.010954705481505605,0.00487358826185046,0.0005200740424185649,0.00307727519951245,0.0019069232755686912,0.0011630579150532804,0.6204535528767438,0.02380032454782021,0.15093456017040094,0.004414331812991432,0.05292835862606098,0.5454545434710744,0.08823545046251174,0.7068770340964273,0.011973968376313343,0.09808266256669983,0.09126898205922707,0.5605805502766268,0.1018462659071368,0.6867469879518071,0.11899055406739037,0.6389699609587938,0.06075464584621792,0.042679173263687815,0.31250414516225467,0.1891164538150295,0.13901345874376392,0.1207593693960691,0.5283039501677271,0.03754676477507131,0.08279243625768172,0.5220654762210648,0.10151383099032352,0.008970947405755254,0.1361807557807449,0.15478084566477182,0.018814294919864694,0.008970947405755254,0.7185575214103674,0.0813620726765365,0.0002874057003257127,0.00893848813785687,0.05481732088930445,0.018211965030481083,0.03500451909010725,0.018276961802466095,0.029420511842176176,0.5972613858509741,0.27745966413038764,0.029875458594504224,0.047032940617167805,0.15687762831230684,0.04427633546689,0.8454289812671316,0.6835334571668659,0.7115731437790622,0.5507122749630704
000989.XSHE,4,1,-0.1961811245143314,0.6708017578157557,0.26834284165651245,0.3553319204100015,0.529730036970817,0.03253450536227831,0.6261532138345471,0.2742693048967442,0.9877794648290785,0.40088963739686795,0.29157087620657574,0.0011196311982254279,0.011295229621869617,0.005016968066599315,0.00042211542945905277,0.00023104438525885023,0.001028376837103673,0.0011316932813865569,0.6179886223778568,0.023561540449469093,0.1512356062532479,0.004027175849063179,0.03773333080581692,0.7272727282644629,0.06417054985973188,0.7033363319084281,0.014069333107983379,0.10283078592746676,0.09300842164408234,0.7533441919190552,0.21021927676900473,0.6546184738955823,0.19592898619278448,0.1736599668000891,0.13100081560168755,0.030083315411791132,0.3151069849381199,0.19442321966931866,0.14811117437093305,0.22871014493803787,0.5318427242963106,0.02319256687769509,0.14194220629119944,0.524475174658071,0.12553836309767813,0.020328830875360672,0.1579416668239449,0.16765984239009957,0.11764355051494252,0.020328830875360672,0.7104853250321054,0.059388081532336545,0.0007971839565729922,0.009066227981336977,0.05060672292054398,0.015840239781979466,0.06678452143279175,0.017779757510611165,0.029541478264466375,0.7686426573139671,0.29693152864103217,0.03747533457472281,0.02930175111125954,0.1411688706490348,0.03161302865346653,0.7838290536989958,0.5743111759762951,0.5927932233643947,0.8047254195858697
000990.XSHE,4,1,-0.01960139514966125,0.5878767662041899,0.5250307269341559,0.3589006467231871,0.5536315907816197,0.13900073107185545,0.29717792773476426,0.3643991014045639,0.8477399123065075,0.1784203473859046,0.1843405241870817,0.0018826743013371974,0.010825677334360226,0.004803246487282111,0.0011617783807939598,0.0041337921906105714,0.0011682244396600896,0.0011755611553026107,0.618374447278478,0.022262518938617283,0.15077442301270746,0.0038081898862111913,0.006371757598171676,0.5454545434710744,0.004688326891569538,0.6961588404545153,0.002227775523226085,0.01989689789273763,0.09135099853632621,0.4194875004147124,0.11232301036399361,0.2730923694779116,0.11657537838411174,0.6472791779890955,0.07487609675236681,0.04518362585038699,0.3067854241270177,0.18143177386655904,0.13971278307687107,0.30264916354217264,0.47499988440926194,0.08588094618835274,0.15083982064805296,0.525226777671003,0.10011190676490232,0.07471838215531754,0.142654588638602,0.1600507203991042,0.03457442790128817,0.07471838215531754,0.7317654015006246,0.057322873034406197,0.0010442696756075172,0.009018615431661346,0.044913352811647295,0.017622813829484094,0.17918113754698764,0.012218081547997642,0.029463099705392244,0.5019299368071827,0.2697161193392399,0.031039086543609963,0.054309641925074065,0.16407437490500076,0.016091254411676737,0.905937992643195,0.6842466056344261,0.7131125680924606,0.44695215258860554
000993.XSHE,4,1,-0.3321325083251848,0.4283608107257432,0.29167392715096474,0.3316739245878585,0.6404315128779311,0.17389386514291333,0.3829452999505714,0.4218816160426513,0.9827493394008637,0.31878544482836624,0.28328391908380873,0.001652165213625313,0.01120317173870708,0.004968253468774747,0.0006128040618872471,0.004009375146552749,0.0027496357913378362,0.001231169166469872,0.6171707404804849,0.022415429828076004,0.15092572550371594,0.003564018855769215,0.011982664470646153,0.5454545434710744,0.014318530351668466,0.6948254700450293,0.007594141548466382,0.026634711042778328,0.09174097302116814,0.6741051595502988,0.12816828993834314,0.36947791164658633,0.15630521601526315,0.4466137425456755,0.11468230528191216,0.039140854003789735,0.30530299909217345,0.18412164645463075,0.14019373103830163,0.26552011845662754,0.5646129609984788,0.06445297094604517,0.11741768294842501,0.5096646086477264,0.1075584325115523,0.012135913739359062,0.1226886333054618,0.13998991148610596,0.022081309838393428,0.012135913739359062,0.6884795922302189,0.05898899248271389,0.0008342515909331276,0.008983747832619526,0.052850405176721627,0.017116161144445457,0.0449423603543883,0.008550114339383512,0.029099878969283868,0.596265092704606,0.28090541405743724,0.027528800230489592,0.04138054091296767,0.12049703602371181,0.023115092420888918,0.841740814645439,0.6484592676131089,0.6501189555151261,0.7212246309169694
000995.XSHE,4,1,-0.2634193312724443,0.42235898654771664,0.08024530732756652,0.29783937473450134,0.5811178844969151,0.1464267868777302,0.43536409177897906,0.24022055567291967,0.6114733051208399,0.5028363596989038,0.10097989744303282,0.00018411396044138898,0.010603211993825822,0.004767840390154724,4.955361302685719e-05,0.0007076605940578443,0.0006503226863593934,0.0011291675376507422,0.6170281791614114,0.02215010022299461,0.15084564062009698,0.0030628112213359725,0.01380100112215497,0.2727272717355372,0.01153672821832707,0.7028075334997266,0.007661900130392623,0.05430948720267704,0.09032651662143432,0.21968528610708565,0.02343908586773933,0.9999999999999998,0.01325909050781933,0.9987537201044245,0.017961690525690827,0.01951121217785768,0.29873237324269303,0.17849720246922815,0.12162004071159499,0.15622276911770472,0.5421867496025186,0.02214900410688802,0.030955573455046452,0.5188182187831619,0.10182888970003451,0.002730440448113847,0.07591784766952434,0.09138174431785989,0.008132680301450713,0.002730440448113847,0.6786055245700692,0.1553764011258735,0.000157631766562182,0.009090771476736547,0.055320196992347095,0.015042443580342214,0.037057647405292174,0.0061034173973698565,0.029708826159409937,0.8060449546096162,0.3023081521642857,0.033078067949905234,0.013147301857078027,0.11541323086081978,0.023472213913979783,0.8863520969734844,0.8385216266419002,0.9167905511561525,0.17849639982924687
000996.XSHE,4,1,-0.2905173911310698,0.7438759527564954,0.10479488381990038,0.309925305357711,0.5460229414660771,0.014362380242692707,0.5823860893833686,0.2927853838443007,0.9642815430050258,0.24529435763771393,0.26058378233817414,0.00018655421219724818,0.010567758747100085,0.004718341828610649,4.3684156532157953e-05,0.00020905813332609745,0.000316268351079231,0.0011126536914908257,0.6175236617905948,0.02221783885915884,0.15080996541062622,0.0035850583307479116,0.03224956382471039,0.5454545434710744,0.027014408265793908,0.7021172501839236,0.006921727475211162,0.07863796689879714,0.09098498937430019,0.3255278586071251,0.17370236139501635,0.3293172690763052,0.12489541485550448,0.21063567460802235,0.08799660441378397,0.043053937749536475,0.30808769440521444,0.1822435943360617,0.14260367028287538,0.09361260267474239,0.5318427242963106,0.029216915874173084,0.068013092997434,0.5222415233986571,0.10215439234487406,0.0018169110993263488,0.13145165401745107,0.1469871933675526,0.04470469233466849,0.0018169110993263488,0.7144513114982057,0.07956609313231872,0.0002990728283919493,0.009132562204683328,0.06177394954036701,0.04029943277558526,0.032702572925292384,0.03284350234771574,0.02927764600914154,0.5280464559795885,0.4380861945555166,0.04524824837496223,0.048345403031433164,0.19828383872929017,0.026337710115451336,0.8898210151822867,0.6952893503162181,0.7004367423352247,0.4452916593114056
000997.XSHE,4,1,0.01371853317204682,0.6389631640369833,0.13481168438648283,0.360986564951297,0.5438413038335803,0.1356830676960968,0.6609786454235429,0.41596591772109576,0.9767738700439699,0.48201080094435744,0.40254987466112874,0.002752709992837779,0.011201218996722094,0.005035491278816526,0.0005959022246761456,0.00025042957442176925,0.00298025582896286,0.001178920030950672,0.6213106628649222,0.02259677548871108,0.1512608373548845,0.003970550705069259,0.09429301025427955,0.5454545434710744,0.14695585860586857,0.715862016382234,0.015874158296781737,0.14990503753278464,0.09147170775289928,0.5217768613844168,0.27120108035812457,0.012048192771084336,0.2000524408031612,0.019525736090479508,0.1354195108375433,0.0768848604865208,0.5886056108299007,0.20120816144743742,0.1648559625848483,0.11785326588628992,0.5680643999222426,0.05021018259178891,0.08149372868353393,0.526559757919674,0.11305907907816955,0.012591369046236856,0.13634001793206724,0.15174844980707192,0.04918944895994944,0.012591369046236856,0.731142575694369,0.07976512795830837,0.0002977066862091932,0.00909346867862816,0.061252208987498794,0.019154497725069157,0.030263446694874952,0.023331555889928596,0.029279141658391857,0.6518612441411643,0.2852510962997657,0.03676394332854988,0.12465984974571065,0.17410407800070932,0.027358826344439792,0.7312848844640751,0.600435075848039,0.57666623538141,0.5698815771571603
000998.XSHE,4,1,-0.04005867553473946,0.3929654423965095,0.09300442192606262,0.32902792492040134,0.569201796465747,0.13410504439580273,0.6652157105976556,0.3613369071453215,0.944398145668147,0.20994881829625056,0.4403037767906472,0.002258197749805351,0.013782360397688926,0.006051344322736948,0.0005556944809433201,0.0019269881621132895,0.00203059769502189,0.0011935338038147108,0.6199317264220492,0.04036541760434342,0.15249095107541968,0.004064568423394335,0.06716789502529338,0.6363636304132232,0.10196797755449574,0.6999041327519774,0.00812412935818892,0.07379940309306321,0.09192104241123927,0.7007478333899573,0.19252847705743023,0.20080321285140562,0.16664514573404604,0.1836312325543913,0.11457124337852713,0.04583136816273793,0.3416646882297097,0.19139933208091922,0.14598850404386243,0.10917811012856177,0.46895936372424907,0.04567481594564205,0.08914232915816635,0.5288405424485275,0.16707580782532727,0.034373311440162896,0.146662847089879,0.1636916581875988,0.040746899251621636,0.034373311440162896,0.6904917986811986,0.07228753696736112,0.0003670370380036617,0.009040469127532699,0.0531147713127388,0.017037892497880087,0.045591540765850896,0.018281000853853507,0.029471519202674785,0.6402173105518366,0.3061042975418008,0.024479086855609414,0.05726250712028692,0.1498663677357248,0.012296464676676439,0.8431637102157334,0.6234852505417718,0.6306292627926688,0.6311205483771476
000999.XSHE,4,1,-0.003354555684552181,0.29359833529537394,0.1361622932614589,0.38925057986933087,0.6060716396302416,0.22337643837122106,0.6492150045927607,0.6577035540178726,0.6015948342859954,0.5221022976659828,0.6479583700570879,0.008024773759093268,0.01774372503409504,0.007789448422724207,0.0020101468829594685,0.0019101432269034457,0.006499581099553719,0.001246162973407615,0.620691130527747,0.02631629974810273,0.15504970312144545,0.007727444901344723,0.0781452324326751,0.363636358677686,0.07113807262515091,0.7035535134752914,0.013865379159160548,0.056932260106719715,0.09077217271724326,0.32104504723251637,0.07512142821520887,0.2570281124497992,0.07900575926509089,0.9459911158927378,0.06742519419531183,0.05192671265119852,0.30574259128394743,0.18001713009016052,0.1319877189288119,0.13607399948359197,0.5324345098058135,0.05182474659520523,0.15915173581713202,0.5324913233030738,0.17223476364765572,0.038272035054387143,0.20457603154481754,0.21950995156959907,0.09946145280243611,0.038272035054387143,0.7102691472194276,0.06915529603558383,0.00041357059341519886,0.009098934638590864,0.052123134464215314,0.01764071849182604,0.08694269328163168,0.013452300250522898,0.029527874394645846,0.8020132107251484,0.3133995308204919,0.033158757182690464,0.06605890392009033,0.16271659826721385,0.024580666387509723,0.9070635270057235,0.7392474901596571,0.766361334308566,0.21198253478800122
001696.XSHE,4,1,-0.1370283725044365,0.5023361127436936,0.37423235596451865,0.38282141866167274,0.43786420183408015,0.12045204248171054,0.3386407997079858,0.18094887529908757,0.9975042569017132,0.17010249875767866,0.3582234180626211,0.00197751492875372,0.012239472134305705,0.00538009455117263,0.0014425444894041609,0.001050807016136416,0.0020055048956377506,0.001156826899674208,0.6247779933878266,0.023342805780585986,0.15154457107559693,0.004743469324691303,0.01654950002867418,0.363636358677686,0.018945240503717015,0.7046444572154565,0.0017878853097845753,0.03518133309215881,0.09124250826928419,0.29590735004466934,0.044478932020822724,0.9959839357429717,0.09564978503223527,0.6206894781741897,0.0634487899421331,0.027484746881232737,0.322699873274798,0.17897600964644916,0.13723785086453644,0.08899222417035957,0.5213623242945397,0.04402968536057837,0.07073902536777862,0.5220712574738752,0.1114247772961383,0.01841688833679044,0.13586306681474053,0.15190994876335207,0.04281472751770218,0.01841688833679044,0.7031843576071805,0.0633082699601059,0.0005667158424013838,0.009099913121366952,0.04442854964305294,0.028476915696604127,0.060193227129173174,0.04172392894039194,0.029573435848311323,0.5551382003297691,0.28832348040793043,0.0346980925946118,0.011849538724980548,0.07999205173025283,0.010128611592989173,0.9209178963514224,0.7118078590066785,0.7592213628790139,0.4013874458657577
001872.XSHE,4,1,-0.2602012780302831,0.4148359681155175,0.2664044776103601,0.42086516734358664,0.5350982029491393,0.1324288578864286,0.452184119778868,0.5482249332200532,0.9187118382702271,0.4683816178987077,0.46338248255442827,0.0018936909253018084,0.014172288919649138,0.006148668066391255,0.0005485938184688348,0.005903112140293562,0.0012904298853334427,0.001245945504328785,0.6146819635165406,0.032286150132226424,0.15265109924275982,0.0071337418449639,0.027960757911921756,0.7272727282644629,0.046877669092878445,0.7047372615840323,0.00837754051684899,0.047529619245726684,0.09217503860892434,0.7706282203180777,0.4642464842885653,0.008032128514056224,0.20521548821992458,0.028666490777631427,0.14389539065539375,0.08542957866442169,0.2964444715341314,0.18812378432536256,0.1670423260203246,0.06194770849370443,0.5140922196979885,0.03286268205468781,0.16408107550547407,0.5315979190059328,0.15216047593708643,0.013082320488117478,0.2335203417132478,0.24091012851409416,0.1904223050837933,0.013082320488117478,0.72114814957635,0.06119461707247299,0.0006677255397855859,0.009057682364040618,0.051014089501392794,0.015361450692283984,0.11543753327886776,0.0028676384669943785,0.029420951819141433,0.750416646799942,0.29599917104153156,0.061316805054131084,0.152490930460438,0.2352796302629579,0.026189358138421968,0.7622583829231229,0.6160994648622355,0.5765500524143612,0.8990524107798461
001896.XSHE,4,1,0.3012456722913476,0.5348451929418313,0.16940200781062248,0.7502415716419948,0.7049302502864966,0.39740715351279665,0.23777055752427617,0.28914622257001893,0.9079472996006988,0.16925772027758385,0.21669236388343144,0.0008366277013915913,0.013684344003226122,0.005542791800670207,0.0011910472933702114,0.00655023833288527,0.001295897420987887,0.001355484030292131,0.6155184044399757,0.02345206994609333,0.15131837184020933,0.007249247564261568,0.0036767671166904317,0.6363636304132232,0.0030742293531394573,0.6954422466118164,0.005593741445967206,0.013973048747399837,0.09127791571777416,0.5156106000595237,0.08378254374284252,0.7068273092369477,0.12275627807328798,0.6036563018748607,0.08955437587455022,0.04033885255811382,0.3079276294350751,0.18206649150261953,0.13770839995112527,0.2047819512574906,0.5288279782657248,0.030780365558100424,0.031168734683841313,0.5392920438398824,0.1129791829744362,0.027234905708455697,0.14997234261458614,0.06925292142472042,0.0632184951466207,0.027234905708455697,0.774679618638968,0.06313676282618363,0.0005735393473809622,0.009122318430391987,0.0416709100685505,0.014572082103842372,0.14207323697288213,0.0050836791693660505,0.030558869829235082,0.5375386846712787,0.27790563967317455,0.02292750709026875,0.042629114020868025,0.10718313003495972,0.011312885087037148,0.8981941742057349,0.6740635089115923,0.6998941150686666,0.5632414603912391
001965.XSHE,4,0,,,,,,,,,,,,,,,,,,,,,,,,,,,,,,,,,,,,,,,,,,,,,,,,,,,,,,,,,,,,,,,,,,,,,
001979.XSHE,4,0,,,,,,,,,,,,,,,,,,,,,,,,,,,,,,,,,,,,,,,,,,,,,,,,,,,,,,,,,,,,,,,,,,,,,
002001.XSHE,4,1,-0.2101699632930861,0.4295239154210504,0.35723615329484826,0.4546519075261807,0.42283999067161837,0.056665842312645626,0.462030899315167,0.2829021898912228,0.8643692716241387,0.21845615717636319,0.503761069642695,0.003742542000368185,0.014811733426381958,0.006679766840770791,0.0010793701146744339,0.0019406133627854598,0.0023127015496921845,0.0010781891253513805,0.6265146243381001,0.018860867895932214,0.15330523084590336,0.008921643061344289,0.052665046571146464,0.4545454565289256,0.05046585334371896,0.6995789832423063,0.002960663284850802,0.031382834403545265,0.09104815849302729,0.2884875266720144,0.0245207022186155,0.9959839357429717,0.06757089719889688,0.9576234037813404,0.043897704461788124,0.033936946420850815,0.3025527270267791,0.16629928792092508,0.1336645374970428,0.16110787316136316,0.49368115692055814,0.13209120557913345,0.23794119418718881,0.5405011687766098,0.15718888257030814,0.028754529005058066,0.2712620258129986,0.28749114557794864,0.1319105317693013,0.028754529005058066,0.7446040265162537,0.0650274081948708,0.0005079069780769727,0.009122398759742896,0.05052255845209141,0.03321049292884702,0.04085651907384888,0.038592382963253874,0.029297092173711268,0.6882744557533851,0.3366546928754678,0.06540507034856351,0.02811972678714305,0.21704001367989056,0.012495214452353891,0.9196503387254833,0.7456271283888376,0.7834732369894879,0.12003279148276885
002002.XSHE,4,1,-0.1534607373904096,0.3298297035092973,0.02312655685779641,0.28848231387473827,0.44640986869216254,0.188211592876135,0.4546543082664307,0.6137419288287644,0.7326696459856035,0.4244689922405675,0.1383909190417958,5.9714516541123986e-05,0.013684344003226122,0.004746076382596551,8.672397084453161e-05,0.0009719982435562334,0.00032534863134505636,0.0011258764766213917,0.6169460784853462,0.02219140079714194,0.15082329668795968,0.003157631984215902,0.010698346535773453,0.363636358677686,0.007102219584670385,0.7027010123994611,0.003019277109186984,0.06620240571583612,0.09126195700990097,0.5203552447638167,0.13203923782981622,0.13654618473895583,0.11575253211340387,0.4943912271750612,0.08336658099154652,0.05030771040972961,0.3022308054433441,0.18493867864978494,0.1404537029093452,0.08857468565251181,0.526926661395729,0.01977056701956192,0.01798238998324526,0.523092250808733,0.0997139928365049,0.006805008027957288,0.08551526526806774,0.09921517041479991,0.031299725888833486,0.006805008027957288,0.7302708532713547,0.06411523497988277,0.0005371085117204372,0.009007900921890447,0.04232786783170694,0.01464220155899493,0.09845316312289448,0.0039350629288118074,0.03211396773186053,0.5054981853825998,0.2765301428659584,0.04417597776483918,0.07297925586997175,0.16534087310634848,0.018524854938086976,0.8741558492281036,0.7080486267745791,0.7019590032557637,0.3838383836190746
002003.XSHE,4,1,-0.1461192815953456,0.5153999101442301,0.48869915764266975,0.5543924426722207,0.535324558301967,0.07627046332311568,0.37592233283241794,0.2681207310349807,0.8803523019761333,0.12927199005369533,0.20075542137487412,0.0026805541443841075,0.0105380741549323,0.004735545789175121,0.0006580760763144173,0.0003130854765270812,0.001353114799836235,0.0011154562486391075,0.6187267463929482,0.022239246746240556,0.150772295073907,0.0041463399875954834,0.00801324586521792,0.2727272717355372,0.01200744501186254,0.7022571938945483,0.002466327017162634,0.0353169937596093,0.0910968875335846,0.3822235195322371,0.05223381836569648,0.7991967871485942,0.0911356596143888,0.7457414492777428,0.05950155435438777,0.03936435023674985,0.3049227251242827,0.17664948425385435,0.13860010346880466,0.27792035223311046,0.5517860075702887,0.09524470333784521,0.1760723555529296,0.5179196755946339,0.09738569156518208,0.020420936696561094,0.1744395393650956,0.18421222762878192,0.12819342424779798,0.020420936696561094,0.7130806273129566,0.06321256041778493,0.000570499060799279,0.00929137113813753,0.05553812755956284,0.02403230814934776,0.07813231511545111,0.021087848174542415,0.029572340673450433,0.6617875838699198,0.29499656709790617,0.025897749980215656,0.044389234517872814,0.1315845556568881,0.013191810731590595,0.9223647583474173,0.7153072619521477,0.7555959262026917,0.240680466690679
002004.XSHE,4,1,-0.04797946761394739,0.48469892728056085,0.3382704626560562,0.3369048337879088,0.6217949778868874,0.16546683385144706,0.6036743743010904,0.4021938305021519,0.9693160592550181,0.398580176612649,0.41270573396536586,0.0038363269825656635,0.0124567019986723,0.005499245735213085,0.0011178334053746652,0.005241950807628015,0.0041567248244678496,0.0012169326336095283,0.6197481133970055,0.022381175342640506,0.15155770961305168,0.005022152417877497,0.05091654124416406,0.363636358677686,0.047550964248034414,0.7017967691450501,0.004926314566044276,0.06896083928732928,0.09085393808576113,0.24283747722337562,0.09354732166318688,0.9397590361445782,0.03447982807849255,0.946821626959888,0.01746605222350628,0.031021503666450664,0.05889304741858775,0.14726276740333233,0.1204943625099764,0.28738147232003836,0.5958097955410923,0.09084989196225322,0.17720152801788006,0.5149705541523527,0.12298516908992072,0.03584741375671841,0.17244295427348957,0.19006529303857042,0.05241113653153551,0.03584741375671841,0.6955468539117083,0.06912107193534094,0.0004141705389084625,0.009092394787612765,0.04958936182225835,0.018628848107617474,0.07356015433634962,0.012348485207076983,0.02871542083111562,0.5994596620476069,0.2917760435798502,0.04149469999059126,0.028091812582296902,0.10812481000152,0.023519321648621163,0.9666893312124525,0.8923449869532529,0.8692228679765417,0.26575906191416976
002005.XSHE,4,1,-0.2381555613478883,0.6766380685284579,0.2945049337769727,0.3097602734571509,0.4735890613859333,0.24657079574025906,0.6974945112676973,0.4235141267139759,0.9144711825975926,0.3887071544171531,0.4668709192586371,0.003753731792563036,0.011952651501487001,0.005252763750053394,0.00078947354021776,0.010239933154491053,0.0033812539165016813,0.0014273673066346818,0.6200721160732521,0.02452836239083788,0.15122160342968366,0.004466071332073977,0.0854373498020959,0.5454545434710744,0.11362986638234636,0.7127828734578023,0.011341700072065858,0.11888396490910735,0.09111585431407944,0.4136607058159802,0.1741363515711018,0.07228915662650602,0.13843581469686447,0.15413320411990977,0.10062000328657737,0.057787722260176866,0.3386978058862111,0.18558221866129923,0.14449106606665157,0.1929844350561346,0.502208687719459,0.055296221325659166,0.10222884719365444,0.5234806385843381,0.1055686888039797,0.012364930301446475,0.13131959251547767,0.15023810754304381,0.01253393918236358,0.012364930301446475,0.7231276372232487,0.09197094380452904,0.00023963313599912377,0.009061160104027924,0.05377252059127253,0.01832711385474123,0.036745551208902785,0.01183343280679099,0.029551953257849765,0.5998605078711039,0.28046664108779884,0.02743522477041634,0.08469724323518624,0.1452316714799615,0.025535682239636297,0.8504246495575976,0.7039051788952286,0.6673747666438701,0.4050685086596169
002006.XSHE,4,1,-0.2607793962554603,0.7371271608184916,0.1928470026285952,0.12272370631900414,0.5388310601672254,0.13885791535330438,0.6041166631656448,0.10544589802836324,0.9723145514468197,0.6050294193283924,0.2694363342231361,0.0014407193819966958,0.010113786994516896,0.004550688949391024,0.00021746631279469754,0.0032124024381278184,0.001374339672228779,0.0011702460291784123,0.618132307257146,0.02220646368440293,0.15047311369161542,0.0037101223126514964,0.02252867176154949,0.5454545434710744,0.02063522626303185,0.6943578893233661,0.0032782791716420914,0.047345572940218864,0.09117229122635317,0.24072413766621292,0.07708288640953492,0.9076305220883533,0.08207973900818365,0.8068132705197315,0.052457988594159885,0.030634664356901698,0.30767203239568497,0.17820565548518214,0.13747182554847565,0.08765780778107907,0.5072986002263166,0.03485016564063383,0.06181648179972651,0.5214470829083042,0.08636020331556646,0.00696759464747745,0.12739366693180773,0.14299547470309473,0.04135444474397603,0.00696759464747745,0.735619209209876,0.09062598559841423,0.0002442541986608615,0.009154325701385913,0.06479410838167293,0.015680843311309672,0.022716603166614748,0.011789834523291989,0.029025007966511716,0.5693951164448802,0.19562110805553307,0.03801369612586057,0.03226863525720754,0.19993516301869585,0.04400969073398337,0.9280084077771937,0.7368565078943878,0.7869508044350206,0.3397530084777442
002007.XSHE,4,1,-0.1154390351474643,0.4108081469492868,0.1247550579021417,0.34877438138270167,0.46606216079087287,0.001056113199715658,0.6034295099273652,0.28517524571484276,0.8258398105272587,0.3834810906130782,0.5285419807291203,0.002078813795686877,0.01294180030787981,0.005733859213795513,0.0003877217584924962,0.000838709700177295,0.0006134634406344077,0.0010757039055153718,0.621948280860023,0.02360810189575172,0.1523089729989849,0.005696152040070615,0.12896924642990568,0.6363636304132232,0.07139301689991638,0.7019432722528611,0.002685257274321307,0.04372795514153929,0.09124563887450642,0.6893497935631693,0.15171348969864684,0.502008032128514,0.13572285957854985,0.4058991950510163,0.09563729614683657,0.041610485380259195,0.3159718060543383,0.18321545263071914,0.14113222949276888,0.08192474468034913,0.5253084915770536,0.07013201593673804,0.13189661274068287,0.5305566912862388,0.14424258058496828,0.010378701615213263,0.19598130506157357,0.21053515996907649,0.09730058419263114,0.010378701615213263,0.7166352916706105,0.0698814946694112,0.0004013666232509234,0.009109691917572488,0.06270068212795214,0.05517889252767122,0.02659371827999661,0.06891390358062591,0.029191657074510453,0.7652889693660649,0.3684262163540069,0.04700704777507829,0.04576269998394005,0.2041160004053301,0.02516958784470898,0.8624833122665492,0.6290301180841187,0.6648741923303398,0.4778864891489757
002008.XSHE,4,1,-0.217478030373449,0.9754361544554402,0.19958141499516724,0.40318639060536426,0.6109249056922352,0.10560173866386674,0.8477345487887087,0.6760369603347545,0.87674348555727,0.5722363910228025,0.4952482360174538,0.007214321087233502,0.012187470285500974,0.005247747841660311,0.00136515353573934,0.006846333848521146,0.002933002129167345,0.0012532207111165274,0.6206244288183549,0.02459797449620439,0.1512968871980561,0.005270571266261849,0.2547176466687658,0.4545454565289256,0.2680166221628916,0.7020851380172699,0.016299724887505543,0.167857465858732,0.09058982993496745,0.1791162205964193,0.12690324960281502,0.20080321285140562,0.02644175974470024,0.7262157131872633,0.020478986529817902,0.06584066651554553,0.08374291612523643,0.12756364803851508,0.13429626914367865,0.10998911388681099,0.5143856191452034,0.030524247478266125,0.09297050056153872,0.5266651453406956,0.10701186657315863,0.015067546689846289,0.14968248462739117,0.16608208311628475,0.048739621429179196,0.015067546689846289,0.732972491665469,0.0676933593860155,0.0004414667206070372,0.00908128740425875,0.05753881459491034,0.01492870828205643,0.054140168281603965,0.013844391408450667,0.029641946936375146,0.7046864032874902,0.30704491466216144,0.029145948630265536,0.08544672108081161,0.14526887951563056,0.04338532631453012,0.9687575449858687,0.9638947857237632,0.8949362710020519,0.47453572511787045
002009.XSHE,4,1,-0.1076405129159433,0.4800104249950435,0.2343582702297559,0.27271238250994745,0.6577155997121241,0.21263271918958765,0.5755044061085997,0.24804378133444835,0.7422491018574054,0.2882082923254514,0.14172711498333712,0.0020688511439321466,0.011291236539002778,0.005029338801726156,0.000614569650970271,0.004866315839340404,0.003150106716165725,0.0012552976155374104,0.6173040895931731,0.022209966363024622,0.15099455540266413,0.003826830580218018,0.01669725928826679,0.7272727282644629,0.016914917672080754,0.6973260977897114,0.003986766719073487,0.09564077055259113,0.09126829864603343,0.30096811691680186,0.13258385401474815,0.5783132530120481,0.12022844689578113,0.6518485287429716,0.0974152066594522,0.03927098253725509,0.3006951590511734,0.18312044017031048,0.13822834369321238,0.043283350285268335,0.49052960057670725,0.03592465931468121,0.07600444267096841,0.4870426868436672,0.11272974699044955,0.0315284445464751,0.1550738256165326,0.17142197427247277,0.052843999441227786,0.0315284445464751,0.6469734521960745,0.08885953855186196,0.00025082930479431,0.009084014489765547,0.05316793476224724,0.013801603362512722,0.03854053158245381,0.008802941352621784,0.029505567698723045,0.5819732481152484,0.2769887715777899,0.04132746341034574,0.04145748021317876,0.15697769417844656,0.0213679188849674,0.8971458649926858,0.7231491309539608,0.713836071114538,0.588767673076264
002010.XSHE,4,1,-0.1459274902643137,0.34892630983610834,0.26027581724117116,0.3415317474806516,0.48352846869935107,0.15601406029788104,0.41408471478686654,0.34436081160881826,0.9968667095796315,0.3307194635492297,0.3135283310120758,0.0028848292231002538,0.011246064124388833,0.005018269482441724,0.0006404408770095195,0.00105197956778118,0.0014948466461493655,0.0011687506116843758,0.6213034761936398,0.024023072941440984,0.1511413125485738,0.00449927313340143,0.028521801948363432,0.7272727282644629,0.031969549201413136,0.7076989193384686,0.004153604299136156,0.06597630460341865,0.0912834002184178,0.0957939442698838,0.23737369042907644,0.04417670682730923,0.11995833723125734,0.14623975591803295,0.09625515356782055,0.04529781242018425,0.3068442070428388,0.17993074723216743,0.14551925481662883,0.0854916153740806,0.5679919295551847,0.06047600000539195,0.09534187804926396,0.5108311369925665,0.11054156851543466,0.03384048069663917,0.16006647608983304,0.17750308917763852,0.04587047988936946,0.03384048069663917,0.665944515919451,0.05873679836978702,0.0008597953923757262,0.009049412004997887,0.04858769911228911,0.021052167054183384,0.08382879816960222,0.0315902326231501,0.029558513409752806,0.5752725252621577,0.28057545834158226,0.07027395989214569,0.05494012361828293,0.08563318576784719,0.014741580427110127,0.8716580150828706,0.7692937066029812,0.7019193954260878,0.49432599028863444
002011.XSHE,4,1,-0.07127818772986144,0.671582848020006,0.33047063817804356,0.37482587098153075,0.5467245761897238,0.21457428984432,0.372812223828411,0.2519979017382483,0.9803409736559476,0.1943910885441541,0.3971568472880589,0.006034468463208339,0.012826364534313047,0.005666275980859191,0.0016186906201530076,0.008648657857132492,0.008411011769205065,0.001530611954699017,0.6149477243857853,0.023802582001398755,0.15158289000306752,0.004581177880888973,0.017157533301350735,0.4545454565289256,0.017916974429175857,0.6966955708693877,0.0032925409949468945,0.019670796780320157,0.0909970427966568,0.2886118065762444,0.04825346936120974,0.9638554216867469,0.08218580646181373,0.8176150473411841,0.05623464373723502,0.02808459126287115,0.3046725851224085,0.1791212143120601,0.13435606267401864,0.18037438535649103,0.4824406612433502,0.027147168472542012,0.10878528464903651,0.525735728656257,0.11485822096964626,0.030246123653272037,0.14188986404870074,0.15934328900702205,0.03351838023918525,0.030246123653272037,0.7256680186543925,0.07578011987581827,0.0003293310608151584,0.009073471056837538,0.048173340812274174,0.013880375309993207,0.0879788415683866,0.006906856110760061,0.02928257565817333,0.5606713141866156,0.2801016458268973,0.027821705964243236,0.022563831065871127,0.13312639332218676,0.01871134174792128,0.9353163923250629,0.7504312060501528,0.7896454571139624,0.259672222172587
002012.XSHE,4,1,-0.2639850559028376,0.6424454183068483,0.32435955118032705,0.37870766210178747,0.5750905463205135,0.05867249354798354,0.6326350762622013,0.4533714826586509,0.8875181231168863,0.4725016773754439,0.20468205849388255,0.0012201656177881334,0.010913063592398495,0.004901539869018478,0.00021836038684990374,0.0015778769243144461,0.0006772180488268161,0.0011298403582755273,0.618404443250664,0.022306562076535513,0.15101601223405678,0.003862432529192923,0.025697357370939825,0.4545454565289256,0.023117481423875104,0.681087965646247,0.008126349760293469,0.07203581441620692,0.09063074235769773,0.25563783013951247,0.04221712645187132,0.538152610441767,0.07300471308424389,0.9443290671687374,0.05579449420065661,0.039583215345609525,0.3089440108441165,0.1771813261369047,0.1358223040267043,0.08800127467601515,0.5191426303265468,0.03256291824801972,0.06853526113376185,0.5209191421134719,0.1062595551127327,0.009106221437247304,0.13376770316542205,0.15059911836327822,0.033969002986568526,0.009106221437247304,0.7003051028480551,0.0657090793110846,0.0004885393828387909,0.009102775916869314,0.05476930228974844,0.019141904493661183,0.045797680372848946,0.017949319430598985,0.029376311184140087,0.6363330424475214,0.2951417865457102,0.032513877069291666,0.04258946925283321,0.171630060292851,0.032185350242268346,0.9138886324579967,0.7457072884879046,0.7919413909741677,0.39817965280374046
002013.XSHE,4,1,-0.2857729612490252,0.4258981115580367,0.2869867066972541,0.3398171510288021,0.6865058607479924,0.5102623036645428,0.7011933720061603,0.48382815873866847,0.9259549378742626,0.5671640463516359,0.4572404486991546,0.012075477897414654,0.01167908758129072,0.005134143623281801,0.002135526378633673,0.014258436048133098,0.009703085110921768,0.001592058398188132,0.6199001730991344,0.024763739914962096,0.1509217028704049,0.0049334290005119425,0.014865455440320996,0.09090908694214878,0.041142157757715556,0.6961383750807616,0.0032722830039963176,0.07257845708600887,0.09082341127234038,0.257259573896176,0.07609903049494832,0.36947791164658633,0.07163110661953143,0.853344475253542,0.02695835958864773,0.048103435785082645,0.2928145454515305,0.15246090889345273,0.12468250935248805,0.2617456056808426,0.5058981933067133,0.061540693428589345,0.1533010586074224,0.5049090865877504,0.10215212949226286,0.03452374549242561,0.15728068060305772,0.16176269877780955,0.16685765118989584,0.03452374549242561,0.6955526965552943,0.0680366417621796,0.000434472126161123,0.008970127209812327,0.05665996868765166,0.015985029817580834,0.0891034409748819,0.01017835081756855,0.029616035970947478,0.5839652799877584,0.28145105763946765,0.04210110829679663,0.06349747669194819,0.18299529437097836,0.03501031883711193,0.9384311400207355,0.8049981203838845,0.8373095193457842,0.2526900932289047
002014.XSHE,4,1,-0.2264698253605235,0.524490992164977,0.29761944334757895,0.42671246715077205,0.49597801310487155,0.05072561231787376,0.303934278567821,0.3514876093172936,0.9541163515081157,0.12816501893935728,0.2507825491428213,0.0009080931272394458,0.011375712701838004,0.005060892948376224,0.00048146140122217064,0.00031939185522825375,0.0010370196518539486,0.0010942162434513022,0.6196717514559352,0.02332854340854394,0.151303169826782,0.004025070287586527,0.005757799703424266,0.4545454565289256,0.006941492101883926,0.7014293889934202,0.0012954209933172178,0.02007777878267161,0.0913575629763501,0.48843625931542395,0.12291302852119951,0.5461847389558232,0.1330652440012596,0.2949730982169163,0.08327641124522121,0.04670500460119433,0.3081469037684338,0.18235480075532606,0.14203173216657955,0.18667425739776244,0.5318427242963106,0.0907303580476108,0.1232603158201598,0.5200532790623579,0.12440693679208614,0.024604447745505437,0.1538077685211166,0.16761081691946694,0.07613138780938233,0.024604447745505437,0.6843780564329259,0.06420477348912869,0.0005340558721086936,0.009085033000136288,0.04572980092332906,0.03325583284532777,0.06652415643959254,0.03580146691304946,0.02956964904966297,0.5836182129261968,0.29976213988837574,0.02346603114112011,0.05911041098821851,0.14346151897451487,0.012968834120954717,0.8939760832824417,0.6618349475918803,0.680545690272053,0.4201408404085417
002015.XSHE,4,1,-0.1845578545166771,0.4561121632198096,0.3251780891816842,0.41007895147371537,0.562292775770281,0.1948311918206726,0.4517952784679694,0.25519659660917826,0.6951320715282432,0.3836879830309545,0.1259275053882839,0.0003833053386683441,0.010882315285606074,0.004880430786174724,0.0005015487375003109,0.004479558020897076,0.0035097165286872203,0.0012467522078972357,0.6163509662625095,0.022638783247833888,0.15085595319008796,0.0036179657811930355,0.005229681413317206,0.363636358677686,0.0,0.6950114172448895,0.0004877361897759397,0.011259835398390159,0.09134051696217903,0.6445058787365394,0.09228861620559684,0.7590361445783131,0.13508513724864976,0.4378897832766484,0.07619090447969591,0.03643890546504414,0.3098506968354185,0.18128517243812856,0.14148709109674332,0.14310170573260417,0.5137341396943218,0.031150443432205237,0.08703578335680834,0.5475904300352785,0.10197319007039386,0.03640080566201612,0.13349248584672163,0.15186111894739127,0.019205806565679457,0.03640080566201612,0.7825940636404111,0.08726743545966434,0.0002573124837957263,0.008899769390718739,0.041861401436019956,0.013801999578126748,0.04894852634429998,0.007144455998065637,0.02940688617783105,0.5000870439755035,0.26894602800477246,0.044533680259388544,0.043094914275147056,0.18358840629274964,0.025749835496799666,0.8554922171251651,0.6339060634204592,0.6972958414419361,0.4060637147029835
002016.XSHE,4,1,-0.2527694407746875,0.6305080537793255,0.1987018995120742,0.43004728022292765,0.5024926672735129,0.1112673647643613,0.5723613584959445,0.4619750520855187,0.999821293553659,0.43429928245068894,0.34348045874614147,0.0005806049411649106,0.02351244257502562,0.005039000078849716,0.00027073413160512357,0.001980323451047114,0.002315559512378332,0.0011542739510134563,0.6219728175884746,0.16221419288768488,0.15116918918504027,0.00461757816364319,0.059570317010247675,0.7272727282644629,0.04535883823818153,0.7027411511419217,0.010634440862532879,0.08306954870217961,0.09102635594727583,0.5010079030524918,0.22552935810750427,0.05220883534136545,0.15660299545029915,0.08309114371331866,0.12399657129167958,0.04409520998366619,0.34696820611131346,0.18795995253008377,0.14766532261209336,0.05194200095310855,0.6011358649514207,0.07736361739572944,0.09244325323570454,0.534396246104078,0.3740415296117763,0.008282833858386298,0.1681906470019024,0.1887260088590758,0.02193286940396129,0.008282833858386298,0.5595967173691277,0.07161334563374062,0.0003758265277173428,0.008881514340103468,0.04857793708930245,0.02234254493229628,0.018168044748968794,0.023837904281171496,0.029460068904315777,0.6821015409555765,0.6571226732525439,0.03619710370260472,0.04941896603228852,0.0808931195217105,0.035244960220135194,0.8416112184175768,0.6235543540754502,0.6430846049647094,0.5785683933655261
002017.XSHE,4,1,-0.1914274355991518,0.6682253171671391,0.21894917590415516,0.34497740815983585,0.5053219420085611,0.11912024071137414,0.38674359799816127,0.22058737037709536,0.8390465242693892,0.21564280700804556,0.18030094881683623,0.0016403404555439085,0.010714772882038193,0.00472887400840838,0.0003593552715796749,0.0011773529594208436,0.0011295162669432315,0.0011389342643650419,0.6183902992279323,0.022406432803888206,0.15081411949214638,0.003589922188972727,0.007059864140584816,0.6363636304132232,0.008613818727912545,0.6990115114447055,0.0022896358571597828,0.030026227729040428,0.0912875111442812,0.36211681242025817,0.0967948017420685,0.791164658634538,0.12451792012923099,0.41919353166361933,0.09208497455791281,0.03577772865517203,0.308350022973194,0.1815550408324639,0.14088785593398792,0.1520255650155216,0.5463049963141631,0.05419950403444267,0.08861779988509501,0.5078189436880282,0.09907708685924935,0.02465686336387849,0.13296523180108838,0.14632507000733788,0.06635366940777833,0.02465686336387849,0.6467081961772753,0.07355676761235372,0.000351950694158641,0.009089518558191652,0.05675099295604081,0.017816916646236577,0.052680932654472136,0.016508092009629726,0.029270848841783527,0.5943096525670211,0.27620310711219065,0.0276406162834138,0.03458242184383424,0.11497797600952525,0.019221451217323684,0.8998886892673019,0.7011742072442622,0.710021837116761,0.5093390710467254
002018.XSHE,4,1,-0.2757274653436567,0.7211174590623819,0.12889157547392516,0.36723015380725227,0.35209642002459146,0.13670718294368142,0.6075915827975114,0.7046958592310417,0.9623179675061626,0.536762462367816,0.25858522704428394,0.0006772835576562836,0.010742563129275486,0.0048201345792801146,0.00025167212596889047,0.0015625297159674123,0.001226893231754461,0.0011541503803272686,0.6172001261673453,0.022429392756951768,0.15088041747902353,0.0037386725009726472,0.028537396136776673,0.5454545434710744,0.04030649020073232,0.7029380719619075,0.005474014984055514,0.08510445871393686,0.0914724388968256,0.6033412023089397,0.1818586344386296,0.056224899598393566,0.17204865663264163,0.16701279849378758,0.12151281925280091,0.07069268010118357,0.314267686345193,0.19805864970392792,0.14360456198639307,0.05096055194952888,0.5328925004126086,0.024085737694938013,0.04216070478723769,0.5221750389913384,0.10156570253479527,0.010400592603370626,0.1281580260619289,0.14502296021549516,0.02988821640070647,0.010400592603370626,0.7168351100812479,0.0785061280630763,0.0003066879567145611,0.00903567267021477,0.04706139362640156,0.015034337223049837,0.06073991509431522,0.008551072758356797,0.03182627864505108,0.5545338822832799,0.29480073497392384,0.027220578898729687,0.1017292169570754,0.1624282755737954,0.03347251301070766,0.7983624717728763,0.6572741143691125,0.6412745271485267,0.6766827582645443
002019.XSHE,4,1,-0.04005867553473946,0.6001888893007116,0.18423795615337946,0.32730111044157895,0.5959789325690078,0.13640745071411473,0.561714315782234,0.31442137207483317,0.7500871578122819,0.39599885532419266,0.14450946174081214,0.0010957423946251323,0.013684344003226122,0.004837677633335046,0.00020735394069567396,0.002438583830374104,0.000426010716933125,0.0011471754747297293,0.6170490025048367,0.02237137602670204,0.15086206891723528,0.003273010486453322,0.015083555042446208,0.5454545434710744,0.009976376788787886,0.6984581752019963,0.0021430134141996664,0.060052455458080856,0.09139135528505032,0.6339541076968587,0.1704430010764501,0.07228915662650602,0.14498300944329737,0.33527187688315047,0.09183283836398194,0.04473663520059386,0.34538035044107807,0.18171486857059466,0.14148709109674332,0.16417315014776887,0.5230105477051017,0.02262619252931614,0.06241538688021738,0.5244716818178314,0.10264821641086858,0.01640430862929864,0.10278337040009153,0.11458499086614114,0.060885494904384475,0.01640430862929864,0.7313377199901376,0.06483527488724647,0.0005137246375838884,0.00910193478905843,0.05784790134974478,0.01423757974883314,0.0656978890343521,0.007541671763564847,0.029569391601841195,0.5908567233986404,0.2689386307674848,0.022220048337164802,0.06465428752084545,0.13311151010791913,0.02405605072680505,0.8465030321966738,0.6182140329927917,0.6335166735760325,0.36721764479308905
002020.XSHE,4,1,-0.2495181349941989,0.5306877457085634,0.18576535737991612,0.32902208151619694,0.6368106631091763,0.13004202759271993,0.6789950285488658,0.5471087429832732,0.9312959334843192,0.4806466644881733,0.23236051335404467,0.0012948516451856738,0.010866033345654927,0.004867395914374938,0.00034158111224213153,0.0011809912387053098,0.0009988160691470247,0.0011422623570868675,0.6176401935601179,0.022537781785976475,0.1509730518142712,0.0035331310865091285,0.043260979148220094,0.7272727282644629,0.07373809123204113,0.7164384327434034,0.013239116183868438,0.23835579271050011,0.09263232069003234,0.7042238018212424,0.32411992796779243,0.0,0.26938366244988143,0.01869522502332925,0.1844484174630968,0.09154607921744934,0.3176765655774822,0.23820713686676842,0.15555416903890998,0.3772411396048005,0.47601607776703614,0.05184165111711748,0.17279394463968972,0.5264090438707157,0.11965860168589482,0.03511109911766838,0.13911722511400976,0.155333514211419,0.04339099448994409,0.03511109911766838,0.723610239583443,0.0735533386095019,0.00035198909149374534,0.009086551581278557,0.05560501060894443,0.016283412300533012,0.06946793903255997,0.011743820632788893,0.030013914087634985,0.6691269988235203,0.27942129466057686,0.039092206724985645,0.18158967479539032,0.19273018315853474,0.02261754501405755,0.6470464487082983,0.5489225377028886,0.48540583502546775,0.7119812483749537
002021.XSHE,4,1,-0.2536509085444483,0.4968404381557172,0.25159012545905135,0.3182100130095426,0.6425745330167033,0.1612478044343015,0.6184586305576651,0.5818969774000793,0.9119227496379768,0.5668415262086287,0.21919326851882381,0.0020244786523412354,0.010914330755218,0.004830723800213827,0.00023690529557289183,0.00335167725278174,0.003812578403832301,0.0012087101924810903,0.6173246758822606,0.022858110663245022,0.15083837649801798,0.0036567376115302333,0.0395496406332907,0.4545454565289256,0.019630724502002355,0.6963984420155135,0.005251625666342892,0.05724880166410418,0.09111166271961328,0.23242727847959677,0.08108924153575106,0.21285140562248994,0.07244538843746169,0.9140015542568054,0.0577667218625403,0.043952754790209575,0.30945340957935025,0.1761804084003543,0.13990386240208808,0.06546393674090173,0.5317613696557627,0.04942080699637358,0.048669013490162595,0.5243667761678773,0.10200539220370686,0.01010768299827812,0.12231160933372792,0.13999547366892004,0.018200122622401727,0.011176126891296984,0.7296024548451291,0.08128248201149646,0.00028789292441967583,0.009098174662615711,0.0597620493705078,0.016432860546731716,0.027440955297958796,0.00884726334024347,0.029327961393484262,0.5678760050252649,0.27398685588799654,0.033142539711273754,0.0527109455225636,0.09359808038202361,0.03028130047257283,0.8986255698683443,0.7538172792003897,0.7619160155579554,0.30528012414873784
002022.XSHE,4,1,-0.1245657177882605,0.4468122283073915,0.07448102975722276,0.36116346073312056,0.5760521386317872,0.027989711483323798,0.6513355052098936,0.5028110881004264,0.9755005317285173,0.3476958565442778,0.4043808295901832,0.0007850989248829525,0.011864243828730405,0.005262951721722005,0.00039822508668165024,0.00044592231742654546,0.0005517852198405965,0.0010940229913355686,0.6191840535439176,0.0240420064402666,0.15157383499478497,0.004087127771779899,0.07371320168544132,0.7272727282644629,0.06430748413919508,0.7027785399234646,0.0035099858081045895,0.07737180066925929,0.09142941185142396,0.5822827421389131,0.16774051631692488,0.02409638554216867,0.15492106868559363,0.3082674348295193,0.11448836579856017,0.06351963489588164,0.31289381273593525,0.18576228947978016,0.14176136142069426,0.04425022650216647,0.5235195992639985,0.05154043002407765,0.062464943296752,0.5239513289173127,0.125771785047801,0.011106116646928291,0.14218116159772645,0.15535959218411013,0.0742560019636549,0.011106116646928291,0.67776885800857,0.06478056027904137,0.0005154122673739647,0.009092258255132381,0.047546328714225476,0.04686137373007809,0.06132988175355476,0.0482430263381749,0.029439553445883115,0.7313972609423148,0.34919047944414827,0.024703255210512687,0.09795084172460307,0.14468344669909308,0.02012487288389065,0.8344967405661048,0.659593228959356,0.647077074196027,0.5062383922255578
002023.XSHE,4,1,-0.1800275713356725,0.6431211995882559,0.257475087628664,0.35284245314608,0.5047995192038444,0.09300828475791109,0.5961212820286538,0.39718929666639863,0.9885496149688384,0.2751245705048755,0.292986218371078,0.0008413437492806532,0.011028804176356273,0.004917560723199634,0.00010314882394400559,0.001045551052655442,0.00037792995115460825,0.0011117251513641806,0.6191357179505247,0.021988788429846834,0.1510196773339303,0.003875344875086402,0.028481215755332714,0.7272727282644629,0.03476623078806589,0.7000289438912677,0.005703599562841996,0.0806276566880709,0.09169273313586704,0.7018832205351615,0.2349548898779066,0.01606425702811245,0.1709293485350174,0.08475216584761917,0.10753352742227595,0.05738286394293514,0.3153076907514509,0.1857438570024977,0.14775891248566903,0.21540253378088695,0.5803657672903139,0.08126448155561823,0.121811264236625,0.5231030103625744,0.11118839623106232,0.004610364859145506,0.14313616021172024,0.1593363013401702,0.04623999054222375,0.004610364859145506,0.7158932759352028,0.08443351953408265,0.0002704054603566772,0.009107156196867514,0.06921815166384446,0.05109038644065358,0.024378006183356813,0.037210509060130154,0.029527870308172485,0.7800138161520354,0.3510773589449048,0.040623669025783335,0.08054928310590678,0.1533274275472463,0.021328737213614883,0.8293768019201546,0.631990513466897,0.6300166616936835,0.7248729308873884
002024.XSHE,4,1,-0.2407112040828634,0.569580860681786,0.4850515185616089,0.48101238925642326,0.5079357277851195,0.2087694636130858,0.5934196946363102,0.13875332983623043,0.4225199979977853,0.3162275197852959,0.733622033620362,0.028351437256743148,0.018939196271942155,0.008280392849232064,0.036052226139690544,0.00664306482105621,0.09226507049994012,0.0027598355542594244,0.6467438607175572,0.003589447160985859,0.15645701716227958,0.024542600307315945,0.10754010026691738,0.2727272717355372,0.13997579886224518,0.7015424806446552,0.0024640332154717208,0.030071447951523923,0.09109952655092893,0.22599818507265196,0.042605128872165506,0.9999999999999998,0.08624996870680715,0.8138762076544581,0.06287685508945541,0.029507081893180874,0.20854979940872614,0.15756358613609756,0.13130399290796735,0.09224944327526681,0.5603689214097567,0.09210166452342346,0.10928469252536038,0.5186997031005501,0.11271460328451316,0.07536938331715616,0.17148665044599537,0.19026167442777506,0.04083808408991567,0.07536938331715616,0.7070825694076845,0.07239279394949599,0.00036571608732254295,0.009121108006896209,0.04229436034740137,0.01780337035564892,0.10560786565554334,0.01176199147413953,0.029330798768154948,0.5557059266413333,0.2733898209732312,0.03032641154969964,0.02098179247541065,0.181995110705781,0.014942573428246696,0.9436229779437872,0.761601101233913,0.7675640920697202,0.1925257925544649
002025.XSHE,4,1,-0.2689246549161827,0.6272681865274001,0.28555627660486693,0.3575695900745707,0.6507198150372507,0.03209033039964537,0.4777873624295187,0.2673548618311493,0.9832823851646428,0.2456561293328976,0.2840970744927152,0.0028731963898025346,0.011359590303444208,0.005090286537207859,0.00027864037039152835,0.0002921727897444285,0.0010943054303872385,0.0011220069295531574,0.6203143546683768,0.02261361735069479,0.1513269427520267,0.004359723561763871,0.01752591024708502,0.5454545434710744,0.015365196664612162,0.6968811783654552,0.002942111275844951,0.031518495070995745,0.09130255760543281,0.29645883349139024,0.14120852889135552,0.859437751004016,0.11222068354874029,0.3493977511526035,0.07316949277888506,0.03528572287374693,0.3017595097154521,0.18019870431441742,0.14129341205281587,0.1442277554261288,0.5260564641657656,0.0461071563799797,0.13046299091121594,0.5141395392084566,0.12529623786828142,0.020129377376719416,0.1744182121764986,0.18149693209281934,0.15372703447555594,0.020129377376719416,0.6687688498288691,0.0773133929703595,0.0003160057443471559,0.00909440795629442,0.06764475101300775,0.02284717370514435,0.03936619853622865,0.04142658434382315,0.029452221513303855,0.6935392302207812,0.30811478877091597,0.041818537544827575,0.03448767022974792,0.17047835283984394,0.02198899324041395,0.9128367726633624,0.7235913935695018,0.7247757536709858,0.38453158113092817
002026.XSHE,4,1,-0.2426945898675237,0.48361838321191436,0.3562776635038126,0.3720027984593953,0.5840093484426366,0.07362873408870194,0.191932858271589,0.29835827324710773,0.5830646882209181,0.06223459279898369,0.09321697380600547,0.0006949066002660999,0.010731483922541503,0.0048009786311312376,0.0001718168940841404,0.00027558846460211097,0.0007984762804489157,0.0011158760150777264,0.6183590914892655,0.022343547739570462,0.15091993255240113,0.0037462047757500175,0.0018529987467975914,0.4545454565289256,0.0016587166956396444,0.7007317732931496,0.0008085105180098769,0.01275210274034548,0.0913193242693808,0.2886583167355518,0.06911543689138769,0.8393574297188754,0.10831924590652095,0.5895304276054076,0.07083413933869068,0.03847606067948938,0.3067776448540243,0.18152538438994548,0.1392032382096257,0.13369605885022645,0.5318427242963106,0.058774108116148784,0.10828785353835833,0.5224438672470187,0.11106306900951982,0.015940383351302014,0.15674872778882293,0.1708257585860048,0.07550581740713261,0.015940383351302014,0.7105612793987219,0.07346448751240642,0.0003529886575094609,0.009098372881457715,0.0511927081382028,0.02337858451179458,0.049790266921923204,0.02641762586476286,0.029444259701037808,0.5851556202132744,0.2925389323411692,0.028319288212254524,0.03792849799106374,0.1395593460252318,0.010731889693126759,0.9139587564443055,0.6920635973641147,0.7214737809370155,0.4216803565802356
002027.XSHE,4,1,-0.238405782972756,0.6351165448162026,0.36770734196404653,0.34193264042364324,0.5128214258548299,0.11554568982161412,0.2409179555192057,0.27363718797013703,0.4733420037427365,0.08503839111174702,0.06578788660457469,0.0008592583549734571,0.013684344003226122,0.004677242817765333,0.0005047886076974294,0.0006587574538467441,0.0007907312344696243,0.0011284465659537305,0.6175830320330188,0.02229030510509872,0.15073055768437452,0.003662328561189273,0.001848414702356674,0.4545454565289256,0.0017550154400596824,0.7006397535448591,0.0012064364549646991,0.016821922763859996,0.0913106068667699,0.3405628330231969,0.08662267929631481,0.7751004016064256,0.11525249983200495,0.6011637420837102,0.0796568410169002,0.03949171462477173,0.30787681343662376,0.181198117821478,0.13898096225988346,0.058816330635113434,0.5389280959270447,0.024800354499482792,0.0567723524285417,0.5224567947706641,0.09450925776519631,0.021021670421107527,0.13204761450174687,0.14790755294394456,0.042028258287416194,0.021021670421107527,0.7334106899344105,0.05986354614477395,0.0007576627016171223,0.009166252553783841,0.04609389799688564,0.01711193127505247,0.1412249376177116,0.012912485433498575,0.029901022536707168,0.5068249129837455,0.2701089515720395,0.07155829262850924,0.04078993076493786,0.21831102434513858,0.01352365855117545,0.9143759497805741,0.690750630224227,0.7159088808675698,0.3789758725688137
002028.XSHE,4,1,-0.1923575261094521,0.4876911126525043,0.2767827179653846,0.3499379271107925,0.5458793378855167,0.07474360059035315,0.5579176750231296,0.3478867415032034,0.9737024902106628,0.3199738194080556,0.40689212454468937,0.004884394554018005,0.011038824703589037,0.004917013028784744,0.000881017666085948,0.0006262902834094087,0.0026795767557342915,0.0011377733982296172,0.6230680061602518,0.024737219500676092,0.15109271691071513,0.006073079803942482,0.047007224151815456,0.6363636304132232,0.06051359173992317,0.7056234476337738,0.0033035667254411607,0.09808266256669983,0.0914942046487009,0.6471649052271097,0.2556253195301183,0.0,0.20052282690186846,0.06564117199586489,0.1487577187932454,0.05259375191934366,0.39661014711625,0.2019382786654358,0.15612220757714013,0.09776906738432407,0.5456129093344446,0.07078688400004124,0.18363817896614826,0.4892560635706559,0.11067333616363975,0.024319558016448153,0.2400429373474809,0.25566100938636516,0.11676404094093211,0.024319558016448153,0.614407725377055,0.07168092035783237,0.0003749189917755767,0.009061321585214563,0.05716838539833538,0.020139778871851644,0.04750314728945123,0.030257052271740494,0.029624413241338615,0.685217382626466,0.2945817378173829,0.04349610333811786,0.07158490629052996,0.17212358134468259,0.017725369384458935,0.7627581272812487,0.5840713590730178,0.5762411113428902,0.727066465965967
002029.XSHE,4,1,-0.3576939460758217,0.6796673179346979,0.4710677728715841,0.47546328013651606,0.5947547078653469,0.05819415128053271,0.5643328315892444,0.06261145641388893,0.983418061557565,0.49302424508437137,0.39212386705993263,0.0029018442446964625,0.014662238894069106,0.006489244612250694,0.0010106460393399283,0.0003521586577588119,0.0037612658976804558,0.0010502002569587367,0.6248310303669262,0.022455309819583116,0.15336966031429566,0.005624053264976656,0.06483897994886015,0.5454545434710744,0.059111082069582585,0.7056189039805381,0.006610996069814259,0.0823460251424437,0.09094875526591671,0.34128536729985837,0.06643179011318245,0.9959839357429717,0.09925410204347843,0.8820109660311733,0.07662941478548964,0.022247937734406923,0.3105513438336471,0.17999218192417202,0.13751212118848738,0.3840147479821722,0.732668777052002,0.18815042561687934,0.2445187720529485,0.5530065806716017,0.18451509070296562,0.03859147981054516,0.20511725137490538,0.21735297061509998,0.12541308189644318,0.03859147981054516,0.7628856582964956,0.07710287299929133,0.0003177407274191302,0.009079741955278975,0.048542846574242286,0.035399070186897474,0.043933832835050986,0.02968234318026026,0.029616907751931272,0.7176293434666566,0.3271509949381484,0.03645482824836521,0.018921707664881927,0.159104331332016,0.028717323682478913,0.8669046739855988,0.6951345584007784,0.7586496898706936,0.5248345295581514
002030.XSHE,4,1,-0.1764223118983759,0.657227300387133,0.09307280986564836,0.295796662282933,0.5605305809592351,0.07381114049378804,0.774883461545314,0.49391619522042657,0.9885702518311923,0.4668453933566264,0.2930246173764986,0.0018296211071544323,0.01100178327600039,0.004740673427337694,0.00019341131196445844,0.0012031808794095522,0.000405300601052635,0.0011323521923633825,0.6178443545308541,0.02750005473418534,0.15080694995387525,0.003563345515235082,0.13370371100187162,0.363636358677686,0.07443339236561484,0.7117925242192208,0.012930144411544022,0.18666907841186578,0.0904285756930697,0.3636011305781356,0.19714720094012006,0.10040160642570281,0.1004366553308448,0.19609505809984407,0.04587419090953399,0.059353681482864004,0.29890499670513315,0.15671821330536537,0.14247758392541926,0.04597867172028365,0.5290523750680226,0.015761681507367474,0.041312891965858835,0.5133230175441752,0.10795356139058211,0.007886525137268258,0.12151401946788586,0.13768630133038748,0.0320003117249123,0.007886525137268258,0.5835994657486706,0.06841819125344234,0.0004270316902719478,0.008869371448359066,0.07177421865559529,0.01445760791697908,0.06439421652538506,0.016580384183614613,0.029385459435838764,0.7477959023909927,0.30129745595383195,0.039666943837011484,0.07665197356932998,0.19976440188478492,0.03741505652928157,0.894873492778117,0.7366243200212286,0.7292065495507152,0.4340233106511755
002031.XSHE,4,1,-0.2791891103173483,0.5131325325540865,0.32577431344754604,0.4187981959109274,0.5670402198689513,0.16933243956002633,0.48791298075349454,0.35809313958919003,0.9482734849688998,0.24595757351931732,0.24566870512680927,0.0009418505170651323,0.011596632681890637,0.005186411529025888,0.00017830371956260673,0.00381940528443427,0.0009700950955516369,0.0011578102622728228,0.6187584693812724,0.02247416920739139,0.15126524530061763,0.004261232969571624,0.017239125405752332,0.6363636304132232,0.023907657557071787,0.7039428571305455,0.008039054181788264,0.07090530885411957,0.0919706037504401,0.6771058599075007,0.18443377169466543,0.012048192771084336,0.1551061926264014,0.16244242115021162,0.09954414157017392,0.05549462267528346,0.35699110803719847,0.1917653158165658,0.1480344826689752,0.09838796799880455,0.5284716572515498,0.0760630986054243,0.09540444817296612,0.5279399517329626,0.11743473976585742,0.010844897827495372,0.15635082040108217,0.17175659966267456,0.06263762217509238,0.010844897827495372,0.7325985624759722,0.07265477181847689,0.0003624855640779306,0.009100384131008119,0.05165073170319861,0.021632794265213754,0.031131376194113203,0.014030657201972874,0.029342620935589852,0.6631359338598848,0.30785471748101495,0.04356359759415924,0.07731179197856254,0.17868992881390283,0.020303732727163966,0.8677133189416426,0.6327064260758042,0.638928423370732,0.6393472086676926
002032.XSHE,4,1,-0.1394036537006783,0.3859277863181942,0.26142486166263146,0.4858385099106791,0.5847519411141732,0.11515466399980906,0.23876824519251685,0.2185468236490883,0.9508807549403331,0.4767771962016871,0.43377910814018256,0.0031132456355464386,0.01429290330889113,0.006389273976832976,0.0025409940747082083,0.0008003924039393131,0.003355163707859097,0.0011266149329262204,0.6231230743519098,0.02443158939737544,0.15309254281164927,0.0058174028068669285,0.009891632963350489,0.7272727282644629,0.01755603454890396,0.7042691797665762,0.0026932596950664874,0.026544270597811337,0.09173513577190201,0.9128755330631979,0.3118895534758898,0.15261044176706826,0.24905362796807695,0.03655993897950824,0.17532809897212637,0.06049776406664778,0.3523607041153164,0.19315147146461947,0.19581731256678025,0.12020278555999475,0.5318427242963106,0.07757197291472977,0.1398286045346894,0.5401638487341626,0.16018489942751568,0.07316901166546208,0.1921588306999476,0.2123508353238634,0.04126670584433847,0.07316901166546208,0.7505939047205055,0.06150407428771337,0.0006502589729317727,0.009087588186315372,0.044025272558320165,0.02257666552606543,0.10434280679467182,0.025633071917060535,0.02953550928904297,0.6206828683041283,0.2871134481189897,0.04602485075620054,0.0883751561927581,0.21755451373055681,0.02127878806005862,0.7249639615969095,0.4569098005395609,0.511360845812,0.7579996083876431
002033.XSHE,4,1,-0.2674036675856138,0.553235817662993,0.23072185269915332,0.45686832844818837,0.676473671144457,0.11180771436277795,0.5599901142741843,0.21093851774260608,0.9139996083386974,0.2003927088791651,0.22052413287140082,0.001089462460183777,0.011410900044494769,0.005117565532540834,0.00020771350437439782,0.000565798814633475,0.00043021515035667087,0.0011194110763050461,0.617977831550855,0.025311218927084544,0.15127136675312647,0.003945018501881419,0.01914804232785373,0.4545454565289256,0.020869323752384913,0.698948991181187,0.006137863130397876,0.0604594374604323,0.09131798267465349,0.435285006924098,0.10590841837158763,0.9718875502008031,0.11396190267882905,0.6560031372581226,0.07763823678406641,0.026750739742468145,0.29741586187020974,0.18155079469140628,0.13799826858733882,0.17580811134188717,0.5730816912915144,0.10156859754803554,0.152662453483547,0.5231317961838592,0.14711675153234285,0.014710559911941761,0.18528549809387923,0.19822297482810408,0.10545500041483799,0.014710559911941761,0.7008262666559163,0.06929765481392466,0.00041109957563546275,0.009031331321164793,0.059592005483618524,0.030461399079310565,0.05873837941659765,0.025701882487428183,0.029481003907346894,0.8893227535169648,0.4072140193998388,0.0305895148359801,0.022357690641752512,0.15336004395298172,0.015278159956930071,0.9072792248370283,0.7271764848967321,0.7189494419256799,0.5929250560835378
002034.XSHE,4,1,-0.09869059735884361,0.6531457461764723,0.44404966700578324,0.46401127033305456,0.6383047087430173,0.17783720598943814,0.4737433713639609,0.28962846365721606,0.14758122800747142,0.36057307266177724,0.0,0.0010142076685792122,0.010545484620256064,0.004730810446012673,0.0004779603365266328,0.0013608259958618999,0.0018351499136041458,0.0011519116986446018,0.6171352741564995,0.022231755335355572,0.15076589923312847,0.00359090228309525,0.0038721337644066476,0.4545454565289256,0.002308780069976857,0.6963187235004098,0.0014419957119811224,0.037442344216333544,0.09134554326693967,0.2796933859546982,0.03914133593888953,0.6385542168674698,0.10232742298251138,0.9252180733169831,0.07774895718103797,0.04235214265173716,0.30636196248482805,0.18164022447501726,0.1380554623989684,0.26918932070766416,0.5367416719888662,0.14915111065077052,0.16766313958595655,0.4886255055384402,0.08795133683239972,0.06041264185334753,0.1692723296382478,0.1824408540818358,0.09252239263714239,0.06041264185334753,0.6772161439253451,0.06880877760665363,0.00041975554968257513,0.009180971193827868,0.04777758312362572,0.01689549046449299,0.07509763340830662,0.008289600414788083,0.02978129295368772,0.5430573836022456,0.2729496853546187,0.05463699432729749,0.05210433727781251,0.21646629743628718,0.025883232637434948,0.918941997699223,0.7147461412586797,0.7367848476286794,0.2749647965199064
002035.XSHE,4,1,-0.1864001389493736,0.72124218247938,0.2038718583628604,0.4094558320981026,0.5985622924414197,0.12370444449747306,0.5323254119086951,0.5901289720074807,0.9581119993255698,0.3673082909719496,0.2544824062533458,0.0025707597369155973,0.011280859774930032,0.0050513103302240936,0.0006893180544710729,0.0006196503499004714,0.002313522269391742,0.001151744632317784,0.6175186727265722,0.022730076149784766,0.1512554204794626,0.0038414293086631844,0.02446077151371468,0.4545454565289256,0.028312462491937113,0.7036524231350504,0.0044043686957340265,0.08162250158270778,0.09139395762227248,0.4569003669828653,0.2049021435302106,0.04417670682730923,0.13453437705464513,0.20398850630172088,0.08939328127272964,0.0703158900282447,0.3049936014565437,0.18852663195994074,0.14317950797723686,0.14059631360025043,0.5412163904852136,0.051409711436532064,0.09941805117593669,0.5133237402007764,0.12490824567825612,0.05549498480530145,0.14607779819044678,0.15956739745829487,0.0739190951919348,0.05549498480530145,0.6644534732763325,0.06391832172579216,0.000543977105259736,0.009089368865954121,0.04895905174347091,0.016899399077982706,0.15028126994191693,0.00993409089637719,0.029429254170854274,0.6441254187258758,0.283671591474723,0.04239638652636875,0.11594022731728618,0.12061570590768607,0.027449751749715857,0.8564047165925779,0.7122832913183852,0.6663489238552676,0.5671084505797505
002036.XSHE,4,1,-0.3379589380019311,0.6449879326171934,0.1355067853327983,0.3142912136626581,0.5423875474464391,0.054218450923095685,0.4307350778780576,0.10458438678520177,0.6901212657158489,0.43534263898046505,0.12433101026879756,0.0004906516330051869,0.010607030987256145,0.004761465455574562,0.00012626571045134716,0.0006634943522888858,0.00042506029154255746,0.001122351686211923,0.6175979349834436,0.022310993175595203,0.15084285208155673,0.0035048688712509242,0.008307980831226481,0.4545454565289256,0.008133167096680572,0.6991328267991341,0.0025878759509731465,0.03839196888848693,0.09117884498711265,0.35134231960264606,0.04199680352183382,0.9718875502008031,0.0913365948526321,0.8691323982469954,0.0625369838890412,0.024592140108965498,0.30680384885078776,0.18034515104458398,0.13723265142711558,0.04876795139870975,0.5287481703996444,0.023796757807420847,0.04687861291672484,0.5215164980896171,0.10120155732998014,0.008040928209813706,0.12589690029805595,0.14202094673326712,0.03539800724018218,0.008040928209813706,0.7132816142523111,0.06681093344836318,0.0004608898015385734,0.008961077957643547,0.05311213292814781,0.016405682297315528,0.057157806404840264,0.016293543076610184,0.029413082633604915,0.5669224022363094,0.2797160161672461,0.030730255837924082,0.0200179689962658,0.13626991817398795,0.025125919722438234,0.9240734757353255,0.7224553314758304,0.771103711781745,0.24617008510398497
002037.XSHE,4,1,-0.334444108008184,0.5447367796609838,0.2712547281367673,0.22413102824613051,0.666351039704969,0.22898692675759147,0.4651343791652321,0.3957172887277429,0.9925931227436666,0.22030716756545626,0.30138972776912165,0.003015551090131037,0.01144482646339969,0.00512747351854362,0.0006196811381758155,0.00630103164520138,0.0031400209680110054,0.0012709697488676088,0.6177737162054677,0.02273615005416993,0.15118196743842735,0.004163157976915912,0.025303703724605272,0.2727272717355372,0.015092949449938423,0.7023125770702513,0.0034209822671876396,0.046667269602966445,0.09133091329928048,0.33547517653314535,0.030346733846509134,0.9759036144578311,0.09523276206237291,0.9372661300340109,0.07232570275019012,0.03596117141573249,0.30535108140485867,0.1811230297761113,0.13728074622325862,0.3344982706288866,0.6065906421356987,0.116080145941401,0.2188573888232682,0.47643513177402236,0.12928703954648255,0.0570531321492873,0.19283829874400088,0.20462172111768792,0.12146589170157004,0.0570531321492873,0.663672896093258,0.0674755805653299,0.00044606029777689057,0.00903851600024302,0.04966059820621507,0.0162342280217432,0.06785323266441191,0.009511907338645376,0.02933829063598442,0.5990410747768736,0.29164133599556014,0.02484150996683868,0.034655320387656965,0.13466736016111872,0.017752138541604356,0.9078845989973159,0.7269360045995317,0.7558890241422924,0.33092068104161415
002038.XSHE,4,1,-0.03846547319804264,0.44270929854255986,0.045411497431217696,0.32718955454313164,0.6149224014062785,0.0016989647125860707,0.5614191112707633,0.845903085298591,0.6320789926401046,0.5205214075645281,0.6330238674665103,0.0013372322190768821,0.01311976906538944,0.005763434203011043,0.0003478207097534459,0.00021511309906348453,0.0003825815742422735,0.0010692155051923106,0.6210315424491887,0.023755059244581857,0.15226901375720733,0.005581856610710522,0.10484172324700666,0.8181818152066116,0.08566077224982142,0.7032243293263208,0.002019159584371673,0.04164782490729854,0.0914153874683362,0.751268029470067,0.15410098666192593,0.0,0.20562394673700934,0.23847062772880373,0.163189667330527,0.08437034069566077,0.3372345356876798,0.18887287783174478,0.14369295242254787,0.041495647768821815,0.5318427242963106,0.08847965211076819,0.15708727865098043,0.5201548926100172,0.16547127125841238,0.012408814572098388,0.23301903531200308,0.24664728250614404,0.13092313780812323,0.012408814572098388,0.647069271550883,0.08499988400139723,0.00026761141084086335,0.009099361782374879,0.053176245673708857,0.1299952267797893,0.03837194328634292,0.20373926771235526,0.029304372907083726,0.8266566353567085,0.5002272703824547,0.030708757125815563,0.15002246124533225,0.11145215838273294,0.02549560327810014,0.7561380679155245,0.5459317367652914,0.5674217679350855,0.6687829011671218
002039.XSHE,4,1,-0.2001514829593333,0.38256966714732255,0.4560550321772665,1.0,0.5696957994698871,0.9700490129083715,0.3284053860218489,0.25430686913219147,0.915885905374278,0.08868317809956744,0.22174838351481008,0.0004556885042967505,0.013594093905937705,0.0060462630812055,0.0006785549696607406,0.006353270464980231,0.001849609486494649,0.001903452096002234,0.6129677140832408,0.025679082690850882,0.1510033995849954,0.0037339009659386195,0.006392274780766967,0.4545454565289256,0.004621708785527356,0.6969822150857321,0.002578954817526733,0.017228904766211448,0.09134531366776845,0.4984860652552824,0.05746603590919621,0.8554216867469878,0.12871779601054611,0.5999174621881348,0.08503910262496334,0.03660420995889906,0.3078669512426108,0.18168660996252353,0.1392474334277031,0.5256352627944437,0.44800969836446136,0.028112985015416453,0.23407008304117927,0.5522715987604994,0.11455552091650405,0.03541898461372462,0.14926572995670423,0.16050201187506463,0.0974270236341028,0.03541898461372462,0.7356308944970478,0.07451058171204823,0.0003417105469482077,0.008926532224328576,0.041723677760370295,0.013608871237614166,0.19910845890159137,0.00047625599143885427,0.029711666258396198,0.77356202798048,0.29599917104153156,0.030174328067746777,0.03218460401721279,0.11886486991437402,0.00931596578333433,0.9034099785544871,0.6538548715227104,0.6861356753002932,0.4773580936326972
002040.XSHE,4,1,-0.2189048293808934,0.40157312312338816,0.352979162851163,0.3461577758091211,0.5872563942461606,0.10468084844829817,0.08979727632923856,0.27761457760572805,0.5112852901323306,0.04977174158943648,0.074864507979991,0.00045211370785621486,0.01076902208478544,0.004813799086024213,5.8003871674071485e-05,0.0012589584676324925,0.00030666764213019965,0.0011370526850550482,0.6167643009240691,0.022694104181510372,0.15090315061618215,0.003594691130827445,0.0017488818173493294,0.363636358677686,0.0010283019081947778,0.6996860483153964,0.0009952524185708948,0.007596997377227096,0.09130080872214295,0.22956669489863507,0.03741451612385797,0.9397590361445782,0.1116949579090086,0.7985040534894297,0.07610937685449283,0.037187062655406604,0.3064258702529405,0.1817280222815129,0.13822184439643628,0.10105841103003757,0.533951512600295,0.021781767941208112,0.07006846253263105,0.5221563703624716,0.10708706290608414,0.0035061997835820085,0.13099154015427988,0.14573919606781066,0.05186826865704083,0.0035061997835820085,0.7113850921443321,0.0600783942338617,0.0007412482011567812,0.00906162234049766,0.06906934677291264,0.015884648056340746,0.0989740316750157,0.0023861894094859932,0.029401824399493903,0.7083089850450689,0.29599917104153156,0.037698942305614186,0.03240663945753257,0.0923616652733445,0.00730020338577496,0.922667445427561,0.6970584007783827,0.7148500315542377,0.33540151279786123
002041.XSHE,4,1,-0.1804095527277219,0.33976247248877933,0.10593821160244793,0.38827738746001916,0.5795865587717296,0.05020171364399906,0.5887324684773373,0.2998696739797404,0.9502155454410537,0.3880897642393223,0.43446577270770353,0.002078550850486,0.01247817852270857,0.005541878962207294,0.0004639509433555421,0.00027957456188619446,0.0017414168965278983,0.0010605032623747961,0.6214594465929442,0.03388828103873695,0.1520236651095654,0.004633008126204392,0.054260312408846795,0.7272727282644629,0.09036180611513604,0.7053531355172052,0.006459135377919467,0.07714569955684182,0.09200472207007217,0.7432134699938812,0.19127726679576956,0.12449799196787148,0.20291230922681436,0.23971690762437903,0.149179230115093,0.0473058066871892,0.3118852962503807,0.2120474430913683,0.14445467000470547,0.05597302697954198,0.5749759722035434,0.16959210226565408,0.11327413505932796,0.5199206715760208,0.15693283209407338,0.01856269868501243,0.18668951625629054,0.2055773823870155,0.04996584544647038,0.01856269868501243,0.6691264196163254,0.06134486468172855,0.0006591075513059092,0.009042409369226838,0.05666867535680192,0.04004337040362314,0.03501033885046615,0.03552805345145646,0.029562804206782412,0.7891251581483696,0.39178766502895734,0.05070331501040729,0.05735414570266588,0.1968166546334296,0.0213653765627804,0.7561549331780546,0.5794939410021676,0.5799259597637261,0.8265302618682105
002042.XSHE,4,1,-0.04306167853774254,0.3780782513933822,0.5838373679747535,0.4193056867124353,0.5583683356612493,0.18231004967094533,0.32491617227679537,0.21101125699474027,0.9838536310778854,0.28773379326613513,0.2849825103824134,0.002957679346793522,0.01222414843602646,0.005118850629026501,0.0017328082862846563,0.011051745673333615,0.005942183278315848,0.00143035635933862,0.618709662353368,0.02435482531224923,0.15087232890735192,0.004869021475102991,0.009721941979453325,0.6363636304132232,0.00955439385036396,0.6950497632867557,0.005695931516491447,0.017500226101112418,0.09149436757804837,0.851204251461808,0.16918885564773428,0.3333333333333333,0.15905835818122643,0.20855785705559698,0.1007054281026166,0.04722547333187831,0.32972012305863146,0.1838921169361567,0.1447640365312473,0.1380833532803383,0.5313318746787331,0.030149724880727487,0.10315943707644708,0.5044867740994735,0.10271592792361862,0.037025353508258974,0.14927700700134794,0.16825312325648978,0.024033301551176032,0.037025353508258974,0.6683703815363116,0.07445738213560946,0.0003422593303086382,0.009050991175855347,0.04471560588655262,0.014113221588679404,0.05931938549242747,0.00989609642993627,0.028846269708151788,0.5155986130623623,0.27311612319358985,0.061617811398607406,0.059427919606265395,0.23193272787151037,0.01544430818926841,0.8522665137549532,0.5831122020255632,0.6255370161573539,0.5386235747316909
002043.XSHE,4,1,-0.2529864321887318,0.6472558985253417,0.2771754722314264,0.3685964479539497,0.4805719735628984,0.031004027041704352,0.5277852701028058,0.35324141314960783,0.7838380875687933,0.3029968463408078,0.15708807241058564,0.0007594959937947244,0.010565162409951801,0.004740645015886933,0.00040320138859272967,0.00033002405989898415,0.0005080762625090027,0.001113481625834706,0.6184074416465659,0.02235261191228545,0.15081787757622178,0.003631862218609962,0.010732093325948157,0.363636358677686,0.01238263648496333,0.6939368647792424,0.006064940599604588,0.05498779053992945,0.09085754656920855,0.2518912986692839,0.10258508849309939,0.5261044176706826,0.10532629906278533,0.5209809269899671,0.0693696433237511,0.043339943866465634,0.30480817584013853,0.17939294849829274,0.13960359489103277,0.05433789590376679,0.5318124808647071,0.026211554189722,0.046136859063253585,0.521619597098068,0.09926455549480666,0.008697166841716146,0.12342341629766324,0.14110427664497294,0.018974663603492273,0.008697166841716146,0.7095925690921818,0.05888857668708768,0.0008442122508384458,0.008652978707575447,0.04668951331830157,0.025085534919670714,0.09062752536029858,0.039446412506733884,0.029506224258776463,0.5528501080565021,0.2761221268303053,0.05341121023774195,0.04860549579977804,0.2130958035669048,0.032203744691033084,0.9314657865958442,0.7213247976648538,0.7355517238647737,0.3565952166082373
002044.XSHE,4,1,-0.3339518053057318,0.5473722482160728,0.20333978748924153,0.3824026413603586,0.5752333140245864,0.06519736409186194,0.3253481030883157,0.17270240613017837,0.6135813386561803,0.2902449258184335,0.10156853160848012,0.00043155082291066154,0.010665227609215787,0.004794774980970242,0.00023446023375035718,0.0003608378636689488,0.0004524553261739258,0.0011107345166813238,0.6179808798301974,0.022020771332624943,0.15089104328398445,0.003613208503639073,0.004796388369107238,0.2727272717355372,0.004430921582023788,0.6961847004682034,0.00270940802332135,0.02505200325585602,0.09110968633738793,0.1730438999421518,0.03251066440558117,0.9759036144578311,0.07325110580261437,0.9169088562866813,0.04926215148823533,0.02118094429756093,0.29454555564749707,0.17888861418019633,0.12806604325411988,0.041443958658050846,0.5433613022713881,0.054094980169429215,0.0535108538436039,0.5230690455023138,0.10475336560161157,0.011330284457433188,0.13457732709973808,0.14500973954981144,0.09519750132337297,0.011330284457433188,0.7209366458785409,0.06202793596800239,0.0006230403064968267,0.009097642789097747,0.04624982652621313,0.0315872082667111,0.08162297042785768,0.030508950205361807,0.02956350844235838,0.5711581727639955,0.2944624087000855,0.04098822900824637,0.013916715475292933,0.10535534465724275,0.02197388885565592,0.9242004090269986,0.7643127238954492,0.7914357310153071,0.10552967308184386
002045.XSHE,4,1,-0.06138063715520865,0.5799158430704866,0.5114378299638687,0.29732550931022506,0.4929365929172841,0.15496102034780507,0.4876577583267353,0.26668976489098,0.7222980858651544,0.3156037488132689,0.1348532412600475,0.0020159922544475115,0.010963603121319686,0.004898633195625205,0.0005622548740822177,0.00252276560724012,0.0011584923135337817,0.0011675528194198068,0.6183325580243982,0.022828274580692233,0.15095248197933828,0.0038331039114958103,0.009527005036297026,0.2727272717355372,0.008447556745845219,0.69319800417554,0.0042848707485777,0.04730035271773537,0.09112735884909079,0.2931964259268166,0.09055235344360921,0.4457831325301204,0.1021475694741821,0.6277524153089162,0.07521965220432406,0.04562982043113541,0.3045577190111629,0.17928721675334186,0.1386832944675386,0.12070494285575575,0.5296380683119148,0.044008700436825234,0.08111699009755723,0.5283359274028814,0.10449766325654777,0.01796509516718383,0.1349901661299237,0.14891623662934403,0.062342066667249826,0.01796509516718383,0.748233476711807,0.06325654908162838,0.0005687525482325817,0.00903997289502367,0.051943856231257565,0.01768059705795129,0.0657810746566249,0.01349771757411405,0.029483154754492844,0.5660430917576563,0.24261342057401397,0.03267380928741113,0.058219362356272245,0.15839278702437048,0.02001854399712867,0.918031273522603,0.7482779399407371,0.7313981827927745,0.41456697008247245
002046.XSHE,4,1,-0.3327077740090807,0.48815568777022184,0.32411966407335924,0.31691490215042584,0.5577795442634215,0.14454686199518257,0.5381020980857905,0.2931961682354466,0.8459155258579886,0.3134408529381623,0.18348219347768047,0.0007629815670070924,0.010590577409603275,0.004665277654865944,0.0002385761387275883,0.0007646316861655847,0.001376361503708022,0.0011604158836140154,0.6188773503625735,0.024898167003517414,0.15070544182015397,0.003776368277037522,0.028105175327231873,0.4545454565289256,0.014932293120101556,0.7123111838534305,0.006235321351454913,0.12743058695848783,0.09100836301716803,0.35130762062747883,0.11003451331493017,0.8192771084337348,0.1066715769529258,0.5284586063634189,0.08365741990643054,0.04289053655688048,0.3075174659871549,0.18481285904256725,0.14101654201015448,0.15842704400039578,0.4909086879405891,0.04306838640545634,0.10160558945861166,0.5137521551225754,0.09212908494940174,0.009736068130156286,0.14232235959420286,0.15937196639178208,0.03763813243908574,0.009736068130156286,0.6882248529698742,0.09333331249609148,0.0002352556339134091,0.007323895600747031,0.052564404287058344,0.01848837360964996,0.03136998636882796,0.019731871143268263,0.02935812365336571,0.5820935573043202,0.2887636160265429,0.04180838131272793,0.048231746449958424,0.20090850939859148,0.023670515044565413,0.8734235417761429,0.7216150325063024,0.7410400487968463,0.38618589745433834
002047.XSHE,4,0,0.3189156834396195,,,,,,,,,,,,,,,,,,,,,,,,,,,,,,,,,,,,,,,,,,,,,,,,,,,,,,,,,,,,,,,,,,,,
002048.XSHE,4,1,-0.1886361254820524,0.4782138979146677,0.626683576625722,0.404206330248311,0.6213232091973161,0.0875782142033305,0.4727104663154044,0.28906688731517227,0.9976315907332585,0.20292279045665212,0.3164809886524162,0.006225548542210656,0.012790539396721028,0.005473690523083541,0.0016745336795855837,0.0032662242146349876,0.004090775716761665,0.0012138287016425458,0.6196284438253634,0.02996936721867908,0.15176328019739568,0.0053095377502498115,0.02290786233914467,0.7272727282644629,0.04110936190605725,0.7090916151332526,0.0065840359221781535,0.07348286153567875,0.0917213096776451,0.6715109019803192,0.2888546040730453,0.004016064257028112,0.18902669605811176,0.10012432001264758,0.14031740385506664,0.0613417274098222,0.31191940846218685,0.19133460366902336,0.14728966325843543,0.3186160264744862,0.5228972185249938,0.05845018978786901,0.20391680188750366,0.51345879669004,0.13755167354486827,0.05721391838847302,0.188109144772167,0.20551932885081026,0.06493182210368192,0.05721391838847302,0.6842682147335113,0.06536229072273297,0.0004981535402509167,0.009036675005050687,0.05091422664462383,0.016764471598611566,0.09820453002756163,0.012929678296305046,0.029370971525614357,0.5665415155409533,0.2819145529547778,0.05292512484446746,0.09973920628411835,0.21207155342757258,0.016294490638272416,0.7854250401215719,0.629980982707532,0.6041250234346325,0.648025329375205
002049.XSHE,4,1,-0.1673314028074668,0.5210620787275388,0.1624844512714757,0.32718955454313164,0.5692790314531962,0.2801478558479602,0.7493386383137753,0.5560155453126149,0.9435011007790197,0.5743555881255353,0.4411797258672415,0.0007649877052846903,0.011318866507619645,0.004825584532656623,0.00022034384786058606,0.00037544137079234747,0.0009324010788784781,0.0010996947415659213,0.620410367846298,0.029482850249926237,0.1509922508356866,0.004517904581071993,0.0519662636380529,0.7272727282644629,0.07381241057325902,0.7123492741098062,0.010346930418353327,0.21511259835398389,0.09109914131428731,0.3440590491987223,0.20330625216413886,0.0321285140562249,0.1554784169201964,0.14457770719403262,0.12323216744208912,0.05930905924006094,0.3281132861770953,0.1823792385625931,0.14638496114720387,0.28713558673702505,0.5720444403166824,0.12288811425212592,0.1964160195550443,0.524822933073648,0.1089946476573122,0.009804748548141586,0.19079198501802852,0.2120609589521809,0.030136323983971612,0.009804748548141586,0.7148322518600057,0.07666978195445988,0.00032140123905175953,0.008956255454972936,0.05198897260776349,0.04951197051967361,0.028478396864793476,0.04699279812688161,0.030329690868016013,0.6290219029254538,0.34162914028724256,0.030263231661054196,0.08522777805609517,0.12881540697674418,0.031450469581862775,0.783792660237747,0.6941035336782986,0.6550092022190948,0.608651178767415
002050.XSHE,4,1,-0.1433195450999569,0.698234438057272,0.31580386000163024,0.3740131065785576,0.5419741229356985,0.1432940608185257,0.4161103356382073,0.33502526910316904,0.9860292832685982,0.35753639469659315,0.38749610927724487,0.005769007622072159,0.012799353610277186,0.005695860094346383,0.0013183866951921763,0.00377588695660317,0.003861369122089076,0.0012579710539051207,0.6211086193382425,0.022126762350395235,0.15185408032646153,0.00496414824315373,0.01873095705175009,0.6363636304132232,0.026952822044887123,0.6997009030733978,0.007399706483621453,0.03242289952066564,0.09139185323179547,0.5316537672685351,0.12471385245946376,0.2369477911646586,0.15185828861151773,0.2820935038430385,0.11576353467559095,0.05960856462971111,0.3137029349783447,0.18500844208071326,0.14207982696272262,0.19258831289882436,0.49449994140052145,0.05176966117035324,0.1388568594893564,0.5196970896530991,0.12881166643254846,0.039857147185654675,0.16768111775560499,0.1842184885782812,0.05950632422518731,0.039857147185654675,0.7000071280251748,0.06968423873479633,0.0004045848964073927,0.009089412731811273,0.05491190697689143,0.01675680429105365,0.059429268110632344,0.015475512923340994,0.029595482372096773,0.6020598929081891,0.285701549117753,0.03764426115198972,0.07788625971714291,0.18543400402796778,0.0332748100735778,0.857264844981608,0.6645686833841937,0.6568166395132988,0.5095907954834157
002051.XSHE,4,1,-0.1094854271270961,0.3746346300058263,0.18115774641624954,0.3829698057138931,0.5953242741039613,0.21520448679985044,0.33219809072080037,0.2971010018412009,0.7815469567653344,0.29471399540196097,0.5546926069265481,0.0035772338970701998,0.013604360164696017,0.006062649028258813,0.0025754962942312544,0.00555648504663235,0.028835182356262777,0.0014509225820460814,0.6250737272725894,0.023210696227517605,0.1524829571069085,0.005885221164050047,0.030972482045171404,0.363636358677686,0.023372971947547352,0.7004743566584134,0.003317053590633553,0.015600976756805641,0.09125401059382447,0.28437291916292984,0.176927801681532,0.859437751004016,0.09969220674325482,0.2883259299106148,0.06819486929683737,0.034779389665644034,0.3051437692068229,0.18116890905545435,0.14187834876266386,0.26500636734162825,0.5614670836778439,0.4130882240805133,0.1902881833287602,0.4859183134672357,0.14382081967136068,0.04878707456219917,0.19409832575304486,0.2041674668709823,0.138568350325787,0.04878707456219917,0.6755813722500138,0.08991391041273547,0.0002468318642667851,0.00914050000569653,0.043328079430151135,0.019541525420262155,0.03639280906714968,0.011147517775053434,0.02980469482447141,0.5493212233171406,0.2878664090092121,0.02910200870770965,0.032048372801833674,0.1229284624056341,0.016967009630914638,0.9324253312692619,0.7368205740568756,0.7345918941256306,0.40245921791102085
002052.XSHE,4,1,-0.2571129391006308,0.7188441982921914,0.17102786226287847,0.3470045382001925,0.5072436220534309,0.17672577429620773,0.7800162911458121,0.5939762738117988,0.9999740941515132,0.4221647521061454,0.3328245088654268,0.002647013892297115,0.013684344003226122,0.004760235394917026,0.0006723164449697512,0.0048258356026091905,0.002464535072559458,0.0012295598019143054,0.6181776409987944,0.02531590151708302,0.15069711203755548,0.003878973468842787,0.09557189042036737,0.6363636304132232,0.1110759809474087,0.7186898408755071,0.022492150898596176,0.28782671610744326,0.09213746838161138,0.6358810674500323,0.2421955449538645,0.008032128514056224,0.16896611243677126,0.09513920043034639,0.1230750785096125,0.07038015489636633,0.30908660961186524,0.21624249313599928,0.14853752823944447,0.16007288325643976,0.5203574889831974,0.026013436107483176,0.1027632877500327,0.5038208058937945,0.09346016448153434,0.024271193253827584,0.1429439544716471,0.15798348903765042,0.05711775859185162,0.024271193253827584,0.6701862751628054,0.07428441549617938,0.0003440610197429383,0.00953362033425759,0.052477469514785234,0.013875245924071081,0.0523156272205157,0.010598519739499376,0.029543516052515994,0.6082677361802442,0.2830885723779763,0.03479075805628892,0.1046146056438234,0.17615669491310737,0.02979063229048274,0.8146960347104855,0.6540677104064394,0.6177659599749679,0.6472822168659432
002053.XSHE,4,1,-0.2262288883006968,0.5504946479730582,0.4675395480255893,0.31880001976133054,0.5869489588740409,0.35672871738468626,0.2187154688406977,0.16538982101196975,0.5362422820330208,0.20453539117168779,0.08105804167782871,0.0024791761991429947,0.010963321740031146,0.004920866147538331,0.0005571806425491613,0.0022286656901858203,0.002183759069265616,0.0012606491953536618,0.6156957070966516,0.019625292948855157,0.15083804634951187,0.003490735783694376,0.0027625022811803564,0.4545454565289256,0.003285192189719174,0.6994170476812025,0.004131715956840748,0.018359410328298815,0.09105515790550209,0.3192932798933325,0.10361788191262566,0.9236947791164657,0.11361339533118738,0.39468164940113887,0.07294533600452419,0.03673236799446286,0.3064258702529405,0.18102607706167057,0.14081506381009573,0.2738080084467414,0.5373892816628661,0.05782282800483251,0.12386386080890238,0.5333551388271508,0.10082139809130122,0.049761182617466995,0.12556681180379747,0.13502727048791607,0.09837068068156425,0.049761182617466995,0.743216982928964,0.07900884932911598,0.0003030029449056454,0.01019030071482781,0.0571505763023462,0.015496592342257302,0.10796431433800502,0.0038077790212883633,0.02918110716244877,0.5688290533939944,0.24634240682352318,0.0315708506063758,0.03330197623911546,0.06700399313472159,0.010516839145779744,0.9259499581031372,0.7178585644155504,0.722718787049824,0.5008524901857269
002054.XSHE,4,1,-0.2847395265985693,0.4592984935333066,0.47165531631539326,0.4137167362002255,0.4422167778800333,0.07329013429016248,0.4030461376684686,0.20644389156098258,0.8522909990788057,0.1510593085152665,0.1865062280928027,0.0015842862363733695,0.011134126206864442,0.004927154522107144,0.00028929646869163127,0.00043602231518602067,0.0007233201852421795,0.0011304791793972917,0.6188989681795003,0.02403552732456361,0.15104677838119251,0.004631731330817906,0.011688159430523497,0.4545454565289256,0.01069377425643491,0.707267395152931,0.006248681887666598,0.05657049832685176,0.0912969598509957,0.2669584939275158,0.1498420967616879,0.6144578313253011,0.1200123591641621,0.39966779557313986,0.08017290140261063,0.04104772631396626,0.3061371539021547,0.18234839731562913,0.14110753216501973,0.0753808388466372,0.527761879863229,0.03099225499655224,0.1269089310107142,0.5224009093268309,0.11599034353758014,0.01472209871317611,0.19336090622957258,0.20925177712439674,0.08286316151087975,0.01472209871317611,0.7103486071721956,0.058843439406181294,0.0008487788572260007,0.009040650074193449,0.05511783289421818,0.0183806136711649,0.0592976768625173,0.034093710999438136,0.029631410645891337,0.668878618562211,0.3064258826996724,0.024690352733253304,0.044620176115130215,0.12049996516694533,0.01055736675240773,0.8960940051980515,0.7262643182521789,0.7050035250968412,0.681986232167072
002055.XSHE,4,1,-0.1606137492554679,0.8351211336966393,0.22442740980149492,0.3332868812211227,0.5094682237373876,0.1164889966816135,0.6611820775851318,0.39344185101425455,0.9789424969198386,0.5597197864560874,0.27782538752502145,0.0013715331954998484,0.011103574816363069,0.004948208831276249,0.0005706621398274168,0.0020994406411092284,0.0018866883258868373,0.0011735068508122906,0.6189062573329686,0.023199229813568586,0.15103227810735834,0.0038537647322339267,0.051415946389950354,0.7272727282644629,0.06097378569807603,0.708297312399479,0.011943278530129654,0.1814687528262639,0.0915389861506569,0.6047812805091367,0.20984403368030244,0.0321285140562249,0.2137298718889625,0.051100555487686564,0.18389733860797622,0.06749899820007761,0.3354877241414697,0.20897433983055752,0.1513712216338192,0.11764610688003801,0.510078155421095,0.029635484952297737,0.08099566610605227,0.5210088719747988,0.108122579074079,0.01749664847948367,0.13616428398636948,0.15516376980825367,0.015015545159423702,0.01749664847948367,0.7071211308553514,0.07663579270538431,0.00032169390292227233,0.009055122517114211,0.04874375956084615,0.015213255344108015,0.04977368522375777,0.014733696638018809,0.029422459727811837,0.565490889212424,0.28441715512765786,0.03914590475534287,0.09689001947603346,0.1607832845670568,0.0364187653287073,0.7022926105296048,0.609468289770466,0.5708386033751152,0.7058428869766289
002056.XSHE,4,1,-0.2543443898204537,0.8571071658505716,0.3452873193303909,0.34023893856864573,0.5991805066916092,0.10344739066643235,0.5593178766322738,0.022788273259933267,0.998151903113883,0.368314329523548,0.355310966439721,0.004789873494915337,0.011795136299606131,0.005207835085912618,0.0010023614227850268,0.0007530617052391814,0.0021792510294129175,0.0011980608947322648,0.619356626674455,0.024306124243573902,0.1512983050431282,0.004515786719515102,0.05346783863060368,0.5454545434710744,0.05595973029193043,0.7234690344902178,0.021896687264777975,0.09365108076331737,0.09261013241593696,0.7373934110083844,0.22925319142651243,0.6827309236947791,0.1863479987509075,0.042376596218659496,0.10606802697670853,0.03804736569408363,0.39359201351215134,0.20314142378814706,0.1535731833815581,0.31274713856087366,0.48020071376778156,0.026674388341388425,0.1832205597684153,0.5391193690597628,0.11958984577963191,0.03164456907804631,0.16998463685397186,0.18090854259322545,0.11428720626355016,0.03164456907804631,0.759985370020461,0.06797461717331689,0.0004357142233336899,0.009059459205416868,0.05828785198029231,0.014945124458713252,0.07730512393872511,0.018007284218911814,0.029904685378996883,0.6124680238134576,0.255469234987453,0.037450813367941434,0.04046968020505601,0.14608634797588285,0.03399608183286475,0.7859673914587209,0.5964215426120032,0.6096107078447266,0.6764520072456428
002057.XSHE,4,1,-0.2418130614996516,0.7469289309889253,0.2950533076578612,0.2613559920480122,0.6009697839008517,0.06376125261316609,0.3635111065259463,0.09795705305989488,0.42059462264838565,0.3739309752753892,0.053777129462020956,0.000334802287596159,0.010587360732980356,0.004744121445861045,0.00010457366095469799,0.0003891728599296866,0.00033783830476230586,0.0011113179521577191,0.6180418044611995,0.022660429679779322,0.1508322502266994,0.003412262804900242,0.003185676445010126,0.4545454565289256,0.004202566821487059,0.7000010968288013,0.0027384837299069334,0.029800126616622954,0.0914890862827105,0.5034196053923944,0.12673751161411648,0.8714859437751002,0.1371979218684737,0.33485610805472543,0.09744265975737319,0.03806226641154876,0.3055045648851942,0.18250962907805707,0.14157938111096377,0.30306815128742515,0.6057029052676609,0.07791461737288648,0.12861930003057945,0.5158287490139752,0.10130077471370127,0.014379269471537838,0.12116487485652114,0.1371883042891892,0.03317776245660436,0.014379269471537838,0.6879455746064688,0.06073246894609457,0.000695999978523022,0.008909280879357256,0.04985082573522543,0.027740008197165628,0.03926712404440458,0.041350869244933676,0.0292528574617305,0.5143772253041827,0.2496717475953626,0.042166286931919275,0.04034307671025529,0.16560908762729898,0.030529102111622897,0.8819467128715683,0.6873894343461151,0.6872222500943985,0.4973993884685478
002058.XSHE,4,1,-0.1522698966568516,0.6592348375251973,0.15647795759312555,0.2978767371068385,0.44599610983082694,0.02593967319424889,0.2500960191516257,0.268163788274909,0.14758122800747142,0.13284368794435947,0.0,0.0002985568798357147,0.010471912284580775,0.004706203387171879,4.466218312370709e-05,0.0002520455685733275,0.00025254111603971306,0.001112066582714663,0.6175768104880308,0.022144015488537224,0.1507871169740313,0.0034241976573597143,0.0023065939658794615,0.5454545434710744,0.002373556343350474,0.7009554602073302,0.0019270804337015788,0.02803653793976666,0.09133553720967105,0.4978361893611719,0.06195209607382971,0.7831325301204818,0.12326553361152431,0.6647281231168495,0.0890572148555338,0.037714659079575365,0.3067507247039132,0.18169483295417968,0.13682579544893242,0.0535412233942983,0.5219027863800739,0.033513251123194365,0.04362106786307844,0.5226256555298325,0.09488558756099476,0.0033951285922676814,0.1212523763695899,0.13755996431370587,0.030541619384412216,0.0033951285922676814,0.7384166669587989,0.06534517413088589,0.0004986406614029626,0.009168595813040562,0.06568733348495248,0.032824354041653056,0.03692938173452506,0.049368611184013984,0.02936034669487438,0.6804942767200056,0.27855309259997907,0.030378809582348107,0.03700207212461527,0.1522548069615443,0.013870461207154393,0.8947012895712316,0.6700859095130691,0.7007047553160308,0.5557758464019781
002059.XSHE,4,1,-0.1331959304367002,0.4202379040347437,0.24694609738823697,0.3092180763761261,0.505205420826197,0.047166970014484055,0.3281758515666141,0.3268639983026287,0.7103142159880359,0.3613002898427424,0.130857937684287,0.0005091312150708864,0.010617274851783019,0.004769832847343043,0.00013251294435733565,0.00040903868500882275,0.0007391880435002429,0.0011253185645335158,0.6182098157562409,0.022403424576379505,0.15086706094123223,0.003577237682416582,0.0080197000601078,0.363636358677686,0.004602829079118957,0.7004540501611274,0.006121544011867406,0.021570046124626933,0.0911721226558479,0.18865453068007576,0.07301647805701192,0.899598393574297,0.07864736985655199,0.9023682397785029,0.05976261391001665,0.03253307412017626,0.3032664130490672,0.18067511976243106,0.1373587377845717,0.1189451782231683,0.4971970753734033,0.02932439074408933,0.07730564865725173,0.5169318843158466,0.10311453811435796,0.006381775437292437,0.1320735360418654,0.14275160512996488,0.09118828423268356,0.006381775437292437,0.6891444850702929,0.06879524634092446,0.0004200021985161132,0.009075263251263791,0.05212418981805171,0.016847591209316233,0.03191755191688126,0.023660049103129133,0.029226830712890922,0.6460132195958721,0.2982334424036506,0.057795411885586546,0.03323557176805975,0.17899091807265544,0.018767721481126997,0.9045612546335089,0.770380014152404,0.7699643265480722,0.4639393183007411
002060.XSHE,4,1,-0.1910020717611546,0.5545534538875367,0.6976495086337127,0.41722986163704207,0.5283620415112981,0.3630657581417614,0.3792089430601252,0.16692907153383268,0.891392145171106,0.08622773247843579,0.20686176674275691,0.001354586767279368,0.011255960625012103,0.005027189690596193,0.0014824532862900025,0.007425546998309101,0.007108147629585985,0.0015335894053212507,0.618959158382264,0.022350239058042527,0.1509939395342181,0.004042207288023415,0.00797225527216739,0.4545454565289256,0.006385330389115219,0.6726852714060337,0.008468409298689226,0.019806457447770643,0.09091627988944911,0.2647877908747392,0.08700531133998146,0.9236947791164657,0.1114894110423466,0.4312426149703469,0.07296239525430795,0.038548650068853496,0.305128515363895,0.1800001214622888,0.1407838671855705,0.25806384345896444,0.5654962250075234,0.07189041410504565,0.13294668712472682,0.504232238385463,0.10592848236915794,0.0557125034838894,0.13972046868963794,0.15621717456150502,0.041136290319801656,0.0557125034838894,0.6967247308586233,0.07043958894736527,0.00039262510447064325,0.009081649845903466,0.04241282381553681,0.015233055416279223,0.05088304240074167,0.010229068784869094,0.029642937225086426,0.5177614063645224,0.29599917104153156,0.02763293817194647,0.03869483980977933,0.14546719042914324,0.011484267512113417,0.9263227691695901,0.7057073990535581,0.7225299897283695,0.1892868107609222
002061.XSHE,4,1,-0.2900586755347395,0.7287375499653579,0.3953614768407312,0.38249631290048347,0.6329102962429859,0.29419640306862166,0.7133096009622217,0.5320652762415098,0.8505408175183251,0.5395005965075785,0.185669129774634,0.0009798909517319977,0.010728456382913084,0.004802706537053486,0.00023850400894439818,0.0022148298818294894,0.001038712666886205,0.0011703394439820148,0.6180864648483972,0.022731542366630473,0.15083448977299213,0.003659038842903595,0.028855001160794685,0.8181818152066116,0.03899670293898381,0.7008703301104862,0.03222572673858391,0.19924030026227726,0.09005655256992337,0.13009317817602817,0.09665358875105662,0.3293172690763052,0.03625398741157203,0.9401744586535865,0.045117557335280736,0.044165307041275866,0.14425705683264345,0.16578401937694864,0.1193673844490026,0.3081110600929389,0.620932789112036,0.11104274414018775,0.14792153799835014,0.5318165226278235,0.10049885456141477,0.02745749818616796,0.13788249314260403,0.14445941885922647,0.13397836003538183,0.02745749818616796,0.7474143380810656,0.06102343972643448,0.0006778769510634192,0.008852219898212766,0.04568798252756187,0.02171602096121951,0.0951859681328398,0.012987193214487557,0.029492209017304205,0.5283436252207979,0.2784423287048041,0.038367206127799196,0.04939150538173087,0.11689149820134773,0.03866199078782078,0.9772052662226074,1.0,0.885570339544721,0.5437018666439534
002062.XSHE,4,1,-0.232829759872089,0.6135821447838844,0.5273305095960135,0.47906122347072355,0.41952172819135547,0.3036878634117699,0.17979404875991317,0.21485269568553636,0.9171443148956873,0.12229778199726589,0.22257328450184516,0.0017517334586139902,0.012239418455780951,0.005476291953895129,0.002296636517803837,0.011209858551915475,0.01390533395130938,0.0015579375558849484,0.6242604194295852,0.022217986081494546,0.1514517475536033,0.005056241311805033,0.0032384322583374377,0.5454545434710744,0.0027760555468355564,0.7007185621355577,0.0011223140798209148,0.009541466944017364,0.09125175538034988,0.426629958665321,0.12536876343140985,0.6987951807228915,0.12298290666986404,0.3896965298188376,0.08700662553378607,0.03925748447528549,0.3067603936127112,0.18164463881364967,0.1411582266798732,0.04740624122663895,0.6049078922742568,0.14572575903398235,0.0989551860089799,0.5332875302873411,0.11840794045425199,0.06135953961492443,0.17430669473502194,0.18711046028292613,0.09935860478715099,0.06135953961492443,0.7361882826951415,0.06794515836881243,0.0004363074776023375,0.009090008759145321,0.041979205308007646,0.016037255318921553,0.0377388364987287,0.01218083034525029,0.02943483765562391,0.5176549576811041,0.27254926122039236,0.03442382557800741,0.040150398602063216,0.18355135658914729,0.01444397918286774,0.907702631691071,0.6842189642209546,0.6944401169223133,0.2006541752304956
002063.XSHE,4,1,-0.1821168410828378,0.5116542855142576,0.13450319761256213,0.3803096402180617,0.538565752970078,0.013517598150554533,0.48706217027727683,0.3874743007824875,0.9820463688342984,0.25661910719154174,0.394416965313049,0.0030164988144772416,0.011415668535398903,0.005030433282770128,0.0002626041725302611,0.0002665428301091596,0.00027837885866988506,0.0010751343602977527,0.6201937294431513,0.022755638585866413,0.1512644980833665,0.00422311108108112,0.027699703036567425,0.2727272717355372,0.032749831988512806,0.7032180619458132,0.0050352754055772355,0.043818395586506284,0.09128134081251252,0.47268342055696827,0.1357517929412753,0.5341365461847388,0.11970206245198964,0.5081013326160894,0.09000045958727809,0.039507966540797926,0.3056577531917274,0.1818534976882923,0.14013783708602728,0.08784991092484781,0.555496118463017,0.06749746076957763,0.0859156161575772,0.5139730873046258,0.11890507176637057,0.008560358395166338,0.1503414869237577,0.1651336331191483,0.06442606433779528,0.008560358395166338,0.6074865297852128,0.0652717442434114,0.0005007437647707349,0.009109945242897538,0.08124865772183931,0.12105854077130417,0.04001962829652473,0.252405475146377,0.02947766117213716,0.8863222312531118,0.39111101248128066,0.029217635378917643,0.04168574171691326,0.14784858387799565,0.01792606328886762,0.8930067745096646,0.7095910176462787,0.7067621127344454,0.4052791655810408
002064.XSHE,4,1,-0.1363153600267182,0.8016644692989192,0.2148060947839904,0.3317316503384836,0.4508075820684432,0.07297250490092927,0.5628476939452208,0.4878333981634897,0.9993576227739631,0.5284136765556086,0.3480765938184829,0.0016534505323700275,0.011055618301235547,0.004935489454769026,0.00045746387078072776,0.002434252120305373,0.0009097719982014372,0.001158712171292972,0.6179864269304985,0.023031032193851525,0.15102240396109323,0.004530325724737945,0.05669392719861767,0.6363636304132232,0.0701349600611605,0.7196791936819452,0.015501058786383332,0.12747580718097132,0.09108760825913978,0.37432698279197063,0.19257790827038415,0.03614457831325301,0.13634542941507422,0.16285818997863666,0.11501385979672758,0.07272667828135641,0.24744601395346344,0.2010742984421798,0.14545556170822316,0.0420664018284097,0.5319723981379236,0.016100318428001872,0.06418887512535301,0.5275931167119318,0.10416589425063112,0.01351244771710853,0.1445281704099276,0.15918687707221008,0.06179204184323789,0.01351244771710853,0.759498093545398,0.060366244409170905,0.0007205086989884818,0.009064411660689291,0.04910363521905715,0.014034503183849464,0.08572493152081977,0.01248885446752139,0.030246678248149906,0.5310397707805017,0.2764731062731882,0.03315908218211765,0.1035955516220029,0.11048506611947105,0.03698316085422025,0.7785431253639346,0.7717344434124986,0.6798670761236081,0.6657149960252008
002065.XSHE,4,1,-0.1137020863874526,0.6086226240041983,0.14597776227462939,0.35564073546856045,0.5782979715785276,0.06624208818997165,0.5077181996377996,0.4619906259808119,0.8500196269733451,0.3667885462810604,0.513265501113797,0.004228842454644897,0.012832359312529632,0.005614605997245526,0.0011322800634715566,0.0010742486815533705,0.0026142646014983345,0.0011701602392661502,0.6225476604517778,0.022159908636193746,0.15200990071134282,0.005331730268891955,0.040431048877304275,0.6363636304132232,0.043991474009901006,0.6989500696766553,0.0032316610211389615,0.029935787284073437,0.09155126941931409,0.7537663403429082,0.17283437895968928,0.004016064257028112,0.18902208442969307,0.17324419797166407,0.12686169760451613,0.05037503666276311,0.3245644483001138,0.19747264451507943,0.14517479208749612,0.11396160722861748,0.5329574322532735,0.024539208781665968,0.1166104487329399,0.5137391071561632,0.12852010657687668,0.022050730994310572,0.17106149020036565,0.18775391259731267,0.06030339634364702,0.022050730994310572,0.6461741785535251,0.060509591525612076,0.000710677128247294,0.009126157241215972,0.052142658510188636,0.015158106414047587,0.060394008861555104,0.02701528811267471,0.029531862792646697,0.6372633595869791,0.3102872405638019,0.021129374634477206,0.061225870654151034,0.1375162290368344,0.029034366214033616,0.79484384542188,0.6025855778161073,0.5988822670465497,0.7359464286801805
002066.XSHE,4,1,-0.2479018127896414,0.5655748072817297,0.39905421385099255,0.17765949704580503,0.611984295552552,0.18153739855564496,0.32524680132964257,0.21368337098246182,0.395989335572067,0.300207279132676,0.04839133013703023,0.0019072921599168954,0.011118067169374227,0.004950643384009136,0.00048608911599581385,0.005638325237734232,0.0017698496111307207,0.0012286708755363956,0.617606644652735,0.025370279692958714,0.15093714569420982,0.00361264507035427,0.0036035938255473067,0.4545454565289256,0.004000956740043974,0.6984388112313874,0.0023588327592925316,0.02627294926291037,0.09119138783633772,0.2628989064251284,0.03947974466004787,0.9357429718875501,0.10059542710926,0.7681765405774977,0.0725640260141265,0.035553594961600446,0.30687546785585895,0.18131448910267248,0.13764340698336439,0.09961940872971112,0.5037730827165311,0.038079330079625766,0.07259117241256614,0.5120313090169557,0.10796748663742016,0.03840984598544135,0.13385687535177135,0.15164274038293699,0.024977488743046162,0.03840984598544135,0.6977471934861535,0.07588243748242586,0.0003283895540407264,0.008861898625431672,0.05270133644733071,0.014147403216786762,0.04396718098567895,0.009475555876158656,0.02930112007428795,0.5900561405920987,0.27204293979446975,0.05510505037734871,0.035301655864858957,0.20368478302173582,0.02330068194053957,0.9206409509877718,0.7161834947591879,0.7461098509953445,0.22962679160020694
002067.XSHE,4,1,-0.2627307403120675,0.533894274940222,0.8087439168080828,0.4090616679235888,0.7197754167053259,0.14512951397099286,0.5968850848593854,0.24110093881273056,0.9033171780364069,0.33003343149444,0.21385219274132306,0.001738358598633264,0.01109260902728284,0.004932824820778334,0.0010944386906871068,0.004622036736327158,0.0012284186074715253,0.0012107089055219007,0.6204504255038636,0.022278188087056828,0.15081330938059667,0.0036798523908895446,0.01632675731405724,0.4545454565289256,0.01823558730592119,0.6639396953040206,0.02568660650516011,0.06235868680473908,0.0903435588092649,0.263028909555382,0.08775579126791758,0.7751004016064256,0.10512075219612332,0.662235563325699,0.07051029483337479,0.025262352151151215,0.30885129890084245,0.176971318917152,0.1388821729488869,0.15386197767529594,0.527782635939231,0.0372803728263162,0.07402251547052485,0.5255526556505965,0.10022313467402129,0.0122736837526784,0.11763095709557,0.1357098816873404,0.011313811825772282,0.0122736837526784,0.7420356003958976,0.059661141211858414,0.0007739211421310346,0.009094458402030143,0.045525194198297814,0.01742367800358046,0.056278837836349814,0.017671143213495884,0.029391845231545047,0.532057131895463,0.26738657358606194,0.043069240965462795,0.01946609650769382,0.15846261146577495,0.022545163605910152,0.9193112581840905,0.7006600769536955,0.7310549149355845,0.45547310293237797
002068.XSHE,4,1,-0.3450091705842444,0.723226186897256,0.33272426427386503,0.3111292236966685,0.5131462474578906,0.2142546718817905,0.5069019850587158,0.2884485120608826,0.9223729054682417,0.23210989661179823,0.2260757255492074,0.0016050640912147565,0.011113358170621302,0.004976584140535411,0.0016570927203606307,0.011348046163218193,0.004464735383156622,0.00135575910019883,0.6150030086498802,0.02168039542516593,0.1507017219748376,0.0038788760894529596,0.015649051961112142,0.5454545434710744,0.016006854475302725,0.6934744162361797,0.005341341896771051,0.044134937143890746,0.09120816733376369,0.42486561488634345,0.06297371544361582,0.9317269076305219,0.12141692941968583,0.7349396724562903,0.08636501131959166,0.03271594964370638,0.31402232896217164,0.17976799701319157,0.138464918095862,0.1111010738694557,0.547921507657032,0.06505566815723988,0.07657959910863245,0.5111740375498793,0.0952439886014892,0.05496994889027114,0.13392649543988422,0.15158887944684285,0.02619496537759403,0.05496994889027114,0.700955973343523,0.07148649538335874,0.00037754668715324477,0.009125334208071163,0.042850927576870645,0.0152347259469762,0.0858385092249668,0.006575908171413665,0.029280174173994537,0.5428577923208363,0.27145622207907927,0.04308092469487022,0.030281696383749807,0.15334706072351423,0.021889992223485075,0.8935624405277585,0.6590763345274429,0.712709888490757,0.4431747770811739
002069.XSHE,4,1,-0.2527221304555929,0.504534853233288,0.1824348858948286,0.36765530573133476,0.48738470128699896,0.11644705586300103,0.3402931163279791,0.04177431740074988,0.928620166693158,0.3778648315760368,0.4549166312417018,0.0022410757498766767,0.011377438477017238,0.005075897320792378,0.0008760078236394317,0.006020492185928971,0.0019696498885165728,0.0012355373482040362,0.6206924039234188,0.0228230801448186,0.15113543994492906,0.004616731420512674,0.025111166354278958,0.4545454565289256,0.02591022319457394,0.703063214520084,0.0026733249531663656,0.01939947544541919,0.09111943247628106,0.36295752841689954,0.07888628304567932,0.9959839357429717,0.09025483858641728,0.6352311212720678,0.06292855916045574,0.026119077419444768,0.3067262005639273,0.17944407972931437,0.13951260473616753,0.13916222257057356,0.5060277051901447,0.02799403401532271,0.1010786166835616,0.5177434276790968,0.10700977778613292,0.015975613521028165,0.14832380958198474,0.16086841717410869,0.0843873266858526,0.015975613521028165,0.6975345212596272,0.06274002697646722,0.0005901246284818875,0.009088287572575333,0.048717111876477155,0.014626427894144638,0.038314715642813774,0.01542765065338942,0.02905153054078583,0.5852204873797324,0.2739414991435752,0.044802105411289206,0.020777754893902305,0.11414277435780514,0.022775019441287313,0.9209755933021828,0.7167418513113089,0.7592570099257221,0.1994887501442058
002070.XSHE,4,1,-0.2067253422014062,0.427040232911176,0.21307331801132945,0.3183506088561572,0.47634043243234203,0.12079335397110857,0.5505050379498347,0.5768367439858656,0.9841908461903914,0.7027052633817822,0.28551332016322734,0.0012367618451325996,0.011013220333487448,0.0048940487178619615,0.00041773751791801745,0.0028108687207469103,0.0019401803204718193,0.001187785504582157,0.6178805511072681,0.022904407655825482,0.15091546255988916,0.00394798408276567,0.025441673461527092,0.09090908694214878,0.029702442385094195,0.690955475580106,0.008483149838897891,0.04445147870127521,0.09099123393185625,0.3125749692756673,0.12101076320967871,0.48594377510040154,0.06030758243944602,0.7187370072241116,0.039628343953961816,0.030429788875079546,0.3075527399108681,0.16465780094892962,0.1384415206274681,0.07949793287838863,0.49843243882184285,0.02845672243835196,0.06857235294469718,0.5228059583518547,0.10314848090352571,0.014511924767997978,0.1364680593764593,0.154730366759434,0.02221040000190852,0.014511924767997978,0.7220911522511122,0.07239186860952539,0.0003657277197591832,0.009022361850023706,0.05000213709151869,0.014865013944969164,0.040987833190518255,0.010695016882452418,0.029373862024438743,0.5728607972784621,0.27605029576295986,0.03392526833171456,0.03466900948072775,0.16256808278867102,0.038188520667583895,0.8653308786979306,0.7706868338419359,0.756250775653331,0.4814250477734182
002071.XSHE,4,1,-0.04005867553473946,0.5811995529567588,0.2059294249167117,0.3008177401501896,0.5593845942948086,0.14848532179816196,0.3377083677738597,0.11706365747251074,0.34874848406878134,0.2684736560210527,0.03839719840856448,0.0005186744422499993,0.010666028805551472,0.004790018214395288,0.00015844009612278284,0.0019441187166751354,0.000689420956797329,0.0011489430884760962,0.6164829067902594,0.0218567633336405,0.15082406798737805,0.0034190389063381674,0.006071627991334945,0.6363636304132232,0.005955029156565187,0.7004126708500092,0.007019595971096094,0.04151216423984806,0.09231670520559287,0.7053799616522042,0.15763561940419982,0.8112449799196786,0.16073303810127398,0.34607365370460286,0.11938541509435607,0.0363428831931075,0.30294856553498783,0.18353420785169394,0.14161317745419943,0.0746322323794277,0.5283022414350781,0.021022448877210033,0.04715363043718313,0.5245451519056293,0.09978065995574208,0.011551465273292313,0.11757856582566278,0.13428903746035092,0.024256492347232924,0.011551465273292313,0.7356530965426742,0.07995161194527614,0.00029644410359510963,0.009274062493390306,0.053278878834298354,0.013905529647218827,0.0648979953050238,0.0037484841821554676,0.02961614085709709,0.5616676073329837,0.21881806553290384,0.03387815153975791,0.035223417750094466,0.10487868597051224,0.017502691870550938,0.7994311968300407,0.6253565742337805,0.6331747259798315,0.6095440688363204
002072.XSHE,4,0,-0.175079772581153,,,,,,,,,,,,,,,,,,,,,,,,,,,,,,,,,,,,,,,,,,,,,,,,,,,,,,,,,,,,,,,,,,,,
002073.XSHE,4,1,-0.2410156133337825,0.8076849235470949,0.3553807863766142,0.347302020596052,0.49859865306862794,0.16330688169290497,0.752211133581181,0.2591135228865721,0.9898892546931299,0.614190499577514,0.379824891500222,0.004078187272511471,0.011303371686941906,0.005047163466375198,0.0005135119829314312,0.0006457630074105287,0.004850856370453893,0.0012765276265517237,0.6243384066040046,0.023066643604028967,0.15106086278533928,0.005717675248119445,0.08943278530998335,0.4545454565289256,0.09279021889629113,0.7006576223138649,0.010523099583898746,0.1361580898978023,0.0917851837154436,0.5381734727396661,0.08250556692241295,0.4417670682730923,0.13582233899158178,0.8188623538264591,0.11174125606677607,0.05210258095100803,0.2870271932430914,0.197780094559028,0.1376733037485344,0.10247221287604732,0.5007765184753199,0.029910365594168258,0.11960714308658886,0.5255177673957897,0.10473265179693995,0.012267893893193786,0.17771246663450097,0.19317223332624595,0.07645477589868092,0.012267893893193786,0.7282341077173142,0.11212899320179505,0.00019495449099306338,0.009265208170124243,0.06627239526800446,0.014986652138475259,0.020548788621500152,0.02327612406604516,0.029339485248363772,0.6575218746500222,0.289290377187076,0.028224843378713543,0.0627690066563215,0.161635111085778,0.03566728479990429,0.8538758148584737,0.6983907169077002,0.6965274495462261,0.5726168603937771
002074.XSHE,4,1,-0.2850385952134544,0.2862604409286561,0.23261723608977658,0.3359098614174717,0.4867887213513782,0.15301619566404248,0.44298409707401576,0.24295276657424328,0.5735888557430632,0.333476546714181,0.09069528853238551,0.0008401511882905094,0.010906112722921925,0.004894899136355761,0.00021159745169044484,0.0014562016179798575,0.0009365163847306126,0.001147371865105155,0.6176444430121385,0.022688404697714618,0.15100539558268047,0.003594721763383807,0.01099487211781163,0.363636358677686,0.011922609436198649,0.6998172145258017,0.004502721249855254,0.05923849145337795,0.09141650019062675,0.2738321037208902,0.04048823181328621,0.9598393574297187,0.08762489277963925,0.8271705442670612,0.05287497596045957,0.03243530836622534,0.3087869690325381,0.17965392136658392,0.13820624608417367,0.04585105919602821,0.5285241756520875,0.026572050405932586,0.05064303362802333,0.5268375390876926,0.11174227292404595,0.010454869978680429,0.13042191887842272,0.1471124962095401,0.03306033547008037,0.010454869978680429,0.7383827796260007,0.07741016806011654,0.00031521772397122364,0.009051984463358224,0.05435045873592882,0.015147976144564642,0.04637291287689414,0.011566385985520521,0.02986893009924129,0.6410982842911682,0.28885569216435963,0.1223244625281348,0.029969712881580887,0.2928506738612758,0.01531135969372495,0.909739777875616,0.7247053425323964,0.7561874031258498,0.3413327454118124
002075.XSHE,4,1,-0.2151738829080113,0.5740540385775805,0.3651054243492823,0.6647849724642857,0.5893781831221491,0.33793724207300446,0.43712972549916496,0.039630799741510014,0.9977154554292071,0.21304447026839937,0.316831548984256,0.0023308845312517796,0.01124548522156693,0.005016720388629065,0.002318318017900624,0.006955595569311839,0.006673508301775583,0.0013412562081173873,0.6158635825441707,0.022843983650444176,0.15086074331172375,0.004268406645947427,0.003917233412092769,0.2727272717355372,0.0040718517384206515,0.6910048233504976,0.006805281833559371,0.025097223478339516,0.0906416289649136,0.20708017905264303,0.05319642400410864,0.9999999999999998,0.09249608999790498,0.7104277901938099,0.059327751696263364,0.025829948774658083,0.3017212457637034,0.1798648206364735,0.1348565085257775,0.04248482598522706,0.5165599814411531,0.021691379754000588,0.04238018068406744,0.534909171700639,0.0999580327873418,0.030708228092066785,0.12359283301001889,0.1431694396570386,0.0011095922473802252,0.030708228092066785,0.7934391786645353,0.061063862989149884,0.0006754468012247994,0.008998166265703671,0.04149519365479058,0.0140222847509953,0.14459513312840386,0.00733809574981087,0.02888358329641591,0.48630914693577487,0.2685522224512771,0.035348416448416006,0.012375909092876988,0.14291036505041294,0.013160256026799067,0.929922171251651,0.7292440626243866,0.7543720442657105,0.3277328952306241
002076.XSHE,4,1,-0.3049840486690679,0.6914368157248775,0.2126276319035031,0.2670520716373024,0.5820702821668259,0.11803863761758795,0.6596952826526229,0.26568277514355015,0.5917686142303021,0.4375430461911492,0.0955624754076958,0.0005208683227883726,0.010685408079107006,0.004784932374821752,0.00015324962748757475,0.0005396315480953888,0.0005949810085276834,0.0011269947941447225,0.6177408234144641,0.02266971579190486,0.150885354607505,0.003599103708269529,0.016661617048705377,0.4545454565289256,0.019960453869760746,0.7095771841342217,0.013954721809938404,0.20860088631636067,0.0918390686096233,0.32308283441136043,0.2311713845501722,0.4016064257028112,0.1500268133252344,0.0760282065785921,0.09223252541714717,0.04890626142797977,0.291395699113317,0.1898203899193169,0.14739625172556328,0.06546047469765694,0.528687409876917,0.017003799546324895,0.06525034336693816,0.5111604275172217,0.1065109058181596,0.013692383456215087,0.137952348169147,0.1548548590320667,0.03610177394271312,0.013692383456215087,0.6184321382790143,0.07194396904851136,0.00037144356971001815,0.009021448343548523,0.05218579609825132,0.014387788300669568,0.06018953204323103,0.017457679836660373,0.029558862122146323,0.6176263495974355,0.27775964156881394,0.03607864141139451,0.05800913994355722,0.20160612048436946,0.03226206855297003,0.8298800968598656,0.710663504488966,0.6723151832654279,0.6743571948696372
002077.XSHE,4,1,-0.2144007807978974,0.6907980984777664,0.4496176733067897,0.022822566093771035,0.7053249511639161,0.29811823116766856,0.3250908090509496,0.2733986325387044,0.6119071183124491,0.23661589745870365,0.10110096724835882,0.0007190672442920539,0.011702278047715483,0.0052331479412282556,0.0004228728604755097,0.008141969517406927,0.005555865418506646,0.0013715807588546532,0.6193696696822291,0.02655441578095221,0.15093636919511239,0.003826756389257847,0.004368525506664269,0.5454545434710744,0.0037119665506001004,0.6842975124869326,0.004736705397371596,0.022519670796780317,0.0911172194124325,0.3593927017033156,0.0637007140351106,0.8433734939759034,0.10989971684601507,0.724969433291688,0.07212456752582007,0.036080850559250435,0.307615818588523,0.18130040632247638,0.13829333666097327,0.1264246408593081,0.5791391987893327,0.08977255657978096,0.098425495181167,0.44848273428848195,0.10727836098452191,0.029150223960153,0.1497292112707065,0.16136828691002325,0.09391746764860012,0.029150223960153,0.6274146185279577,0.11726190031506004,0.00018795588181237958,0.00860163618923389,0.042552658198859256,0.014513699197689082,0.029747658885924195,0.01082245726654293,0.031004239577172497,0.5880103299576533,0.2789517647569531,0.04077134064051212,0.03589754373551847,0.17608924545270305,0.022860561105461506,0.9044076919799462,0.6779526557870064,0.7261607074486482,0.4281800209241323
002078.XSHE,4,1,-0.2835043684186346,0.6263943381844075,0.6179754417426855,0.7147443076832088,0.5023898544655447,0.25858593637577815,0.3359006803583555,0.1992267652598065,0.9957540753412328,0.31619310216811647,0.36464373176894277,0.0034228225501647435,0.014632246089085699,0.006269782813437968,0.0039291372330229985,0.023966671513680784,0.007152782602220578,0.0017307493057465975,0.6088512957063275,0.02393739367414972,0.1514407567728276,0.006162730237855985,0.018284797067938098,0.5454545434710744,0.014924650693266876,0.7109490433459493,0.008864306389337141,0.03857284977842091,0.09081032196206337,0.3379502791961113,0.11633129657598701,0.646586345381526,0.12832119596653802,0.4520146309564017,0.10480078908391544,0.03439379137627885,0.3105134514401764,0.2059589083288462,0.14090735382431618,0.0959717033518456,0.5054762871129193,0.03568606510346715,0.09733865844712869,0.5583110808630254,0.11281660571760191,0.05136300964343038,0.16237260561520075,0.17519799763654745,0.0911485234020321,0.05136300964343038,0.801061491486684,0.06592588136774488,0.00048276434128558345,0.009033688014340265,0.042915963757038544,0.014133899760319538,0.09936903636223222,0.00459694902771916,0.02944752479325367,0.5422390593484676,0.27388971848256194,0.04128652973249134,0.03296865506928351,0.17748225097532552,0.020829993419871986,0.8625268068909688,0.7128720534253246,0.7050325708386034,0.5557524738509951
002079.XSHE,4,1,-0.08788476249126115,0.6501466970944739,0.3109870623992309,0.3089602582997145,0.5052906802279268,0.022886128508114445,0.5033920552075941,0.26580516763832507,0.9198288633304033,0.5037153624387781,0.22435590185937015,0.0011036820955383415,0.010509888873932149,0.004719287941516804,0.0002075412384857615,0.0005533495628751771,0.0006189971358210369,0.0010930577557223507,0.6189422134814845,0.022277416785974384,0.15084474807765416,0.003687027778112895,0.020052574518391868,0.5454545434710744,0.022431816799970233,0.6854919660583462,0.011800445182293342,0.05503301076241295,0.09006847211149477,0.2311212325062345,0.01692046938841576,0.9879518072289155,0.022070594807833424,0.9896139920069724,0.026158439072055714,0.030583760735841625,0.27204100287215294,0.16778756241690793,0.10176338920128841,0.066719772799789,0.5237527910137548,0.04193053720639733,0.047743749892582,0.5230768341345722,0.10001651882406164,0.00516604815759613,0.12085807137111033,0.13835599932146958,0.018988447358118114,0.00516604815759613,0.7291105042551974,0.06410753880603919,0.0005373728665637284,0.008983749477589169,0.054470769073277955,0.03878959428142219,0.04538553972457568,0.036225156557739294,0.029318908492830687,0.5285543049067299,0.26922712302170143,0.03784746704383933,0.029868817668495928,0.17827391130870954,0.03199497517497159,0.9364073085171352,0.8472286718853659,0.9006662036951465,0.1021359417693681
002080.XSHE,4,1,-0.130199520605162,0.788954251019212,0.4062226673201984,0.39886368807695866,0.5039467580112492,0.2857001332705667,0.702283246346404,0.5079189593120077,0.9924302232557243,0.4398269837985834,0.30101115875097517,0.003618420319434383,0.010970243805480498,0.004803006364139858,0.0008245151499597388,0.004479775855019012,0.0055604225438641765,0.0013010887448623074,0.618314980786727,0.023843278746968368,0.15073667223848275,0.004073081971239649,0.021477235345712446,0.5454545434710744,0.01671162032274922,0.6820780816747912,0.007185816330184341,0.08031111513068644,0.09102522205056643,0.2852999812217512,0.05634359802985087,0.36947791164658633,0.07514648508269967,0.9580391726097656,0.059327751696263364,0.05515029284734664,0.3067523365096139,0.17919309094494518,0.13632664945652878,0.3228300577170916,0.49981063221700817,0.04093961890576957,0.16410605962682948,0.5210326393474636,0.09576670755467269,0.02340056615005503,0.14848925844529912,0.1662985610353553,0.03457018674601868,0.02340056615005503,0.7219754679081116,0.09350244899574137,0.000234731968380768,0.008757383285858905,0.05323903922697441,0.014284879326323802,0.04248960849455917,0.010058264832130178,0.029525975546690522,0.5765881644587806,0.28015829309138923,0.030203708015964618,0.07027467041549901,0.17919928307240207,0.030666836154812464,0.9036656204286262,0.7361378311441338,0.763415832041678,0.21353722737691488
002081.XSHE,4,1,-0.1327227681988321,0.568505611475182,0.08828141954730567,0.3599301483002865,0.5194992431138404,0.18648551125496327,0.4378390449709374,0.3769654026832173,0.5499390114855116,0.35021820382576946,0.672872096526968,0.003065680665454255,0.016705410347876884,0.00739132839335204,0.0037084460527529134,0.0020368881021021234,0.016202558279049355,0.0014200921728415115,0.6284459041349664,0.024051339096723575,0.1544852766321413,0.006507666098769288,0.07611666461063121,0.5454545434710744,0.07564669108459383,0.7023411146226962,0.0023997874202038067,0.02093696300985801,0.09131718775783407,0.39087744462068963,0.26626524385988676,0.2971887550200803,0.15373851539822728,0.08267537488489361,0.09880728724384473,0.041354488947500885,0.29908814011345164,0.18885155044004173,0.14701539293448448,0.1589271884803168,0.5882697614428297,0.14379791489280003,0.15757320608380376,0.4966899918805516,0.17768040548926267,0.08075168170355915,0.19537944501225582,0.21095699144158947,0.08718887481355483,0.08075168170355915,0.6503353093153942,0.07359312500507795,0.00035154407358582165,0.009098556569734538,0.04155125932734911,0.018006414795042266,0.07378772544181218,0.01528924712981879,0.0294969574993503,0.5566384614616957,0.29063161310580216,0.037269512437484324,0.05209885339414259,0.11363912005370624,0.022446312137345218,0.815826894945392,0.7026419662995886,0.6634945195966337,0.7038378412629914
002082.XSHE,4,1,-0.2062172121201053,0.6900652503499022,0.5543291365440376,0.4621897218769793,0.629958649190161,0.10317025586068704,0.2566153777312632,0.1625995286423173,0.6235827525007926,0.10032716072060432,0.10438701860635102,0.0008006539750031174,0.010906196776843756,0.004895268820164346,0.0034427730807873613,0.0014784902101097688,0.0009611248259409976,0.001139067730884812,0.6186081310178263,0.022516482866083026,0.15101143888514582,0.00414736703678622,0.002828729314748677,0.4545454565289256,0.003501455663837957,0.7011439973169199,0.001936667942610095,0.023333634801483222,0.09115030537176225,0.17639154232907006,0.05296310842898735,0.9799196787148593,0.07883447020953921,0.8155382563784583,0.053702297344579916,0.03322728628196485,0.3059026338411547,0.18069554446769187,0.1349228013528936,0.12301855389487512,0.5354967094834863,0.04245140778781852,0.12917065291525984,0.5115080253424429,0.11296369113732886,0.241014112506299,0.1800660276184743,0.19618911656353474,0.07174285239427794,0.241014112506299,0.6692514521890633,0.05260728750855081,0.0051938152240456874,0.009083915243263742,0.040011761918506625,0.01705165295906992,0.5163693692894756,0.01792131990487946,0.029247930537014286,0.47326031249341627,0.27027889336551525,0.03077443138506468,0.027958570702001015,0.15344324745402038,0.01455733684273494,0.9436780119583588,0.7720661403741547,0.7873693271685946,0.3495826262720521
002083.XSHE,4,1,-0.1718638331278628,0.5352060279847187,0.545109891796729,0.6128618992869808,0.5609781092306676,0.1731183215573638,0.33578984919089105,0.1377969094429291,0.980941638075099,0.1761992509334328,0.2806217386256499,0.003354374372780853,0.01273747241994282,0.005696961424263509,0.0015750303493942072,0.010187899505193346,0.0026691461158351772,0.001335894428323503,0.616304696152113,0.02253293764462365,0.15170402817314502,0.004100036468199022,0.007487762597510814,0.7272727282644629,0.011143904530043587,0.6886400679172737,0.01323427089558524,0.024147598806186128,0.09209248065730999,0.8517043554053416,0.16529664289799353,0.6546184738955823,0.15112767490918383,0.22351424239220036,0.10299295055631173,0.043517411568872975,0.3128619295127839,0.1832797934092636,0.14462755129894944,0.156970006870143,0.5206830025528465,0.024589521593650486,0.08404282289382348,0.5372233991710968,0.11505578540916117,0.024048887200259435,0.12795825008355324,0.14435639269916267,0.034181060750043006,0.024048887200259435,0.7753269835482842,0.062148654742274406,0.000617149146461052,0.009070458569097647,0.047738798870138176,0.014054463883972306,0.07365470234789455,0.007540302593603012,0.029600132778782193,0.557170150458561,0.27093607949927717,0.05708349251534443,0.050013039685794076,0.18355666071338095,0.017860411557097566,0.8858523526153583,0.6373474193976385,0.6581118155436967,0.7373562939571274
002084.XSHE,4,1,-0.3091495846256486,0.47887438292795287,0.2237450124972078,0.35526534101664253,0.4628085951507461,0.15010781682853652,0.6542189800135152,0.4094774664973449,0.8737120622021377,0.43772789586543864,0.1972303926772645,0.0023503837122580895,0.010776258806550863,0.00484469967390953,0.0005130977203164172,0.0023750946992500887,0.0010954478551774883,0.0011580365586258054,0.6176952628214415,0.022479126547991474,0.15089191544504318,0.0037895815368598072,0.042391357203533174,0.4545454565289256,0.03045368551044403,0.7187344975123658,0.02460143221670957,0.14520213439450122,0.09096585799433884,0.45680135074133493,0.23722924021336347,0.07630522088353414,0.14208295397199555,0.09306138287792103,0.08904116003637791,0.03657880657842498,0.32128188080160514,0.18276605217475994,0.14547895917661707,0.05520372876549737,0.5286346904490087,0.030531278885009797,0.05924031688212222,0.5274487861296182,0.10246457721819173,0.02058127284066321,0.13554908465507737,0.1518022548418312,0.04064776224719732,0.02058127284066321,0.7542362087319477,0.0643186502269904,0.000530235388736783,0.008946505994059372,0.054926681930600976,0.015551537810245661,0.08338774347383157,0.010868412478333377,0.029517011186293116,0.5840501062823573,0.27339780220293625,0.027192962072404344,0.03713688082881685,0.09588463292293661,0.02511619907878208,0.8418127139225404,0.6498330458626334,0.6553023001586953,0.3831599825712201
002085.XSHE,4,1,-0.1223371565473978,0.6164774537910527,0.335535368527362,0.5758825355345378,0.6662243208294569,0.316054439182559,0.4873851343708788,0.3478090552490349,0.9669098889209908,0.13921636112974858,0.26335257650550076,0.0034378041351577683,0.012721976600307027,0.005627447537276254,0.0013949025652115709,0.0006312754435957426,0.0016437899452094345,0.0011655552783474035,0.620591643734442,0.029098107435374318,0.15187936278174244,0.004298864246558844,0.005678019288224299,0.5454545434710744,0.0049780077789796295,0.6915262986640917,0.0045963046441299775,0.0318802568508637,0.09132512622625977,0.6229435156144009,0.08192272690476612,0.5702811244979918,0.13323982707711035,0.5421687118044469,0.09051555170186326,0.035534988134103565,0.30881260562110724,0.18147076318720273,0.13961789334394017,0.13919249532080702,0.554952590710083,0.05024985721325969,0.11509303400415791,0.5324140793419135,0.14663911556579756,0.054434478952848066,0.1614959459155027,0.17590078921783997,0.0755813629853704,0.054434478952848066,0.7257357933199888,0.06024755769085082,0.0007288939357934384,0.009042865574141214,0.04856791122785669,0.01950487012169966,0.10675565172632567,0.028672609672763298,0.02970180968464819,0.5714159781691492,0.28855279476384615,0.04032658704939032,0.031296338559309536,0.07864250835993312,0.015408267033558652,0.8908489085512208,0.6622827384901155,0.6774206325106347,0.5083655331927514
002086.XSHE,4,1,-0.2577057343582688,0.5839358199966544,0.3985090158806111,0.39081997658034423,0.4838925764973264,0.11284231481501564,0.6075518078738605,0.1674237717372644,0.8700619720585666,0.18286486057964677,0.1953357405745123,0.00037797388849636983,0.0108399454788391,0.004862997994343799,0.00021629700569177353,0.003930591211178717,0.0005443050443710361,0.0011698771713847425,0.6173313782419041,0.02240722109985322,0.15088943250244502,0.0038489768771911162,0.030513637814601948,0.363636358677686,0.01721464081242312,0.6941666793742661,0.009388397539232375,0.06493623948629827,0.09074261882074797,0.21221845831200636,0.1022747898814105,0.9999999999999998,0.07987603942810535,0.6144580786963132,0.04663082448378725,0.026682962484538587,0.30325944804992866,0.17412544342235353,0.1401326376486064,0.26683875436972254,0.5296037931452481,0.040508116411095675,0.14965604003214,0.5262452417077563,0.10424109058355661,0.0103100416560954,0.15290208087316903,0.16892771261436818,0.054446095844277495,0.0103100416560954,0.7327235950487102,0.060582208590705795,0.0007058156962089656,0.009115138137899473,0.045572948959394725,0.015234940117578376,0.03585632877692285,0.009102320144562442,0.029800473497488954,0.6297858939970704,0.3033026912511902,0.03754646882434869,0.017401187528823883,0.11103052008917262,0.016363581982413115,0.9273471119569385,0.7531317721463009,0.7751780371943926,0.13592813447538873
002087.XSHE,4,1,-0.186578822054886,0.3755890779154638,0.7203733600392118,0.45720512101778643,0.5171444118731239,0.20445787514796793,0.4349126878277547,0.275039204991122,0.763682898363892,0.07094263666017628,0.14945435013297348,0.0012049659878613046,0.011831585821342555,0.005131675205882372,0.0011355288812881907,0.0063820908152554465,0.0011835564306301176,0.0012648968782565464,0.6188851447684405,0.0221705091775373,0.1509637942086026,0.004213733513924215,0.017088143959533782,0.363636358677686,0.014035341870835176,0.7002311905596458,0.021371543199816004,0.0495613638419101,0.09122612581717812,0.32367844703264936,0.15450047977169942,0.5983935742971886,0.10516423326407105,0.4287490285894965,0.07707335705211889,0.04147712656206182,0.3064258702529405,0.179205981691207,0.14083326184106879,0.13693999337058976,0.5299424237508209,0.035399963356534184,0.09771910346869107,0.5281371968375262,0.10416363139801993,0.030463171777908925,0.14564830463599565,0.16184778060939775,0.04793141627813708,0.030463171777908925,0.7371990600355,0.07211254486480667,0.00036926305402053435,0.009084955138239844,0.04345181966746855,0.014945509965797169,0.06299682739921006,0.0123081533719155,0.029650845913198772,0.529020572316911,0.27543145846461004,0.03175666090388515,0.045377900402364495,0.12334273825809394,0.00784605491415924,0.9227127153427732,0.7258303480606783,0.7175922136287902,0.3041503712419791
002088.XSHE,4,1,-0.2361751803891085,0.6059730358169964,0.5669603678127821,0.4166262202754439,0.5537853920553283,0.041410954218704,0.3368791020479528,0.22266859245516235,0.7719398387163345,0.15134122360429791,0.15253575737972414,0.0009604736892659557,0.01080226869284461,0.00484476296915984,0.00037851754121544375,0.0005828526631522896,0.0008839255296650397,0.001131402594189783,0.6184471454505461,0.022389013249190192,0.15095357774129908,0.004230665903502526,0.006471587297689144,0.4545454565289256,0.005723736722215006,0.701076874843087,0.003404220071940826,0.03888939133580537,0.09118103612599947,0.2889266129815795,0.06018544422951364,0.9598393574297187,0.09908347179198657,0.7960114936982791,0.0693696433237511,0.03619789510772457,0.3053255857018744,0.18197685614241776,0.1381711498815828,0.2263267294455876,0.5287587243365945,0.024045553023237125,0.17344476727345867,0.5255631341713152,0.10904460448034373,0.01714962517002086,0.18866681029236027,0.20012814821992958,0.12172221652316982,0.01714962517002086,0.7289212026030146,0.06771951342584026,0.0004409233931682167,0.009096556834971636,0.049772729551332134,0.01526087617750194,0.0594411847627958,0.02223704142243772,0.029395299663693326,0.6246796837143495,0.28881967929861735,0.028717266260818212,0.034203580316321126,0.16810234268125857,0.014981904647963153,0.92248459047592,0.7265849586484459,0.7532867897325941,0.4892168136074232
002089.XSHE,4,1,-0.268974338185342,0.7790573694380172,0.2917393509074105,0.39797867794927677,0.5476000732227803,0.11239868219055446,0.5855223006810213,0.22239394223110895,0.9030647057842052,0.41275694781477124,0.21369904847264565,0.0014541143416509008,0.010988087203061598,0.004744328008368276,0.0003059467096694892,0.0015477650566408198,0.0011011822159977737,0.0011480770575553847,0.6180267088886975,0.027686800002247002,0.15076553131943143,0.004056263276053809,0.02023645521180942,0.7272727282644629,0.01965672490410156,0.6980618944945949,0.005293545254491418,0.07587953332730396,0.09122829566089286,0.37384511886180904,0.07648840571516397,0.9036144578313252,0.09765650219842914,0.8928127428526258,0.07400436346360449,0.025570729927051845,0.3093802302280686,0.17981298809705878,0.13739253412780736,0.06106843002216271,0.5262469878561375,0.02707051520938819,0.0718165548302351,0.5283920938798373,0.09768073273256336,0.008420910754717185,0.1456198509816863,0.16254998522667474,0.04098307858569134,0.008420910754717185,0.7530501520840126,0.07203937942296976,0.00037020507550455223,0.008795760701796074,0.05972155016703612,0.015686272536074842,0.04024488997327344,0.013468974784700959,0.02936050606733548,0.6437190287001174,0.3025345465581142,0.04427778383540598,0.024780948740737437,0.10020195255104626,0.03449557336842735,0.8748473249918336,0.7291279686878069,0.7483371312841121,0.5075849464401113
002090.XSHE,4,1,-0.1197046932338544,0.6303743094862553,0.25424201073246017,0.349120381740743,0.5200308605599202,0.13007402554485098,0.2888974929782758,0.23904353563334732,0.6654681186821563,0.18493649176200794,0.11668147663601214,0.001266832935991489,0.01080328566087355,0.004803309110140483,0.000269254868829983,0.0012098197688771527,0.001066477750776304,0.0011436317540143913,0.6179511885275529,0.02225496534645606,0.15089171979190574,0.0037109702973041527,0.0038529229436980207,0.6363636304132232,0.004856735378090359,0.698775452940394,0.001991939147717031,0.023333634801483222,0.0913721000010152,0.7093489677688057,0.15785863793833196,0.5261044176706826,0.14936076242076232,0.2226837313250501,0.09742281220816645,0.04198289919226707,0.3067797351382185,0.18218664126331885,0.14368515326641657,0.07523036073443945,0.526721060652571,0.035572651791586044,0.07753967574564011,0.52250485143465,0.10510880752715292,0.02031219781613456,0.14684748259164968,0.16253620554764286,0.0535795748082799,0.02031219781613456,0.7135854317187773,0.07577651960595796,0.0003293643110544041,0.009102821701857715,0.05639890053237323,0.015744591191047482,0.05172131883529413,0.013712589240053169,0.029716412016126723,0.626929520992013,0.2806712330980428,0.05042739049672425,0.04706883325427057,0.18302601079191366,0.01854010887120895,0.8814203391515532,0.6462037282738491,0.6650933556545457,0.577441126438412
002091.XSHE,4,1,-0.2677940444914825,0.7702378942294437,0.16556783691911264,0.3825087080003109,0.5479733756621186,0.07330550053836099,0.5608564618299532,0.3396593274532413,0.9998832041407206,0.5048037712427272,0.3312058778486979,0.0013483700537336085,0.011540104837039027,0.005152009670082871,0.0017045079615919676,0.0005378111546025667,0.0016918267731578925,0.0011189220552523655,0.6194961865943349,0.023397192603857815,0.15130709423537672,0.004482258993595076,0.04155821777259979,0.6363636304132232,0.07809799625558958,0.7144858570562287,0.017778443677407055,0.11327665732115401,0.09263254074847324,0.8103426060468704,0.32543495363581787,0.0,0.2631685049495949,0.012463825545452764,0.16570544463554476,0.0803519591115111,0.48730089074978966,0.20996204876332678,0.17774016851376678,0.041334380963721724,0.5555121001389702,0.07244454724790193,0.09731249375740154,0.5224271257024222,0.12287533370548555,0.0697328425851162,0.176288113245753,0.18895992799460865,0.10193908269643108,0.0697328425851162,0.7016816296768902,0.058713546492640836,0.0008622409835019215,0.009067417842712215,0.04209582190692939,0.022065461715730546,0.162855462648778,0.022223594217455407,0.029435945089904884,0.5275042329984265,0.27891341592154106,0.03548212933774704,0.1304088977455672,0.16590176445255106,0.02986675240772866,0.674811109059664,0.48865872805271815,0.49813975226622786,0.7617079192553377
002092.XSHE,4,1,-0.3454132341454486,0.6299385619507685,0.6420348693800939,0.5356900077611032,0.5389474141742919,0.3939519170208135,0.3988306172446668,0.19002112736313254,0.965483750007684,0.14503970594206622,0.4174794079686519,0.0035158235272790064,0.014381951650244064,0.006282114269688022,0.0029378747753491708,0.007604103243042865,0.011052813090183288,0.0020460002871606465,0.6117209621341404,0.025637623041670218,0.15158205421981305,0.005071744078626272,0.021123174441258434,0.4545454565289256,0.022248832160300207,0.6900862380116665,0.009285055784369726,0.026860812155195802,0.09097748652955803,0.2500859088949749,0.11590236221994621,0.8875502008032127,0.107883117618924,0.5043624929293634,0.06915099886467599,0.03615856021628011,0.2989369097946446,0.1795694142970157,0.13932932456708183,0.34520620935973856,0.44162411419802033,0.0608109572779377,0.1656192188184575,0.5434835725701395,0.11075671357908261,0.049139376259460674,0.142468882861761,0.15789147544054513,0.053166592313913345,0.049139376259460674,0.7520335321000682,0.07643379608825379,0.0003234493714357634,0.009072442402487332,0.04393095030919228,0.016398111366528592,0.09182113049676366,0.00499382250072791,0.029493069901025702,0.5781593913796526,0.27685425865763896,0.025441873283698336,0.033875907958991265,0.12797276371789026,0.014159239097924268,0.9298351820028121,0.72981900402459,0.7345100379443008,0.4274187032276906
002093.XSHE,4,1,-0.2208215279393829,0.6483703689322597,0.19821344447608588,0.2550870817738379,0.4069185496874239,0.09203533007785805,0.4633424359903397,0.24394106764732132,0.9930049818263889,0.3357920015777963,0.30236641776581935,0.0021451804904720115,0.01173493633357394,0.004969775750288016,0.0001983604146519059,0.0002780609813848356,0.00048613185594741104,0.0011239933531467096,0.6197401090281374,0.03257898782085773,0.15112108725094142,0.0037817505909033037,0.027927231809929665,0.7272727282644629,0.0431064568247525,0.7056153673237001,0.006074736834388868,0.06606674504838564,0.09167048343372124,0.5408779697326426,0.1720685128402205,0.3092369477911646,0.15232208666962688,0.21479028312317328,0.11100504457604869,0.04472500835491111,0.3284312884908281,0.19047312893545884,0.14367605425093002,0.04314567368181294,0.5089212429039851,0.033899832765459194,0.04050008436945596,0.5174868444380494,0.11290555323177999,0.002165407447244611,0.12166764309688634,0.1406431744847525,0.0055182731500146975,0.002165407447244611,0.6188539771459154,0.09972231411874982,0.00021802902466851797,0.0089682179483798,0.07806294024744881,0.03015841192841159,0.02536681118147786,0.0840668205013877,0.030121445547670267,0.7569427272817997,0.3052127357845053,0.036940369267599166,0.052107223532375624,0.16655488422759285,0.020597595262307828,0.8539601411711237,0.6563868249966833,0.6475127603224606,0.7349999543513345
002094.XSHE,4,1,-0.2601725275271492,0.5850285226373982,0.13898313697384418,0.3500951678057468,0.6334113206096214,0.14880078183470832,0.48878202140305216,0.29320569579492006,0.9077760575513794,0.3342043439673458,0.21658575017426374,0.0007167810890510517,0.010752067804073099,0.004830301551230071,0.0005149798941748463,0.000799309204390719,0.0007952880630434313,0.001137809074326715,0.6187615749494322,0.022180743295883248,0.15089929202498722,0.003680668616604865,0.017230858575040094,0.4545454565289256,0.015758665444393014,0.7000273648656172,0.0061837351472688136,0.05191281541105182,0.09116617192772022,0.12810013544411503,0.08770539971996547,0.755020080321285,0.07099536070181078,0.782301388257251,0.04284765661252098,0.036745056063746666,0.27818680660694767,0.17595787216468886,0.13474082104316312,0.045174511535890395,0.5426530828451885,0.044621416491825695,0.04942158464452839,0.5091201671938312,0.1036332535590755,0.01398989630648087,0.13199605856847993,0.14876027190521054,0.03341791787373921,0.01398989630648087,0.6148225530716531,0.06887367271262276,0.00041857840885974225,0.009089073868064778,0.04487694310429164,0.02002676104508315,0.07526460510431782,0.02503350261098756,0.02940976169291978,0.5460850724571794,0.2775094981500094,0.025339604088947792,0.03662424078619925,0.12663905355423824,0.01924104205299994,0.9517475962562667,0.8081492415196148,0.7885417189269974,0.323029410886982
002095.XSHE,4,1,-0.01313559861166257,0.6906414097825126,0.1430969997173439,0.3378057804725118,0.4833194995774644,0.020079166910718815,0.3577097681826299,0.30800584332551406,0.8466729426145939,0.18756789261703438,0.1838377230925745,0.000397526894448921,0.010682166399448054,0.004800687163324238,6.806889191766459e-05,0.00021967475653189634,0.0004111833037312003,0.0010913906261011282,0.61817183524514,0.022251164890833043,0.15094302717983904,0.0036641846993660555,0.00945097730622271,0.5454545434710744,0.02053577021364709,0.7060831903835341,0.004051995916572381,0.05679659943926924,0.09174606225296673,0.6447355525808643,0.22059003440582406,0.11646586345381525,0.16993916603311673,0.13834630771615614,0.11250308857395917,0.04786620539363015,0.3125139792122436,0.18644798791111775,0.14939803513259864,0.08167249859928144,0.5318427242963106,0.11310910335100452,0.08311775148179176,0.5254004962884357,0.11170154157704465,0.006516906256712427,0.14994561566907763,0.16611922955326922,0.05105926828938568,0.006516906256712427,0.7276276413130992,0.05339696584153033,0.0030296037842289588,0.009096211665508174,0.06446523374240606,0.0742599725703143,0.022663116797602037,0.05077290035537003,0.029293264510329303,0.8666952008276385,0.3340442467695,0.028190035940061652,0.05988036062513799,0.17152334447991083,0.01762846204462523,0.824388234792859,0.6341189023041882,0.6279082048939435,0.7056553637784493
002096.XSHE,4,1,-0.1839072559763798,0.7514825123453631,0.2735733545343003,0.3556063833347528,0.5825137982311182,0.10210853849986368,0.3207857950489335,0.2694683310335882,0.9961637390130662,0.25732853549171747,0.31111913223668786,0.003831763308109837,0.011214461520604032,0.005025027923681746,0.0006227220151029382,0.0016963115332231408,0.0009799542435344906,0.0011351750489726666,0.6184751701114434,0.022727135701866564,0.1511799960834249,0.004178279035752596,0.00612953015606209,0.5454545434710744,0.007959485833714412,0.7017781075183651,0.001248847278669748,0.018042868770914353,0.09135128986566746,0.42537154431723495,0.10400723630127953,0.646586345381526,0.1277888822862082,0.3980057468491395,0.08286274653543853,0.050219913377420766,0.3082640641065129,0.1817033392794169,0.14053689390807914,0.18201354206394618,0.5056014266510428,0.05615871626477684,0.12889871036358377,0.5075436115229361,0.11579469381950547,0.02288379561746918,0.15724645790507646,0.17297893824973645,0.06014011186577167,0.02288379561746918,0.6487274138005579,0.059140929467397095,0.0008196806772673745,0.009087540482195719,0.06179650772861997,0.022553395890138963,0.13303136167242546,0.016296594369667988,0.029433803777863442,0.6599884902361054,0.29737867216865393,0.04269198975536805,0.060473156080194164,0.2046570210771647,0.031175450140575465,0.906856705628382,0.6637726106762201,0.6929218167847422,0.31706786886181637
002097.XSHE,4,1,-0.2805650046486635,0.8215209863818109,0.440009908840782,0.39012425733431333,0.554433530683772,0.2587987137184802,0.46150698899270426,0.16138678025471936,0.9179548605957994,0.21989241594270428,0.2231081600597037,0.0019588269451204193,0.011404373661467982,0.005032725996181303,0.0005096589537011378,0.00815319895816782,0.00421692405893728,0.0013396228552136685,0.6191122666857395,0.024134710392314764,0.15086015752274654,0.004226566777861026,0.007279949454915136,0.5454545434710744,0.007926731045023028,0.6902770799764013,0.003588422382394074,0.031292393958578274,0.09119084661962024,0.41521826524601546,0.07909976905713975,0.8955823293172689,0.12386636291407481,0.5317827038114196,0.08489636097957523,0.036668892536253266,0.3085912342721537,0.18177920219162533,0.13886397491791386,0.15397533946340425,0.5258140251569672,0.04991989114653717,0.11371926424563025,0.5320691714051528,0.10116100004856429,0.023135562440146303,0.15524512183632888,0.17036242037239177,0.06463176036836553,0.023135562440146303,0.7431188265167211,0.09923284765920493,0.000219185577107917,0.008956012821950566,0.05127370654514618,0.014551607394274309,0.025595906509891558,0.010856412681596435,0.029562181700673672,0.6136583640389736,0.2690639944730958,0.0569266721667403,0.03776090968146675,0.15596333979328164,0.027230812944906382,0.9067262217551235,0.6711445756490209,0.7068017205641213,0.37540530017156626
002098.XSHE,4,1,-0.1437820797900585,0.5557873528494104,0.3961789562052527,0.5632097854709244,0.5651813977359449,0.13031645070760667,0.42909063337837017,0.2745602619052811,0.4002695086406982,0.4428298242187877,0.04931877905618853,0.00115716207200252,0.010620050617862262,0.004773540122811328,0.0002764794147348158,0.002536793593578426,0.0005436600211335994,0.0011510870191489661,0.6169622580610099,0.0221967865983258,0.1507882987060661,0.0036507840222649987,0.005008767178641304,0.4545454565289256,0.0037875759033600027,0.6826672359619482,0.005159200899654484,0.030704531066292846,0.09115987415674959,0.3569678059469009,0.059105777712820336,0.8353413654618472,0.11678224285889338,0.7831329259141011,0.08805069099423361,0.03986083579835054,0.3090815130088937,0.18223297608042602,0.1379657721034584,0.15120747614551563,0.5296046977684152,0.03357391066841828,0.1070653063517269,0.538938624614262,0.09593676963168245,0.02053151687505694,0.1498712446038232,0.16377190455372553,0.07256510637215023,0.02053151687505694,0.7863415352363993,0.06314318204258834,0.0005732803455173639,0.009165729453437308,0.05344628433659665,0.01448748471598269,0.07160388346142349,0.0071440550268625285,0.029654012930053958,0.6161216531036999,0.27917115124177233,0.03886451212629737,0.04296938281775549,0.15211571224096873,0.033101782616498175,0.9017909133516071,0.673925301844235,0.7178602266095961,0.5385623696957214
002099.XSHE,4,1,-0.2169075501328102,0.5844435384347173,0.25891546890730677,0.34757949375933284,0.5098888367859211,0.223349502242026,0.664162089443031,0.19138649992460408,0.7864159390343178,0.45883343613501754,0.1580927710935901,0.002016347592168565,0.010699957050054887,0.004808390913699367,0.0003676340174233536,0.001724378510961735,0.001219327461402517,0.001185747836771387,0.6176250264434483,0.021761996087256055,0.1508486860459551,0.0037308299357706274,0.02585624029680612,0.363636358677686,0.013507198560677952,0.6833707815831332,0.007725389298506182,0.0696391426245817,0.09097899480301816,0.19003746695088364,0.05506165704824852,0.9116465863453814,0.05553784104639166,0.9746576066703692,0.04126604800409409,0.03245557695001708,0.3025210923765821,0.17234769231915717,0.13549083989112376,0.06591835004493812,0.5317040768551761,0.026252248911653,0.06236541863750659,0.5202886242288451,0.10102383636720945,0.01868140103388068,0.13505931634117643,0.15246488131405925,0.029390410800950124,0.01868140103388068,0.7131857948975026,0.08044382395121896,0.00029318980076763104,0.009213248239843276,0.05968909803656694,0.01486423222227122,0.06056051867182353,0.010795122766233439,0.029046668999643394,0.5572477692902201,0.264588471249956,0.035288722178627156,0.030681607569573676,0.19588154544763642,0.024797810611951906,0.9120361165158852,0.76843682278537,0.8092935811551227,0.08358835160258785
002100.XSHE,4,1,-0.2318394974525476,0.5627634316432331,0.2930433797616161,0.4438540048479006,0.5621652210182814,0.1216571178992567,0.43335752974522096,0.2852956227643445,0.9432077938842878,0.27839869135711753,0.24148050301793594,0.001986493191341692,0.01162528500009144,0.005133172191171877,0.0010969876323110132,0.0027561442099887203,0.0011061677871686605,0.0011721706304246777,0.6178097611362225,0.02292785232959868,0.15128803751776282,0.003944162682623319,0.017851730091953108,0.5454545434710744,0.01695974557318394,0.7024647434183869,0.003640683994976339,0.04291399113683639,0.09133007472344193,0.4377179864390086,0.17297142772150084,0.40963855421686746,0.1265444014172193,0.22642257101177599,0.09051555170186326,0.04687603837066841,0.30445531686680544,0.18256882802667096,0.1422449091008353,0.178429924742426,0.5257243669497332,0.03741174719272907,0.11908920303233653,0.5274523994126247,0.12949104441266007,0.059358191825655424,0.15251495454894184,0.16761811204366028,0.062934768116161,0.059358191825655424,0.7192165716068556,0.056899067913896643,0.0011185255922547105,0.009111768965908618,0.04558429401313598,0.015419244629281289,0.14197799613272305,0.011133816295649641,0.029650747837838096,0.5489514250263072,0.276693271414564,0.02755372768655495,0.05370134315979315,0.1526930701221057,0.021545432792965245,0.8957957563448893,0.7018431294502676,0.6920662876637456,0.41751813188334785
002101.XSHE,4,1,-0.1772356139045208,0.6071816371046675,0.5316179887805668,0.39289385385433595,0.5384957065204217,0.12311745381628908,0.36142375167852253,0.2789249834779294,0.581053252764681,0.22461536379227998,0.09267893597711241,0.0009854164179491128,0.010874135306539544,0.004876488049481621,0.0004021388494625615,0.002041358585673075,0.0011497836141248366,0.001162838691570187,0.6175646153547528,0.022367210214426995,0.15094172197665373,0.00377268943667741,0.008254987845639229,0.4545454565289256,0.0038131209265846963,0.6965952989364163,0.002688019137949978,0.02455458080853758,0.0912891063190914,0.27600107173969063,0.029569787419328218,0.9277108433734939,0.08333805476242866,0.9464068847211627,0.06968934555715765,0.03266152152532437,0.3069122243950267,0.18090567317324519,0.13818804805320062,0.28994507508648465,0.5308870513647044,0.03626234899917397,0.16843704333624887,0.5094832218408023,0.1118479307344297,0.04429631224208913,0.16327858041011845,0.1760128713941438,0.09261993920834065,0.04429631224208913,0.6861308495086922,0.06825891484013855,0.0004300963740880002,0.00906405360563029,0.04720769205197194,0.014760948449371643,0.08366764623394993,0.010372665374509257,0.02938404824037125,0.5768093781290091,0.2785400501026562,0.04500765942400026,0.02835268876259463,0.14617287645032173,0.017520936770951727,0.8794062717473121,0.701270952191412,0.756731350653397,0.26655377207081765
002102.XSHE,4,1,-0.3113352712794202,0.383624717435765,0.17139669133643365,0.30227044584997004,0.41677319912500443,0.1929281271761319,0.6379678162862569,0.5130658568729708,0.8856599273406813,0.5375314447471562,0.20365115813659113,0.0013931222477142446,0.01082885345132011,0.004871367655236641,0.00021540356489856466,0.002959863903771731,0.0016877323481278678,0.0011864826072305065,0.6161682148941907,0.021659199799182387,0.15083103591167268,0.003513621090463941,0.025616608959475963,0.7272727282644629,0.03089378656153988,0.7040209371392623,0.015110595476091301,0.13977570769648187,0.09209708058103051,0.6135414414893385,0.20021525669421195,0.01606425702811245,0.16536377183770756,0.275862104365162,0.12399657129167958,0.0703158900282447,0.29196469733968883,0.19864136551537673,0.1421734168362983,0.06086376690755241,0.5287718413725183,0.029451283954909084,0.04390034092069068,0.523433946938377,0.09992356780141762,0.019839925320223727,0.1191432818742469,0.13755742080297179,0.009148967132902168,0.019839925320223727,0.7297753970952714,0.0975427244583981,0.0002233681072025127,0.00405336914945477,0.0570740631492075,0.014811599796786366,0.053550063056641596,0.005236996865735243,0.02923011759963138,0.6581910598629696,0.2765661557317007,0.02216860905282654,0.1156380364645278,0.1296322421087298,0.024889334210683733,0.8091447004019259,0.6743924417319009,0.6183957244668126,0.6218239832400245
002103.XSHE,4,1,-0.09738351629907072,0.3202693398267953,0.43136571562262127,0.3708619180567033,0.5587740701083045,0.09135379177540545,0.11869562281108442,0.2846924549607529,0.5101739731404651,0.0,0.07459300442401717,0.000880263409172032,0.010656303262744379,0.004757949944245881,0.00033617277664602584,0.0011705477133745709,0.0006164275387321678,0.0011219731300248501,0.6177946253689812,0.0229371872187167,0.15081969142833146,0.0037360065474398227,0.0015268458040256746,0.5454545434710744,0.002206017723066011,0.7007148545329188,0.003026242223308177,0.016821922763859996,0.09140501470229478,0.45047064637306855,0.0894563987287581,0.8795180722891565,0.12592051397257528,0.44495272041137496,0.08386369379789278,0.03944172935864765,0.3064258702529405,0.18192324791580694,0.13919673891284962,0.1248383809521279,0.5312002520079115,0.05477418491514058,0.09466667530586467,0.5208612894377795,0.10192097039475115,0.016760006498554653,0.14691381354174146,0.16246020768296204,0.05497385460312461,0.016760006498554653,0.7129322241658751,0.06413327559313495,0.0005364899337401658,0.008835173351962022,0.048963273158816496,0.02029065135255482,0.07778654744841382,0.01453414011608136,0.029702917118929164,0.5867739728533681,0.27733916702825534,0.03603245086780534,0.037718131265620555,0.1336158769063181,0.005129359334808878,0.9130293917143628,0.6747130821281679,0.6934657643122892,0.20706901230389485
002104.XSHE,4,1,0.05072536848176676,0.5611014332799337,0.1267217934154905,0.37656277861306975,0.6021323209197316,0.07737719475219121,0.6038394816664534,0.3272205488936947,0.994721354059183,0.21204945308859438,0.3067931454613053,0.0010980888017595519,0.011084676672196283,0.00495380809141797,0.00031433788807657477,0.00020398780785667095,0.0010280953901110226,0.0011275076976020447,0.6186003286306088,0.02203348430454908,0.15112689650245423,0.003841086348184144,0.024494588106951976,0.8181818152066116,0.02523826400031781,0.6965394548739503,0.006172987390871012,0.06425793614904585,0.09137714842081573,0.41190794995056235,0.0844752098373634,0.49799196787148586,0.13360216931000815,0.506855052720514,0.10624329208582711,0.03580561952439496,0.3087079331069029,0.1833443686343705,0.14014173666409294,0.04438589028978187,0.5318427242963106,0.022334917415763475,0.05399837367097515,0.5191913906225509,0.11182947978236928,0.011441682990626504,0.13411123535873493,0.14995301073548797,0.04358476227131889,0.011441682990626504,0.6574014024681665,0.0722919840492908,0.00036698103760072153,0.009120365577263916,0.05169347353357264,0.01756617641373854,0.06621515487767972,0.02534239713416297,0.02946982331622975,0.6385656926981748,0.304995879933495,0.023808231162992573,0.034217125096663754,0.12546343795916298,0.017722228868816175,0.8881362642200792,0.6762858785546864,0.6905941966607958,0.5433998038334088
002105.XSHE,4,1,-0.1577057343582688,0.5582308336289632,0.31343060794337557,0.4275045140297479,0.5460177590318543,0.15444001414417952,0.19632798733500137,0.3336740046586102,0.4917022250050275,0.20598035102102372,0.07013103999414527,0.001125662867532233,0.010763164238964963,0.004841117283583562,0.0005068406249069325,0.0024050421636895927,0.0008342443161623094,0.0011521489046446682,0.6172464341274453,0.021716964480314734,0.15085102122709804,0.003516930584244923,0.002576027927371773,0.4545454565289256,0.002937622462969755,0.6949234444211867,0.005443285031279091,0.016414940761508547,0.09116309941769958,0.2002899787167916,0.06898904347342794,0.6265060240963854,0.09359299875749552,0.7046121595443584,0.06949977333817565,0.03908005127929301,0.3064258702529405,0.1807886461678235,0.1378578837769753,0.08513051621238621,0.5397850756073991,0.04357723437431064,0.05638081555530065,0.5250387263643114,0.1014172245903845,0.026615390743602294,0.123343589439977,0.1383469992065644,0.044312650544445054,0.026615390743602294,0.7394204331268543,0.06405342385212473,0.0005392412623603543,0.008986147295005723,0.047481688291746225,0.016535662435776394,0.10100766841185574,0.008798657806598328,0.029615401205418654,0.5537238743328938,0.2743119450003728,0.05349618946296607,0.04045988755564543,0.1752020317170796,0.01804570198002034,0.9374254377867095,0.7649153067091241,0.7581730756535954,0.3984905739522331
002106.XSHE,4,1,-0.379578820396668,0.731153575904691,0.19713490526788266,0.31924004580520604,0.5550119572131543,0.013803229587656674,0.663753982153489,0.569162111607664,0.8204812516300927,0.6026965622987874,0.5318203522860283,0.0018490190121975402,0.010852513884963753,0.004851560759879693,0.00034230098461369377,0.00022055527883595066,0.0009181567920376885,0.0009837621019627275,0.6247380610456919,0.021772746283536152,0.15105792726135558,0.005107452518161552,0.11414390068824609,0.363636358677686,0.15561306503061084,0.7149369984645367,0.018394343840169004,0.0931988785384824,0.09049563538227767,0.40088718456967276,0.074015368109737,0.19277108433734938,0.059745622576424545,0.9621937811249164,0.03091490022172967,0.051283949553975174,0.32031561281328574,0.16319826361478712,0.13241017321925766,0.2782345930420499,0.6257728245973874,0.13634094409641814,0.1642214258663189,0.529887390830676,0.10553317942454266,0.008155252361050481,0.16309997499471976,0.1746040739048069,0.10416674950173052,0.008155252361050481,0.7521819352471497,0.0669212173882358,0.0004583405479017886,0.009087911697011865,0.055667672242980436,0.10641033172691819,0.035114725028332065,0.11182782703377583,0.028900746484534334,0.5964613574646584,0.2961567653672252,0.027692185567522936,0.060510986631075014,0.1348157964736282,0.039555392714003705,0.8920019599210351,0.7144614346999254,0.7918014433093135,0.1574607999819533
002107.XSHE,4,1,-0.2732602565624074,0.3669525696063545,0.23749268217287323,0.3156899121417617,0.3866000640281389,0.08439360445903213,0.616499508406803,0.5573840326531451,0.7356813106427373,0.5601020540356589,0.13943266147120592,0.00028804304519737615,0.010576397045690189,0.004756038574047993,9.558013242754953e-05,0.0002272339294000878,0.00026561169064554923,0.001097523368989208,0.6181239297652851,0.022161996540826144,0.1508455436115912,0.00349472435128865,0.010933900588720775,0.5454545434710744,0.007098564037607859,0.6924770217497147,0.0033581815890945973,0.07230713575110789,0.09120972173258973,0.26995672467348836,0.0360506675244826,0.2289156626506024,0.08096636014709777,0.9642715986773418,0.06545530886565235,0.05092854195611496,0.3096342470128486,0.18024289632385168,0.1362551571919918,0.2034922193798579,0.5318427242963106,0.07988647156249554,0.10177693660298424,0.5245388085865736,0.10200051836731354,0.0076304414935619725,0.12792849121574346,0.1436052464632553,0.04100242885660839,0.0076304414935619725,0.7351775053547829,0.07078536560994475,0.0003874634938018487,0.009149924585105563,0.0537548434145129,0.0909636732605583,0.030024189880120324,0.1131477655556974,0.029498537602383426,0.896919973875719,0.2756477303232029,0.050492804756431614,0.06376301211175495,0.19606323149414806,0.025121283723156067,0.9047316825496017,0.7175683295741013,0.7593481079339763,0.24698158919299273
002108.XSHE,4,1,-0.2563852061469845,0.5405299137153204,0.25982081512919064,0.367801036690735,0.4341621048707358,0.09936846527697935,0.3860220560238086,0.2893166193067565,0.9395743888634709,0.17016282626644258,0.2385978670933624,0.0004454479975305985,0.011153690994817746,0.004949125746875929,0.0004914801324971366,0.002310304345339761,0.0006197243947076405,0.0011421081890023149,0.6185367451607988,0.022527797858960648,0.1510664063632048,0.00391354986045598,0.013829621239197808,0.6363636304132232,0.027337673945334873,0.708842730367156,0.006736877877680498,0.06593108438093515,0.09204416574137905,0.696380481879474,0.25284881189895475,0.03614457831325301,0.2002863162443952,0.07644397540701714,0.13940847047357044,0.046006762453374817,0.4503278770601159,0.21068438801908326,0.15913918114060058,0.11936593724636005,0.5534835329434608,0.041027602570463714,0.09124102280709837,0.5167828966132136,0.11470782830379528,0.019221412839874726,0.14518646789100392,0.16098642489190287,0.05141075403234464,0.019221412839874726,0.6779009017536111,0.05861466623979993,0.000872820221387511,0.009083030249595706,0.04204674795353698,0.017884776601536173,0.07676975217428093,0.01667751701262136,0.029584527899172302,0.5580766275282949,0.28886114276025576,0.030273696642609663,0.05678274976358482,0.16151200790393677,0.014458784470897889,0.7841432801692918,0.5715884967493703,0.5833097886790259,0.7533809404586923
002109.XSHE,4,1,-0.2774687474771854,0.5475397227414129,0.43109047004534135,0.4243961771387258,0.62300365528788,0.05486943750854184,0.3181353764385782,0.14869442203533959,0.8376678062312787,0.12055601853910747,0.17967120512793866,0.001393563945697079,0.010802907807200127,0.004836723721589521,0.0003436639333018907,0.0011915255656650533,0.0004882956302178079,0.001125856492963295,0.6181181949952522,0.0226428349528151,0.15093695771930077,0.004269656567135402,0.008353711330967238,0.4545454565289256,0.012792466242475767,0.7068208584313894,0.006685849243453232,0.03992945645292575,0.09090031164454668,0.2647877908747392,0.08103347336170286,0.9959839357429717,0.09924224357040176,0.6447866181979449,0.0636025763067053,0.02974283758942961,0.30708617789951886,0.17990645367879227,0.13955679995424494,0.08543573960636246,0.5154542806466729,0.03899767551894059,0.10148344181475433,0.525782580892574,0.10498905040434565,0.015149811795809619,0.16420379405203245,0.17756265204988375,0.08731743483266123,0.015149811795809619,0.7368578496500842,0.06164163978742558,0.0006428380960068596,0.009061153798310958,0.050550129571067255,0.02071632613291055,0.09231594869299267,0.019054210250443487,0.029163347349219566,0.5972070526688127,0.2878080097674679,0.02836765625200585,0.019302940660461624,0.1191155095759234,0.012947747801639051,0.931431168425388,0.7357121533766753,0.7509961369163456,0.4572320800844121
002110.XSHE,4,1,0.009237099113147906,0.4945538421774199,0.745853266582752,0.5442736143916317,0.5199967567992283,0.23693977370759003,0.1307345806915119,0.1825714919663436,0.9149879823207953,0.2683398527003327,0.2211638151264072,0.0019735381624071202,0.012735619158267297,0.005641215717228599,0.004563406330535206,0.015311836019694122,0.0049150883461358905,0.0014328159296930557,0.6149974937835383,0.022395895176933474,0.15108506312170306,0.0052719952521079125,0.005514889143432832,0.5454545434710744,0.009862184277801828,0.7179921744725728,0.014923350015102881,0.023288414578999727,0.09299678434758109,0.655641711979772,0.12899873389933794,0.7751004016064256,0.1532733997319985,0.4341499170002227,0.10443375807932358,0.04031857368293519,0.30607041785517336,0.18490212472318115,0.14024572541251035,0.14755018976425177,0.5727146655698613,0.10466117782183561,0.143755888771131,0.5335203461557239,0.10916766884927503,0.18467348087436536,0.1859798716761074,0.19188474173345732,0.1726147543960237,0.18467348087436536,0.741004958067347,0.054744240620731785,0.0017999428187915048,0.009096080616259933,0.04037361636516086,0.015971965410848072,0.21275478079456908,0.006995255591367392,0.02878747897805725,0.4736583862157826,0.26597720521863416,0.02894226336426082,0.04305916595077245,0.1295134930587222,0.01590387031165879,0.8444339307778614,0.6566411260006193,0.6537998431529943,0.7285126330592108
002111.XSHE,4,1,-0.2828524671090188,0.5690607875656245,0.30989624300373375,0.34221117602405215,0.5100055251435827,0.12219728671828278,0.4934702833673285,0.26236187100014274,0.8960727611858381,0.20115376360511,0.20955285939323248,0.0010798562771985483,0.010960456788007724,0.004904551074374843,0.0003012580676415583,0.0016278835764154261,0.001513649214277131,0.0011472447318783248,0.6184286575983815,0.022632156035071918,0.1510183529181697,0.0038558750645597724,0.01276044169325434,0.8181818152066116,0.014503325533854335,0.7020607335832519,0.0048953019414282465,0.04463235959120919,0.09152008811367864,0.5448975662357999,0.17513806846676078,0.6265060240963854,0.13259749311879157,0.24054844528122904,0.07948060763665633,0.04264041468990919,0.30701144995753443,0.18143364224155906,0.14233069981827964,0.15086690770538913,0.5215036465359868,0.0571066081852788,0.1016379040859032,0.5198969844985342,0.11033199355052192,0.012231927204239912,0.14485867657250623,0.16137256336213657,0.044420004787204,0.012231927204239912,0.7022705681503476,0.07875618053260698,0.0003048379875211085,0.00908699544892061,0.05384982525978853,0.019141968744841836,0.03650860382286201,0.014326202318020394,0.02947089805872383,0.6309163568381637,0.2961127712717779,0.030572314241296146,0.0483375689119047,0.14333398249480672,0.016546629179876773,0.8866583346352133,0.6823144708327811,0.6838819897917421,0.6034916094333179
002112.XSHE,4,1,-0.2658049441914558,0.6105242639014152,0.3431374396444673,0.4967136163535989,0.42801857986256514,0.1389249845072062,0.41580145849673167,0.29105265057620666,0.2688930474849812,0.2615410198055984,0.022421856894586645,0.000766171995483051,0.013684344003226122,0.004789504922258121,0.00032217162705611255,0.0014870698476960541,0.0008626655093155804,0.001145670879942429,0.6176638887086437,0.02210904448552311,0.1508606859567947,0.0035887773603811846,0.008122496153473562,0.6363636304132232,0.010894038947051893,0.7102243692674861,0.008350463631905884,0.08582798227367278,0.0915206136130823,0.6901058030876945,0.18848193993169163,0.1646586345381526,0.1631060503247245,0.16161191008306136,0.11315060884024547,0.04677350165083048,0.30922397972085025,0.186147270224613,0.14549325762952448,0.15533624450913902,0.5385688600159977,0.027343282786019683,0.11171702028716143,0.5291306890739461,0.10505641378592474,0.03151676253316869,0.15299289762852886,0.1672349922455066,0.07142105473820541,0.03151676253316869,0.7431305118038929,0.07058432597835697,0.0003904417064074788,0.00916648175288746,0.049540419788095494,0.013836502462137369,0.0506444784146012,0.011819144540260697,0.029938449184067625,0.59076635290178,0.27309646211553595,0.03764071865823336,0.057168765695297684,0.1730757112276435,0.017925465095411857,0.8295401286730766,0.6237146742735837,0.6267859830531299,0.5048618651297856
002113.XSHE,4,1,-0.2501427091481848,0.19981201278689575,0.05694428711924798,0.2987518311546584,0.3092671118544839,0.11218572406846186,0.5091969152889421,0.40010967686732385,0.2381752974123131,0.3519661547207242,0.016549971336271785,5.505315440275433e-05,0.013684344003226122,0.004741621227308859,1.6759614404662533e-05,0.0002400446799173142,0.0003306475772667694,0.0011164328399773493,0.6171604381923579,0.022161996540826144,0.1508363128489171,0.003162512988462214,0.014070016227892003,0.6363636304132232,0.010990005930130251,0.7030290576002054,0.00775040258516789,0.11002080130234239,0.09207392384246076,0.583072448477527,0.15237480845899729,0.5542168674698794,0.11815914334390493,0.7266304554259885,0.07641827944978849,0.03843991309110228,0.31079308684557433,0.188981145167931,0.14005334622793814,0.13378075814077328,0.5318427242963106,0.019386426331969762,0.023038681954166817,0.5232218873734868,0.10161026332467706,0.0008263745735067773,0.07566643744507172,0.07902204304229486,0.12279443358973767,0.0008263745735067773,0.726131924555112,0.2823764790806383,0.00012886403015766973,0.009149997786254686,0.07265438375514946,0.016614498634437532,0.028426388530157626,0.005015044635136352,0.031081239632566007,0.7365960594028007,0.29599917104153156,0.031387282804914055,0.04504793965748816,0.11504439631149618,0.015132051205359813,0.8617057348993764,0.6561104108619702,0.6914853728285009,0.5860212843497931
002114.XSHE,4,1,-0.3203321130347395,0.32223255700850495,0.045011544434693185,0.3346379471023178,0.591765947896475,0.19420406811478186,0.6647230815953558,0.3778800483926733,0.7708056894512263,0.9109243063786672,0.1521088507900482,0.0006117434825610305,0.013684344003226122,0.0045465426585304235,0.0003982277736992234,0.0022579102512984162,0.0005408487909287593,0.0011509269764270376,0.6162459160565039,0.02225080286651093,0.1504953370248975,0.0031231533925081007,0.04636232527080726,0.5454545434710744,0.11815938014837038,0.7715261963681869,0.04301344785862755,0.3635705887672967,0.09396356292200957,0.5728667706984859,0.1659067430973891,0.09638554216867469,0.19029818789355304,0.24844189348310586,0.16102681882408582,0.08513277748802076,0.28721938499275057,0.20770517911106776,0.1459573074193372,0.1158170208699213,0.4842381474764933,0.013609852450847826,0.025752561545088346,0.5310615472174187,0.06332053429083331,0.012804775492470001,0.08401578379023507,0.09576004866322999,0.04884008379462523,0.012804775492470001,0.8402375852587766,0.057723470962489476,0.0009834382084945603,0.00915238079894445,0.045386151330352655,0.013164863453712133,0.14909468546874197,0.002314122170566265,0.0,0.5114942401282707,0.2646626382869712,0.044349104959702505,0.09015063568725948,0.1688823656077418,0.03350675958605013,0.6987074107738849,0.6955989341470965,0.6200724559230868,0.5667880306007377
002115.XSHE,4,1,-0.2285956287775751,0.7256120125123474,0.3187369192185989,0.3753296432530904,0.5045126463933183,0.17920950234326244,0.5575748234677022,0.3059968108326886,0.8758534659829865,0.26426407206817004,0.19835616116559496,0.0019117325854370473,0.01076765379293367,0.004782750647429164,0.00032788162383395945,0.0010638000904893538,0.0014555949217618827,0.0011411279692255534,0.6206413747887999,0.023397819748348075,0.15086460854634148,0.0038946603664134216,0.01762709377416762,0.6363636304132232,0.02430567138150757,0.6985954517269468,0.00767885337273055,0.09695215700461246,0.091277844865472,0.32276220081431184,0.0688501657004919,0.7510040160642569,0.10333341678184756,0.7282925041499889,0.07377503989809384,0.03692661186825208,0.312295183710871,0.17827803123269442,0.13827773834871065,0.11541019053234228,0.5906107754289069,0.09122612687127868,0.08846163539908454,0.5119007089100668,0.10153663358202084,0.010192914640019783,0.1438305337939484,0.16091593330870133,0.038310355549299846,0.010192914640019783,0.6736778389697317,0.08326731529791073,0.0002764726510708117,0.009001870189016914,0.05937671330099376,0.024141802869710453,0.032296298225952286,0.028224372766614853,0.029459694310924305,0.651406619555732,0.2876205482014689,0.03474501438691214,0.03736303948994109,0.1665356468814916,0.02258793443799725,0.9097584184289387,0.7112633231612935,0.7426771724234447,0.4102001894273066
002116.XSHE,4,1,-0.2301668671885261,0.49454893952738066,0.16512426808495767,0.38584812496668813,0.6227019038758757,0.19894952711727013,0.29326527678167835,0.3519883558565451,0.8934571486530277,0.2025641124798666,0.20804129383867626,0.0027388482400632777,0.011138232865957692,0.004992652931159247,0.001639676972413314,0.0005343321354052788,0.005975289023939178,0.0012209351693111938,0.6181348418707588,0.022264484080215564,0.15119676412961985,0.003784912507500574,0.007502149785876933,0.363636358677686,0.007425795251035689,0.7004789064121927,0.0029313007056269353,0.022971873021615265,0.09125206857870778,0.2399200619057396,0.1068629184493102,0.8755020080321284,0.10881861938386007,0.5567093283126253,0.07726264803052509,0.0321139446761968,0.3047116965537487,0.1814247292975652,0.13869239348302512,0.0730892882691241,0.5009311085232188,0.11359802292872519,0.08487440976386051,0.49622644781841213,0.13026441780892856,0.13351303447742663,0.1541576701563116,0.17021570731917013,0.05498074648043753,0.13351303447742663,0.6586879525857788,0.06725025647329752,0.00045094715646875987,0.00909743716789235,0.044914276246254145,0.015900218259118973,0.10155061510248134,0.010199465374337132,0.02930801804132221,0.5142053550340803,0.27463430881480105,0.032809447798348254,0.026800914612838837,0.15839294535643714,0.01646467667643716,0.9290158853020125,0.7158600902215739,0.7296237520233,0.266282355201483
002117.XSHE,4,1,-0.1111371069072885,0.6532945906316634,0.35721709783180583,0.440707951438832,0.5177529299560579,0.029045282344867807,0.2944185424064906,0.4221168734727277,0.8174594880828707,0.19602708550457576,0.1707648946353879,0.001315007965340839,0.011225548754915424,0.00502278670528805,0.0003045681554189729,0.00048618435202673195,0.000723473552048855,0.0011168638861049796,0.6181456705063231,0.023490357617073205,0.15123532227435105,0.0038121171010853322,0.0054307953412798485,0.4545454565289256,0.004407093145131692,0.6951522479907694,0.0024099568536185842,0.015827077869223116,0.09123896898709372,0.401862229351019,0.10088326030273842,0.2650602409638554,0.11526962873756011,0.6514337865042464,0.08898207139140146,0.04746783973076454,0.30562965928087793,0.18197517167153668,0.1389393667605165,0.16810248871796596,0.5318427242963106,0.03903738657257066,0.10023129805359418,0.5166147585106465,0.12261806477015248,0.01617901558108472,0.14228398631729025,0.15546102515613172,0.0743379092747969,0.01617901558108472,0.6587744237108499,0.0691661265861423,0.000413381180287607,0.00907560759824243,0.056943990788871704,0.022162673752058423,0.06669837974176522,0.02209726872890525,0.029703031540183288,0.6828694129687762,0.30973848235554513,0.025407366469516596,0.05964818206163926,0.15065779057100875,0.015841059998803614,0.9035449006547271,0.7092703772500113,0.7118490783258034,0.48976184021896674
002118.XSHE,4,1,-0.2863113521942683,0.5375043903231101,0.29337430963645345,0.28300686706237727,0.4679462263938031,0.08027020733949863,0.6958703685519567,0.14533430832025285,0.9982094228791674,0.4512246290921676,0.31904197643746673,0.0009622216539533202,0.011223547380027885,0.004893518948758475,0.00024596966128374165,0.005247594502893932,0.0,0.0011736696246527456,0.6196571557875042,0.024111223997771013,0.15084843418754068,0.0042142691306050915,0.0748544112029543,0.5454545434710744,0.061937074899362045,0.7054098685180246,0.011810504297626772,0.11684905489735009,0.09171534214111964,0.5649551384808847,0.24290350349789006,0.4337349397590361,0.1536653881475879,0.06771898954829025,0.11070028023493986,0.04512927158784032,0.29540300800087094,0.19738595501960013,0.14728576368036977,0.15482812927849168,0.5082057362356056,0.023473568122326947,0.1043137858483018,0.523038212153992,0.10379600488149528,0.0027500195842508537,0.14611857306020018,0.1644385000207254,0.028137414491020283,0.0027500195842508537,0.720220337774911,0.13103228584762708,0.00017364489648747942,0.00902296911798365,0.06426946560575462,0.01462559262879615,0.014087284211599833,0.017587750983034695,0.02954869770073841,0.8109571178131892,0.3206468767209527,0.045547556597431496,0.05231730163236249,0.19095100572528753,0.024663366632769038,0.8612468222294811,0.6637726106762201,0.6439705000884575,0.6763322025672179
002119.XSHE,4,1,-0.1274622745064619,0.5908844439502574,0.3666745358671452,0.26707544525411986,0.63839849408492,0.14628559817369427,0.44059988042663584,0.2116382436970156,0.5865773456428558,0.19923546484085716,0.09416023408033702,0.000957510177385073,0.01075178055501104,0.0048260196289753015,0.00048799163867309164,0.0030521956241647804,0.0007376808803528334,0.001161391616252222,0.6175821009303164,0.0223662059501601,0.15082912900443657,0.0036821522205443607,0.013767516875457915,0.5454545434710744,0.012010086157902644,0.7140584526572149,0.009700019005769289,0.10093153658316,0.0913195848440213,0.3596320596960222,0.19534134826284147,0.4257028112449799,0.14152560573739278,0.20066440885372017,0.10418127636125672,0.042824057829826144,0.3081358716720161,0.18663977577955643,0.14240999123894793,0.13666238580993817,0.5387313403881878,0.04177041786630177,0.09542503948177551,0.5282584024085983,0.0982918770031685,0.028364439779640812,0.14355703935706854,0.15906571092899885,0.05308017877529749,0.028364439779640812,0.7445456000803948,0.06349857031516969,0.0005593737160431053,0.009121957085393699,0.047692363301336756,0.015096992832716549,0.0639247096678598,0.010313262957736501,0.030037567957609305,0.5265938749871097,0.26885881847043436,0.027976153817028896,0.04881679024990222,0.12356701563054162,0.01369833104025842,0.8472388902302197,0.6972049002697807,0.6704787002294612,0.7113313872418852
002120.XSHE,4,1,-0.2815284918077053,0.7759765441533644,0.2972114447111032,0.49161232448317305,0.5576330987028032,0.1520248014861512,0.5490984143478094,0.30718830543376874,0.4212607103120206,0.33864344315389117,0.05392485269463898,0.0009691053561948446,0.01079172000300777,0.00483752527907338,0.00030719953533803445,0.0005397602987450747,0.0004222318944408277,0.0011272992925228196,0.6177711496253119,0.02326015913345841,0.15092008315335437,0.003687196530007389,0.005796020859714924,0.5454545434710744,0.004624944615915755,0.6960247304269989,0.00265677892050708,0.046260287600614985,0.09125732064369907,0.23359088293571356,0.042273438329682035,0.9879518072289155,0.08528613836729906,0.9763196553943694,0.05903648690279312,0.02731924140264562,0.30682673739577626,0.18069282633186534,0.1344821490314748,0.07282238888874128,0.5227073984304185,0.03477937795512629,0.08659941234051963,0.5269876910704053,0.11072955934774839,0.029983247665576734,0.15612507067404802,0.17448964387244087,0.03442625253906037,0.029983247665576734,0.7367374911922149,0.05804198789481385,0.0009404205313220294,0.008981654882910178,0.05065091586244306,0.01658146281905182,0.09938848175200282,0.021738076769203283,0.029396458859970213,0.5706314735491654,0.28467936772308955,0.034695947598392354,0.023803333088001692,0.15440994388711557,0.025989561524196927,0.9176859794634362,0.7311236787404365,0.7848885567699024,0.4180291146863069
002121.XSHE,4,1,-0.161769201850529,0.7147765676076422,0.34249738781360783,0.4779856829514078,0.5555649730973152,0.20479032844722794,0.42385443040859205,0.17377498946013736,0.9073707847013233,0.13513110598499156,0.2163345755035126,0.0015006956059180968,0.010817955448283642,0.004826496858907308,0.00044830949991469935,0.002735570612348078,0.0021292327446264417,0.001187806647662719,0.6193819063267578,0.022261714780761867,0.1508729614391118,0.00397475176568586,0.007945682534431654,0.6363636304132232,0.006767943029096285,0.6989051535410268,0.001602250031702703,0.029800126616622954,0.09124855770169286,0.2527098239563286,0.022114498512855636,0.9879518072289155,0.08563332810682112,0.8662240696274197,0.060165848612159525,0.031197759406707798,0.30795604910811436,0.1787792745764737,0.13741463173684607,0.12045084498411526,0.5390612765599875,0.05895546740511253,0.0899697703113631,0.5114310624144053,0.10176083005611353,0.010550617478284598,0.14362637229821132,0.16067843648774036,0.038489809431640126,0.010550617478284598,0.6793896073392952,0.08656901050362484,0.0002603425791276097,0.009037625797504448,0.051293098671889956,0.017111556476498663,0.03578302750954533,0.01504586738931718,0.029377325991691534,0.613141644388214,0.28281701590386554,0.032595248800873985,0.025477979217730175,0.14322885000253333,0.01699916252916193,0.919155032594339,0.7265434965282389,0.7677779743499695,0.20381337770347435
002122.XSHE,4,1,-0.3625154893543172,0.5094410331805472,0.5930013518792391,0.36415138808296144,0.2782925383813586,0.06995059660814476,0.21333114571253256,0.08022626487971185,0.9955103847325859,0.13105397185102968,0.3654270714795227,0.003136711356336289,0.010998790631942848,0.0048104344867350764,0.000582953906682488,0.0016258944861427735,0.004391652696722133,0.0012332811559345816,0.6226969969500327,0.02571430941686278,0.1508110797061192,0.006618740078543019,0.00789499168568047,0.4545454565289256,0.007568143069766385,0.7011083891699623,0.0018733372169094085,0.012299900515510536,0.0912641605630672,0.3665322847060679,0.07905461248066362,0.9839357429718875,0.11790550378087648,0.5612797056562013,0.08219728713813845,0.029921983393275703,0.30532974628665194,0.18155269507928629,0.1390277571966713,0.11091251328156532,0.5280385437818514,0.018238157535352767,0.11313323559691485,0.5243312455516471,0.10020955755835417,0.008516801466393414,0.16875679640984842,0.1866245658807153,0.04761094398308627,0.008516801466393414,0.7319301640497466,0.07388359648861294,0.00034834340349718844,0.008820018794962551,0.054024750158171146,0.01408366604557906,0.031169343202168867,0.019650063238048625,0.029302531269755464,0.5985903311330243,0.28604104337642616,0.0341934253590878,0.024885431155922268,0.1520614043420986,0.010828198839504696,0.9081588814247774,0.68587192074654,0.7136538750980295,0.45049702929231983
002123.XSHE,4,1,-0.3356302512298991,0.723108719402316,0.3556285073961662,0.2477174866349836,0.4524662953703309,0.14483502434375273,0.6662972984954721,0.1787384815012356,0.9942778810596635,0.4437364770668455,0.3055860614320841,0.003070901137388051,0.010729059051461572,0.004633419832129765,0.0004475837915992398,0.0008872500072771163,0.0026812076042037397,0.0012152320030280744,0.6226234957882798,0.0247610144023235,0.15052709499638814,0.004756270529322518,0.0419115752046676,0.4545454565289256,0.039142367942499263,0.687083230719358,0.005960234398810189,0.06841819661752735,0.09091764868465635,0.2448283162235293,0.04564167063959269,0.8755020080321284,0.05580136267031731,0.9663483896400673,0.048892472804508404,0.037372188965787104,0.2940107978905589,0.17456547664412145,0.132889821321333,0.12433525750476371,0.5134013388824928,0.03130116327520303,0.11815314958893983,0.5043961208436004,0.08963576950304797,0.009514294007141495,0.16916365756220209,0.18576829718468857,0.05986284634002879,0.009514294007141495,0.6632019790202355,0.1356570002340319,0.0001698896782910542,0.009880048199496777,0.06768590981262719,0.014990410832543455,0.022173517910266314,0.027549763166847874,0.02935585974712342,0.7289056964460555,0.2835341585924849,0.038517607737716356,0.038991773556011994,0.17418720233571466,0.029475832984387152,0.9467066580505887,0.8145869267170847,0.8350096247026113,0.20282244884779344
002124.XSHE,4,1,-0.1801552938922273,0.46515245378615,0.20242321971689925,0.3274548096794397,0.562114232552541,0.1857378076955617,0.5518041449613665,0.26779257990003763,0.5977699894356828,0.17397815448096102,0.09719601427358793,0.0016269728531240631,0.010349424722463174,0.00449404409513859,0.0006648258644581349,0.002478025429879776,0.000950244703773298,0.0011589892239654254,0.616886129307025,0.02237247982766354,0.15041607031393447,0.0036271682136299263,0.00811823231582996,0.4545454565289256,0.009018527530514209,0.6966401979239726,0.0035889274348029033,0.07086008863163606,0.09105583013735975,0.12411518167239094,0.0928560616990863,0.9437751004016063,0.08137811268448158,0.7017038309247828,0.060827945175717484,0.02814655691408643,0.2908448763382968,0.17895353211026105,0.13801386689960146,0.043333026580199316,0.5180049159233177,0.026790971251128077,0.05668235468150543,0.5008724071081145,0.0671153381197888,0.035919797229709775,0.13808493175652056,0.15340760142437718,0.051173249337253215,0.035919797229709775,0.6410840674614999,0.05699695147772234,0.0011003507850107714,0.00916783583706541,0.047965568025733735,0.014293114185977484,0.15640291882228743,0.007044232756859317,0.029104966628618972,0.5256208674902394,0.2717295305304423,0.024957169137989392,0.01784179490398771,0.13965331610680448,0.01562585990309266,0.9527257814830068,0.7948675423466458,0.7907095874712513,0.3002187238710919
002125.XSHE,4,1,-0.298958351910144,0.5991960046147664,0.20713224808942507,0.2809898301747372,0.44728218939456627,0.19223049950791848,0.3569940267179763,0.1634322739847607,0.3446847785137771,0.3593330716563188,0.037557389572366096,0.0006780198937600763,0.010499659687126005,0.004719767589111692,0.00022056243996855515,0.002306980825849153,0.001198317044048796,0.0011673083040778522,0.6166884205587624,0.02253146742066455,0.15069890521278956,0.0033770720600730044,0.0029297301497214607,0.6363636304132232,0.0025715145639683347,0.6920580134082895,0.002322437303247937,0.019535136112869673,0.09143785470881681,0.6261799811827556,0.11919310736949412,0.755020080321285,0.1312713205463857,0.5475696002151732,0.08762510570175934,0.043039456557431036,0.30685583206660466,0.18191213230493292,0.13913434566379917,0.12977839461190133,0.5202510449905285,0.02963501133422692,0.06180972785043702,0.5313837717664168,0.08472694592704806,0.022811330309008074,0.1131956849954927,0.1289277081422614,0.030595694114098206,0.022811330309008074,0.7637924365810252,0.08026932631072924,0.00029433070603562036,0.009173541140111197,0.0512940221064968,0.013995320672181288,0.05217766194915043,0.006257429458505408,0.029347290412484295,0.5403329626110088,0.25453893506646713,0.05317136878546251,0.02089598825046999,0.03421856791812332,0.029666507148411795,0.8808309426083993,0.6621666445535359,0.6887841188446133,0.6672112626645601
002126.XSHE,4,1,-0.2353249477240885,0.9289172615051959,0.47517740106774103,0.4288796618191792,0.5116505300710745,0.17866137923105124,0.5460398884479121,0.3188143098813068,0.782085710597424,0.41791050259388945,0.15640908764414874,0.002239899742251854,0.011086588613194719,0.004959674561854294,0.00033319806069734547,0.0008321098739801233,0.0018953503821773153,0.0011690515845260234,0.6195207281774223,0.022764856610174265,0.1510112642529983,0.003958503950414598,0.011034419048097327,0.5454545434710744,0.011131320916653045,0.6819091637299477,0.006772669451167841,0.047797775165053805,0.09083931417023132,0.29614999062621483,0.052556909639476075,0.6305220883534135,0.08098217144453329,0.8159540252068835,0.056489238777342916,0.03796677626485189,0.3128594238071507,0.177707506034706,0.13681669643344588,0.15474697254382322,0.5469101389561493,0.0704301767283972,0.10773853232948048,0.5244075259706723,0.11024791987273716,0.024191199082149735,0.14944937349621457,0.16548413448843752,0.05204321631190728,0.024191199082149735,0.7249610587805001,0.07748072362129536,0.00031464691104051887,0.009047512065060005,0.054882752827161,0.018548823262114256,0.05045515144863997,0.019881736575376546,0.029607425771574734,0.5842923879211792,0.2751686618767609,0.03108217334266948,0.0427873426192389,0.17708436249176673,0.039786444936292395,0.9230908522816037,0.7400988456945736,0.7932273251776412,0.21467275557263
002127.XSHE,4,1,-0.2622808977569617,0.6244120987205457,0.41224800473422385,0.0,0.46827305410043385,0.30974596156919404,0.29190650738467033,0.06694777853041434,0.6803775931095712,0.17179186236046845,0.12126812489524974,0.0019184687801100178,0.013684344003226122,0.004428709200693659,0.0011245745116205679,0.0064080215149866174,0.0035204598856782396,0.0012999073398791674,0.6162936993322148,0.02830669347590243,0.15031223050242642,0.0035667592755997822,0.002764588921966367,0.6363636304132232,0.0035061309269623173,0.7018191878518452,0.0030018172457653616,0.02862440083205209,0.09152072783689215,0.7012965711198456,0.12674868149754429,0.8875502008032127,0.13508909007300865,0.44079811189622403,0.09400922257756433,0.03568840002234369,0.30238780121063724,0.18273554008545953,0.1391889397567183,0.09586494359969247,0.5109814216535024,0.047614391242116944,0.05779126529858742,0.5187388068521978,0.08043083321192258,0.0375482821599433,0.12100253240133779,0.1378803628141973,0.02496609063825941,0.0375482821599433,0.727218656262087,0.07024170889174426,0.00039566487634274067,0.009282259102960702,0.04523101431640246,0.015335204084987265,0.09022397578684083,0.007307631718160041,0.028479493740218877,0.4754303132585162,0.25565844853070435,0.03554064548461233,0.03200588301144379,0.1349641536201044,0.013880929592630256,0.8896008791240007,0.6680128035027204,0.6809615724836484,0.6471591120224005
002128.XSHE,4,1,-0.2977617567672325,0.4876748358543741,0.2838275226521816,0.498706394260148,0.5640685117804253,0.09956099532793741,0.07138998028241023,0.21364287885469946,0.8089175833970734,0.19076911772952002,0.5387782520682382,0.004796119992736919,0.01953617112905633,0.008440189204278609,0.0023345774046069473,0.006925098392428493,0.0033564975481916557,0.0013366376935259466,0.6188058618176552,0.022744332123753378,0.15553623785694815,0.009011874487570447,0.006183339350532356,0.09090908694214878,0.019162211049553332,0.6997749770680565,0.004685757515532105,0.006511712037623224,0.09085609231144602,0.3226364500512199,0.06859147311680702,0.9999999999999998,0.057162451857893315,0.8982136312633521,0.027525834769337676,0.03343512326170848,0.29859970053829243,0.17656387460727802,0.11369089864476663,0.052184102442342686,0.52472430603844,0.019802918777014674,0.12748114975498812,0.5220503405800266,0.16177342196056682,0.026351082635186415,0.20041242658271952,0.21374493076214396,0.11185596400531522,0.026351082635186415,0.6732922244930631,0.06108125267056397,0.0006744077055128908,0.009107694376102444,0.047128936271930905,0.014161731230072363,0.1157573429671614,0.010911013223717327,0.02936127296216966,0.6567612100997624,0.33430548604423593,0.03203871978175638,0.02619902745590885,0.13689461734306127,0.01273135131901657,0.9345583431566089,0.7929575206757775,0.8307887503201632,0.11131278907451678
002129.XSHE,4,1,0.006540820686923014,0.3252682779127968,0.2286545466864137,0.24892087375537703,0.6318280033669105,0.18537371800295177,0.2194693279405166,0.25375793512867983,0.9084821016931888,0.25375935124725185,0.4716766677252745,0.002248241271690071,0.011092366259480188,0.004839469046392326,0.000512904409020735,0.014704640201460156,0.005001826003872872,0.0014522992170950952,0.6142715897920189,0.025818321163955944,0.15082018776014386,0.003741711997479498,0.011531685611015216,0.363636358677686,0.011324945922661098,0.69746916020655,0.0044659084035464265,0.009179705164149407,0.09112078089531518,0.42358000413633473,0.06783658731355388,0.9718875502008031,0.10491059370104261,0.8122141589304577,0.07514721266744195,0.03377750922827452,0.3078296209248617,0.1787292860285289,0.13721965283356338,0.24997023045372652,0.5162246175303505,0.030207688446163672,0.1098762121897583,0.5243291578770212,0.0999237418670031,0.01688490788425625,0.12055983008626234,0.13896034865215312,0.010228606221191622,0.01688490788425625,0.728936393476338,0.08477900347511982,0.0002686897274232136,0.008832717960607958,0.048458286348101065,0.01407604157214158,0.04174846663171115,0.00640998433161015,0.029696747906311043,0.5234225912936066,0.2608602636570034,0.036556861818531045,0.02760389124840199,0.17918487485433449,0.013797182508823353,0.9068673573731376,0.6800948653310339,0.7341245217354566,0.3180979220434344
002130.XSHE,4,1,-0.2101466520743289,0.7047984981417976,0.19023809801071545,0.3518223364302785,0.45203097089561656,0.1697382892918582,0.5225492742940884,0.24169934283658537,0.9739167623134011,0.22091527658809262,0.2713580915061851,0.0008395229969128952,0.010784335658669021,0.004837331122367479,0.00026375751894747114,0.0016562425659602323,0.0007131579148465806,0.0011528840938087633,0.6181457453829101,0.022264079268777322,0.15092211414093265,0.0038536319244078555,0.010103805349496854,0.4545454565289256,0.01204253010250507,0.700279174831957,0.0017274999518002414,0.04494890114859365,0.09127637231270547,0.37598104283470635,0.0951942982682181,0.9116465863453814,0.1041694391337517,0.6019942531508605,0.06755713620258906,0.032235805593735394,0.3049057491483722,0.17982819121609328,0.1396633884213728,0.07094749119010635,0.519725157389354,0.026497291615062032,0.06373152842915714,0.5235180561372494,0.1033919986576062,0.012992240094793299,0.13472914953410794,0.15256773977011862,0.025062311848435954,0.012992240094793299,0.7258152532727569,0.06598769410708298,0.0004811494914309459,0.009087704156675216,0.05062242130886037,0.017157142689171914,0.053061295563642856,0.01548781589342663,0.029387591212775694,0.6339634504010122,0.29432244518403844,0.02906303315140407,0.029450764311132464,0.11736261526574454,0.021746874439193636,0.9179771271534278,0.7336031135288135,0.7416882969425396,0.5453315511428487
002131.XSHE,4,1,-0.1524182260965372,0.4257592685089257,0.2511630713595331,0.33101592185987405,0.47501272621952284,0.1878236403039697,0.5090425802987346,0.13340397163645548,0.9420815480983791,0.3849390054082064,0.24057654525503486,0.002299964211515784,0.01112056074548098,0.004918281012801111,0.0005434167054533201,0.002779108032354519,0.001499754589786144,0.0011820296661255037,0.6177230064894322,0.023618236177493375,0.15098996266705142,0.004011319388603749,0.008567407047010214,0.7272727282644629,0.013080156390383051,0.7005909548092073,0.003123151621632991,0.052048476078502305,0.09161316623125229,0.7463857733922301,0.2044537129154975,0.5702811244979918,0.16320421212963682,0.19110891192784307,0.1202764575575086,0.04703220956134642,0.3226771699899914,0.21306111542147463,0.14446506887954721,0.10420548885218048,0.5260686765785222,0.023057294270237803,0.09501376240715584,0.5205900523267616,0.10969839481939042,0.028483858188869348,0.15371739553834693,0.16962169973542734,0.056143618240890716,0.028483858188869348,0.7067635610678951,0.06826310436227273,0.00043001504997343637,0.009032301579092666,0.05483961523909832,0.014119293325251107,0.07106998973135616,0.010463011032419482,0.029657580421298572,0.5954301358440438,0.27402033811992993,0.040338636403153334,0.06312345933277627,0.16791369002381315,0.024312227074235807,0.8507078084390223,0.616273605767105,0.6363512739198285,0.7052038382266441
002132.XSHE,4,1,-0.2148554235022192,0.6634830818371917,0.35833501833029674,0.4267951601739068,0.4951438083702999,0.22698985682995382,0.3862984088787573,0.03737441714696871,0.8521562008502388,0.2030148285789971,0.18644162741309522,0.000985513240409047,0.010865857084810696,0.004838505875669976,0.0006744942702293974,0.004194420048638696,0.0021723377287812917,0.0012220278362124108,0.617293428812815,0.023552281837382862,0.15074424520792834,0.003908067674143813,0.0041917413030331955,0.363636358677686,0.004262064403290642,0.6961346802359829,0.003258971624276143,0.02233878990684634,0.09112071862390766,0.29591998272819703,0.060485352058185386,0.9919678714859437,0.10460227340104959,0.6547568573625474,0.0699118470298438,0.02910119746412866,0.3064258702529405,0.18078441450173785,0.13801776647766711,0.06484278177268046,0.5273449490968544,0.028288515158893218,0.05938187526641721,0.524149818597134,0.09727550804957596,0.013953131721696961,0.1325729890399395,0.15025853948091863,0.02506734822031847,0.013953131721696961,0.7331512765591971,0.07004272710138941,0.0003987871046904908,0.009655444866900795,0.044934855646063865,0.014605846099275486,0.05433374459639869,0.008826559534463436,0.02999634225218041,0.5456448627976267,0.27430707839689417,0.03367691189444278,0.020208338100807383,0.12634051844251912,0.01502826464078483,0.9212489880842483,0.7026309097342005,0.7393580362966152,0.18896225471970562
002133.XSHE,4,1,-0.1874016707038216,0.7494728180412815,0.5408232595216442,0.540647162327821,0.6122385691800636,0.33526134553377285,0.5046648527644194,0.2626026250991462,0.8983125193745012,0.12737225359983137,0.2108642983665966,0.0008254742794734276,0.01321038519129172,0.005870714199070434,0.0005187190802816759,0.0029494580003424815,0.005746684725635166,0.0013243912846784337,0.6276531391361729,0.024453302325937704,0.15228185072849856,0.004737092226192024,0.010859274139950482,0.5454545434710744,0.011634306772842875,0.6989911939296876,0.010783556998567336,0.06281088902957402,0.09151083473467689,0.511412330848291,0.1681951672359863,0.5943775100401605,0.14564247230717134,0.19152468075626805,0.09910960880966657,0.04374662315381116,0.31287448093523373,0.18447989394954306,0.14508770151069653,0.07084741398654198,0.6171929261684765,0.10516124564030012,0.08967690698993666,0.5245491666645254,0.14112315122765845,0.019717785881626097,0.1594306282809641,0.17750770103776076,0.039370114222263566,0.019717785881626097,0.7130782902555223,0.06297543589701082,0.0005801447184380586,0.009062268265244217,0.04375272743007093,0.018186960612676984,0.01850863929568706,0.02337167256981036,0.029136534635336785,0.656196810309555,0.32052871558849017,0.046110804979706224,0.05000590651380237,0.1085870604701829,0.021063288867619788,0.8856464188834132,0.6546205386758657,0.6609635792803521,0.4965716223816894
002134.XSHE,4,1,-0.1983195450999569,0.5539584682787757,0.328836314631102,0.17458356448718904,0.6136221119422509,0.04824694609375507,0.26135895169874146,0.20336154284900784,0.543751904518946,0.2360880317570193,0.08295901832265007,0.00042785316044147853,0.010315911922817222,0.004642159927460977,0.00013620883396889833,0.0005463051680215938,0.00047777645667272867,0.0011243805163569521,0.6175764902877687,0.02223898802414585,0.15068447356577344,0.0034274598481459154,0.003721481138986245,0.4545454565289256,0.0024258626765994596,0.7004923100492483,0.004503026364275968,0.021208284344758976,0.09105823396401745,0.3332962005384039,0.08033263504549468,0.9236947791164657,0.11475773798308453,0.5193188782659668,0.0874130623607706,0.02890050512838939,0.30655969327475424,0.18309321458740704,0.14058758842293262,0.14020574681465856,0.5292213385729106,0.018292441452700293,0.06849726330523892,0.5254125405651239,0.09020322331169872,0.009828644505307755,0.1168052790351987,0.1337479404900104,0.021535791241855323,0.009828644505307755,0.768610280481948,0.0641739690152718,0.0005351012472775496,0.009155393835007554,0.04965677254855814,0.015406629980813099,0.06710137505233164,0.01609621634575344,0.0264161543348311,0.4103214195819006,0.2347242670067839,0.022388268040677575,0.0190750296304955,0.12044446977757511,0.01392624274690435,0.9110028972745736,0.6999524567688296,0.7187355596454308,0.49771623688728517
002135.XSHE,4,1,-0.2591062945823586,0.563402148890344,0.4308704853108845,0.18418852734350166,0.4763867399897521,0.18463848822149959,0.4394737529007728,0.17870513504307833,0.9372450579105485,0.17289902683220634,0.23679853487465435,0.003034995179652478,0.011437767551747514,0.005122835411419292,0.000989515919222557,0.006918864004937831,0.007502234903509178,0.0013472863525722666,0.6188369420192782,0.02215154742055399,0.15112446161016493,0.003994797352129702,0.014453838448410779,0.5454545434710744,0.013996049069098144,0.6966055910168083,0.009943280171520094,0.042959211359319883,0.09111187326323406,0.2518912986692839,0.07216966673792449,0.9959839357429717,0.1086756589028804,0.6875779566553297,0.0823161193168607,0.019589581694399703,0.30586116126007185,0.1840312473997065,0.1394372128935649,0.09816382082686313,0.5233959674311536,0.041277089997306574,0.06715407850406283,0.5277713720069169,0.10639288935120708,0.016693351508445593,0.12915925533810785,0.14702269071516003,0.02109046993855891,0.016693351508445593,0.739628431238512,0.09366404593782832,0.0002342355824561768,0.009081387747406983,0.04948211148863462,0.014690464904195386,0.036104453797938654,0.010105432737315394,0.02977783852153944,0.5532681409070094,0.2743983758781543,0.0343225476315098,0.003411016874899621,0.15493141054871562,0.013868068433331339,0.9151739429918622,0.7268088540975635,0.736788808411647,0.5018812081031689
002136.XSHE,4,1,-0.3099701799595182,0.7291207410924242,0.2587581554735229,0.2948055855152988,0.725693589412454,0.09981987141523507,0.6953218060632729,0.20833859334012603,0.721942868383361,0.554215481353579,0.13473352671373628,0.0001897162760988223,0.010399077555662833,0.004679885353683817,0.00010632191852603715,0.0011193374872748025,0.0007157957583217053,0.0011324266218617333,0.6172781494635468,0.02217224465495774,0.15073015147482116,0.003447466458053445,0.03972690632440095,0.4545454565289256,0.020820435761125817,0.6855764676910338,0.013509384533497088,0.1252147960567966,0.08958531622613503,0.304890275411692,0.09368271014952437,0.9558232931726907,0.06647991767584467,0.8163687674456087,0.058354570914085996,0.03095978743002354,0.30446305126880807,0.1784202649383,0.13991426127692982,0.17236845060924313,0.494839275601891,0.03625947085858978,0.08230735993228919,0.5198179338958706,0.09242168919858637,0.01157243561241502,0.11948328999110862,0.13711820401533137,0.016767407357927262,0.01157243561241502,0.7174579358875035,0.06456529977196482,0.0005221893455488998,0.009110065874004706,0.04260014912149707,0.017910755495580175,0.07277079160195647,0.009223178733050705,0.028754877093578973,0.49814768202447657,0.26928474360688903,0.03626641795543835,0.03138323543776338,0.10630842453260375,0.03655993898426751,0.9127923903935464,0.7640998850117202,0.7905828424162888,0.3113959488931653
002137.XSHE,4,1,-0.002859550808262459,0.6586955460208819,0.23235935215660194,0.3600376315230762,0.5563349825176432,0.07671626530026368,0.2863212380276444,0.12440024471170066,0.6901028242643837,0.237414656877626,0.12432513747973317,0.000631530586088133,0.010546205240306344,0.004744468319821988,0.0003578485202670879,0.000772854863359973,0.0006657899675507522,0.001128575176813738,0.6176254361253462,0.022010517286946096,0.15083140492883168,0.0035114092924884,0.004063354859365811,0.6363636304132232,0.003462112969310519,0.6993004878482182,0.0027438666947049543,0.01781676765849688,0.09120876806466081,0.39034281384190206,0.1318319575406108,0.9277108433734939,0.12135697825024275,0.3190692116509718,0.0790064520967407,0.029800211465964913,0.30660653882981564,0.18133520756989197,0.14154688462708334,0.07015339508491304,0.5295409218351306,0.021560333277021358,0.04928120682860513,0.519566730431744,0.10010668479733804,0.010145716032843111,0.12132225750040285,0.13956114824807592,0.012273108133289967,0.010145716032843111,0.6903457325915514,0.06656232598011974,0.0004667739615239805,0.00960387123032437,0.04652316316983966,0.015068486725566866,0.08390778063161582,0.013751229172333238,0.029896250897978687,0.5040661179384882,0.2725465359224443,0.03080689070285513,0.023716786683316227,0.08324260905912753,0.018012053598133636,0.9182691624888157,0.6945568528592285,0.7068901780503969,0.5207611162126766
002138.XSHE,4,1,-0.002299844840464346,0.6750176446374913,0.15073442930476133,0.3493886471155806,0.5237339605750495,0.055810755795244915,0.5769708992571619,0.6226309585952421,0.9992355579285508,0.5578233370780216,0.34900042871360165,0.0008271743513280307,0.011160515314873724,0.005002622385123944,0.0002362979724836143,0.0013876223938180743,0.0005144788893549104,0.0011368274990813025,0.6178834026710057,0.02225644276824778,0.15117183218782246,0.0038419048266614127,0.048751171057682376,0.6363636304132232,0.05768490161328153,0.7058504028347896,0.01146076316104503,0.09053088541195621,0.09178823245072683,0.8155522381524136,0.15668208799410016,0.0,0.17586972017956362,0.21852912280989917,0.11963729817176871,0.058803827815730965,0.39558167469000544,0.1949976577961095,0.14623937689941946,0.17683021922543465,0.5362242777940944,0.02361241108139502,0.108712309050616,0.5228885419423468,0.1182904461840559,0.013469013541540226,0.14318607157597665,0.1592641047662568,0.04743149010074599,0.013469013541540226,0.7065695853008436,0.06516343331705751,0.0005038874050372563,0.009100110243562528,0.05073508033089563,0.016172407677424977,0.06905579838428672,0.015273237621050761,0.02977363762692379,0.6451571947667166,0.3146228002708947,0.02596134424313077,0.0718005095063948,0.168421540127679,0.03703625052341927,0.8097696027609322,0.552587789129185,0.588155146509362,0.47353131335075394
002139.XSHE,4,1,-0.1681374932687295,0.5882872160654744,0.280989317295691,0.41885344264158697,0.5149045972370938,0.12231298552824821,0.4358169458576282,0.14948026246960575,0.5275313307087928,0.1603029523741388,0.07887471940491486,0.001077448463558753,0.01066658639770555,0.004795342227514623,0.00032155490933885063,0.0005174265917105583,0.000894333849037961,0.0011269979709293276,0.6178224807758789,0.02212396465949065,0.15088903486503302,0.003653940377043325,0.004411053490240399,0.4545454565289256,0.0041337862658731486,0.6989107365244375,0.0016827248391073377,0.04472280003617617,0.09128595483273097,0.4543455209312199,0.08442423917199374,0.8875502008032127,0.1229249319126004,0.5388446143564463,0.08797269092939561,0.03608333562649649,0.3050554558841942,0.1820146325883664,0.13989476338660156,0.06169602600107194,0.5325515579922753,0.035208366630808924,0.06515372894600448,0.5223043945229695,0.10441254518525017,0.017105434016357397,0.13908112290858787,0.15595175502380404,0.0371612675434725,0.017105434016357397,0.7149689697199154,0.06939445627499183,0.0004094417990013656,0.009125637430808724,0.0520766988954139,0.017394936308768386,0.07887133230388238,0.015541653612283067,0.02942599997590071,0.5740090015667916,0.27718947030525093,0.028266662680007024,0.03238897145638549,0.0840877856310483,0.012530956511335766,0.9036878115635341,0.6792766794922831,0.7072017596438465,0.4603302186469034
002140.XSHE,4,1,-0.2637731805232275,0.5566951275306744,0.07401290054847964,0.3560051514034883,0.4195342663386687,0.17628828817102596,0.3278872762090852,0.538739881319589,0.8892893806218984,0.32974436218161285,0.486264224008052,0.002361075748881354,0.010939573068222899,0.004902892312945821,0.0008318840646996887,0.000307123231759209,0.008947859530539086,0.0012424888037883923,0.6194702445722234,0.022236844936130037,0.1510755171265682,0.004455867617036903,0.02935443330414583,0.4545454565289256,0.02221683219295598,0.7017080877531928,0.0013537049550632434,0.017681106991046396,0.09131204278148208,0.29239761662507247,0.07633341889550144,0.2329317269076305,0.09674405857558654,0.9052765683980787,0.07419992610685111,0.054859489127999705,0.3054937972688957,0.18119491549384065,0.135772909371206,0.057575469926075706,0.5318427242963106,0.11853833302542087,0.0884733587175667,0.5224345530063799,0.10958908163171169,0.011667958064477388,0.1625891405349219,0.17673288058655928,0.07879085723555666,0.011667958064477388,0.7196898257373124,0.08969349255644338,0.0002476492230891107,0.009102495997868365,0.04787177345352406,0.01742743669764866,0.039517558494134235,0.011230372117315333,0.029385028993978015,0.5769496464462218,0.29797473376272354,0.0297590844246137,0.07434173295259512,0.15968327253381973,0.021560238080995393,0.90854855775376,0.740209411348459,0.7458418380145386,0.3838502164479513
002141.XSHE,4,1,-0.02209460367845202,0.5720837615798143,0.22492772157004304,0.30197296345411057,0.5018251363105581,0.11917049738195287,0.274045080732737,0.2808546807159082,0.2909393636294182,0.1429823832072965,0.026726159525731652,0.0005621573053270174,0.010600201382613056,0.004763523122610492,0.00029988068057982143,0.0013920274825143055,0.00040126077130172764,0.0011334281046025032,0.6174371449592504,0.0222297184892953,0.1508236241009751,0.003449220275782527,0.0027524657094143315,0.6363636304132232,0.0028442296735783934,0.6979276503496161,0.0023967947292545602,0.020710861897440536,0.091413219334794,0.6517415856894099,0.11174181812288381,0.393574297188755,0.13928764834620416,0.31491460313582087,0.09613474242415129,0.04453136925144559,0.3123832314026494,0.18195354857455,0.1417353642335899,0.06834242441735623,0.5248751268231423,0.02014202931571989,0.048517543822560676,0.5149396003612641,0.09974166926459553,0.024976410414373696,0.12110880288454272,0.1382443643558443,0.022593429337184303,0.024976410414373696,0.6643670021512614,0.05536250265430166,0.001525833405313153,0.00890561917693152,0.0458730652066198,0.01419463854309677,0.10678040880213811,0.011097924483078683,0.03017417195129629,0.5152293691917551,0.2708142197481708,0.03441053310143541,0.05367056331648791,0.14171527461113645,0.013163845187533649,0.8862473548167189,0.6452694484985186,0.6687306746797705,0.4375096202798533
002142.XSHE,4,1,-0.2677146620440143,0.7418660623464123,0.5708070306189531,1.0,0.6766726097484931,0.25546441863878905,0.4948083366582684,0.4439107993237632,0.5657477262129426,0.18597153392358898,0.6652880670799001,0.0,0.013684344003226122,0.01825387398430274,0.0029840589171838032,0.008062098247688082,0.010596283779066067,0.02320398815739307,0.6194366714067405,0.023414176289802767,0.1685674821461126,0.01726323832803661,0.0647296807997465,0.363636358677686,0.0681677068608332,0.6402054338543832,0.061281489045772006,0.02446414036357059,0.0906488984342509,0.31379167122539176,0.0753041835067276,0.393574297188755,0.10915592706248492,0.5616954744846263,0.07365797551727665,0.048767548061721164,0.29765752960326564,0.18421565932625725,0.1382803380674211,0.2615175939024884,0.5318427242963106,0.6399505877909932,0.22444608967476548,1.0,0.1948972325486631,0.020831750754691816,0.21217153878067319,0.2237907360363846,0.1359915834273677,0.020831750754691816,0.81721756953038,0.05154028217855038,0.0010165370293848852,0.009094636058751607,0.05305644375124136,0.029247760156912796,0.06504798281099847,0.03229344616550119,0.02996043969994048,0.7324068601741102,0.29599917104153156,0.042374798439417743,0.06020644554245814,0.17076580470689567,0.022514207094574384,0.9235391132067432,0.7044193091857949,0.7252286031902788,0.13702794706834773
002143.XSHE,4,1,-0.1927532863131825,0.611149449834418,0.3277226286799539,0.23924596712146645,0.5894258280819392,0.2767325716012932,0.41917859810795666,0.21267381612286598,0.3685546029423775,0.25079634245142374,0.04253390067487384,0.0007571165741837003,0.01039301977678639,0.004626481535079705,0.001055363594396009,0.0038375448455267216,0.001038632816129955,0.0011893860575776804,0.6175142117276227,0.022990574776216504,0.1505931886840629,0.0035302120051345634,0.004563664435929278,0.5454545434710744,0.004766290978317375,0.7041791610313062,0.0036815077385185776,0.062313466582255575,0.09088772583105365,0.3242894431673652,0.10759537490999202,0.9477911646586344,0.08529997325255516,0.653094808638547,0.04146196420692173,0.03174480957897689,0.30666824515912894,0.17920382729555928,0.13996755551049375,0.09484637827202336,0.5318663561999957,0.02772720488065608,0.06479700511219051,0.5156608116493528,0.08117931522946804,0.06255484894491882,0.1279937518907649,0.14576295413510698,0.021202595480996046,0.06255484894491882,0.7133949615378773,0.05678739904072097,0.0011400880121088628,0.00922779004565066,0.042106771202982,0.013910337777237687,0.11121109397822929,0.009656961116316348,0.02995573224207132,0.484843814278095,0.2703151008953967,0.02600688478786556,0.026883543957760072,0.12451170390636875,0.017717443321170066,0.9086604010736958,0.7208493653531471,0.7658728377425648,0.4355521555652676
002144.XSHE,4,1,-0.1497207976449944,0.6453999513264904,0.4508732165939206,0.36499071341413636,0.6335087838080693,0.10754945581787848,0.6486417899378559,0.4765045802826058,0.9092496173398821,0.3163064096044487,0.21750506753933302,0.000583294456559029,0.010928561325967196,0.004893484556005359,0.00017690241009765174,0.00022317377724317662,0.0006432626144747123,0.0011068007895157798,0.6184892441533648,0.02257607985382569,0.1510455244913459,0.0037006662617713737,0.01614401047400586,0.5454545434710744,0.018769731381492977,0.6968388563653387,0.010484260919731921,0.09794700189924933,0.09041603066526696,0.36316711813511954,0.12963889195922962,0.14457831325301204,0.11783501174647637,0.369339256071508,0.07722467251734651,0.05394793195573265,0.3067814693651591,0.18032931257024695,0.14128691275603977,0.5974460104420056,0.6047399841630637,0.09668147840390857,0.26043887382123676,0.5225534701648813,0.12082814835470597,0.0151812775339274,0.15105376803521173,0.16767792647191218,0.04752983188855728,0.0151812775339274,0.7120932205469416,0.06889014774909757,0.0004182810096610396,0.009092032894291264,0.04973526449014008,0.03657832564807114,0.07051900622880636,0.03639256692492994,0.029802199351405306,0.6529456901034881,0.3240348113986755,0.03282929713836379,0.07058314917998415,0.15956206933677863,0.024321499072800144,0.9055128104983596,0.6973983901640799,0.7056346098496751,0.42016731772012916
002145.XSHE,4,1,-0.3223805752708871,0.5168216786556071,0.18220897279409187,0.23069317116765203,0.613015265612292,0.3812080546619028,0.8629233905967939,0.6187787097888895,0.992609368784243,0.6647219423910962,0.3014276750215373,0.0013635517400480647,0.010692129016949888,0.004777002151503236,0.0001633998810709427,0.003280340741660756,0.0019591657213988245,0.001207980346114145,0.6164281000084003,0.02244062730738521,0.15073010916427718,0.003558294894283995,0.038046497455696375,0.4545454565289256,0.017815941527563824,0.6411574857547064,0.019556386077028483,0.13647463145518673,0.09064862793382476,0.2801233488488662,0.06618462154947571,0.3052208835341365,0.0662579007076873,0.9322810104517096,0.05721950805647579,0.05027880674696157,0.3051807751161835,0.17498492634379526,0.13843372147133678,0.15085917849256358,0.5344592574812838,0.02204644757847642,0.07696256999740879,0.5058576135245343,0.09731171369135491,0.020831136988668713,0.12139983939086835,0.14011820504950606,0.007777748619835299,0.020831136988668713,0.6570111138766291,0.07203343313205984,0.0003702819731166778,0.009293185539653966,0.05751177115285269,0.014760338063155442,0.09982815079054515,0.0064123021407598265,0.020935268651882874,0.5311312501178143,0.2713686232164629,0.02939534506570432,0.07226398014091931,0.14980984318792118,0.05297317102350901,0.8751819673062449,0.7348027508734689,0.7827404921404864,0.2940324775111388
002146.XSHE,4,1,-0.1869513309019711,0.7108181679659671,0.22226461474617587,0.2898659611611941,0.6670476591696904,0.2852696975416172,0.5352662703261254,0.6018031639192789,0.6109231351521288,0.505014917523401,0.6434105725562759,0.0064513428544629835,0.018081723689156795,0.007948221512217413,0.005834578418659628,0.029182815150237375,0.05326982564071,0.003042515745273891,0.656682057984134,0.024604260603358626,0.15505970119044102,0.009960116738817823,0.10712740858254459,0.5454545434710744,0.12387797731303539,0.7074634339166326,0.017902668899804738,0.044587139368725694,0.09001284660214956,0.40601768685454376,0.14454393690936532,0.1686746987951807,0.10147690694129133,0.3963436981251392,0.07287676955214314,0.0661180290782386,0.3548912622605605,0.15893680080733755,0.14111923089921669,0.0996665891330005,0.567664656996044,0.06868478484095741,0.12660412473017835,0.47513744125604784,0.13761973318878928,0.02591798887041703,0.18513307526129918,0.20260770782697785,0.062324306829558834,0.02591798887041703,0.6575404573855106,0.09079108098780297,0.00024366990033900752,0.009073817048785822,0.044379343770430985,0.014458100509364085,0.02216201695527135,0.014343287603187007,0.02941028339935227,0.6625371600156569,0.3257622609694703,0.031130980131647515,0.08854111583013732,0.1407523781476415,0.03830666387509721,0.8836394526423428,0.6995848259696613,0.7170786321039944,0.48714709985560367
002147.XSHE,4,1,-0.2099615881560987,0.5944808319130357,0.46776461421685744,0.30899266263212066,0.5244335891951262,0.07343295000871353,0.30684054108811765,0.06155133220016451,0.5615105831977302,0.25863292451133746,0.08752714470868483,0.0007133590901869199,0.010432960687858853,0.004695865798659166,7.129831515436183e-05,0.0012395902446541243,0.00047042720392229587,0.0011310676114535264,0.6177060918684155,0.021862889006810594,0.15075187008130783,0.0036430577596531736,0.0035653240935696307,0.5454545434710744,0.00403431650025704,0.6996385235597262,0.0027878908543420722,0.02627294926291037,0.09114219130103998,0.277463863886646,0.08406351984816623,0.9759036144578311,0.0944863370626035,0.6323227926524922,0.06440035537719868,0.03120143282645178,0.3066864880899526,0.18071770554580507,0.13834533103518198,0.1664532679313108,0.5247197829226042,0.02330510581775315,0.09547778068740596,0.5222023393518316,0.09504242065350835,0.005874825161076244,0.1339480575669113,0.15033993182440908,0.0382584013972486,0.005874825161076244,0.728976123452722,0.08588208490386987,0.0002634429837889199,0.009096822223407405,0.06418899487572943,0.015962424110521112,0.033471982195597896,0.014225744361963475,0.02911085251241736,0.5809320469305633,0.2613311562096012,0.060133823389136275,0.02630804541397858,0.19716427268581851,0.018353173416282825,0.9314107525812727,0.7401237229666977,0.7612413621924783,0.48163819067448677
002148.XSHE,4,1,0.3304517214406859,0.6195986769120286,0.11020769396079438,0.32821533759028276,0.5306072057568485,0.017087810334940834,0.8826581747204674,0.3454599621719245,0.9365065216875861,0.7551296751402324,0.23623610238349407,0.00043855234858983174,0.010721749502310678,0.004816735273757326,7.98389700891648e-05,0.00021759062997007392,0.00025345926329574793,0.0011066153310913347,0.6179569955154367,0.022161325542874186,0.15094252079064982,0.0036547800690289417,0.0781875593992647,0.7272727282644629,0.1099281504856662,0.7153398849300212,0.019763743855508522,0.4262005969069368,0.09354311772858134,0.8428252355190171,0.512626653291693,0.0,0.3149070229830384,0.004569350753876145,0.21665335213514972,0.07723446919055642,0.5891138899865311,0.2738505293302951,0.18349724559802627,0.15736435774951407,0.5318427242963106,0.058514201091747944,0.12464015315101659,0.527775386765813,0.11772421083450349,0.01159506311980011,0.16462263706432007,0.18069368581286452,0.06187686494862768,0.01159506311980011,0.7344553546075672,0.0551592846059908,0.0016055983615995877,0.00911101940807454,0.06081067532619667,0.07782452098763745,0.03583669863285515,0.11562335198390578,0.029628422071706274,0.7122575658956161,0.3260854034404551,0.02625464810118272,0.1057590468103073,0.15727219182246543,0.04826957588083986,0.6057833648151567,0.44488025739684245,0.43218875507310295,0.815556452944753
002149.XSHE,4,1,-0.314226662856451,0.8972459461457621,0.3168421710100771,0.42556308725105546,0.5388349051990681,0.16751018330307085,0.36540518010375456,0.22493413616458202,0.7796848092495297,0.21236443229300603,0.15548344573701023,0.0014952495133822394,0.010793494440925692,0.0048336441961476274,0.00030547652132827656,0.0038064645048546605,0.0023544455791344177,0.0012153635640853697,0.6158671614804682,0.023639827409367088,0.1507586589716939,0.003506584139216929,0.0057771766292099465,0.363636358677686,0.005216769301292432,0.6913257905943452,0.00305886047488985,0.022474450574296825,0.09133260198951457,0.4091429534477125,0.09163102629480549,0.8674698795180722,0.1119327861746015,0.653510577466972,0.07093459445464538,0.038480513823134194,0.3064258702529405,0.18114390786788348,0.1389627642289104,0.2990739195345468,0.5234807004678107,0.03638403241121473,0.1357816161563692,0.531758870690076,0.09350002550060826,0.04680681986525749,0.12835305106316297,0.1441098119112943,0.04052847975524292,0.04680681986525749,0.7442908608200501,0.0689887105206661,0.0004165132910594054,0.009464155733680252,0.050550393409526356,0.013896223934554261,0.06588305902862841,0.005453364838846936,0.028044886400957945,0.5484114197260499,0.27661014982714804,0.04044120622237403,0.040460918360846546,0.18746342529259766,0.027674822037446912,0.9111724375452699,0.691469306974482,0.7273542233828783,0.4152373812568837
002150.XSHE,4,1,-0.2145378422014061,0.6319166831885974,0.2899917532190499,0.39976693670867247,0.4848633634499631,0.08545749117254234,0.1802137570688533,0.22563404534128914,0.5450998868046146,0.17933222088375927,0.08330189885340578,0.0008642069864815943,0.010818713695017218,0.004860233316899117,0.00031311266766435397,0.0004769340836080749,0.0009094567391105987,0.0011276362243155316,0.6176943326238407,0.022208330588915276,0.15097862568836834,0.0036647539297582723,0.0023384518609163665,0.4545454565289256,0.0020062590756529755,0.7018785947762483,0.001151996410097967,0.015555756534322148,0.09124667048517794,0.2638122433084981,0.04879257559805018,0.9196787148594376,0.1039454457534149,0.6879937254837547,0.07544909228378754,0.032884262854787336,0.3067576351298186,0.1818688244363829,0.13781888799631878,0.05496339855420243,0.5359033878539664,0.029678474900264235,0.06014087090913154,0.5238621209746421,0.11011058212579684,0.01800153241008875,0.13649779213999907,0.15270894654186096,0.04168260413295279,0.01800153241008875,0.7205089643680539,0.06538415268532863,0.0004975333151999706,0.009073184557958016,0.049847000077568496,0.016766773932584963,0.08720227306906816,0.01413343296717947,0.02948553989277819,0.5807795813683757,0.2831426890086593,0.029716403874838166,0.027143513029480818,0.09979353498505344,0.014184662319794221,0.9187839968186788,0.7159595993100702,0.7389223501701814,0.30550601176641307
002151.XSHE,4,1,-0.1959149517829896,0.5543528374479314,0.06771358792137705,0.3089179378874465,0.5468772072363499,0.19325208384403508,0.9163098317396434,0.6935083057415823,0.9976377378837469,0.7846717854815662,0.3576555645354013,0.0011717095464627222,0.010478301422484541,0.004696936587317456,0.0002167778402846831,0.0009780123206722033,0.000979561349938114,0.0011455718655934075,0.6179744183715735,0.022800935479592374,0.15074093925612747,0.003580695694535157,0.09601544004957535,0.5454545434710744,0.06609718278432387,0.6935655463401578,0.007035029183562439,0.17748937324771635,0.09081889892771446,0.2751969056483718,0.155306684127404,0.2690763052208835,0.10516093924377198,0.3365181567787257,0.05450973100226841,0.08877886512455102,0.30973005698741457,0.1759862539219828,0.14173016479616904,0.1808131792096091,0.5379939719932687,0.0411153312100428,0.1024196325335431,0.5058662452561609,0.09190732539350571,0.014077726224387008,0.13623813296622375,0.15299901856821532,0.03629527665188358,0.014077726224387008,0.6699595805916729,0.0816465609493274,0.00028568533500597645,0.009376697084337695,0.06081463290308316,0.016273046443387673,0.04125919106439537,0.014809558433689907,0.029506301901770334,0.6530343973396701,0.29672343267628354,0.03213179961770317,0.13171659783980338,0.19278362023103815,0.05376502961057606,0.8789491343682094,0.7218859183583217,0.7391837618460417,0.4010072321055955
002152.XSHE,4,1,-0.2634193312724443,0.5008770840920185,0.21523039642773578,0.4372941638734899,0.523509276975197,0.027584042530882535,0.47925779163823384,0.44991297856977047,0.9202697018368564,0.44177912010781606,0.46208143390017786,0.0029386661631676313,0.013361365054884675,0.0059136376628539135,0.0009011711024997114,0.0006811265275203609,0.0014976177815039435,0.001052022014935841,0.6240150470435871,0.023969121720335825,0.15248292857632412,0.006251266325550176,0.069861165921099,0.6363636304132232,0.07559197292354515,0.712402693753193,0.009527321003192328,0.06272044858460703,0.09143416113793426,0.5906591538263842,0.08806958958198596,0.321285140562249,0.09493761784357618,0.8429584672605145,0.06503316676137041,0.051601318975139046,0.320455836306632,0.14810528667327927,0.138172449740938,0.0643144578709996,0.5840059206581153,0.10762682845265661,0.1387726822189436,0.49968066607740713,0.14396773102550217,0.016813895155383153,0.20827884393272417,0.22250701778369597,0.10863825251679429,0.016813895155383153,0.5734426141389639,0.06861555369884863,0.0004233135311657036,0.009094940652297205,0.05383425879070169,0.04160481330438061,0.038547783188615285,0.05196964292008277,0.02958081329488667,0.7558921009532702,0.34537097436993547,0.04390132074892218,0.06566629083509033,0.1346808975528196,0.0235392115810253,0.8170163397764554,0.6563757684312947,0.7121936664439827,0.20401635956983782
002153.XSHE,4,1,-0.2224408095297767,0.1807005024039654,0.14461931948706924,0.40219442847345666,0.47740684365515407,0.07812164428256252,0.29519063167964943,0.1948578295743142,0.9932895070775658,0.35899566299352054,0.3717954335902754,0.0023255094591331142,0.011234036419692495,0.004937286679953489,0.0002938039977883156,0.00027861892860000343,0.0006664310405604482,0.0010806522126248508,0.6196347817170481,0.023120994171551303,0.15116868137538247,0.004661475593106794,0.02253043777609345,0.5454545434710744,0.01258238698836376,0.7049481369188318,0.0012366542548829275,0.03178981640589671,0.09133378031287924,0.2831347372198838,0.10284898688407373,0.9999999999999998,0.08773820707792729,0.7590368124800456,0.052849403156673955,0.027133418910210805,0.30569053451911626,0.17968486793696267,0.14005334622793814,0.20470555979997465,0.5318427242963106,0.09840493813145358,0.12030406279701246,0.5266808831955682,0.12219003749546777,0.009704704686375689,0.19901775374897127,0.22050074682785778,0.03362440912092249,0.009704704686375689,0.7147411066200658,0.06581843263672459,0.0004856045087802892,0.009117335543181164,0.07198977467667915,0.05462294847854168,0.03945003079854133,0.05573832235917531,0.029517827118807634,0.836413322496266,0.40166161415893514,0.08362674823285624,0.03352564035165301,0.195838637457567,0.010752676915714543,0.8982989163625001,0.7088004732209989,0.7415694734535121,0.15259453282270946
002154.XSHE,4,1,-0.2327961057023372,0.7949074409088495,0.46606571382293865,0.4909240422970386,0.5018124309879475,0.14247964966400342,0.5392804301989451,0.07491648269621143,0.9920714931165087,0.3584024424906753,0.30019122704699447,0.004034482570775644,0.011661317156269333,0.00521643927000762,0.0008337624439528943,0.0019413544731796612,0.0013818952002225425,0.001214037037275546,0.6208522149156657,0.025838365794868874,0.1515058675715923,0.005096660446783318,0.03404343957185358,0.4545454565289256,0.04040803386050294,0.6988646434310777,0.009460625572091565,0.07190015374875644,0.0899397997538267,0.2397190996354442,0.03152989364529458,0.9999999999999998,0.05896296335336536,0.9418365073775868,0.04453616476381101,0.018163190023083024,0.2899754246275864,0.15920017483356091,0.13011982103536396,0.1360877671439375,0.5147124896496033,0.029226242506952257,0.12493702491389128,0.5076365130437911,0.11878548870914876,0.0188960145532926,0.17191504762110613,0.1876170940803533,0.07026825572151726,0.0188960145532926,0.6550187724138415,0.09207265838717858,0.00023929620710422812,0.009027257279681832,0.059252577305987694,0.01612814932248522,0.04588927231564015,0.02529180630407317,0.02957855211295996,0.8056463264670237,0.32551562150517044,0.03923057523111115,0.014065172040357253,0.11467453260373917,0.026969701501465576,0.9433806507505931,0.802629251249392,0.8308283581498388,0.20377245131368987
002155.XSHE,4,1,-0.3844021932886618,0.6014141595985162,0.17520736049019114,0.364231425013276,0.6855805454762782,0.066959963149929,0.5723275912430534,0.20212937289786773,0.8843277520134114,0.25932804436392176,0.4898633401984731,0.007389557062546412,0.012212662416334303,0.005436431547960648,0.001840581670488375,0.0022455485070475107,0.0003601200870681718,0.0011720987703099184,0.6201876655401207,0.022204731406019206,0.1516567806341531,0.0051137722863723095,0.06322912262638666,0.4545454565289256,0.05467116032528996,0.6949615043436922,0.018862605210088472,0.0454011033734286,0.0910120490901625,0.2232732477432552,0.06288487716523775,0.9999999999999998,0.07476767274830654,0.9235570511826826,0.03717466858580414,0.02376376640080213,0.28545288631061266,0.16756410400557006,0.13205011217786233,0.12751019269813213,0.5122646296161161,0.02293145759203756,0.10903375310866989,0.5321223268129366,0.11853170108552522,0.03892974672474503,0.15920861146454118,0.17538495965083578,0.05724684875536671,0.03892974672474503,0.7573152819017104,0.05558930368620798,0.0014462664063334349,0.009103777703382014,0.05557334999385255,0.015914267850621746,0.13564434169642137,0.03067581290456772,0.02921754079678238,0.5952743437604994,0.29140267776096535,0.030651922850985974,0.01528954184213548,0.08601793268987182,0.019278429143985164,0.8884149848745224,0.7325831453717222,0.7793130946125431,0.33444564819655803
002156.XSHE,4,1,-0.1775249828123674,0.7219175715487844,0.5978177260269041,0.39477489878958305,0.45851486480951625,0.09489616393364383,0.2667296021969016,0.15189952968668444,0.9130547034921963,0.17314923130765672,0.21991652507974563,0.0020453048830673254,0.010834800673496778,0.0048169248572153545,0.0004337683690613226,0.0018876706955382927,0.0007659262218466781,0.001148748525499506,0.6189300488336741,0.023734884186276,0.1508124135088693,0.003949180364440116,0.005482642951215173,0.6363636304132232,0.006508915775213596,0.6937050777518052,0.0071597072288694195,0.018223749660848332,0.09149280503219312,0.5434354967356086,0.13765341664069317,0.6184738955823292,0.14309421820381024,0.2962193781124916,0.10390795873424528,0.04103952407861504,0.3091392733835777,0.1831292294132732,0.14201483399496173,0.17723221880499768,0.5313986157657323,0.04522965139123304,0.095396321469756,0.5259691868860631,0.09925759287138763,0.011577939047755519,0.13035321243976014,0.14781718843621633,0.025679665012351038,0.011577939047755519,0.7425275509858293,0.06506790178107984,0.0005067019399945869,0.008822518874658588,0.05346356575566764,0.021463256816530905,0.06098222035497212,0.01974611051087135,0.02972541451694217,0.544390764246105,0.2733429069156967,0.026968200593546453,0.044392862952180735,0.12247919516643867,0.014461476341448823,0.8828991563818154,0.6627305293883512,0.6717237063422696,0.59377607530751
002157.XSHE,4,1,-0.2206754156228452,0.6550877839100124,0.2614674188634263,0.3969466973522119,0.6424503217706539,0.3253043782599043,0.5894388876942601,0.11204263362997635,0.924356678747281,0.38281226736687823,0.22743776085912581,0.003844515443447119,0.011023734862052999,0.004879392570011219,0.004446936823713795,0.00684023244690825,0.0033764730477542433,0.001306528373367301,0.6173933484092498,0.021367174540902187,0.15084488893015324,0.003905768595409647,0.012670392292756218,0.5454545434710744,0.009261930025373764,0.6946651273854415,0.0032839253613556876,0.0529076603056887,0.09141949426451824,0.5397805351773998,0.08294953125027993,0.9558232931726907,0.12362128780382395,0.702118573163508,0.08855568657214741,0.024417405072465266,0.3320696379399372,0.18150775260253485,0.13733274059746733,0.07613556427400027,0.5565084420439096,0.07882392763669648,0.0686668533245931,0.517725883182721,0.10009537053428212,0.16465812076587116,0.1377399116198172,0.15652259150426606,0.018128553127229094,0.16465812076587116,0.7117917401379098,0.05581025629406637,0.0013768795394264403,0.009160670349299686,0.04220676597898051,0.01669825004841862,0.2918800116912519,0.008900700087896802,0.029229338445377114,0.4914841053265369,0.2693376922527372,0.037679539839811024,0.021379064799919675,0.18559676939251152,0.028580786026200875,0.866410255499851,0.632258635177569,0.6984669129393499,0.3499156064189644
002158.XSHE,4,1,-0.1449411348475785,0.6951706739947558,0.21766356733089065,0.4191436650504047,0.5734562406120621,0.039948991287156455,0.49746724887211163,0.36072897556199324,0.892136389462379,0.5067035076965912,0.20728551106139814,0.0007750087238520902,0.010952039308874202,0.004905256844165666,0.00018406017542063683,0.0005396654133087374,0.0005136944727946418,0.0011205560017438889,0.618452567132564,0.022194206042038565,0.15105851121001104,0.003808578242346563,0.014986637230635456,0.5454545434710744,0.013128904390357488,0.6929624614271689,0.0070493218746376625,0.048883060504657676,0.09092070589504019,0.32198793764157,0.056252030816879274,0.5140562248995983,0.08554175434250695,0.818446584998034,0.06721276113523948,0.031070467058394148,0.3064258702529405,0.18089020247515714,0.13864429868688205,0.12352030862746813,0.5407553844678614,0.03286796471778538,0.10182341805073665,0.5316915030358,0.11889776101178058,0.013525275426991397,0.15391330808476128,0.1671569260314376,0.08150758225786912,0.013525275426991397,0.7581087129006739,0.06605466653975307,0.0004794154348362261,0.009104506424933946,0.05170838040651173,0.01902371444685013,0.05344641589596411,0.03271036034871273,0.029660560822536913,0.6480789893584582,0.3129625098281058,0.028992191401262652,0.03241766907318448,0.12324797651618788,0.04149353951067775,0.9195393830509437,0.7455552607138118,0.773552795916697,0.31985698604191903
002159.XSHE,4,1,-0.1887397306906148,0.223074106693039,0.15894077032767978,0.3578160754882828,0.644171892984405,0.21465564057007697,0.37684150645866044,0.5946481499769782,0.8247934776976991,0.5051846853204994,0.1739307796940638,0.0008732074458953776,0.010202406243604595,0.004599487936901485,0.00013013789275283529,0.0019290020146272779,0.0003280738038973675,0.0011609356019256908,0.6169672715833463,0.02232481044833032,0.15052338905045984,0.003643046425757504,0.008436033094993453,0.2727272717355372,0.0065191771449389846,0.6964203324435574,0.002458152657817158,0.021570046124626933,0.09118082402122586,0.33405201235768245,0.08894880647858236,0.18072289156626506,0.09846353717170145,0.6485254578846709,0.0501268658157701,0.05694868728057129,0.3067362444004644,0.18108316120888326,0.13986486662143155,0.14727870116375377,0.4920197662172297,0.05271267118150986,0.11599238000771706,0.5202848905030718,0.0575610521986137,0.008610073443037734,0.1596703698967229,0.16949239994800055,0.11781823309760461,0.008610073443037734,0.7468195569640222,0.054132635291864975,0.0021997442101918665,0.009189224554850953,0.0651177062517578,0.0158071397154131,0.055012069998230044,0.006437299272348757,0.02938692784193334,0.7378496035340963,0.32209264728240106,0.03894370636171753,0.0882004347111694,0.17236559190859807,0.021241101872345517,0.909301281049836,0.7021692981292293,0.7340571884250078,0.37556303503723426
002160.XSHE,4,1,-0.3455061463518601,0.654872655626291,0.24039461746687255,0.354381216253234,0.4062674019036251,0.21029939959548802,0.44544765640763667,0.09547347481637009,0.7065214241366986,0.3654953719906337,0.12961245464964521,0.0010659239752770424,0.010543324542538125,0.004735209218647372,0.0005129868895333566,0.006004427763216543,0.0008307644699907726,0.001190333137818724,0.616936123992795,0.0223625241588054,0.15065538048778862,0.00341178120069015,0.013812718022526142,0.4545454565289256,0.006049653149158071,0.6914070221747726,0.0070401908943503715,0.0353169937596093,0.09068540864185988,0.2808782931511566,0.02267609450379656,0.9959839357429717,0.06696413865980806,0.9900297608353976,0.05850182847957701,0.021378333703484256,0.3069121268912512,0.1803854891287203,0.13661521823338713,0.0877197219963172,0.5836131634330408,0.06959598957705068,0.04809012316183445,0.5044291221617261,0.09137242184933893,0.027113809672097346,0.11441950538203481,0.13129328492762216,0.02058868825573742,0.027113809672097346,0.6551064120676299,0.0558359973298732,0.0013692600875433074,0.00915398437018495,0.04566107100473378,0.017715506866106043,0.07835092563750393,0.007943356891010903,0.029333705612872782,0.5027671113486494,0.26333658617109856,0.04133173715281326,0.011052396446855697,0.05708607247808685,0.018312645809654842,0.8452008564002784,0.7170901331210477,0.8003342900824635,0.2876800721798219
002161.XSHE,4,1,-0.2436451734250349,0.6996556182506443,0.17324295397788075,0.32947184656707973,0.44220490843391014,0.04706663745271711,0.6801300640003382,0.3271012711779783,0.9979986634338509,0.39155859599324794,0.3560378370246824,0.00106942541851296,0.011163479464315831,0.0048938527168594335,0.00017144586587988385,0.00047668478229544647,0.0004300396160632842,0.0011087381181767361,0.6188939842786708,0.024456064160972388,0.15103906057266095,0.0038421242206445085,0.03280152761338538,0.6363636304132232,0.04644452457131431,0.6980989029828091,0.004572999663004485,0.08103463869042235,0.09131205839588914,0.4532923382641466,0.09870511636906212,0.7068273092369477,0.12897407078981382,0.49729955579463686,0.09771974199037789,0.03730607649103091,0.31430253782274287,0.18252602473485083,0.1401625344137764,0.07595119034305708,0.5165605342664219,0.024936647207400305,0.055272536405022145,0.5211347346661904,0.1066633872710363,0.003639509763800125,0.12506365199938216,0.14294809832183913,0.01814392731508099,0.003639509763800125,0.6820772233888035,0.0703194896058665,0.00039446241180828413,0.009057267831690535,0.061290597483297696,0.02496269737079243,0.031117011547513073,0.0512050006155397,0.029200551964860714,0.7139479931651075,0.3406392731396776,0.033014197437477015,0.039382448727233885,0.1307828412372701,0.03376368367530059,0.8820443538651632,0.6998861173764985,0.7009463630770532,0.5191009160422471
002162.XSHE,4,0,-0.1088992552448844,,,,,,,,,,,,,,,,,,,,,,,,,,,,,,,,,,,,,,,,,,,,,,,,,,,,,,,,,,,,,,,,,,,,
002163.XSHE,4,1,-0.2597979678997301,0.644394515856445,0.2653790819713088,0.24648505956642291,0.39961382506275345,0.3291470249858811,0.795707498526049,0.4990240664320078,0.97047479712208,0.6810625762553245,0.26730044601574177,0.002219256599993442,0.010059393145626318,0.004480872339609926,0.0010011236861356815,0.008567112040222568,0.0027138509548107403,0.0014326035925381671,0.6162962007039143,0.021230760150754646,0.1500654582958526,0.0033869877607464963,0.04375164226574101,0.4545454565289256,0.031527521705647626,0.6503112278109969,0.016064307730363655,0.1269783847336529,0.0902004004022652,0.3123937263993837,0.056753242359680996,0.3654618473895582,0.05642261489872204,0.9393439475864361,0.040811768137442785,0.05178051018216259,0.3099362897620968,0.1718976666563702,0.13734053975359864,0.09117685397045235,0.510680935991478,0.03527139426638692,0.04691976807926523,0.5128235413899159,0.08379743570060788,0.02079300165976654,0.11218581520594088,0.12942578903546187,0.015617524135486886,0.02079300165976654,0.701450260990889,0.07012236919048417,0.0003975293603465142,0.009084904418342511,0.04629151300275077,0.014899302658377607,0.06857552958895494,0.0073935471332651865,0.028982614891859212,0.5167895077081044,0.256155620742087,0.03991776214494422,0.0602481725369992,0.1682674038607691,0.045532691272357484,0.938376106006164,0.7813121931803106,0.8362704739472899,0.2665392795693953
002164.XSHE,4,1,-0.2152411572865643,0.6851435780285189,0.4533438632410589,0.29308461444068085,0.4111492549414928,0.10761327094275006,0.2735155770616358,0.11187095433715583,0.7335359551222889,0.13558549587471985,0.13868952777806642,0.0008249436056792735,0.010715709412948074,0.00470894113333517,0.0001540283423155942,0.0024796538800459407,0.0010818584262696626,0.0011636700721196105,0.6167341392154375,0.025302472560753055,0.1506903881487239,0.003629579359761825,0.003726506423222544,0.4545454565289256,0.0032090120702890964,0.696218914946545,0.0026896029011437604,0.016957583431310482,0.0912015528976123,0.33425370409216426,0.07565514324385997,0.9839357429718875,0.1100637590569088,0.5754055799256543,0.07118979617085251,0.03171624674272762,0.30677268630117605,0.18135985805528299,0.1398323701375511,0.1204180763422402,0.5214781663167785,0.018378785670226223,0.06927448912001917,0.5239331420595135,0.09464502892186735,0.005157148550261126,0.12396022450611961,0.14128215469235383,0.022738423832959976,0.005157148550261126,0.7332085344663388,0.08790574481667915,0.0002546450528380309,0.0067524929139341095,0.054698197825021264,0.014006275498482613,0.041006123865931936,0.006448682942602871,0.029110494264919334,0.5553705024045206,0.24947922476174575,0.02722050577385857,0.02370672602455336,0.10715922189289152,0.012906472453191363,0.9200657567709591,0.6981806421653176,0.7274730468719057,0.35034370514075514
002165.XSHE,4,1,-0.2770716625477265,0.8134355359371113,0.2102533212084127,0.3899976502432184,0.4431782030160095,0.10257621478327081,0.5154765885213715,0.3802088037947537,0.9594727149943929,0.3771391612542707,0.25578435841360603,0.0012751262309260592,0.011193469027105735,0.005017947964951466,0.0005001067502647017,0.0018255379428470607,0.0011676916068943982,0.0011505541557314378,0.6178707593890118,0.022540359409813384,0.15113348536837254,0.0038591683121725023,0.017677347805432092,0.6363636304132232,0.019696788215125164,0.6971431757635982,0.004500197954413087,0.042959211359319883,0.0910658960208664,0.4986227784334378,0.15077812965989015,0.3052208835341365,0.13076074740002977,0.275030566708312,0.08979033269992732,0.05940756900074644,0.30242524991830694,0.18423864755705013,0.1420486303381974,0.0503204765124117,0.5228353523517287,0.026291632075849426,0.052295362612124474,0.5296016604400433,0.10922249950869989,0.01824560669860964,0.13054040615999166,0.14839031687140575,0.022145192239640118,0.01824560669860964,0.7699681108513083,0.06321812886642376,0.0005702772209677788,0.009087698673443072,0.04741454140390554,0.01623895048352119,0.0871358538992579,0.012076920124932458,0.02990207276036108,0.5529055500791158,0.2814539776015549,0.03495030027509576,0.07327035525876611,0.20077685628514974,0.04415699587246515,0.8969026501540953,0.7009586042191858,0.704344714863234,0.6418019018786439
002166.XSHE,4,1,-0.2735388517461932,0.5921014777959961,0.040828235114772016,0.08219810450591974,0.6038801386551917,0.3659819104910619,0.8789443983856353,0.37462565394328284,0.8165044843462813,0.7838235265682735,0.17035786517792972,0.00042630254014495105,0.013684344003226122,0.004806288000468837,8.499264123556518e-05,0.0018963000783132054,0.0003001775752968372,0.0011760348371035693,0.6187512778553542,0.022286164251974744,0.1508414876833049,0.0033073859304491734,0.10516540049851952,0.363636358677686,0.05615106074391537,0.714537365014157,0.018842283184912538,0.3521750927014561,0.08983975024267038,0.32802060475901146,0.14920340107743335,0.2610441767068273,0.058865460352512874,0.19567928927141898,0.016993459577647613,0.057520048130177054,0.31181609628509843,0.15137494242748545,0.14272715692162108,0.09294209346212456,0.520756176515701,0.02548163587827389,0.036834556850599394,0.4950232647248509,0.10158641633946688,0.015021575614715824,0.10208792654279303,0.11841987833577589,0.017455269728197612,0.015021575614715824,0.6360687422073742,0.06833876247894496,0.00042855276004004393,0.00907908588655295,0.052207694690356535,0.014122409507512774,0.02615691293305945,0.02275785411634886,0.028945930620492763,0.5295605776171685,0.24314894162080872,0.034342445721439414,0.06719297518625103,0.17954223032882405,0.055994646168570916,0.8882046129155956,0.7842394188669233,0.8005983422803018,0.35146126697702906
002167.XSHE,4,1,-0.298013220989285,0.4118290747934563,0.22619554504446795,0.33389742842405334,0.4147390101049108,0.16152873560724879,0.6551282099088451,0.27213531479697783,0.997438394575052,0.5231249649539712,0.31569448667080163,0.000581785048840361,0.010901434060889604,0.0048398926796946375,0.00020766981177995996,0.0028623418680626365,0.000503759296805972,0.00117547747108099,0.6175881030704479,0.023961939512185032,0.15083507136560872,0.0036883957202478172,0.08164852872554344,0.4545454565289256,0.05824722045650129,0.7151096219628157,0.009861806762259447,0.14058967170118478,0.09121648042951375,0.3105933951524235,0.03108384407809319,0.9999999999999998,0.05347907835947248,0.9995852577612747,0.049580266721249835,0.019347162022451927,0.2822224445681518,0.17091817812415713,0.13016401625344137,0.1977267096877873,0.5015130827607571,0.04710568900189983,0.09975602319119492,0.5235641857169653,0.10013418715984321,0.004899448656027333,0.12786456185849246,0.14560670990429941,0.02137224169177563,0.004899448656027333,0.7266005045707001,0.08875629282164546,0.00025123283710961437,0.008880411662119317,0.051097990131386266,0.019382825004049434,0.026879302234751025,0.010653159400762034,0.028899685363618123,0.5744475479656659,0.27278694613429144,0.05559986200524321,0.01982799159770064,0.07767715774940467,0.023454567207034756,0.8484585150047579,0.7922830701870778,0.8413547990166694,0.43806162717485353
002168.XSHE,4,1,-0.2424268133173013,0.5464168197764274,0.11888322282929159,0.31179590299453214,0.31517341511548885,0.06281179925388727,0.6365149957676995,0.3209864102189672,0.9953365081901999,0.5334100317686207,0.36597369261550977,0.0006681811625010364,0.010606666058155053,0.004760970329660896,0.00013584200640255763,0.00030546251179587743,0.0003721170887157143,0.0011013910989234688,0.6189785374715195,0.02221768837113982,0.15086860962678128,0.0038368226107239976,0.02652172704130292,0.5454545434710744,0.031055252663375416,0.6987985658187043,0.0024093570696960215,0.059645473455729396,0.09124019972782706,0.19460844293507173,0.0542397311128666,0.8393574297188754,0.08734358344609862,0.9102616879803798,0.0678109759108648,0.03733646756189238,0.28205707516398354,0.17883915246525048,0.13095303088205854,0.04143268688934689,0.5245852453549108,0.03027632663427289,0.043023178620488836,0.5220678449288135,0.10064211053826126,0.0015348037762404666,0.12461066460192333,0.14199908931135452,0.022544125907176485,0.0015348037762404666,0.7116012699570099,0.08199748792877307,0.0002836074524079107,0.00907651178322297,0.058843627694384296,0.05788112584945147,0.026592194057045472,0.08280725259499762,0.029451334748584402,0.7097305185048839,0.31503762955141795,0.03787837448936496,0.03959953630258833,0.178640370877033,0.03635027217802237,0.9223727471559842,0.7627592764583611,0.769454705806244,0.43784765923250557
002169.XSHE,4,1,-0.2425380143777147,0.5863132130536783,0.3214070130455816,0.2853012000404434,0.3635853751706233,0.16062718878647134,0.2834027530047676,0.11526533062188765,0.4819027889621766,0.1578407392440112,0.0678018015006332,0.0008141148005568433,0.010571071501063296,0.004694721537253851,0.00012197708264348947,0.000724979519865651,0.000832072093017026,0.001146217918246874,0.6184117509587151,0.023524157039535323,0.15070734928270477,0.003505722482802314,0.0027514498945212327,0.5454545434710744,0.002784062482513519,0.6991847990987449,0.001659716896469225,0.02116306412227548,0.09124746765461117,0.2574272074931871,0.04821699954599693,0.9477911646586344,0.10645680682942639,0.684669628035754,0.07407941452011907,0.032511307836904195,0.30781515391874975,0.1810145534885066,0.13747182554847565,0.08972980040676592,0.48626163873089806,0.03061915325322606,0.0573095110376828,0.5202165994542497,0.09237329896582414,0.006342105693332502,0.12253333900318078,0.14018212822586687,0.018681228673284457,0.006342105693332502,0.7131717725528964,0.09195428431539068,0.00023968851875056098,0.009573100976502122,0.061839513397453104,0.016474538145915246,0.023629797468644423,0.021409730252784375,0.02930005350474059,0.5974426812649208,0.2433981117189175,0.03267825365457793,0.0263188070202782,0.10713800539595683,0.014596368965723515,0.9197994631520643,0.7024927026668437,0.7335317245513093,0.30046642080364167
002170.XSHE,4,1,-0.1683920088680727,0.32112122429761203,0.17802672211100645,0.36907826319152925,0.5365016395717302,0.18508429019864764,0.5861916380680823,0.40673627770344045,0.999378259636317,0.26350069705342655,0.3479126074776867,0.0011059504956750456,0.011413400051946508,0.005077109335266705,0.0006924257864814548,0.0006608251424560869,0.0007433298863071021,0.0010947430614989245,0.6213785030275655,0.023335707118104947,0.15126318435030356,0.003791053902020249,0.03004222704052294,0.7272727282644629,0.048753578022923884,0.7102562585899957,0.00914401990722715,0.1134123179886045,0.09248032657311471,0.7485727598581777,0.47998446882079737,0.0,0.21260463455479994,0.028250721949206387,0.13800457778499414,0.06948557427483765,0.3319079336368048,0.1944401158402535,0.16131384584187988,0.14318833732635738,0.62760157058664,0.10173294301860915,0.08377609680704576,0.5170140664304489,0.11526483817731747,0.022876021247843197,0.13036561196801422,0.14773260971664143,0.026607682799756237,0.022876021247843197,0.668327145973776,0.06351837179940141,0.0005586231665250228,0.009084838071233569,0.044863487342877595,0.04445772635332208,0.07221588207059314,0.05997909160110853,0.029250935457092796,0.5320366183470959,0.2783058691432618,0.03936926061167817,0.12933368545639,0.16725827443380453,0.013768917868038523,0.7634052207751629,0.5783965768873562,0.5553955105845323,0.8482948182533392
002171.XSHE,4,1,-0.2925586755347394,0.6998272110020174,0.16563262549345703,0.20631307224413103,0.4772007165133251,0.13914264289345368,0.38488867786082176,0.04375000343541813,0.8814803040907531,0.25106433580766346,0.20136483617854906,0.0008403326390942873,0.010679865871985023,0.004702480747680108,0.0011807031597970538,0.0018416689804584027,0.0006972336767689232,0.0011561818562720817,0.617691617730445,0.02486461793900191,0.15067514607055704,0.0035076381965203594,0.011136469019803344,0.4545454565289256,0.007305225206909312,0.6992956414036077,0.004176433284453711,0.02224834946187935,0.09094487487515146,0.19607603795603962,0.12380948353517102,0.9999999999999998,0.08525385696836817,0.591192476329408,0.047216789223475046,0.027295288502347304,0.29939069422352177,0.17877495489296183,0.13949180698648406,0.08109570609217359,0.526788354564839,0.018406947729360208,0.05240504565038252,0.5191084457037584,0.08937867463330038,0.05536028362209763,0.12066980737580847,0.13863746254226245,0.014407469522660626,0.05536028362209763,0.7027823837284713,0.054371698836469196,0.0020229086289817195,0.011771946977439069,0.041969839042709636,0.014072721927807844,0.23301770832986918,0.011919944788808076,0.02929339119100351,0.472194162398555,0.2645127468998276,0.025620306094210506,0.020379224987047927,0.13269644259512592,0.019186456900161512,0.9191772237292468,0.7513737782495249,0.7681212422071593,0.28528990588157055
002172.XSHE,4,1,-0.3411739171704272,0.9935645854525039,0.15630645842574348,0.45215004516243157,0.5612927331405801,0.1898592162417989,0.4403345071079032,0.4499045503440824,0.9018286894538607,0.438150381784186,0.2129545595204913,0.0012059964083435857,0.013684344003226122,0.005021997302412895,0.0013554453462143606,0.0057069428884625574,0.00272956810424414,0.0012335576583597573,0.6147084885886475,0.024371747150150933,0.1509681928378203,0.00286606608635458,0.012250909186350542,0.4545454565289256,0.011379647795685607,0.6902455295366329,0.007989487031121865,0.03992945645292575,0.09092407349371155,0.2752218625270679,0.07364092703616329,0.4016064257028112,0.09223981521863729,0.8022439197658554,0.07130398788007399,0.05247323796273624,0.29966454609966553,0.1818599599075715,0.13525556534782934,0.10641282321494835,0.5139156171530221,0.03506110784294402,0.03181480758904492,0.5359724805942614,0.10302158709171394,0.028369390825560514,0.09288410912743893,0.10860606360101696,0.017066673876630623,0.028369390825560514,0.7895059110025159,0.0693025696935944,0.00041101495737954946,0.00902555309113149,0.04292110860699097,0.01464421476265539,0.1361573120023412,0.004245043008171246,0.02620902734602863,0.5158519831057069,0.27280777519718025,0.029905691666218436,0.061530720984328255,0.17225119699042407,0.044532511814320754,0.9221943304313247,0.764865552164876,0.7696197384298928,0.4370774506306968
002173.XSHE,4,1,-0.2798177116793179,0.5811469965483383,0.21402863189185806,0.32449609935062074,0.3820783065811063,0.20724151620397988,0.712933189314964,0.29748558544379466,0.6795494841223494,0.34215036631559403,0.12101017392942437,0.0004026634272715217,0.010890346959183264,0.004890250479972653,0.0001164592597731098,0.001673357783970377,0.00036288673946145364,0.0011450138450908502,0.6184036588567031,0.022115935477203762,0.15094787624458572,0.003661219188567731,0.0280803978219895,0.5454545434710744,0.011738058917286636,0.6975833198337144,0.005506537084906083,0.12295378493262185,0.09098171202019964,0.21789228870216815,0.0901724815818788,0.9036144578313252,0.06604905982072623,0.920232953734682,0.050870156533562694,0.03604649246143077,0.3065336193181233,0.17936023155887054,0.1397881749194737,0.060859499737971626,0.5241538406178616,0.014245557198362579,0.06745567254042445,0.5177642642777673,0.10988098961855441,0.008712572368896047,0.14154103268857612,0.15991893300227816,0.024517058324102194,0.008712572368896047,0.6851516224436974,0.06347506117124256,0.0005602680754194738,0.009113973773553705,0.05183159296691095,0.013290281758346642,0.02430368876734519,0.020275265361764237,0.02956579959175641,0.6684944053454981,0.2945060134672545,0.03976731991009865,0.03598808966438425,0.14187313168161322,0.022689328228749178,0.884350456604792,0.7440626243863608,0.7717823259301899,0.2088955994176207
002174.XSHE,4,1,-0.05436994565996309,0.5297062351707094,0.11324513476976233,0.34946106991314396,0.6640779571847345,0.14855040237876752,0.4511551507904645,0.49718524745362236,0.560320231413871,0.30054062729007663,0.08721769390029543,0.0004356103266294795,0.010526304493587118,0.004728639391320803,0.0003846765753837913,0.000813774443456482,0.0009901082810035385,0.0011390411268978275,0.6171110115092693,0.0221901484305159,0.15079741301482538,0.0034431056853754358,0.011465150803829314,0.4545454565289256,0.02237748020732752,0.7072610963601957,0.008309048781293623,0.09369630098580085,0.0900324172724784,0.4241882460324401,0.08262998134200336,0.3052208835341365,0.10859264959134382,0.7748237088837993,0.06975978828595156,0.03911932623854323,0.3089100792519623,0.18781539354418908,0.13792547646344663,0.12596217629191175,0.5131320124628929,0.03441370837229601,0.07878388498913903,0.4764692973722279,0.09458776134424585,0.06203541875956618,0.13084016149250016,0.14794799755968313,0.029383783995841548,0.06203541875956618,0.5780279208251683,0.06552113406052171,0.0004936906993158685,0.009238412437121542,0.04397923274720739,0.014408905522044163,0.1340846921088114,0.007713884005407362,0.02873292319652305,0.4999040853008783,0.26997911059122814,0.0460911912642754,0.0410885137994923,0.18823838159294726,0.020624364419453253,0.895126471716067,0.6910740347618418,0.7153662536010117,0.5621051505774697
002175.XSHE,4,1,0.00663393146915163,0.5308083508995285,0.24139481754923447,0.32658679854580686,0.5880564952200402,0.08972822349539122,0.18045219944969731,0.3007562866776686,0.14758122800747142,0.06267158052272237,0.0,0.00037129715044837596,0.01057568805178778,0.004754561376357444,7.084394035857553e-05,0.0007476318702408061,0.00026321842570536914,0.0011205366475372494,0.6173915309240923,0.02219716711707895,0.15083999513183868,0.0034627819965776098,0.0012625610796248383,0.6363636304132232,0.0012202822523583424,0.6999128111743782,0.0008565334294670556,0.015510536311838654,0.09130113104168995,0.3324354157548578,0.08260676664955283,0.7068273092369477,0.11623411788112802,0.5529704886258994,0.07583893993452213,0.04181893621096203,0.3064258702529405,0.1814942411838702,0.13940341655032923,0.14058536388208087,0.5252968822464085,0.03240298106872064,0.08786067118771274,0.5219463984722076,0.10310583483508418,0.009390558776883795,0.13509343462207765,0.14927867293361624,0.05995350103391412,0.009390558776883795,0.7167988856910154,0.061143219535558985,0.0006707355614436213,0.009084250268747738,0.06118163219968982,0.01636979801292087,0.04523907575554346,0.01315054497071991,0.029470930750510722,0.6363812770071953,0.27962140939562047,0.04016849107803447,0.046858157287267055,0.1424261855905153,0.011392295268289764,0.9149946386218062,0.6965857326080234,0.7153834169938713,0.5254071950525574
002176.XSHE,4,1,-0.02010302143274393,0.7417770302216999,0.15693147761353604,0.33823553629081593,0.47729232857636017,0.07369761103650949,0.5883848522175141,0.34545648094827075,0.9758206226360915,0.3218747160063189,0.27372437374610303,0.0007131374753814487,0.010812937443294871,0.004810730492790795,0.00013462453041205753,0.001486073929908535,0.0006085151855350858,0.0011315638351442245,0.6181792051789262,0.023661190709874522,0.1508997238635194,0.003660322676919635,0.03083425542043365,0.7272727282644629,0.029600418142873754,0.694738832984743,0.005709881507187935,0.06674504838563805,0.091034246185803,0.2625923985270919,0.05928423128683099,0.7148594377510039,0.09952223529582277,0.773993197816649,0.07909566964283078,0.03641485086162833,0.3162009252004059,0.17583955839024012,0.13813085424157104,0.07639223854991595,0.5158492491728226,0.029593587969110047,0.05651979316222486,0.5220329566740067,0.1026795482162542,0.006924856073401998,0.12608529481470784,0.14390512917386966,0.019441985899749162,0.006924856073401998,0.7097631742848897,0.07212173980810865,0.0003691451855253753,0.008990848892407559,0.05180652831329655,0.018229944652533792,0.039520145054293736,0.016974265042278208,0.029465281882167304,0.5972918789634116,0.28848602496411857,0.03476686247340489,0.037409528804511295,0.15640476959517657,0.027122539929413172,0.9170806053031486,0.72615651673964,0.7329996593726646,0.36993832697022055
002177.XSHE,4,1,-0.2196097977292531,0.7537604796595914,0.36566734878166773,0.41789193704068406,0.4810982413994578,0.06567407934479763,0.5278532189307092,0.13422169275049836,0.9212150457655355,0.21309551662196885,0.2252892235675929,0.0013095027048329949,0.011194915618649335,0.004934626595474743,0.0002790119933653864,0.00025122843902960666,0.0005391239056734706,0.0011228937091809792,0.6187847741845622,0.023364695722513405,0.1510999488182363,0.004127946161255249,0.008665703685457975,0.4545454565289256,0.01024398946039875,0.6977195879440244,0.002883998999188714,0.03988423623044225,0.09127600335800622,0.5910779361479751,0.10406822069839808,0.8875502008032127,0.13600812173644938,0.4391360631722237,0.09980508461184998,0.031148811754532497,0.3064258702529405,0.18251806545958998,0.14030161936478472,0.07251829267163543,0.532758917724925,0.018874773086849858,0.06852257688753527,0.5192312571783889,0.110467416576022,0.006286518950506747,0.13877497202992728,0.15790058735811996,0.015570606355318158,0.006286518950506747,0.6672193807498917,0.06517917977283665,0.000503427357609426,0.00907883831862165,0.058748118172190465,0.017305627167660823,0.04739963869449657,0.050840009243070826,0.02924999284390407,0.7089903675029912,0.3074914741973657,0.03356377959383846,0.026194636225752105,0.1254040634341592,0.018412544116767363,0.8884354007186377,0.6711832736278804,0.6857184728277086,0.45952442471201416
002178.XSHE,4,1,-0.2093877490171675,0.7420904076122075,0.13058920550364111,0.33340215564951825,0.5736737356741218,0.15422976771294547,0.7137303450764654,0.5148257070411048,0.667751346006416,0.42068363442303114,0.1173762727576223,0.0006919622337365668,0.010688430765943955,0.004797658172123936,0.00020636299493853347,0.0011198768861471055,0.0008714361767675719,0.0011356353344954772,0.6176196341772325,0.02226801328418339,0.15087475932558717,0.0034559680212051924,0.04095931311296569,0.7272727282644629,0.024867088896886044,0.7026103771576808,0.013480889825460736,0.1857194537397124,0.09090197764626123,0.3540370370033287,0.13005527946560877,0.07228915662650602,0.1059864207307191,0.48026637949530787,0.0838415923063571,0.057418755457401396,0.33038804707078445,0.17931642212854335,0.141055537790811,0.10726730379534138,0.53946473849254,0.04867678943927883,0.06640309974424496,0.5010929378142753,0.10707331172483155,0.030082902808861334,0.12549364153496345,0.1429645333142747,0.022354334208866823,0.030082902808861334,0.6187347872167633,0.07067056734130166,0.0003891564765716179,0.00907361855578221,0.05020727149346814,0.016577275783779273,0.06098919482968794,0.011988178351834668,0.029511370490896416,0.5640543864065032,0.2774357204412725,0.03378650982627643,0.07380243628747672,0.17287470866899732,0.031183675300592212,0.8911879890926133,0.6905958383087882,0.6999178797664722,0.4712983499836615
002179.XSHE,4,1,-0.2600000245083465,0.7026580011346694,0.26377312989156376,0.3403984812107108,0.5242067323164059,0.2713939754183416,0.5795921081579611,0.3167248427998493,0.9901979294640828,0.28061804759299036,0.379155393546889,0.003144139045754752,0.011409655201315476,0.005107439931404088,0.0005074332985353376,0.0019623324906626093,0.002121267536912265,0.0011472044956481,0.6234347962804949,0.022841496466041195,0.1512360722540509,0.004439168463412326,0.019533162862926667,0.7272727282644629,0.0200508625216057,0.6961259388682373,0.003962265534020994,0.05231979741340327,0.09107909937968754,0.2249107976935284,0.08792071890886277,0.7429718875502007,0.08977061760245389,0.6751141311098768,0.06947266978211317,0.04035996079800063,0.3066702533503187,0.17820617670413116,0.13892246858889867,0.22702131193565175,0.647448500305662,0.1293285549398966,0.14382837017814007,0.5159515604886058,0.11448920192843781,0.021908623701094636,0.15992131024431533,0.1629043717387336,0.18284442090603267,0.021908623701094636,0.695261732904717,0.07562099465802583,0.0003308111597002211,0.009103004841811323,0.0551637407861014,0.026571975275546007,0.043073478261994154,0.02988299503816718,0.02948174355902533,0.6449953040606846,0.29303552056013443,0.029032824454646895,0.04370141943937803,0.1183535365050413,0.02479870790213555,0.9293682805243499,0.7819285967007215,0.7755582723592798,0.5099526629309159
002180.XSHE,4,1,-0.302606938083002,0.6630530213757504,0.22189345667158222,0.2929027606189263,0.50199348183515,0.04937862507872942,0.5817919514613349,0.07710012603861854,0.4710605327471879,0.4086237400348429,0.065254366305731,0.0004015858738796558,0.010533879117473777,0.004721987963430916,4.406746381071244e-05,0.00020400763988384922,0.000305462199598768,0.0011117875670458187,0.617837175038673,0.022211461746074593,0.15081261614206787,0.0035603174702681364,0.011733378748081193,0.4545454565289256,0.007206474257533513,0.7008100638055881,0.0030433134387313795,0.0638509541466944,0.09122429500695607,0.2573614040287619,0.1200290529459557,0.9678714859437749,0.08131420869067962,0.5056087728249388,0.053329388411953754,0.03006961697046502,0.3054925904077165,0.18006088952185528,0.14082546268493748,0.10309787655175018,0.5318427242963106,0.03666135400775794,0.08439430280766064,0.5204613793041427,0.09875332487026456,0.004673439547453126,0.14395087447868793,0.15965029913782533,0.051535072896181554,0.004673439547453126,0.7034951862459496,0.06768371305378866,0.0004416675602874349,0.009084983376885384,0.06778023206175507,0.0326769082905847,0.029737451211008986,0.0635859155911413,0.02941695388603607,0.7215468767845401,0.28937972802694467,0.03969283816637273,0.028030871378807092,0.16860069286112378,0.026956391697074835,0.922563590916192,0.7535381009243292,0.7673462490065037,0.22713632850746784
002181.XSHE,4,1,-0.07769308413689,0.7155390277417434,0.4772415311699736,0.4091461316752703,0.7791733014362865,0.16505754931119435,0.5104902217907749,0.17106348267843885,0.9985334655263411,0.2586278972189405,0.3533616522233701,0.0018192377289401917,0.011333775903517041,0.005008259435884727,0.00070328983063783,0.00043618774549489714,0.001090451823210289,0.001040258398270859,0.6216359186131954,0.022228330699900524,0.15129750794689242,0.005368312800087806,0.007884060929638649,0.6363636304132232,0.012423723541190994,0.6938531541072979,0.009284738898740362,0.04852129872478972,0.09193331599337715,0.5807026562412329,0.14973486421425575,0.8192771084337348,0.1468342488513751,0.2571668793418328,0.10261192180648986,0.0354892568430192,0.3081879381165263,0.18445168093363498,0.14258677211125756,0.20021197366174115,0.5318427242963106,0.0950328138993934,0.14699992592619843,0.5209074993126732,0.11340285860948403,0.010365341974777039,0.17198988856322073,0.18822952115391758,0.06522048573421156,0.010365341974777039,0.7008788504481892,0.05861112325428549,0.0008732048123900562,0.009148697437751745,0.04863373892340188,0.054056809908748546,0.05304808563139965,0.051784981011373,0.03133231255589836,0.6664036866727358,0.30439631438492076,0.03939781181135668,0.035169465405868204,0.19881282616405735,0.023752317999641084,0.8690492252630981,0.6685269337932866,0.6767459791451573,0.6353015753305623
002182.XSHE,4,1,-0.2994044699272629,0.7133897059645444,0.25135172044365345,0.3403899817136863,0.5356721157454889,0.16976829867069296,0.5980710819317853,0.21334477617655745,0.8898764334935398,0.20001662873639,0.20600388778636053,0.001415173686672688,0.0109156978271033,0.004886709928828692,0.0010634343422324273,0.00499774542994545,0.0011072641254967588,0.0012028721519981545,0.6167993901292439,0.02222175274729221,0.15086708743842933,0.003571788143631188,0.01367503908718532,0.6363636304132232,0.01937849947006809,0.6827896463122543,0.014611995369040256,0.07076964818666907,0.09184184121723935,0.8041944432738364,0.14986100557031795,0.7148594377510039,0.16066254606687386,0.2035727374732958,0.10278340623872514,0.03901855418886907,0.3166934186883241,0.1864454149728553,0.14607429476130682,0.1658463636992367,0.5217371398267988,0.02514879167096718,0.08772270941868977,0.5311281520675044,0.10213420073695888,0.05546816323009182,0.12650539083195586,0.1449122476218943,0.01415671121735205,0.05546816323009182,0.7535502823749646,0.05849089777001998,0.0008864865844270959,0.008758710228037743,0.04370193852669437,0.013867160983838922,0.13810480704815473,0.007512567122090413,0.029544714751368707,0.5133293710767839,0.27055434312240895,0.032322704281233704,0.040891011522959014,0.11671440378476972,0.0200336483818867,0.8545193577708028,0.5999209455574723,0.6484633482346789,0.6045299781625686
002183.XSHE,4,1,-0.1127330941393906,0.5788211793697271,0.2583291958277004,0.24285046215129702,0.4955978564783353,0.2706535030345628,0.47398761425450403,0.30722146866962846,0.9963595696643393,0.37489698884521155,0.362598194162538,0.00628241737546306,0.011922652906083022,0.00519712529486177,0.0024720075954690374,0.03060819657561363,0.00481303851795044,0.0016577617695454462,0.6195507104085204,0.025726071075242392,0.15119772877472307,0.0040245103410766064,0.03154427901549413,0.7272727282644629,0.038675594994060446,0.7106533727678416,0.00887650519644167,0.06534322148864972,0.09203619813363076,0.6215861344510962,0.24388821975597821,0.22088353413654616,0.19340115501527763,0.0631486122047143,0.14114538816340136,0.060129279748304745,0.3477516641400869,0.2148067723849127,0.14775111332953772,0.057651795902728176,0.5225508483656575,0.049987363505549,0.04480429937742315,0.4865793033718836,0.10911127159958092,0.03931699216758857,0.12557339007983964,0.142803956730019,0.024686969607086124,0.03970632441491066,0.6273456753336443,0.06767109130524403,0.00044193067982772004,0.00906080150064571,0.04847662312100844,0.014349194758157378,0.04083596515829563,0.009702202403769553,0.0295475834556685,0.521994959211304,0.27251733630157216,0.057662714619465476,0.0879305080612059,0.24785602548512947,0.021245588323263745,0.7656065813580264,0.6282395736588389,0.5882673686934432,0.7178051062087037
002184.XSHE,4,1,-0.2004190358950998,0.5884215486765493,0.4549241963093802,0.33604850946268483,0.5397812845582685,0.11844502968759152,0.21546759773133778,0.18590522167058066,0.4261033476503396,0.13767472258047048,0.055000928352425205,0.001326686441156176,0.010281203886850344,0.004615593585186397,0.000369751024697449,0.0008392364236952124,0.0008589376599257099,0.0011346054844925911,0.6185326470253097,0.022573442248050288,0.15063345827467595,0.0036434877217986655,0.0013839781566724965,0.4545454565289256,0.0011854966041874343,0.6993358303990649,0.0011126686512784453,0.013701727412498869,0.09126060428342363,0.28085449182554084,0.03764825041337109,0.9437751004016063,0.09730272441830894,0.7918568851831281,0.0666478934564595,0.033867466241078836,0.30669062638965705,0.1816202129142463,0.1362174612706905,0.13557973242592375,0.5290255881709062,0.024766181134065354,0.08909631444674694,0.5234031537376441,0.0848484437057101,0.0203970816571298,0.13789071598765676,0.15297920154502345,0.05326360874070292,0.0203970816571298,0.7454932768700258,0.06356964128895407,0.0005566912555655032,0.009185336943260887,0.05077597529205597,0.015130639034318463,0.06825770600935521,0.021434932759867582,0.029435503750781838,0.5540620706708375,0.26982999786064116,0.031068271492171493,0.026635923932348662,0.10989892080863353,0.010951576239755938,0.9226346025478973,0.7093754146212023,0.7474419943334398,0.36106378130335526
002185.XSHE,4,1,0.05392628687127557,0.557744686851073,0.27336437962293464,0.3930516257678543,0.5348599781501886,0.09960347848472159,0.6025958938191841,0.2839813692238942,0.988608451980656,0.34005746581924556,0.29309644610428537,0.0019994476547520396,0.011341530638074911,0.0050468512455066426,0.0003175344357029323,0.0020367901920199665,0.001284823364143376,0.0011662768276646572,0.6175889267129056,0.023143881679762484,0.1511868300807906,0.004146799561045253,0.057755844071172256,0.7272727282644629,0.09514082086958131,0.760537195995085,0.0370978008740946,0.17509270145609115,0.09448776493627291,0.6520738174261517,0.32199325465696854,0.004016064257028112,0.22824661934696705,0.031574819397207056,0.192623418077507,0.05419447181469057,0.4498792411299255,0.34674874875639083,0.15135822304026703,0.076467437349698,0.5296900841440264,0.02653037201570066,0.06768448316391446,0.5248548102592827,0.10921327403266967,0.014053441548739538,0.13669819462085492,0.15449415566917377,0.02678713668209652,0.014053441548739538,0.725717096860514,0.06677083938750243,0.00046182585239139544,0.009084072612026274,0.05155746480790713,0.016694641273771946,0.097310688738154,0.010380772816640408,0.029601197986171765,0.5670144359938482,0.28548917054194306,0.04583873170923536,0.07255683189855557,0.2097599052540913,0.02098716875037387,0.6960879692093564,0.594320795188183,0.5549505826311745,0.7594790810946427
002186.XSHE,4,1,-0.1817857684813446,0.3588614320876092,0.13554235553047755,0.39006068817948386,0.6282323970680795,0.0513789490353973,0.3191790538622901,0.4112789081270266,0.996336298308919,0.2156807050584229,0.31168924452893226,0.003034498790764434,0.011498128495891775,0.005112139058606995,0.0006276431536855961,0.00031186413045471785,0.0008590521561979747,0.0011198237622701745,0.6176568526133551,0.02332891662949457,0.15131303579701244,0.0038600163869356367,0.013987054123194087,0.6363636304132232,0.01277535627279562,0.7003441618980962,0.00378133079550974,0.01958035633535317,0.09149761417215142,0.6413055591412358,0.1005507427472522,0.6827309236947791,0.1347695701039988,0.6298302328613417,0.10033601057085292,0.0376794861460643,0.30707928538139573,0.18263679338617855,0.13959579573490147,0.2546001899615077,0.5270759744751526,0.0728905497419747,0.17852255657077723,0.5331018878359871,0.16352556614396513,0.06486334571101632,0.18432762801018454,0.19413110892232538,0.13453395137568497,0.06486334571101632,0.7218960079553436,0.05686799987344584,0.0011244338406487353,0.009070533415216412,0.056680152329772734,0.020947202042056724,0.20944010395015772,0.014717843605817845,0.029491515678990533,0.7761639221017406,0.2927431350231349,0.09117070806162704,0.0361462976466511,0.25135112669098647,0.011618561942932345,0.8675295763446054,0.6591482022024682,0.6646972773577879,0.5589478695822077
002187.XSHE,4,1,-0.1903654240009971,0.5884201759345383,0.6036561081757463,0.6632246064688609,0.5358122086448017,0.1384752053834656,0.2056595573133862,0.1697851407083118,0.8936771288240766,0.07384937845263803,0.2081673329270568,0.0014074918648058453,0.012082306359995434,0.005397853072335745,0.0027516104390407836,0.0005125967733863534,0.006768250239102681,0.0011760342696214622,0.6178147801714506,0.021819358381233504,0.15169402601993623,0.004398128287020077,0.0035601348394109036,0.6363636304132232,0.003952292151900062,0.6981502968568859,0.0026048582950764015,0.012390340960477525,0.09143051243697696,0.5099153612589745,0.11319857132149719,0.8192771084337348,0.1351944987225789,0.3190692116509718,0.09443528196129496,0.038993445020984896,0.3068454925749137,0.18185911008276723,0.14155728350192506,0.2600929228509427,0.6099563428859529,0.18680983145135122,0.17004000808936431,0.5333092902805577,0.14237746783659627,0.12434928270494705,0.1744813323013793,0.18601870721399177,0.1114856581358479,0.12434928270494705,0.7326791909574575,0.07192707324313288,0.00037166417423851236,0.00908331647431362,0.04130470228732113,0.020714559225442596,0.14362036945686302,0.009542087756518394,0.029462178886728113,0.5683882893142155,0.2753191372563219,0.027262000075724865,0.039216324161022484,0.1160525757460607,0.010783633427050309,0.906685390066893,0.6648450975189069,0.6811780952858761,0.6145690261721873
002188.XSHE,4,1,-0.1629059774865191,0.5608386512378309,0.17029422693574386,0.2975195811589524,0.4007068171578695,0.02008422873365484,0.5435759147921698,0.2405280026882376,0.49791831139532416,0.49016738950107985,0.07162182491047386,0.00047306827723599956,0.01040952814234848,0.004668953836119009,8.024287700798653e-05,0.00021978990451061977,0.0002642303865162211,0.0011094354217639352,0.6176076328796908,0.02259241813411244,0.15071846343695205,0.0034138445641809035,0.007501298848677581,0.5454545434710744,0.011037889036002306,0.695470835762205,0.00539923236535316,0.07669349733200687,0.09133063225744519,0.31964373971295723,0.10225806213729904,0.9799196787148593,0.1087547153900581,0.5828832592991061,0.08428652293272418,0.03087883174849366,0.305872833035108,0.18156957510382976,0.1396425906716893,0.09909929711665741,0.5318427242963106,0.036886176862758996,0.05565471109652453,0.5216243746611543,0.0907718955794478,0.004701284066034596,0.11794658382424371,0.13604691083493925,0.011322559208515603,0.004701284066034596,0.7377482685325734,0.06753365399940045,0.00044482314181634784,0.009212728977759243,0.06699781911129707,0.034999888310030966,0.04734033256512496,0.056738716171575464,0.02930799897111319,0.5640222300333873,0.24538310194580437,0.04042774312110274,0.03170422817739002,0.11346115481076152,0.03855326912723575,0.9106691426055589,0.738821812392199,0.742858048178964,0.5407481645844018
002189.XSHE,4,1,-0.2314944437967043,0.7071476519345956,0.25667772236402064,0.31834086984914983,0.560905053625656,0.07499018367909199,0.41227661304924096,0.2171510361862206,0.5603421855227582,0.39100830083317695,0.08722356668935971,0.0006301268607089163,0.013684344003226122,0.004676280272189842,0.0001752540787861165,0.0005355039944773782,0.00043895502500349774,0.0011216187256633562,0.6177243351785837,0.022235880959731832,0.15072190164107727,0.003491375200136633,0.006064942817401083,0.5454545434710744,0.005975341609046847,0.6828147678415583,0.008468390887567559,0.03264900063308311,0.09097900870721885,0.2420278333332362,0.03931293176276134,0.9678714859437749,0.07872906155996895,0.9218950024586823,0.048106256739403074,0.02770013471207504,0.30570641165966733,0.1808366455587232,0.13500599235162755,0.11603303626586914,0.5206785296938533,0.032390266245127156,0.06855684082539411,0.5227204841349575,0.09115675458893455,0.012164474318300818,0.12469934080714246,0.1425437919177906,0.01827884906709163,0.012164474318300818,0.7406123324183754,0.06444911144226392,0.0005259412696039756,0.009158185896815258,0.052302940374091264,0.019032088517395226,0.07085992409554456,0.020243686434573062,0.029237925488067473,0.5426265990865372,0.2685880406528802,0.04030912645516462,0.02618876063610576,0.1608317341794599,0.031070766285816835,0.9175048998025876,0.7441400203440809,0.7987961860300543,0.4172581570338628
002190.XSHE,4,1,-0.2252191033422262,0.38697930669860847,0.23608808281927687,0.3263323448536342,0.5771058445319885,0.05261240681726312,0.6423774466239169,0.3604416829994077,0.9987582756013451,0.6459393979237282,0.32188621335661965,0.001508849122115181,0.010747471256613733,0.004801814775488786,0.0001926197791685982,0.00048766229499340945,0.0010434824884073002,0.001110357516951428,0.6202834654431918,0.021902974003254163,0.15091156531922092,0.003718853657521991,0.06306291301988233,0.5454545434710744,0.0350513349977634,0.6881647048727075,0.010412201747173644,0.062268246359772086,0.0906823822137716,0.3239106688885601,0.06319950457546505,0.502008032128514,0.04741017536046463,0.9667641584684923,0.024453193088782854,0.048080277743077646,0.3071325549716528,0.17224833028961772,0.13661781795209757,0.26525732522055834,0.5088846056657151,0.08582065096472176,0.1281337020586971,0.5218762204867043,0.10395927840067147,0.007289494467727886,0.13293265367211768,0.14742959653127743,0.05554800099773177,0.007289494467727886,0.7193100539042298,0.08613530324918028,0.00026228581369801783,0.009084692217258541,0.0624931731798708,0.030308320641404974,0.02453033610132221,0.039076423663904306,0.02941424319203959,0.6069842533567373,0.2886368896719579,0.0590163453586913,0.05935269144268815,0.23934409358058467,0.032305138481785005,0.8962963883484114,0.749201163150679,0.819529564604331,0.10974774004638443
002191.XSHE,4,1,-0.1129998520053277,0.4438035700313162,0.331919700278739,0.5169319719736168,0.5133873142368991,0.07177899936437965,0.2998074230779908,0.22892545069478815,0.9992803443106806,0.06166824897472237,0.3486701972669846,0.0026753635745436813,0.014016001932274131,0.006153727073784672,0.000736446842742127,0.004083171085571619,0.0017594279796467232,0.0011705663111119986,0.617815792897861,0.023272168917123595,0.15266108264606007,0.005140313706888529,0.011871832815742623,0.4545454565289256,0.013866614481939406,0.6986025426755371,0.0058460327199130035,0.019942118115221126,0.09147554062504296,0.648343746622074,0.12299118437469547,0.9357429718875501,0.14035293451092362,0.3390107165698763,0.09266982638846494,0.032426991109491224,0.3134662466466766,0.18417399443900015,0.1413402069896037,0.09993316646284893,0.513745346970226,0.04513758732469801,0.10975233487596096,0.5348689839640894,0.14999805916872194,0.020144373726550584,0.1692808135260006,0.18370215589926367,0.08064715788257142,0.020144373726550584,0.7355257269125018,0.06971738263687531,0.0004040393042463945,0.009102288183370109,0.053348796025959586,0.017605069795093777,0.060881852583068295,0.010224296249573554,0.02947594349116753,0.6755765693141711,0.33418401562140787,0.029062635027105762,0.01989002545470363,0.14932859287125702,0.008076508942992163,0.8882117140787662,0.6489208792180801,0.6758416003675607,0.664710573402278
002192.XSHE,4,1,-0.2831927627722194,0.7021249850224042,0.12729324557939714,0.30147485751390063,0.6406309530078597,0.19533755489366192,0.33639890270929385,0.33141469050730776,0.8309832191573312,0.31123290478888266,0.17666027134995999,0.0005784966904195286,0.01057345251185029,0.00475465705119144,0.0006376006944679541,0.0027032675103588174,0.0008475290447904586,0.0011604674532653672,0.6170669983931398,0.021902064943652978,0.15077646463487415,0.0034718382160033017,0.003977989596581873,0.4545454565289256,0.0038828368434386806,0.6993643170481744,0.0012238562282886512,0.017681106991046396,0.0912756493002767,0.30600501258474005,0.048209060637801594,0.823293172690763,0.09328665486968196,0.7889495831532524,0.05578988185521343,0.03596914724057213,0.3073163643524187,0.1810600445826899,0.13763300810852264,0.14830507621688205,0.5451157686472485,0.030852319072705366,0.08230343385607619,0.5111538031650432,0.09420446892502839,0.02013011389594714,0.1270736807900426,0.14431863134749523,0.025556936581740183,0.02013011389594714,0.6906624038739064,0.05968359740797541,0.0007720774523945293,0.009065352583325194,0.0427220424896008,0.01387663803298523,0.10202945205201054,0.007929254440404002,0.02937824408604009,0.49362638508032997,0.27019363047256867,0.05105099939761355,0.0410646197349305,0.16937256168617318,0.029337351199377876,0.9059655096504808,0.6906594135597719,0.7426256822448662,0.23879098103519947
002193.XSHE,4,1,-0.269604130080194,0.36616677285806654,0.33870429203132285,0.3383010532470469,0.5582255679571764,0.16119953633701906,0.72516024943849,0.3606393798584828,0.6073178313906875,0.6444157416126393,0.09982431325637564,0.0003685310831032449,0.010760055104133371,0.004832865025875847,0.0002627742617359928,0.003317371085261012,0.0010043631996066555,0.0011802748674886953,0.6174399298745973,0.022212776783429488,0.15083213411365057,0.003727306320721043,0.07188708726522675,0.363636358677686,0.03700826827720311,0.726809838612364,0.02358972460225851,0.3098941846793886,0.08868227280393791,0.33756102994793746,0.1260958765964944,0.6626506024096385,0.025946339091720005,0.8649777897318445,0.015040308062248459,0.03941723464709837,0.3075162558317259,0.16780078718314434,0.13963219179684758,0.15385867665731834,0.5288772299714922,0.019293342164974508,0.11716591987938216,0.5233201686712625,0.10065238040780433,0.016661885770327813,0.15865277324324853,0.17124677948916298,0.09084740137789833,0.016661885770327813,0.7267489077177817,0.08979358002925861,0.00024727688217470866,0.009062858261022906,0.044866917242845875,0.013426376467499643,0.03526123518593857,0.009501364729939246,0.029091906259755523,0.5367364386040586,0.2668870654050095,0.0359005823502236,0.042348961783309484,0.1689654107767138,0.03162065562002751,0.9274376517873628,0.8333084560612094,0.8457948367233232,0.24007551602831034
002194.XSHE,4,1,-0.1636999798825656,0.6702677611734826,0.3953614768407312,0.3512169243401336,0.43479753817656885,0.09031738352926202,0.5099265365446612,0.31459176881157075,0.9755865918353548,0.3047420902321642,0.27342847552786204,0.0013192742800903767,0.01070967607870779,0.004766016068746855,0.0003793350501700979,0.00038316441440322497,0.0006387902005366995,0.0010917940027237844,0.62111778805861,0.023432926777069374,0.1508760896150205,0.0042689346920966225,0.013065098208755678,0.5454545434710744,0.015523646310031228,0.696551896090499,0.007018008997146676,0.0655241023785837,0.0913715699540827,0.3087701079402133,0.10305800244237562,0.4377510040160642,0.11293548595363861,0.5841295391946815,0.07967407704647447,0.04283637904143611,0.30811020290058244,0.18029792344959275,0.1400663448214903,0.14378735132033874,0.5318427242963106,0.04986170898814523,0.09991001872601078,0.5242333657297611,0.10124037395554121,0.007537906036145376,0.14551128332272065,0.15769892329277532,0.08588577985700414,0.007537906036145376,0.7325039116498808,0.06389039260378188,0.000544969053573581,0.008959637786720936,0.053766584225942805,0.03969020308063423,0.03156444026653394,0.08002542196546852,0.02903083800184083,0.5654531886370466,0.27844155004824755,0.045034236252158605,0.04823968365000699,0.1620996573694077,0.021188759944966204,0.9051186959423954,0.7359084074123214,0.7210116895907981,0.6279114309067606
002195.XSHE,4,1,-0.2448779526431731,0.629455748974905,0.26918657521455913,0.3984387132257309,0.6018752053121622,0.003918574070016556,0.45627430776095773,0.20013206663208655,0.47584389399151167,0.34168824212987037,0.0663742620049973,0.0010977828531541038,0.010712839753445332,0.004804400478527589,0.0001412325945207646,0.00025197118927913244,0.00022411323263770092,0.0010968981671845618,0.6180317749172121,0.02231423576586692,0.15093322174686905,0.003683021068275729,0.00545009601583219,0.6363636304132232,0.0058770077188257264,0.6972837563964313,0.0024897908052779237,0.04074342045762865,0.09112489872917183,0.27495871002616795,0.016969656872096832,0.9759036144578311,0.0688529298992952,0.9426670184447371,0.04993249643610938,0.028489932669920996,0.3064258702529405,0.17059116889829895,0.13515547617747758,0.10108111559271267,0.5387285762618438,0.1062047355467886,0.11077953917968728,0.5249680666077406,0.11596841127381022,0.017531121671114664,0.16953125789246287,0.1852047837790873,0.06893971383334963,0.017531121671114664,0.7155216838031404,0.052429033860963786,0.006214391067404058,0.00910414014502673,0.06948594769982991,0.12266648010979414,0.06169731186192793,0.14444936737110722,0.02941634091503184,0.679520160382683,0.3048712948844406,0.04963253127266362,0.024806615790245155,0.13251127324314738,0.022973619668600828,0.9166172544062718,0.7530986024501352,0.8084644572539101,0.1928060894733602
002196.XSHE,4,1,-0.227343898902437,0.4741815663104009,0.17502802741022488,0.3652333032250456,0.5575677331614771,0.1674053312565397,0.25906485011275776,0.15680255836958543,0.47700394910510663,0.2758906525232173,0.06664712081998592,0.0005486361866437329,0.010691304822962594,0.004785293774565127,0.00015207820454456544,0.0013660054741480045,0.000514333061526984,0.001135085699054296,0.6173270602490076,0.02218884325685756,0.15085709935630756,0.003509381884329879,0.0022718489320287224,0.4545454565289256,0.003703370417066485,0.7011815260087314,0.002425732944152191,0.030207108618974406,0.09132781089230864,0.9156176894969767,0.18123718103806255,0.8192771084337348,0.16150515645937613,0.21562079419032354,0.10605370379595508,0.035299060511156194,0.3238087970183783,0.18329597151762514,0.15314682951304667,0.09366976664459814,0.538931764676556,0.03162315069904024,0.0742117633260224,0.5295474611949464,0.10467259916995085,0.02130776722334358,0.13735153229062957,0.15265922230454315,0.05082335402752033,0.02130776722334358,0.749372792211055,0.07223639288803882,0.00036768371912732035,0.009123163122303763,0.05236547008889772,0.014817425237165565,0.05449281804620852,0.009749028016464309,0.029603174477120957,0.5609291195917693,0.2765476626384817,0.06722958463285708,0.033579200989902844,0.24189379401631456,0.0184521744332117,0.8708857635880758,0.5880102604926809,0.6389746325053536,0.5932240032776719
002197.XSHE,4,1,-0.2673314028074668,0.42311497518376606,0.2485217724544812,0.33633713821581035,0.4564009331725107,0.15819570598329163,0.48206917439273844,0.2330521665028965,0.6634755637595622,0.3387147920344485,0.1160774828683967,0.0008248633130211509,0.010717958361466332,0.0047948760328987506,0.00020659168695451546,0.0017249346972134211,0.0007053929958940209,0.001144066457474226,0.6176860034674909,0.022777425558799417,0.15086547511707207,0.003679052803072749,0.005746529661314036,0.363636358677686,0.005453679561028418,0.695829490069693,0.003359817393902815,0.047752554942570316,0.09092477061159143,0.0002820435781019093,0.03473331080469364,0.9999999999999998,0.05390071295775352,0.9081848970176543,0.04220626337306471,0.02863336736125925,0.24853988568332103,0.1761983824288838,0.10770114673592315,0.07549911190539507,0.5366103006022579,0.02614590343867486,0.07366408942184931,0.5097636126021033,0.10307432896411307,0.01063644242718193,0.142697190807256,0.16200111797079494,0.016510817464123136,0.01063644242718193,0.6475752444854209,0.07359997422034487,0.0003514676906832819,0.009013420617528162,0.055271518796643326,0.014673341964551383,0.039762034617782153,0.012019561683317016,0.029548526068857228,0.6608140219528233,0.28283570366122374,0.06062439377450597,0.02962150688464485,0.07585214318285455,0.01604848357958964,0.9761684963997104,0.9219212993675647,0.867811508979095,0.383826344529878
002198.XSHE,4,1,-0.02216603139955062,0.3003028072770231,0.08982385341690913,0.3031278326123222,0.4392579422894155,0.036725875532666485,0.2812596718320206,0.3343766621697808,0.7867232965587374,0.32452912639193154,0.1582133891459112,0.00027400336730918425,0.010574071284037537,0.004740777720429677,5.068185619347752e-05,0.00026380681540979177,0.00023334518532080193,0.0011157122329779603,0.6173602219117558,0.022161996540826144,0.15083141501770503,0.003426665092503499,0.004937796139543404,0.5454545434710744,0.004020032074199415,0.7017538514070604,0.0016129838358644765,0.021117843899791988,0.0912876322418485,0.4970601485455646,0.15182614886792337,0.2248995983935743,0.1250871268369104,0.26547609637213465,0.08025753874503762,0.05042055062397139,0.3079598265821763,0.1813888569502076,0.14216301796145656,0.052086521130419915,0.5334700520479965,0.013187968046227455,0.03944094980953588,0.5232019741693624,0.10196796810282958,0.0029491048232782465,0.11774910502162882,0.13500873919542494,0.019162864868575873,0.0029491048232782465,0.7263609561836788,0.05669895420830859,0.001157828610346181,0.009090736658212433,0.06660390829186232,0.01321491512344076,0.07214844675214878,0.027379242827886768,0.029729363412367194,0.7574145388942422,0.28829155548911023,0.08254708388576465,0.06323814671945213,0.24910764047220957,0.01719851049829515,0.894095027765548,0.6643475520764235,0.6920055556582427,0.36840872214968673
002199.XSHE,4,1,-0.2535418216021552,0.7667009263851409,0.3666340959400218,0.3369956721623588,0.433600897396997,0.22479555658720327,0.48806400116673115,0.21118788328959515,0.3963730933954137,0.2515009368166024,0.04847400093693566,0.00031279034697026986,0.010593056316905665,0.004739455229125306,9.941989419815292e-05,0.0013256459789351546,0.00037973618645908947,0.001146013202434979,0.6172393375549132,0.02253602039969093,0.15081454391037427,0.0034687568744432577,0.00524645091225441,0.4545454565289256,0.0047382345988904685,0.6969280825261404,0.003091486311821506,0.05272677941575472,0.0911808059508135,0.19636860592982192,0.06947965591759467,0.9317269076305219,0.08117849505435791,0.8059827594525812,0.04487422397137254,0.03485246214481628,0.30651168988116156,0.1798953159316075,0.13893546718245084,0.1595117102002502,0.4994882345716016,0.031101660770911047,0.08147615743334992,0.5248794608789046,0.10008423033681169,0.007284400209736125,0.12288634704650676,0.13981770742420874,0.025722076565045934,0.007284400209736125,0.7338664161341097,0.07712884273295981,0.0003175251670445773,0.008971680061155497,0.05084378177604441,0.016679660040149705,0.043021100418764086,0.00890489561585128,0.029455520659464395,0.5392535064307202,0.2769371855809158,0.029311706463117357,0.03314805640648524,0.13378980468156254,0.019762816294789733,0.9331833804377156,0.7501796691875637,0.7729151098589171,0.23328591480951594
002200.XSHE,4,0,-0.05832351571738782,,,,,,,,,,,,,,,,,,,,,,,,,,,,,,,,,,,,,,,,,,,,,,,,,,,,,,,,,,,,,,,,,,,,
002201.XSHE,4,1,-0.2357108494477829,0.678228684307186,0.26109393178779405,0.4165298926424989,0.5006816572755943,0.19766165473884245,0.42553989279829435,0.2957304990553975,0.4389144483503244,0.3102690181504591,0.057874077463894835,0.0006464006096461229,0.010728458469232557,0.004809915840558994,0.00020927160702652016,0.0019014662733452454,0.0006921946290883869,0.0011567504779056014,0.6173655688663227,0.022256626812829063,0.15083420159564395,0.0035637264372560236,0.013968889766509833,0.4545454565289256,0.011630007677358473,0.7103779618157275,0.007796570776526121,0.08682282716830966,0.09066601715181005,0.18961350850140912,0.11651768072556828,0.827309236947791,0.05539158654511292,0.7312008327695645,0.043642121061942395,0.03608242816832308,0.2976460224880688,0.17847939207185962,0.13877558448175906,0.08088242812576814,0.5481166047200824,0.037151767304009646,0.0674323631788522,0.5249743296316186,0.10174707887486094,0.015669876206052792,0.1350269470463658,0.15196132209004692,0.03383726210101,0.015669876206052792,0.7331945121217327,0.06975684144217677,0.0004033923142969844,0.00905686316915831,0.05038773699949184,0.015627782544620463,0.057744586052454694,0.00964822776791693,0.029458815719151574,0.5923165118540589,0.27543418376255807,0.05575581298037961,0.03602911571138856,0.19941646716826267,0.023006669857031765,0.9461918237207254,0.8815758922648271,0.8311135345235043,0.49106117167607666
002202.XSHE,4,1,-0.2409932549739918,0.596127337902211,0.6409099618784875,0.550568377302589,0.4859185739278421,0.23954769719596702,0.4100601968610128,0.1353197439798192,0.8146181873107008,0.15508771658445752,0.5353670651278755,0.008129562098999591,0.011839389213113904,0.0040685082059049695,0.0036879204966892157,0.006657003960458973,0.023376331401665482,0.001853399437109657,0.6454419889037255,0.025071135486652435,0.14953272951739766,0.006371467435438066,0.02926161192661588,0.5454545434710744,0.030771895215718756,0.6898014594530801,0.011382508025536996,0.021977028126978382,0.09118764051410526,0.3266480054047707,0.08770539971996547,0.8755020080321284,0.11340126042392722,0.5467390891480229,0.07796016885346682,0.03849042442870913,0.3040145601953529,0.17930233748499447,0.13938911809742185,0.28236609883521563,0.5024016237382768,0.08717301271770174,0.13412426289291854,0.5118554625773082,0.1014873730213312,0.007214983272523101,0.1349207026674309,0.14995401695951466,0.051794843656437786,0.007214983272523101,0.6966335856186834,0.10840057239948303,0.00020083051856701408,0.009048846683763845,0.04781702697326102,0.01828491153758237,0.025571657508396156,0.019225923723228473,0.029684226951931316,0.5516082067499554,0.272720370998703,0.03336983618566372,0.0385773074007484,0.17098414462684297,0.012759915056529281,0.920023149791936,0.7050135995754281,0.7166601093704204,0.3505942245829452
002203.XSHE,4,1,-0.1573920088680728,0.687168568600723,0.35118392650519625,0.4960400312144028,0.531527672944935,0.16074975721327844,0.3032692915630344,0.3896605092370606,0.9982182045227221,0.2588104266044313,0.3549875112881782,0.0023091651021401294,0.012096985080565812,0.00522113437381976,0.0038199550370621904,0.0137734504326202,0.00477496814349715,0.0013500314432229685,0.6166480515462458,0.02236988274301992,0.15126593149569756,0.00485039535896904,0.011825969780556002,0.6363636304132232,0.00950788682538493,0.680965897153246,0.007561035583501866,0.013973048747399837,0.09144795851921309,0.5980519887284967,0.07147828386760943,0.8152610441767068,0.125060115870458,0.7116740700893851,0.09051555170186326,0.03916205305003146,0.3077786387698685,0.18284471570614344,0.1390862508676561,0.13595951051861327,0.547144737897499,0.06044200880077099,0.09953196229627027,0.5274566149094656,0.11459868918170202,0.0788137564033442,0.1516407747548946,0.16910184527231648,0.039986672169565626,0.0788137564033442,0.7298116214855038,0.060875201024980855,0.000686968781187827,0.009121359687251616,0.04172473311420669,0.01579862643397659,0.12319116305416589,0.00818999330006459,0.029841454014516156,0.49251699020782996,0.2731636212435418,0.049607498191784435,0.04107956641034664,0.17512531983077467,0.019142041036071065,0.8773611367542002,0.6644857591437798,0.6871971651356039,0.44487288572723416
002204.XSHE,4,1,-0.1673314028074668,0.6734825268572072,0.645552719585099,0.47290670226067144,0.7392632083112871,0.3266793863045872,0.2714072989470832,0.24208154454931075,0.979630099610183,0.3462002370561722,0.39826590091520636,0.01108776031426908,0.01114606189028545,0.004928470898008733,0.0029711195699832047,0.005089279190206596,0.02878693089278611,0.00191109733153824,0.6238698776331071,0.023246599549795723,0.15102080536536297,0.005797470228974699,0.01070222440416836,0.4545454565289256,0.006468156879816416,0.7013128108339136,0.0038116562078856697,0.012978203852762955,0.09115411817465864,0.2868137762093117,0.035898570042439314,0.9598393574297187,0.07195721462913943,0.9497299555794636,0.048493452693280086,0.03413340899657835,0.3080845376490321,0.17802520643808295,0.1380840593047832,0.49832328414897054,0.5124765124646016,0.04666777444719025,0.26797825799394415,0.5283205508763095,0.10531020140954829,0.03700943650939315,0.19041148917838352,0.21017101867409244,0.04419601877453408,0.03700943650939315,0.7303736837984662,0.11691713015748342,0.0001883915320058408,0.008991658491633614,0.05245768163035281,0.0136378056859682,0.03285892124921987,0.010786389417834018,0.02956018477735767,0.5673443160283996,0.2770973941674342,0.05259094418346087,0.03284376271111663,0.1992006605613822,0.022826015433391158,0.8827251778841374,0.7225576047056745,0.7725982472215107,0.17202273514145977
002205.XSHE,4,1,-0.2685171735584549,0.6720105552094285,0.45630042419578,0.37297475135872427,0.5141640106691274,0.1109294880833841,0.3650948528348541,0.17276653393432695,0.5795379801692926,0.22690587555131025,0.0922746170376838,0.0005983551913799727,0.010385472922747227,0.004674172890028569,0.0002022851005814266,0.0005080702070472632,0.0012068284892598985,0.0011335023337459608,0.6188485520866527,0.021602201903798787,0.15070674395046388,0.0036403097605301844,0.006541527437496494,0.5454545434710744,0.005656872066917523,0.7008561551031585,0.0037223122017677208,0.034005607307587955,0.09119191045345044,0.26215505747763634,0.07158920568463323,0.9558232931726907,0.09733434701318001,0.7287082729784139,0.05769752061000245,0.029716923877240932,0.3066855016953092,0.1812216530862528,0.13815165199125454,0.4033149949707784,0.4867689313003033,0.10319886381210741,0.2044588475006022,0.5260573108438317,0.0829102234114383,0.007254141544797115,0.16077022110499428,0.17810727080431762,0.047286760677174654,0.007254141544797115,0.7424586077915158,0.0957312401954106,0.0002282061714256436,0.009127606733633227,0.05261954652501003,0.01918513482971049,0.02484705115513929,0.022456069497189545,0.029564591357799187,0.6257563677935073,0.2798937445262878,0.0252454436299056,0.024306283561728835,0.12328075125398996,0.019280971466172157,0.9254795060430898,0.7259381495732171,0.7569082656259489,0.41800905315624803
002206.XSHE,4,1,-0.2327670088680728,0.6976065066402473,0.6172053893084031,0.3595230578073812,0.43994586863866647,0.1216446441213073,0.40605535923592373,0.1397421805762012,0.8675517392484143,0.2328129441177778,0.19405005152243027,0.0015696197190639128,0.011043124182582296,0.004938026742564641,0.0006554699772076428,0.0037509348248482063,0.0016249085766875003,0.0011768265608171837,0.6181577162566958,0.022758463868462708,0.1510717620367037,0.004010564953645607,0.007207870585475099,0.4545454565289256,0.0072573168974624635,0.6986857992964507,0.004171063021277802,0.0378041059962015,0.09099595522958896,0.26503718411307586,0.04166549628008718,0.9397590361445782,0.09004006846291789,0.7714996114357985,0.06181753433663177,0.0339289463809832,0.30295372394650827,0.1785181297279217,0.1349812950238784,0.22540799978358206,0.5207210972395524,0.0440656074696419,0.12369223911374568,0.5179819445051119,0.10961553960070398,0.022608276049697944,0.14166108622634557,0.15644773961694894,0.058655442449245955,0.022608276049697944,0.6988187343198053,0.06766255300756399,0.0004421089752282576,0.00909944293421061,0.04817241737766733,0.01757055620255305,0.0698232677344726,0.011356805183505354,0.029268075488528836,0.5377377215324619,0.2765632357696135,0.04450240718950732,0.03896453968259858,0.18842085929979227,0.02048588263444398,0.9292786283393222,0.7314996019636459,0.7677766540889803,0.2965466171174375
002207.XSHE,4,1,-0.1115836417965479,0.5120470858354008,0.18525361233354254,0.37664370090765775,0.5820366799320265,0.09099729481719945,0.4818336322667439,0.2811927258549199,0.5434405952549267,0.31167878695301604,0.08287996154678423,0.0007182108992351229,0.010289533673711824,0.004634801474497466,0.00014882402635137704,0.0005118390824220654,0.0005398236626017201,0.0011244153375558153,0.617313575263665,0.02211976739002119,0.15067750845002645,0.0035023898318800356,0.00644089041384851,0.6363636304132232,0.0058507445651726254,0.6900805391857088,0.005222335499516762,0.0520032558560188,0.09148864662050962,0.7414445108200044,0.13995307524055975,0.4377510040160642,0.15721304800968705,0.29788142683649194,0.1154577900101893,0.04131644108479335,0.31336400941035536,0.1836117226541007,0.14227350600665006,0.16144312776767208,0.5128911816730582,0.025192947448031074,0.10022583449299008,0.522498789148717,0.07517683757992438,0.012047183631285707,0.14008741641314854,0.15494452477310974,0.05693167790440276,0.012047183631285707,0.7518302081032793,0.07612836943475049,0.0003261586997537467,0.009151095529329906,0.05856237589698479,0.014570026066061479,0.06525212310400522,0.01047704502452829,0.02955534230642426,0.5797982575681133,0.2750559513401945,0.04574856874314759,0.047978766237501226,0.10173626944317779,0.022161272955673862,0.8561588388177983,0.6074974569899609,0.6413484617639216,0.3984806300336542
002208.XSHE,4,1,-0.2080586755347394,0.6921996680709818,0.4616346834834656,0.565664015236765,0.5486297058801403,0.25244070255209883,0.3677925041670448,0.27677853426192844,0.7790744850224679,0.15276936135984387,0.15524943768044708,0.0004542369449935458,0.011148908072063866,0.0050008193144005795,0.0006050420031990504,0.002790393483190397,0.004893350691224688,0.001262823980426619,0.6226351979291717,0.022142981733150567,0.15105846844051632,0.004135255337507652,0.00970721242223314,0.5454545434710744,0.006996957454626356,0.6999768265067726,0.003597615430513473,0.03296554219046757,0.09113552592341709,0.31215747885560285,0.07630882307050471,0.8152610441767068,0.09147823772549214,0.7253841755304131,0.0692613898084016,0.04104497730291527,0.3080569921630748,0.1809599153956308,0.13840772428423243,0.11239982316205155,0.6016007407456547,0.1140179399967437,0.1062675715933725,0.5500987710983609,0.11200598228604162,0.020331674657934385,0.1617326594359405,0.16752333133048167,0.15743353910888555,0.020331674657934385,0.7783943714308752,0.09274569832009785,0.00023710817665479095,0.009073773731251884,0.04291306153398845,0.017773525682235634,0.02046855906798108,0.01745636934541119,0.029358129101996856,0.6291715963865108,0.30687380488385074,0.04111792002966594,0.04468033390666718,0.15612428433905862,0.02203565232996351,0.9193849327519847,0.7199869532528416,0.7460108314211553,0.31102194465421173
002209.XSHE,4,1,-0.2610787682704427,0.5861565243584246,0.33700962618474684,0.289058154798152,0.5027636584307756,0.16927802496346447,0.5110133034689949,0.24258797097978677,0.5685670728762254,0.29022965058384265,0.08937210398089268,0.0006235782197886463,0.010641382325787352,0.004764163332259804,0.0002647021918779571,0.0006206269244941026,0.0017910539855279899,0.0011505674412504606,0.6177534835642606,0.022931306756083184,0.15085373016523304,0.0036337626285651704,0.010509897827739242,0.6363636304132232,0.022861814046546722,0.7117639880681945,0.01865162921647335,0.15890386180700009,0.09214275878309855,0.6965423189631719,0.16681685944957764,0.57429718875502,0.18557851560904456,0.22808461973577632,0.13568122528194157,0.03959397953092062,0.31174110087711093,0.18816097018445785,0.14479913273383818,0.13340081902281656,0.5175508956070896,0.037578606482293955,0.09075871944462549,0.5224517361744551,0.10161444089872847,0.018794599947408435,0.14017789381299825,0.1573175084853335,0.035346053088130935,0.018794599947408435,0.7202168321887595,0.09068290001340507,0.00024405212367745776,0.008976145879575143,0.04885232908676538,0.015441154281883937,0.045216258599850644,0.011584693743867343,0.029354127082418132,0.6080703625797396,0.2779949905130432,0.056939753393684636,0.041887346598146975,0.16756591363935755,0.01952054794520548,0.7906159903992274,0.6090978948299504,0.6055825915667008,0.7583882245418885
002210.XSHE,4,1,-0.2651895655870955,0.5768036408255828,0.19451308528060748,1.0,0.6802993106526607,0.24710933754477,0.2587847683587168,0.37542835082892523,0.8435212107427603,0.21530037105285033,0.18236455654343897,0.0006250153935693905,0.01148778601796008,0.005120336686265096,0.0058884101187863126,0.01837413097072708,0.018533339339514152,0.001766747402177926,0.6183561039957237,0.02266629322249436,0.1512111228329772,0.0035898362110614278,0.005042343508291642,0.4545454565289256,0.005655984969666258,0.7002244243615172,0.0033332333757063975,0.024147598806186128,0.09138365237065066,0.5281924170950233,0.1449349661555865,0.285140562248996,0.14675716877637685,0.28666388118661446,0.10901822052828077,0.0502850766230803,0.3047119954580256,0.18451550090108873,0.14192904327751735,0.05147583280456661,0.5292281232466644,0.06831117304740111,0.04509664105235974,0.5552318009373338,0.11636928431716072,0.28692823014981966,0.12335494479743073,0.14113183600303666,0.018017752945813675,0.28692823014981966,0.7549162924453451,0.07278087869092797,0.00036095883250439017,0.009088666738078089,0.03959700786080304,0.013882741895147257,0.09713203133285075,0.009046937219606217,0.02864375226130112,0.46986726070945833,0.26961353133790916,0.06372699268117539,0.06398894399573493,0.22608489132086942,0.02132350302087695,0.8674266094786327,0.6810402016717529,0.666756884500928,0.4688638377166383
002211.XSHE,4,1,0.03656967695568207,0.6242663919613798,0.6091773227286151,0.40864306769512937,0.4896435739069452,0.12534555980507642,0.5514853240889782,0.15461506735892944,0.800858230024615,0.39666825864259236,0.16385081489465791,0.0014221255581467725,0.01008684367308781,0.004544088651786622,0.0002663295808427324,0.003106371861008493,0.0009350064362896051,0.0011705689645153839,0.617451909799399,0.022342787435176745,0.15050591463404078,0.003611858333292856,0.0061564858042316975,0.363636358677686,0.00517002249944742,0.6598806553826531,0.007528482420582484,0.03472913086732387,0.09055348703426166,0.20171641866367118,0.027719942649877143,0.9678714859437749,0.057333740913444994,0.8471130757756654,0.03333733779736053,0.03213065365087604,0.3050862225146262,0.17872965200540292,0.13609007505387916,0.23443362703536944,0.5277311729323882,0.018524696468197255,0.10764858949260105,0.5239815600518,0.08729319485371614,0.008535030317279594,0.12347948826964165,0.14136354703584428,0.017084963858730297,0.008535030317279594,0.7419222531103313,0.08778624967119664,0.0002551373210859353,0.009093568199291573,0.058446155055751695,0.013883373698423677,0.04086353973713897,0.009618194046825537,0.03021715211595507,0.5354734693289187,0.26484776388330045,0.034298887673210474,0.03603701167922908,0.1805721012565233,0.023394897409822337,0.9145197483347773,0.7723370262261735,0.8291569077375214,0.23268838951866255
002212.XSHE,4,1,-0.2367113952000115,0.5850181290193152,0.5570638072179975,0.32921030996071987,0.4051495006891801,0.10416851965542001,0.46411680403516603,0.19546722693602303,0.8496951452439936,0.20816219592131896,0.1852666178472252,0.0005872541982701209,0.011038510512495686,0.00494593594326009,0.0005916778208100324,0.0013870416442371466,0.0006014618959384843,0.0011242376781451793,0.6199034542570049,0.022365000746399247,0.15107033169228198,0.004192012663560436,0.007811971896630992,0.363636358677686,0.00510888934280165,0.6946553065235308,0.0038122886149905854,0.032287238853215154,0.09123246568456209,0.2543908503129843,0.07708359259947933,0.9156626506024095,0.0925198069440583,0.782717157085676,0.050770340235487314,0.037553566789836894,0.3064258702529405,0.18025355252630612,0.13893676704180608,0.12727606195962435,0.5259643936300858,0.03377763930318832,0.09415540683566657,0.5283437160351397,0.10777845141159356,0.014501736252014457,0.14539316150093184,0.16350796640139711,0.02959610683152037,0.014501736252014457,0.7551219534995683,0.05509085310733475,0.0016345133049456525,0.009056905938369034,0.04281438595028544,0.02079931724125391,0.06156724483676403,0.03327871257965587,0.029479343437004323,0.5397840865871333,0.2841237962699626,0.039262977674001845,0.03740577667357924,0.16476589020621168,0.017048513489262427,0.9166714007754471,0.7133198443235598,0.7402003628077198,0.48770662982437596
002213.XSHE,4,1,0.000119895893832038,0.5000577532174622,0.17735893399505187,0.34686518186356075,0.5056479338387042,0.06779190990533665,0.2237337383746392,0.14965285787391416,0.5122806894292722,0.179558449041624,0.07510800284965802,0.000421817620828262,0.010572486106680806,0.004753630885697469,7.688832120060984e-05,0.0002123738713835113,0.00041672886657362785,0.001116901233727087,0.6176957087485443,0.022182372205392965,0.1508479685382861,0.003512172555770311,0.0020069171132254286,0.5454545434710744,0.0021394199341917787,0.6994255409216196,0.0016433194614195344,0.01686714298634349,0.09125758168124062,0.20024569615022175,0.07950019750403725,0.9156626506024095,0.10338480349851306,0.6273366464804913,0.08170772765011378,0.034457564073956844,0.3064258702529405,0.18146535780881853,0.13963349165620279,0.041547095341691986,0.523565684788681,0.020817773006298355,0.04492169729271511,0.5275470674273939,0.10171122136425295,0.004630987397521789,0.1263773232832938,0.143911669630043,0.022345321753919158,0.004630987397521789,0.7896858644249612,0.07296439444043462,0.0003587693608681126,0.009081379248397161,0.05533312507684294,0.018558621567163827,0.05325477950128902,0.02962813382955704,0.02952849962507016,0.6461961782704972,0.29366350707302424,0.030881144946982027,0.02814970260239142,0.09617208478998834,0.011026350421726387,0.9289599636420447,0.7415113219229581,0.7403178660357579,0.6036983691202767
002214.XSHE,4,1,-0.1335701259164189,0.8037437812335577,0.1964071983070279,0.3121456218825217,0.5638110618222608,0.10851391386657469,0.54296168224725,0.11910585320119588,0.6797334595548234,0.29204508321135697,0.12106754656105279,0.0008334731837038878,0.01050321540621172,0.0046754535547748185,8.933379998863963e-05,0.0010231316629670277,0.0002663912945954869,0.0011275426465414088,0.6180690038751407,0.02294132340657879,0.15072025270104344,0.0036447083433144307,0.007504023420555191,0.6363636304132232,0.007292326720286559,0.6900925390550877,0.0043702001336323555,0.054128606312743056,0.09121287074405633,0.48324505981543275,0.08495122768934524,0.8112449799196786,0.12149005667032521,0.6705447803560007,0.08633042274649028,0.039260903031860014,0.3110569380864836,0.18147560019501646,0.13793327561957794,0.14741098342075798,0.5169551007378307,0.01993731701264892,0.12650037198885739,0.5170426113662,0.08236000209574965,0.004965203455969173,0.16961847225856153,0.18441282956876506,0.07733561083371304,0.004965203455969173,0.7076130814452831,0.06923073336578747,0.00041225612807486186,0.009407146569079521,0.07328799181467563,0.014112761121884726,0.028067826628045627,0.024177145478572432,0.029426397725974565,0.7407874763123958,0.2973765308631233,0.02393134907099726,0.04145084182768359,0.1436928421239297,0.023278698331040258,0.8958862961753136,0.676681150767326,0.7144117049058256,0.39391954130136564
002215.XSHE,4,1,-0.1960219782870331,0.7348742950724642,0.2588419995109097,0.43981833741692844,0.4635993343079653,0.09265865741654677,0.5558460644163176,0.327116661850974,0.9806685289605432,0.27136338236232466,0.28023052052336483,0.0024064159938014204,0.011458774208570327,0.005085086868822751,0.0004938498088248005,0.0004905586807285255,0.0015034590482033837,0.0011186756924887588,0.6190781812176707,0.022162499855936713,0.15131340429204598,0.003908190714995303,0.019541676280674478,0.7272727282644629,0.03726794790933116,0.7104471578317261,0.011167555924198226,0.09880618612643574,0.0922245008496293,0.7108929690502357,0.26167823603001095,0.0,0.21454942413937128,0.04279133845738471,0.15232666571792167,0.06236204880174695,0.35386024977973624,0.20691425447917305,0.15738827058912225,0.17216877927791602,0.5565808621541248,0.06655288417557138,0.10656337260818906,0.5131042131843397,0.12540433259686184,0.028559760587059835,0.14283789282260223,0.15943133360935546,0.04231003004063291,0.028559760587059835,0.6482880470028992,0.06936829007506297,0.00040988815515421247,0.009120413281383568,0.05554591079410626,0.026042149331351884,0.07023965773157935,0.02135120801670137,0.029392655715428418,0.6873485739757363,0.28781735364614697,0.039705050019849336,0.09155424189740725,0.19036161460708315,0.02261485314350661,0.7541355399014358,0.5652862544779094,0.561172972673238,0.6554363712261512
002216.XSHE,4,1,-0.1697556452317092,0.23142233917984156,0.18718858874182062,0.3812475951292924,0.549252266688065,0.1332553812601191,0.33511367548882764,0.41866917949940374,0.9929123354868852,0.4044659758651293,0.37276941306894334,0.0011656221965833144,0.011825942035436174,0.005263031386371043,0.0009493000871198282,0.0007592672971543038,0.0025322181157699376,0.0011430854687199238,0.6188319570487832,0.02240471812020644,0.15157720382494835,0.004221129271327506,0.014666749471052372,0.6363636304132232,0.022919840991188236,0.705948240538021,0.003020020561825931,0.038979831780772356,0.09160888778193992,0.6432864174351377,0.18339145825140454,0.004016064257028112,0.17588816669323842,0.2355633256989279,0.13629469936766553,0.05842078844944716,0.3085843596242072,0.18711219139295526,0.14309631697850292,0.2104452099048896,0.5363259473867145,0.07207723821790345,0.11991859349610058,0.5167400189882037,0.1311411861629696,0.05650557102120908,0.15597536268554882,0.17487840970541085,0.02921943922914882,0.05650557102120908,0.6798137832636306,0.06551254668290339,0.0004939293186798674,0.009067977954875722,0.04370853448817185,0.021028929543847243,0.08836557850080755,0.014766791431953447,0.029610083341417518,0.6509115222937918,0.28136949336516487,0.026952470621270527,0.092286464063966,0.17572254838627957,0.01653810492313214,0.8016369956398859,0.6377565123170141,0.6132480268699516,0.708439139901848
002217.XSHE,4,1,-0.2294859883100698,0.5012261527748118,0.41356494895782486,0.37424400958105797,0.4941317291191784,0.11451145092815754,0.4225074691920429,0.19221136670825206,0.6584296313729485,0.34570369525326916,0.1145564305007365,0.0008941608135361852,0.01040574229216986,0.004653206398648154,0.00041364624310741326,0.0011969100142953273,0.0010298865221242282,0.0011443388443234948,0.6170325227439986,0.022725190954127374,0.1506875044290399,0.003874889842203492,0.007544123090381921,0.4545454565289256,0.01815061542520994,0.7122278377035535,0.009477890940598813,0.08926471918241838,0.09232559748599978,0.5661186065885554,0.16124147317305224,0.7751004016064256,0.14505943071423583,0.31200627451624524,0.10359650890287733,0.040047105058051514,0.3064258702529405,0.1980556225154541,0.14190174623105778,0.07280588379885335,0.5306086787134329,0.023354580690073914,0.07407495467029279,0.5244055988864023,0.09304414773224744,0.016927871505873507,0.1433439502009885,0.1598017638045062,0.0439359829420735,0.016927871505873507,0.7434495201436824,0.07104181312217919,0.0003837535700489781,0.009189420306238493,0.0477820683774304,0.01509515096553783,0.11686064944091501,0.007329069007848199,0.028571947475707904,0.493760000354829,0.26338525220588543,0.042655240445138715,0.0429312430253143,0.18011182993869382,0.021980319435305377,0.851249272130775,0.6909911105214279,0.6755656658208193,0.760840779158997
002218.XSHE,4,1,-0.1284733096810808,0.7334484083350542,0.3650855219767713,0.2768884687146794,0.45238738862990646,0.10570424057832048,0.4717863208237056,0.1196055004066619,0.9236774186183139,0.3965027447082913,0.22696929299299468,0.0004910728071713744,0.010718136249761749,0.004800388140084506,0.00015523391794730458,0.0029463263565611764,0.0008612213364801626,0.0011616679970197776,0.6176520244722832,0.022735067113593705,0.15083922968366997,0.0034580000062250722,0.01494447739619768,0.5454545434710744,0.01206754747946119,0.6789158122202973,0.007407770745692966,0.03224201863073166,0.09093591434512956,0.2269768771749303,0.06859953076490452,0.9437751004016063,0.08549893207861903,0.8562528038731175,0.05569528859640298,0.030863386798274765,0.29989975022140214,0.17546280782656606,0.13742763033039823,0.18404060864008445,0.5173873598412044,0.03428914681967105,0.0821620951124085,0.521092298664659,0.10019615450827254,0.004986746643380112,0.11554506929626464,0.13332356550676333,0.012763756783529048,0.004986746643380112,0.7144746820725494,0.08356786618918764,0.00027486675716296787,0.008989344567668863,0.04952049998443352,0.017497031434825883,0.031654184666354064,0.010578930829259696,0.06574242199407962,0.5510044431236922,0.2691669718027048,0.03826733380382417,0.02949572803400502,0.1505607330141359,0.02875829993419872,0.9283155330843194,0.7568688912476231,0.7866709091053119,0.37318343143852145
002219.XSHE,4,1,0.01206487658881275,0.2913668451035175,0.050026307125366876,0.32852521508596977,0.3259224523947443,0.07161304388383549,0.4434980636655658,0.5147784356883324,0.9775602662243059,0.4110555960531887,0.40139654923949636,0.00038941782492135505,0.011651115628666798,0.00521518560087166,0.0001468458313487944,0.0010722648618183245,0.0005000031850739464,0.00111546983374002,0.6179275669391027,0.022401880574636057,0.15145679459432818,0.0035603706780022912,0.030683009364556483,0.5454545434710744,0.03621139210797996,0.6973926786275931,0.005005844964751286,0.03685448132404811,0.0916784982481842,0.8051655203154022,0.12404328448568186,0.028112449799196783,0.16802336382717722,0.3398422542267264,0.10995614579541985,0.04924268504928238,0.5031477906146481,0.19861732415439984,0.1417275650774586,0.053292761407009795,0.5442334595182138,0.03847811649525396,0.04308983955087445,0.5286487574160627,0.12380588832543858,0.007728910022535238,0.12082721612396019,0.1381470401319316,0.0206568118122536,0.007728910022535238,0.7372235991385607,0.06624503296959944,0.0004745727382268226,0.009100449381470633,0.04936655024354927,0.026761312796400066,0.04424837702587705,0.01743389539846621,0.02944613130583739,0.8203146223899282,0.3492035219414712,0.05596903697957232,0.06437832035240343,0.24035480632821604,0.017883741101872346,0.8426497635312664,0.5603052717703774,0.6168312151946196,0.4951295045041989
002220.XSHE,4,1,-0.1890712428596946,0.4774894823448709,0.3091340244820354,0.37759121775304105,0.47225232770704867,0.15061219132822956,0.24346313631073496,0.23316283277062716,0.9707259521277485,0.23163559090988187,0.26758776092688874,0.00032433352111489803,0.011096927486479105,0.00497710172502012,0.0005841849903557903,0.0038918902444505096,0.0006338694293032117,0.0011668437055389555,0.6191442398112337,0.02221436477192783,0.15102754552060463,0.004076669769980215,0.006398673713651455,0.6363636304132232,0.00960022269343755,0.7030985706057759,0.0019185759794000136,0.024192819028669623,0.09153144080093305,0.6216127445547008,0.19845871024051662,0.5582329317269076,0.16819135886242984,0.159534092530636,0.1223225229237084,0.049662692288025986,0.30427252398771876,0.18399245998492866,0.1451435954629709,0.12855073797477395,0.5496457194136353,0.05798637196790166,0.09187210523948873,0.5241200290861252,0.10703223224665928,0.012885669854315064,0.14352093715164665,0.16063824342800848,0.03780009155593938,0.012885669854315064,0.7245275346264273,0.06931997461176544,0.0004107157052263378,0.009138196499872853,0.04127330551068835,0.01889367005720861,0.05129315075174675,0.016139139824056965,0.029511471290572668,0.5729583752382621,0.28770581109441545,0.030210923003248204,0.06494332529923759,0.14884108843795918,0.01655156427588682,0.8162733805797389,0.6692262615541114,0.6399899132060425,0.8374770724013781
002221.XSHE,4,1,-0.2276555747595456,0.6423479536240684,0.13431433680107463,0.44567643866824924,0.6956918089955355,0.19542089419271516,0.6529260878338039,0.7703834347987881,0.9831177293479894,0.635999860782672,0.39263299269650914,0.0007753822997293833,0.01113718285938023,0.00498077556578986,0.001969346651851767,0.014829397240387608,0.000520409802971251,0.0012150575571527832,0.6172403111973909,0.0222961789363957,0.1508888382831592,0.003429888393109263,0.05064379538997666,0.6363636304132232,0.06703127595882459,0.7185246373810343,0.027054574118764937,0.10613186216876186,0.09219542251005979,0.6419739324064101,0.30691278504190544,0.0,0.23318501457933383,0.01994150491890455,0.14931148952244863,0.10366658759491432,0.41173840710667087,0.21420349729894714,0.15625349337201713,0.18218382628400945,0.6336440512885151,0.12571951237594986,0.06775575654747337,0.5579655707124302,0.10191957787006735,0.04825696484804452,0.11390553840983594,0.1320251452030184,0.008429031025906301,0.04825696484804452,0.8435445215283889,0.05762834759578954,0.0009971581013310732,0.009056314571782308,0.04071739787736682,0.019634443336016393,0.0954898427630079,0.00867536405153509,0.029261129845972025,0.4936890345658834,0.27242720680514687,0.03506365195031343,0.18357811864444168,0.13468818082788672,0.03939941377041335,0.6854140333186576,0.5649048029720052,0.5418192668326673,0.7329344526523628
002222.XSHE,4,1,-0.2214932746908577,0.7565245937517099,0.2432785559346651,0.33794070998777664,0.5113451008025249,0.0008653909426633022,0.4195104701271679,0.2809598503147118,0.7517982610589433,0.26678757949406096,0.14512339407453645,0.0005224663528657197,0.0107435190851687,0.004795457136688823,7.141720885267704e-05,0.0003415809673451372,0.00023936283251241026,0.0011134686196213027,0.617621020268339,0.022657337252611133,0.15090803935904187,0.0035356163234784447,0.010850734433845627,0.5454545434710744,0.007944478476547638,0.697477585677797,0.008259668728384593,0.03671882065659763,0.09073530529794024,0.24635336677531222,0.07418491619108558,0.7108433734939757,0.10335713372800087,0.5504779288347488,0.038417611310570275,0.040200364996991096,0.3077310054604148,0.17203215405273892,0.1407773678887944,0.10033500501714476,0.5318427242963106,0.021024124756537543,0.06248333819928839,0.5235911648967468,0.10575528711160963,0.003134155279244002,0.1240143647621174,0.14016468700940463,0.03388577031440479,0.003134155279244002,0.7173632850614121,0.06280980180035926,0.0005871231510029773,0.009074643371869915,0.07088442345228402,0.0243935282869785,0.04463973281572569,0.04041130569798075,0.029282226945779814,0.7246167015766602,0.3268934542820563,0.03704566908200824,0.043092811432536786,0.17091788265693875,0.023139468804211284,0.9037676996492026,0.7090050196806867,0.739672258412043,0.38089015288590267
002223.XSHE,4,1,-0.1121536712938573,0.484008241943034,0.0948081273667149,0.3493390667162707,0.4665193852295609,0.029800036300501598,0.37130491995089454,0.3688801691361674,0.9394018295676183,0.2278937385073195,0.4451068147392549,0.001583021264718982,0.011925805414370204,0.005273251671933784,0.00037476253597558195,0.0002266731732760248,0.0008985791038343399,0.0011106987787416027,0.6196000709471954,0.024049797161024674,0.15162598738551203,0.004339547315127016,0.018097102047090377,0.4545454565289256,0.025838139084680006,0.7025540414913186,0.0025665225550115683,0.022881432576648278,0.09141136075386795,0.5444509108831227,0.14196829969584668,0.2610441767068273,0.1345646820413966,0.38554192130368675,0.09808030044400373,0.045170552156782666,0.29768150242272884,0.1826394417622369,0.14050959686161957,0.051705213297691996,0.5318427242963106,0.035359195770284596,0.0730486563841541,0.5243396765453289,0.12492443377770537,0.013925000778971377,0.14982707617896868,0.1674317090427201,0.03740857991012461,0.013925000778971377,0.6847157612321902,0.06547110211795,0.0004950853564096806,0.009098903110006036,0.05235649958128835,0.027163621564058354,0.06315359142030605,0.04205853451949352,0.029533273988114214,0.670101669581069,0.3213509769122492,0.02518288124017181,0.05389913406178275,0.14082814004154634,0.017119100317042533,0.8772990015764581,0.7174881694750344,0.6890270468666246,0.7187034893156014
002224.XSHE,4,1,-0.08225276836174372,0.46296018479460743,0.25250838705033074,0.37002276979838306,0.48515190801346425,0.1807331110469947,0.528956765900958,0.523645478779102,0.8971366573025075,0.2789197895498059,0.21017401977503597,0.000881223987412589,0.010705863893441808,0.004842597308873078,0.0003025049133301441,0.0007530387373969977,0.0004494358228042879,0.0010998280367512099,0.6187714512946884,0.02071994143297412,0.1509650173153789,0.0037060872705782246,0.006752613295252415,0.6363636304132232,0.006932343547139511,0.7046286772609954,0.002991115420925297,0.10518223749660849,0.09137696110745107,0.5480547980177923,0.21211516970577624,0.020080321285140562,0.16395063712940622,0.15994986135906103,0.1302116143687562,0.06463324468308453,0.3071223051843379,0.18966547186775415,0.14346287731667431,0.20193719837451435,0.60760351854186,0.086599096912349,0.11824281787503514,0.5017513984208186,0.10699672286722224,0.015022209839606365,0.144088000209043,0.1611226284941793,0.03896481882182296,0.015022209839606365,0.6008574663726649,0.06419633012816509,0.0005343419476965077,0.009253535191374578,0.050580075236174984,0.03557959458747198,0.07241250683129014,0.03576211305643215,0.029969232587900026,0.5955249417027133,0.28885063089674184,0.04575279373570104,0.10923077811155249,0.20748063598824543,0.015426960579051265,0.810361662240275,0.6763853876431827,0.6355723199362049,0.7061379260804916
002225.XSHE,4,1,-0.230898370191228,0.4633151366574478,0.19456898130553205,0.34586879291028616,0.5494532113956713,0.2579604396844026,0.5821540689954057,0.25825805797923035,0.9983328049711129,0.3346366911134872,0.3196387421570031,0.002252966273712687,0.011421986516327115,0.005105351826746121,0.00046265047030930094,0.0037488515828852835,0.0028118258238788467,0.001225318371706188,0.6185191585429837,0.023534637617001888,0.15119747714735643,0.003947225497719406,0.016045957750803225,0.4545454565289256,0.011499220926984317,0.700738656383602,0.010687983843204693,0.05023966717916252,0.09123642862538653,0.4269103575402923,0.042237739282255195,0.9759036144578311,0.10736661523602972,0.9002914488157774,0.06903716071503552,0.025875460314363566,0.3064258702529405,0.18022772788077213,0.1363201501597527,0.05505590757020842,0.52928079241773,0.01681216638844034,0.05123699679439995,0.5240762280665692,0.1082235371136549,0.015847397798801812,0.12823513807553422,0.14627224324593782,0.018823307374812363,0.015847397798801812,0.7225188337615992,0.08084064316357681,0.00029064569422670473,0.009077102053163267,0.050603952616723444,0.013617973488206665,0.051824642675951674,0.011450906279025182,0.02947208586031425,0.6191465698575029,0.28029358466809673,0.057392843220113815,0.02789059940703961,0.19874957250341999,0.01901103666925884,0.8967242334294356,0.675791097253549,0.7280566022291286,0.4141448746215707
002226.XSHE,4,1,-0.09406564417585453,0.5944565147688411,0.3884610702183226,0.43790081547361764,0.5270666001308982,0.16244420244110025,0.6170932320067154,0.22622567014013398,0.9964539723325538,0.094566850420649,0.31208498016126673,0.0031762636493267954,0.011206870385318082,0.004980150689851593,0.0006283224873558055,0.0018148828631882924,0.0006746222140567421,0.001122693228574984,0.6183620609630571,0.024616493186602022,0.1511183067297009,0.003924397239643118,0.014128729585982722,0.4545454565289256,0.017742292481418624,0.6987452772776356,0.0030932402083844878,0.07135751107895451,0.0912538932984217,0.3452898137863025,0.07999807183064139,0.9518072289156625,0.11630395111146831,0.5051930039965137,0.07569288768578455,0.02963747255432407,0.3064258702529405,0.18111519036321497,0.14011313975827813,0.34881100150389543,0.5443114581379598,0.05974513445780221,0.16871510837041095,0.5210470523319004,0.11226238089344731,0.014119421396223183,0.14105656354148696,0.15874257326310148,0.0307536771478867,0.014119421396223183,0.7112495428131395,0.05972567034264602,0.0007686505159719575,0.009009940135924785,0.05931405166695776,0.021664437971685317,0.08194347294476548,0.016761437351496402,0.02966845861338696,0.7284416467167789,0.327523971428755,0.022426000474174163,0.026966461928137616,0.1336130269291179,0.013870162110426512,0.9128793796423853,0.6935230639954009,0.7154731947411364,0.2519384154884652
002227.XSHE,4,1,-0.2905348660109299,0.7011387679405124,0.2165649140228093,0.2898558680084775,0.5751410332603613,0.01576685532803862,0.23628521271919195,0.25886965400851,0.7984691838955196,0.2973904485311605,0.16288270820505424,0.0004911125352481447,0.010551221177761355,0.004744166450841179,8.950865976808478e-05,0.00023241991975744158,0.00043363103141938724,0.0011172113557286736,0.6184129930255292,0.022150688279254954,0.15085298624755453,0.00356204446010548,0.003541914366218529,0.6363636304132232,0.004569511924948824,0.6997974763195166,0.00206650946909348,0.017409785656145427,0.09132198899153224,0.4820910321332963,0.13632808768221,0.7108433734939757,0.1292441804543376,0.37681796203465967,0.09793003360435162,0.03637620973073538,0.3063693726363857,0.18213276281857121,0.14119722246052976,0.3062100763010177,0.5318427242963106,0.02978642338825129,0.15912977175440202,0.5170000549219017,0.10441219705407921,0.009875720359279807,0.1491594072649593,0.16112550741292228,0.09043388873912309,0.009875720359279807,0.6970811321173624,0.07604768216273135,0.00032688567557279753,0.009085057400519328,0.059474861207778576,0.018293103563115615,0.026442312133516756,0.05532237830455528,0.02950464960437449,0.6577076054257781,0.29374682332457935,0.036088748893580075,0.03687037645212105,0.15796940707807672,0.024202907220195014,0.8910317635028617,0.7122556499049137,0.704701185330316,0.5595756717168565
002228.XSHE,4,1,-0.1143161012773137,0.430028496163088,0.3497011997531258,0.351102181130302,0.5133625722928676,0.15161190135808708,0.14250381487093244,0.23397267532587465,0.767031778133532,0.19066992538337935,0.15069712264958557,0.0015695652166667776,0.011049544932425241,0.004944698413118067,0.00047473225493618686,0.0024022509805656615,0.0009584853511826518,0.0011697917869978808,0.6182808645452036,0.022859929582206572,0.15099176288444935,0.0037173306427637407,0.0033228528383437723,0.5454545434710744,0.006748904471585182,0.704741698112876,0.0037198651787822626,0.022564891019263813,0.09150595726470985,0.7619384372926663,0.22213129083480862,0.1646586345381526,0.18950235258929757,0.12380569120797781,0.1250235975909559,0.04732693914210399,0.3540975993380263,0.18633214689373045,0.1574363653852653,0.1069248030520085,0.5240091009111163,0.03460836539940194,0.07386571951771091,0.5228182033664878,0.10780595377409873,0.03218333289312671,0.1326998557921812,0.15187749803849204,0.011002086913464793,0.03218333289312671,0.7180772561076075,0.06159467585377163,0.000645348746424706,0.00905743561859414,0.04706376817253346,0.015536577993683638,0.08818262555809654,0.013882209838753639,0.02955876268462786,0.5610427757381274,0.27622062688471394,0.037932990643103986,0.06245038476865741,0.13411327709378326,0.01241490698091763,0.8219587493431424,0.5687165538897001,0.5976200975408819,0.7666476476558737
002229.XSHE,4,1,0.02750889203282805,0.6065252703174152,0.333212084127752,0.3428431490423988,0.5723202844654862,0.11370933277219408,0.542961060764068,0.306087689092282,0.7387592767087103,0.46247667626363886,0.14050376784593777,0.0010828809835132225,0.01078449783243664,0.004825399509973767,0.00023003185991996318,0.0007715146374309193,0.0008941571471960791,0.0011353552621795114,0.6174456803964835,0.022736018360491633,0.15093484489972425,0.0036044701626911937,0.008144804806141976,0.363636358677686,0.006700574645208865,0.7001354326768094,0.003748004919179092,0.08433571493171746,0.09109066509844434,0.39549218334299696,0.08273150395835085,0.6666666666666665,0.1081446628306702,0.6742836200427267,0.07719147005851158,0.03644188996724221,0.3096083315788246,0.18626516219358039,0.1385741062817003,0.1318880671501128,0.5108648760354668,0.019788418777615804,0.07773348114415415,0.5134200944142819,0.10595563660049215,0.01120507618872004,0.12828421410315033,0.1457825196022922,0.02396623828347723,0.01120507618872004,0.6509487868919124,0.07785507550298304,0.00031166931608639186,0.009066657866737063,0.056456813074145455,0.01479849255593317,0.06389634988325375,0.010873175233843471,0.02942233849576878,0.625763020836221,0.28945662036190795,0.04986394711479321,0.03802141477189208,0.20788105778487104,0.03327735239576479,0.9005704009316726,0.685860864181151,0.7290600005809149,0.48588494953510175
002230.XSHE,4,1,0.07880924899356241,0.6231250550322467,0.11053121337778188,0.31298955110791826,0.5163108758397423,0.06146680058803922,0.6859885787964026,0.6129419802775855,0.7497530162750201,0.4482799892493285,0.5723791888232692,0.0021226398023688584,0.011270730058487971,0.0048983771847572345,0.00025475671039073335,0.00025364643140367673,0.0009582973164517943,0.0011113078454509284,0.6191344892339592,0.025739269767575138,0.15106281072520267,0.004000102891868279,0.11878834749073343,0.5454545434710744,0.14094529774429262,0.7054659782807076,0.00950914906606131,0.08447137559916795,0.09143306964983379,0.6249706693188077,0.20070144451465605,0.01606425702811245,0.1545139277766285,0.12588248217070336,0.11559881207034249,0.06152272324180567,0.31954964285079324,0.19405178537898038,0.1466592314711548,0.1273993268016654,0.5179854665252238,0.04326264267881004,0.08307794161809359,0.5200474576619586,0.1082614834112886,0.007550999711304922,0.1398563936235726,0.15789186674988884,0.026634720164599234,0.007550999711304922,0.6840064643008635,0.08154988900069438,0.00028626633918648096,0.009014117810495265,0.0679514632217103,0.026874298497578233,0.04015662360783018,0.032978717661232386,0.02938710083597231,0.7620184444520832,0.33208456288070226,0.03127046988579682,0.08619347760070606,0.16179732228808835,0.026735807860262008,0.8462465026771384,0.669729335279289,0.6400796909533077,0.4922166202763686
002231.XSHE,4,1,-0.328630104106168,0.8011522404228203,0.22444350108139746,0.2451359414866293,0.5620361616886042,0.08038825628154148,0.6167323574390087,0.26648583847378765,0.8229673349204691,0.4221067448861801,0.17313569440535526,0.0012340429696058267,0.013684344003226122,0.004618779332150934,0.00010885125386182905,0.00020846533343514296,0.0003974878106199373,0.0011124941760469625,0.618734893582735,0.02269660329565445,0.15066934544604726,0.0035799077560007037,0.0099409043484605,0.6363636304132232,0.010012806584445125,0.6958702183078777,0.005079447914260395,0.06371529347924391,0.09133501917282383,0.38834839399068366,0.07176372209346699,0.9518072289156625,0.0997798276832101,0.8250937533043355,0.0699628439816821,0.030926230244254182,0.3077141662861221,0.18068419934454139,0.1383479307538924,0.07555643690051803,0.5053525045095464,0.02342132440589987,0.05414284229358187,0.5137690171099388,0.09241751162453496,0.003186100343666009,0.12411807702686148,0.14177783182815729,0.019640524980802147,0.003186100343666009,0.6213487859570893,0.0771781707080586,0.0003171168994010832,0.00919436947157163,0.07665971540273092,0.02720488153056764,0.02971953004418953,0.08214615865871104,0.029613958680322034,0.7238349690578072,0.2909306172235327,0.04427948195741305,0.029611961628482543,0.15849886950904393,0.02852335945444757,0.8937035761457728,0.706055680863297,0.752550084100625,0.45303028597352857
002232.XSHE,4,1,-0.2373000548450843,0.6371380054803784,0.2894480373402384,0.37864745733119687,0.38466584583595587,0.07186956983905571,0.21994517689690132,0.18053094523833652,0.8798552609509291,0.2444435850782227,0.20048798359594477,0.0016257429557533485,0.01052811066161477,0.004719812054666434,0.00049627896707937,0.000501694894791361,0.0010326244243412594,0.0011240770008710441,0.6184396692290332,0.022307829632347845,0.150805732266677,0.003775784961876989,0.0037377742255694925,0.2727272717355372,0.003986856540116566,0.6991098787801079,0.001961629363357719,0.013339965632630912,0.09118619277685389,0.25677205150550286,0.05012829742270667,0.9518072289156625,0.09364965590663954,0.818030816169609,0.0649541863722396,0.031606334730743854,0.30588919495684946,0.1812032105164761,0.13645663539205055,0.09282494758023707,0.5324434555237999,0.04081465659939238,0.068889733651146,0.5149226580787226,0.09893504934150119,0.00845374723695323,0.13254059364085885,0.1495643567051876,0.031321726881793965,0.00845374723695323,0.6658089665882585,0.06253403583839011,0.0005992080173690876,0.008474848234853973,0.05241718242688112,0.02119015717316565,0.07492747470067032,0.02080718789193713,0.029328201133254805,0.5429864178133001,0.2747258009602004,0.028300885119689975,0.02648757044780445,0.1367194229112834,0.01766166178142011,0.9284859610004119,0.7311430277298667,0.7552368152136315,0.3847402188723785
002233.XSHE,4,1,-0.2777765836171484,0.7300412626637902,0.3685620853451843,0.429544570388496,0.47654355041881585,0.1492856321602197,0.6445362720372758,0.19717064463650624,0.9843344260625131,0.13984187231837453,0.39054137628359964,0.002819027416324855,0.01199317994576012,0.005309066586987627,0.0012835764570336115,0.002996438194235883,0.0017505847177009233,0.0011716593237236196,0.6181348428581425,0.02465847787768431,0.1514268399244267,0.005235570604481689,0.029184110017266087,0.4545454565289256,0.02696836836421268,0.7016694912238952,0.016076176675791226,0.07945193090350004,0.09134051696177307,0.3686304026635833,0.15649046678988673,0.9437751004016063,0.11532694469076395,0.32197754027054737,0.07219766596919405,0.036851305552749035,0.30675700337093753,0.18110374345941907,0.14150918870578202,0.13779858009529636,0.5167878962224344,0.03805058510594308,0.10902573622577343,0.5308413778395586,0.11078195308897658,0.01794330647336365,0.15522985083837387,0.1734524505062858,0.03517190064987752,0.01794330647336365,0.7563652680546451,0.057927726428838956,0.0009553588446901604,0.009040720259564893,0.04804709410959532,0.01820726398576331,0.11100361490257721,0.011551892343495955,0.029076763151635484,0.577650988032285,0.284911018048675,0.06003743668401784,0.036259686218773554,0.1530107634138927,0.0173504516360591,0.9125766925622418,0.7045105258502504,0.7140552344387439,0.4978327848238172
002234.XSHE,4,1,-0.2362309243385671,0.5228731176520307,0.3085792987801327,0.22947066017895335,0.5195318422968548,0.10652678680541844,0.6066295268317078,0.16255225728954498,0.9453540275690919,0.7410710453094395,0.24322969065309474,0.0006707812425954028,0.009984520041005094,0.004497237267139447,0.0003802046008440336,0.0031161836745272663,0.00035259983152114067,0.0011060668108450046,0.6184167446510983,0.022492728952093588,0.15041027419886713,0.007249247564261568,0.020924698127307708,0.6363636304132232,0.01961113326610112,0.7022305507990182,0.01175005000476534,0.08492357782400288,0.09225230862224443,0.9207540155648501,0.20977736851628573,0.6224899598393573,0.25540252269250585,0.12422043344670304,0.16711241891728734,0.04380237704497486,0.36271881584590315,0.18998083365147556,0.1527243752226009,0.27030442068301924,0.5167986511867549,0.11339196263576035,0.12308575643161293,0.5157327159811813,0.07643289484471696,0.016053561805962333,0.14997234261458614,0.16450473416111355,0.10332965148041501,0.016053561805962333,0.7178949656277278,0.05704947770670943,0.0010908640696921012,0.009158880622327897,0.045851430452973685,0.0270024581859206,0.04646293440815993,0.015148320421604203,0.02784977364383837,0.44473539185867167,0.2478424886797937,0.0353508214441772,0.04875490070562739,0.147750180498556,0.04036863671711431,0.6996216855320903,0.41673577020034536,0.5138495377766277,0.7147259761630593
002235.XSHE,4,1,0.06258062065294372,0.5848659507620974,0.27621338307514937,0.37619977926097936,0.3845924558803493,0.14289797317378466,0.5360673621477796,0.2016700345978665,0.515718263798816,0.6036629625834095,0.07595097395689099,0.00047350962765707106,0.010614144349304093,0.0047711244037047995,0.00019077281219384223,0.0006920703976900022,0.0005449668840716405,0.0011281337441667908,0.6176750909043236,0.022245329048097107,0.15085489866108157,0.00351949776668165,0.008424610231172025,0.5454545434710744,0.005033952942633876,0.6986137963499115,0.004530712441245787,0.08628018449850773,0.09094184641730717,0.3477203935685625,0.04521428823490469,0.9477911646586344,0.06663868945425988,0.9771501664615199,0.06522918742498335,0.024701927413555185,0.30682660218863556,0.18204626725572734,0.13803596450864014,0.1113694224772433,0.5121397916190482,0.020922734057223336,0.07052767617415899,0.5142847128901382,0.10242628278938708,0.0118294603640234,0.12799088042106396,0.1455028731748808,0.023639669327726525,0.0118294603640234,0.6588515466061837,0.07573482509958757,0.00032975044618570684,0.009083364178433273,0.048404199463985775,0.015002190215663158,0.06454682357479612,0.01587887039409758,0.029356302448404252,0.5584181503875952,0.2743119450003728,0.04203739215909631,0.023847925721001847,0.15049423354613162,0.034702099659029734,0.8875131371518654,0.7373347043474414,0.7976977288870464,0.38197831719869213
002236.XSHE,4,1,-0.1363414299527773,0.3957979974831756,0.018040230317029893,0.32275104636776647,0.4625235612684927,0.12778987794498664,0.6249842039691231,0.9964240504183791,0.41157192297796075,0.5938879725896549,0.7388741140558881,0.004895302762276081,0.013406935174148217,0.005614045591561535,0.0010639807653846014,0.0014040627825405074,0.0022937511240130894,0.0011555432292956027,0.6213133627007185,0.023600812357413067,0.1520074210033558,0.00535309087758948,0.1453267508140408,0.5454545434710744,0.18864339017480333,0.7056513815484855,0.0027895995018703858,0.07171927285882247,0.09141615333461645,0.5973798829246114,0.2327251190846645,0.008032128514056224,0.1979251624940213,0.0810133261608933,0.15541722242315523,0.09153371502416471,0.3636584376558817,0.21188129100606698,0.14888069110922197,0.05133388903153043,0.5415608508845304,0.02654607427635622,0.05809047074312715,0.515017165503136,0.11798095757308014,0.01444533115449123,0.14877721464776372,0.16613994099781815,0.038998748063978884,0.01444533115449123,0.601878760471478,0.06491387765370801,0.0005113244438431649,0.00910863392793031,0.053552347397154434,0.017249514469890603,0.07492327154041112,0.023404923840312068,0.029522356293449993,0.6991399833452164,0.32141813604025504,0.040014750099002946,0.17273388299989875,0.15346398895475502,0.025600436681222707,0.7364447671528596,0.6368001194109065,0.5794480252856384,0.7222219864099851
002237.XSHE,4,1,-0.2922908183918824,0.630349404024056,0.27934800674563387,0.2548143895776334,0.5854064324039222,0.2406667216236014,0.6539188036365882,0.3090698152074874,0.9606424299158982,0.40919066393130393,0.4231778203730666,0.0036644924940819924,0.01377295466005579,0.005982879085818397,0.0037793035703728817,0.02222028044069191,0.004029266097008377,0.0015492907648670538,0.6207617271361777,0.026049578995251153,0.15165805319494713,0.004931928841275194,0.054060274942141634,0.5454545434710744,0.04290881896385949,0.6979234379018249,0.006361975700251761,0.05299810075065569,0.09124372332617284,0.45180046128929063,0.0989023850096748,0.9076305220883533,0.09010858408513855,0.9056923372265037,0.04578128509417837,0.025669432197209748,0.29302024124094134,0.1696764279873092,0.13667631162308236,0.3024081892298089,0.5021050078531342,0.06738565047270545,0.1952224923862949,0.5318874634175169,0.13707055626661346,0.1109840774567811,0.18337691049647215,0.19858957578181996,0.08259808930653664,0.1109840774567811,0.72789640291805,0.06474966453115001,0.0005163713772162326,0.00906484319105902,0.042890107588046844,0.014362023577227746,0.07939732778774834,0.010792521343305952,0.029540910244669125,0.512535995733182,0.27503512227730575,0.034878637901400694,0.02398421878469303,0.14518868432385873,0.03171352515403481,0.875986174035307,0.7127670160541331,0.7564408932357749,0.4230967136293552
002238.XSHE,4,1,-0.2448627210467496,0.6000590671276727,0.2890480843437139,0.42717905412284923,0.5336375923748002,0.03924738647235049,0.3346566781889649,0.19390928773980826,0.9769350132032011,0.29101777534577133,0.2751541720067636,0.0015397111221655262,0.011082343425679802,0.004955380868091702,0.00029605821679526764,0.0004041480426050228,0.0010752628996722872,0.0011053996201800438,0.6179023151803856,0.022190591130545292,0.1511352960551181,0.004433161899198339,0.013379245533757482,0.7272727282644629,0.013341921232556331,0.6954117531783661,0.00888608343995104,0.02803653793976666,0.0913049915720201,0.46248512263757025,0.1115340482919765,0.755020080321285,0.1290702561825467,0.5367678233937208,0.09617431699088944,0.037625602260436056,0.3083389606644448,0.1822009021096618,0.140058545665359,0.12094398486491309,0.5254560959238282,0.07674204832602062,0.1295289142334649,0.5265424944564209,0.11599765429217013,0.014543165458573953,0.18107929096312722,0.19161856752773634,0.12537703207665252,0.014543165458573953,0.7245427254997506,0.06649732656096836,0.0004683446492961523,0.009149293739247402,0.0579959147252993,0.02902488189080259,0.07244095899304473,0.015557496864698584,0.029552617990849905,0.6825151384442747,0.306144203690326,0.04314018021543237,0.03817791161752508,0.09483085385316917,0.020223724352455584,0.8796104301884649,0.666666666666667,0.6813391671265574,0.5636432012153119
002239.XSHE,4,1,-0.1284564655899882,0.3586011994235268,0.1905002164912328,0.32080572398627116,0.33440509416566566,0.006842680712502214,0.4596626340694595,0.4536617067779975,0.8248488020520945,0.5187688160919761,0.173955174356331,0.00036996998880192667,0.011250519835200463,0.004746799536156806,0.00014212486315843325,0.00024337508527372858,0.0003651956856228658,0.0011023680815937219,0.6180656388308081,0.03012586151245171,0.15084225960211092,0.0035870231496702965,0.016439862878644376,0.4545454565289256,0.01386261560046514,0.7078236881960939,0.009127845411220192,0.06679026860812155,0.09095264863120579,0.328819862306272,0.11873833354421817,0.3373493975903614,0.09768614838112077,0.3872039700276871,0.05632216982214776,0.049391830854968816,0.3305960578227515,0.1723736817474521,0.14105943736887666,0.12622939772282898,0.5202141062112029,0.05954413823497919,0.08208305194165884,0.5224950955705325,0.10086909206172157,0.013392620130531257,0.13451060458559616,0.1537946063653005,0.011208048016239383,0.013392620130531257,0.6680128117488552,0.06179380546997043,0.0006348614356711488,0.008881934904008909,0.04840380370629713,0.05137621852631821,0.0549584450634945,0.052201629210544824,0.029633734487076263,0.533081700473364,0.2922551120262922,0.0647260734202956,0.04493432430822147,0.23779125183665198,0.027965095411856194,0.9073280453338257,0.6877708858520193,0.7447367795665847,0.34887148411237
002240.XSHE,4,1,-0.04005867553473946,0.2695098506986179,0.47005910369453663,0.36220429497291934,0.8742030962536851,0.19722344549609838,0.6238794140325102,0.4426920046003455,0.8737572876664452,0.5651931543746145,0.19725433558652672,0.0015417784195316515,0.013684344003226122,0.0046803745639090915,0.0006528924469087808,0.0030447301603677866,0.0012230955176003588,0.0011998188113524955,0.6170811095853679,0.022101260162838476,0.15054983984327225,0.003500607166282669,0.012455952685448843,0.09090908694214878,0.0,0.624936332878392,0.004604546982129349,0.0,0.09134051696217903,0.4004480096336177,0.12173883670976146,0.19277108433734938,0.11668473985804088,0.7656839807863471,0.04430056149801491,0.051163184971828195,0.33263696695191364,0.166335583585239,0.14148709109674332,0.19802967872802277,0.5182258952603174,0.01945990999726504,0.08878711535366507,0.5229958965952275,0.0902914745635349,0.014726354157602962,0.11734863941542724,0.13226932223348975,0.041075853857211436,0.014726354157602962,0.7307020403679931,0.06311959173362897,0.0005742336906122703,0.009143439566448905,0.04930309709413597,0.013999154325960246,0.08250641928805301,0.00813620448013536,0.028811294944808247,0.4984515043083996,0.2583930903574482,0.0545248532749461,0.07099180159391347,0.20371882441607134,0.03043832625471077,0.8979429705585775,0.6773942992348858,0.718290631692073,0.23390686693038387
002241.XSHE,4,1,-0.05666997121580243,0.32626194702274813,0.06688192282325733,0.33046540235467936,0.5351789486178364,0.11109544356392825,0.627001952700158,0.7166498315912253,0.3913802899523069,0.6433368073212845,0.7486017115114345,0.006367162688567191,0.015189039847598049,0.0067143911318802395,0.0023054771930267936,0.011467470305677248,0.003034387190704718,0.0012498686199084146,0.6185956281088627,0.022336932664806883,0.15315861710297318,0.005699814770679726,0.20123046080267187,0.6363636304132232,0.26283443113749927,0.7093685844269458,0.00712197698276419,0.06122818124265172,0.09161666967296045,0.6616538552473699,0.194788276546982,0.0,0.20372263822038575,0.10884930587137447,0.14154898044284775,0.0672590424072264,0.4836374938036893,0.20106311504685143,0.14765102415918596,0.29184517323943626,0.45423400832293515,0.07557195666598672,0.1750004269264693,0.5313909983324298,0.14604067808293214,0.038664579343896804,0.16904446546534294,0.18588482351711016,0.05754744063509178,0.038664579343896804,0.7253852347048355,0.0654774406088443,0.0004949081933702319,0.009104684904140231,0.04826159477684278,0.017397174391561132,0.08725224910643584,0.01012614632288087,0.0293670471490295,0.603666602723534,0.3029805221009011,0.03851040087541845,0.09663136983497014,0.1398090356943811,0.030499491535562598,0.759401052392382,0.5508519083631862,0.5632444621652808,0.4568820888890138
002242.XSHE,4,1,-0.2051962902136386,0.4719332110024096,0.39107018656356946,0.44737987953025404,0.3799372925459042,0.04511024288795801,0.1998803852035627,0.17733170070051385,0.9990950516316732,0.08833107427437797,0.34998750902941317,0.004707807635586831,0.013336064598984964,0.005922674543444452,0.0017542114093741623,0.00036924807310685756,0.002773843414178954,0.0010847890917949647,0.6223242868070579,0.027933080110098388,0.1525225148089064,0.0049983694993610845,0.01185950106494541,0.6363636304132232,0.012761390663386841,0.7078496355759901,0.0057323136201651225,0.02261011124174731,0.09155580711430576,0.7281088828786723,0.2644805477167546,0.48594377510040154,0.16622087591952575,0.13169913940985462,0.12570130702419352,0.04289593166511357,0.3107208576672311,0.1899107905097078,0.14592221121674634,0.13684160693233097,0.5318427242963106,0.08348629679014097,0.10897626217447405,0.5292668696957006,0.1370322618378088,0.03133124152325189,0.1563834246343229,0.16384977511312263,0.13795364788391534,0.03133124152325189,0.7240975160585059,0.06433440942890277,0.0005297120320298934,0.009059243440232003,0.05007614377929595,0.027535839362110855,0.08114436442119988,0.027904270609323274,0.02947323279717105,0.6547963448183332,0.2982515461685913,0.04584749856878377,0.0501045545715489,0.16648228897502154,0.009499611174253754,0.8337404666884436,0.6438818495422587,0.6374510513238256,0.748469350308109
002243.XSHE,4,1,-0.3105398198780425,0.5593037295635485,0.345449502493619,0.3611976357940735,0.5636963795681694,0.1334952755114068,0.5786745918202041,0.31781409935888694,0.9385078582537352,0.23413860245138507,0.23776980383529261,0.0008947958265497571,0.010953023536715983,0.004905692705930186,0.0003717451592770124,0.0019089492611617845,0.00062681871747575,0.0011460069999239802,0.6176039390572012,0.022518720059095675,0.15099473043031197,0.003771763093454978,0.02757166815142383,0.4545454565289256,0.0288124772410005,0.7091665528236603,0.02099460092552816,0.12724970606855385,0.09148139107846283,0.2310038211549748,0.12620513188857563,0.38152610441767065,0.11096434420667473,0.4304110773134968,0.08346691557582588,0.05013670024990781,0.30751496672711987,0.18490152379591965,0.14088785593398792,0.08012254988985468,0.5303125653967165,0.020514948898249605,0.05889913262268973,0.5247418349439475,0.10755199208488969,0.0143993805382282,0.13480493022994286,0.15307238907015983,0.021046202880433615,0.0143993805382282,0.727988716686707,0.06696751398123646,0.0004572811726321975,0.009093919126148785,0.048681229846039696,0.0145468635154361,0.07489893016176716,0.011372394161499388,0.029303424845263853,0.5775234713802735,0.2844790583239068,0.03741982467255901,0.06513771454406352,0.1919966306936211,0.01786100975055333,0.9201412066296459,0.7256949051346693,0.7203819250989536,0.5164121065124383
002244.XSHE,4,1,-0.1591597991302451,0.7343491232002617,0.36981042990183255,0.9530326648065754,0.6298854264098519,0.36417646671742954,0.4750822532991435,0.31784744581704416,0.8772440392398961,0.34360518739232404,0.49489677217960426,0.0024367008056901474,0.014337747031495963,0.0062235811320548815,0.003528854778067967,0.005079243246089356,0.06402329337728371,0.003023554821222951,0.651933906829581,0.02454052299575508,0.15269002215538313,0.008659554373358202,0.04705965153237922,0.7272727282644629,0.040448409644417614,0.7064736481014439,0.018221607836376913,0.04648638871303247,0.08958316623056739,0.3801410611937519,0.15981465284556426,0.5261044176706826,0.12041554724876835,0.23390127697492752,0.08657660869338163,0.048990154997778854,0.3225980975418066,0.1887553019529801,0.14250098139381318,0.07506595393662899,0.6096130383940164,0.0836677653755826,0.1267538921829187,0.5686385663520809,0.12281423668498359,0.013498863029130502,0.19331564142537772,0.2089913607561617,0.08487293896420915,0.013498863029130502,0.7661493590035723,0.07654300393216627,0.0003224967469342771,0.009060177782989334,0.04321568424657497,0.014250269357012093,0.012737931202672876,0.013908869533867652,0.02941680949731063,0.7024188245625902,0.34821170815251473,0.0314261933613342,0.05812370363360894,0.13022115823073416,0.032876562780403185,0.8703460751871157,0.6941284109504227,0.7032713426790207,0.5644483112344036
002245.XSHE,4,1,-0.2337206473657253,0.6389231584126631,0.2495857024743518,0.5395864959282982,0.3905271789419308,0.1102998334660254,0.28609895420953346,0.17590494866935727,0.7832264460951983,0.193419660967135,0.1568509020829879,0.0003767741082360478,0.011424780098101859,0.005132179099953207,0.0005247252152032948,0.003129811318654859,0.0004980864132068822,0.0011605858950690536,0.6173345228939966,0.025460521703003017,0.15126207457770854,0.0037777403592482916,0.0047493967153938235,0.8181818152066116,0.007318812762696173,0.7028303629563127,0.0019941793285202652,0.02862440083205209,0.09123692913949862,0.41340979058811433,0.13327763043151203,0.8835341365461846,0.13287023799955464,0.3286247085768489,0.09587251371127158,0.03631021772574337,0.312200942265492,0.18158799768055126,0.14153258617417594,0.04150321595638018,0.5288855223505246,0.017946226642932814,0.05448932538314797,0.5247427984860826,0.12045077416539468,0.016687909449707407,0.1351562153914483,0.15293492768785005,0.02591663956303377,0.01788559200832447,0.7145599846689032,0.05877411846183785,0.0008559030555456313,0.009017038728258353,0.04180085050965674,0.013788785251972463,0.08688407998087423,0.009233408388622698,0.029857592859978622,0.5297374376693061,0.2930656935017023,0.03904590243159696,0.034931761726491505,0.15128803136241578,0.016169468206017827,0.8992344946102171,0.6860902879129633,0.6988286644503885,0.615265426146902
002246.XSHE,4,1,-0.1474412258703099,0.541174318036477,0.25526020764102886,0.3015072618463067,0.6700502946882556,0.0347589957632542,0.19491349161267016,0.23778131722540616,0.6848009069681464,0.33136856434064155,0.12265184434940568,0.0005682368969209706,0.010558906176427805,0.004748057946128376,0.0004183815776532833,0.00040920070315876117,0.00045523286448582046,0.0011209510422850338,0.6178292551322406,0.02235194832252943,0.15083230906064368,0.0035013758887577017,0.0045387694169101035,0.5454545434710744,0.008333571435676264,0.7075327721279635,0.006952798581451793,0.02975490639413946,0.09119295280741989,0.41545441905023955,0.10480490179980945,0.7028112449799195,0.10771907540803027,0.5334437259457201,0.07061124011147589,0.040047105058051514,0.30763887263571604,0.1823823476826071,0.14011833919569902,0.15131294769553116,0.5312447293136302,0.02088112853131,0.08272648915933482,0.5137259387469841,0.10032722589413574,0.027493710381531075,0.125842342373738,0.14160314015686082,0.038806040571421445,0.027493710381531075,0.6547955834288606,0.05592516532221196,0.001343557961432102,0.008862378956567484,0.043425699660017754,0.016165050917240218,0.18239493854517816,0.02474641700934709,0.029590735252208462,0.5123391765529034,0.2710630005180013,0.02750760214285122,0.042704197871717114,0.14921269379844962,0.020336035173775198,0.9090909090909092,0.7150529609482112,0.7258293219403611,0.3715661768378497
002247.XSHE,4,1,-0.2454158183918823,0.537226312012885,0.35335540238256796,0.4028747423811305,0.6144001457768594,0.06754785772806582,0.26870032536716193,0.3405701254944483,0.716313395782528,0.23432190526647545,0.13284610265906327,0.0007179570966758745,0.01067868736420681,0.004781695747403698,0.00023462084140979104,0.00026318105854420147,0.0005912860856984375,0.0011021648038762777,0.6183551037350308,0.02241889478472304,0.15088877083365415,0.0035954493228919026,0.002673622660542109,0.5454545434710744,0.0030014686901427092,0.7013711220214942,0.0013543491172313717,0.02862440083205209,0.09117850772177778,0.2871365709292304,0.10290892345363464,0.3975903614457831,0.11270753974894293,0.4034066352598657,0.07788120453522607,0.04856720744926325,0.3064258702529405,0.1815594343063439,0.1409736466514323,0.3689354563226611,0.6520480567990773,0.11408745255667596,0.18002165876225806,0.5163034942534347,0.10828828951145186,0.02254886349866151,0.1486825083561726,0.16528054182704177,0.04618697610135512,0.02254886349866151,0.6917491355808816,0.0676064644541017,0.00044328467486425005,0.009091217537671458,0.05172513414866452,0.03544374617451147,0.08114436442119988,0.03509887734713384,0.02954740637515617,0.59152701745204,0.29158936067040775,0.05304440775923132,0.06042400728820509,0.21472670301970917,0.020343961237064064,0.9210874366221187,0.7081287868736461,0.7198789056620711,0.3974954438995107
002248.XSHE,4,1,-0.2888210517723632,0.33617510540207324,0.3282949277533291,0.2542564330125422,0.36473537404219,0.23792447904803019,0.47686653151479075,0.09388145627280775,0.7915448579525248,0.5115687665924818,0.16011210702570788,0.0009250749596327301,0.010289704515981263,0.004631211617030365,0.0001279365175970281,0.0033396087978624332,0.0018106143102236644,0.0012281694651758266,0.6164856587105387,0.02058851993938687,0.15052659256292433,0.0035670682193734,0.014931737267497884,0.4545454565289256,0.00771005128328757,0.700961375464043,0.006541237327661429,0.06154472280003617,0.09112289380830663,0.42409060350150385,0.16859199598900776,0.5220883534136546,0.13129569629659885,0.195263520442994,0.07295738113661362,0.04070512241214844,0.3076131617460208,0.18140285296054415,0.14248018364412968,0.19131637431321716,0.5215768707556839,0.02684055541992672,0.09815566667052868,0.5260496025067513,0.08033370461522715,0.004090464119841827,0.1278810858614079,0.1417989904833847,0.0576508187947856,0.004090464119841827,0.7438994036997957,0.1282981687755221,0.00017607782575786277,0.009071764674994338,0.07366026788046429,0.013960378738436207,0.018013913476606594,0.00650689222555174,0.028566365353096052,0.5322040532553892,0.19403498464975935,0.052235402935102315,0.0473133196318706,0.19429782895070172,0.024124992522581802,0.852310896024769,0.6693782893282036,0.6951543781174663,0.5580417137179928
002249.XSHE,4,1,-0.2625305856470991,0.7348158554839965,0.34274616746999553,0.3996327154848264,0.3580176018870747,0.15165402295609012,0.3786740532014463,0.1712441398638402,0.9998454430734349,0.31641333624658474,0.34314796853449964,0.0024588662920338625,0.011258387076441905,0.0050684447826972265,0.0008737955886612147,0.000835653045063263,0.002854900692535996,0.001126150354917047,0.621688162476446,0.021432417828455144,0.15132416972976032,0.004151773058691034,0.006724835395146309,0.4545454565289256,0.0076263754149701705,0.7012056541665622,0.0018850477249075927,0.021298724789725963,0.09131044927873573,0.483479384846124,0.14372160059221628,0.465863453815261,0.15117444999743065,0.22683833984020102,0.10854379178323435,0.05101405611666135,0.324249106454062,0.1841557112618567,0.14417260052462322,0.1750066885870363,0.5262602556625892,0.06882206121717585,0.09865740822851761,0.5237686573875417,0.1096613188496841,0.022235986038950696,0.13452775509099177,0.15112892326398614,0.03666240165489878,0.022235986038950696,0.7199679355720007,0.0756014195275393,0.0003309946021966171,0.009113352249190186,0.048564481327888404,0.02428120651466708,0.05300573070878769,0.023539689283698394,0.02948760083751019,0.5630747258669192,0.28547749069359424,0.03698266794304775,0.06496344661676332,0.17991795232304808,0.02256774540886523,0.853676982289699,0.6363799699261428,0.6632344281817628,0.5377216526319365
002250.XSHE,4,1,-0.1289633697025915,0.34874844169268504,0.129474037460923,0.37681315962958484,0.4623538783415207,0.16977137192033268,0.4542269349982454,0.6339857940423805,0.8762758630379746,0.40516921672850875,0.4955757569460412,0.004972557801280904,0.012570441011045047,0.005604893377044654,0.0009420069750826533,0.0015597848877910642,0.00185626339616032,0.0011800924515185664,0.6191848839746372,0.022165225435221907,0.15190956567437242,0.004788258647641007,0.045517755270741395,0.4545454565289256,0.08999021729588093,0.7127722854269161,0.006986197000460397,0.07506556932260106,0.0914960676019032,0.4255925089045677,0.07830548868739953,0.1566265060240964,0.0837867003271621,0.8537602440819669,0.06262566306031475,0.05155634137680044,0.3064258702529405,0.16514288445000258,0.13550903792209681,0.14823374202351275,0.5133729437664126,0.05390819248873071,0.12519282387946076,0.5341705765065302,0.1345050036022873,0.02337599505026345,0.16810870569834546,0.18693453878226374,0.038090080547490725,0.02337599505026345,0.7413543481537831,0.06622023763827492,0.0004751963603610353,0.009120893338357772,0.05843388656740359,0.019918894021297,0.08401766324982068,0.016735462241363307,0.02969233042860723,0.6413411203502162,0.30372063515793984,0.0638043262948749,0.06947975467660857,0.11063152328114709,0.016850361907040735,0.8986317833861186,0.707028658617487,0.7554771027136644,0.3034615703316806
002251.XSHE,4,1,-0.1555116062629809,0.37230136079915555,0.31236837174244203,0.4907384699453358,0.5322054016010378,0.16431273822204193,0.2498969373723111,0.3543090494775325,0.9720396860035532,0.13274236866682004,0.4091445650273604,0.0023804093255439264,0.014200266375382686,0.006260968908294451,0.0037745705255037235,0.0026816835727225307,0.00913166411999584,0.0012721945937316365,0.6161627354090933,0.023372917246883066,0.15301671556018073,0.0047109222210413235,0.011749199778217048,0.6363636304132232,0.011492998301530064,0.7022325911458152,0.00228346323478848,0.017274124988694944,0.09133573893756307,0.38427591985578785,0.09767121262729281,0.5542168674698794,0.1315598767245843,0.4869135478016094,0.09533681871564749,0.04208769759571797,0.3086458447649573,0.18186584425558047,0.14017293328861816,0.5093544005910916,0.6701932898269898,0.18157197990970433,0.2792043100958857,0.5846272633604752,0.21212050003472607,0.1977943254098663,0.19745823245011884,0.2126061367199629,0.09265757946135736,0.1977943254098663,0.77735321234387,0.06513262459448954,0.0005047908233023357,0.00907981680139774,0.04177842424063333,0.0175579950967354,0.19027711112268902,0.007623909979343921,0.029514951603718902,0.58076461202227,0.2780076436820878,0.024745781385560304,0.04758976097070513,0.15703968118255054,0.010055931088113895,0.8891881240147137,0.6802358365397376,0.6817880558628828,0.46865713230871087
002252.XSHE,4,1,-0.04005867553473946,0.2536317360695612,0.05417595179391299,0.33460589691562104,0.4783667642134527,0.07377408071872102,0.3850065525043494,0.6805447785218028,0.9079437869432767,0.3495035548757968,0.4721022190559356,0.001439633646176207,0.010979299524881239,0.004927848747090922,0.00024170180571108775,0.00021030631538238254,0.00035209708885722757,0.00110593702649587,0.6193281519517863,0.022123353243597595,0.151095683206558,0.003903761019065479,0.0,0.0,0.0,0.6970897150221044,4.266369417152495e-05,0.0,0.09134051696217903,0.7965416617636618,0.2840938568515902,0.0,0.13305799715660166,0.3190692116509718,0.1511002559212903,0.07813816011098543,0.3924766602053536,0.21477920255358762,0.14208910423830812,0.05889120738436111,0.5572504340683496,0.05557685824869809,0.05941745704803984,0.5152255314898417,0.10899221073911555,0.003909566813965738,0.13453647391717466,0.14945048568616973,0.052668521641952654,0.003909566813965738,0.6344631837499723,0.06003668961848909,0.0007443695030272768,0.009107858324743548,0.06274751345444221,0.04904845179391332,0.0483866885267951,0.1384920208490943,0.029521961267691712,0.7964008147759644,0.3951606105679658,0.05404877786402901,0.12675197198188998,0.22854750911992705,0.017881647424777172,0.7764420687108549,0.5689238644907348,0.5596309078378614,0.811266498830835
002253.XSHE,4,1,-0.2451868806629445,0.7671066697023876,0.2277576695592153,0.36436794818423296,0.48463282871469776,0.030666873478289447,0.6439392338603925,0.3321895376037199,0.8754429241467976,0.3531334533438262,0.19813931972321996,0.0002567244196810209,0.01059006774907259,0.004747494794182542,9.510555781573745e-05,0.0002178373931276364,0.0005288464247660313,0.0011017721214653363,0.6184910269155335,0.022500135721798698,0.15085365937757275,0.003624006597400916,0.05033674576607222,0.5454545434710744,0.05555700597080144,0.717859505655938,0.012086385521166173,0.22894998643393324,0.09139214268374131,0.4694697592662175,0.2541657311559463,0.01606425702811245,0.16513977845737074,0.07187359806344118,0.10986874425990496,0.05583036464354855,0.3130510139801759,0.18765391613908775,0.1451656930720096,0.2974232495204869,0.5318427242963106,0.10194621687911412,0.15721184234173807,0.5187492853729165,0.10340331292066213,0.004222280602737057,0.15018188541692526,0.16414630374364808,0.07216882342665729,0.004222280602737057,0.7040034962379218,0.08819501142435628,0.00025346688259602625,0.00903560221068172,0.05233895432375828,0.04152422090678163,0.020411978064491812,0.04588771171132828,0.029419186462649252,0.6564207960809143,0.35590055232056206,0.029772433776085468,0.07302100348061684,0.13802779994426712,0.02761156307949991,0.7926895300450214,0.6823697536597235,0.6313250403339732,0.7449075819697779
002254.XSHE,4,1,-0.2929322387531302,0.786885528808658,0.28076933256123415,0.3103136261280205,0.347254689058126,0.04081510534738203,0.45052848858190386,0.24918452335910235,0.9892517073710483,0.33111352593019405,0.29432069674769457,0.0012387111835709006,0.010817880694947709,0.004832671113559281,0.0003571060938348979,0.00028284854794923843,0.0012401816071043103,0.0011409589224140612,0.6183163507814242,0.02312563144186292,0.15096183762412851,0.004377450074959719,0.025554058518503838,0.4545454565289256,0.026072493924820424,0.7079774937920479,0.0070211103308611125,0.06737813150040697,0.09133032694310295,0.39573747419746275,0.17370236139501635,0.35341365461847385,0.13623870315738432,0.1998338977865699,0.0969234012645436,0.05482678491659081,0.30557745516982143,0.18711680898898403,0.1430508219010703,0.12507782552445326,0.526647685662346,0.018657564553141166,0.11459609708489116,0.5213019895218004,0.10590863889241371,0.01944787204353254,0.1654962686686971,0.1690710156861661,0.18097274607116604,0.01944787204353254,0.7109352085882187,0.06713649620872215,0.0004534679981364059,0.009050018998796223,0.04817874950068571,0.0144664959969694,0.09216712910667232,0.01878485539980878,0.02938579044018105,0.5351047798785377,0.27660119527674726,0.037028387237467486,0.07095122910119765,0.174056974210873,0.027251749715858108,0.8476711735382256,0.7159982972889307,0.6764304367687404,0.518752835468759
002255.XSHE,4,1,-0.1453218334294763,0.5850922570879082,0.26657047186619665,0.3305155139725533,0.5235534112537394,0.11034050882890387,0.5547106146427239,0.46891477982817786,0.983443528323874,0.21825100497508584,0.2843450868924317,0.0016829850585574244,0.0110904327993747,0.004971133319210141,0.00025304653049078876,0.0005078536968775593,0.002575893782076419,0.001158214692754613,0.6192370964884596,0.022584571696798166,0.15114265504066932,0.00410159890879444,0.02764067475198081,0.5454545434710744,0.02372460707949209,0.6971360573565819,0.007830025345703848,0.06213258569232161,0.09107969821202393,0.3857575962625228,0.051825753068249485,0.285140562248996,0.10516159804783179,0.9156625763911059,0.07638012715681941,0.044125234802229525,0.3118150531060132,0.18039282121384234,0.13681409671473546,0.23016283438607626,0.5068991085843311,0.05349537969177446,0.15619032123924317,0.5236680876771954,0.12045268888683491,0.020207939427676683,0.17101737398405117,0.1880311273166596,0.05722617312342795,0.020207939427676683,0.716249677193942,0.07587385420701134,0.00032846830460736104,0.009094879514258799,0.05275265302762546,0.01647476302504753,0.041352030098692046,0.016610799316338232,0.02958025889666729,0.6056841379264462,0.30004926949361826,0.03466979326948936,0.051644309532659714,0.13661579457364342,0.01612026679428127,0.9040135774239821,0.7095854893635845,0.7347727698811501,0.5310429543303936
002256.XSHE,4,1,0.04883021335414933,0.6618842296063977,0.21194438768974735,0.2899702570725997,0.4468252993064732,0.07140315901138256,0.4318547834110395,0.2239766164374953,0.6378309691685277,0.2388857199759463,0.10847764206615562,0.0006918574939374898,0.010612036109664184,0.004770462732468958,0.0001805035897899025,0.0005175538353970916,0.0007149752663241807,0.0011218481207373044,0.6177437793117317,0.021847715042596624,0.15087567581942302,0.003463135267197168,0.007181014135665371,0.4545454565289256,0.005889148726581359,0.6942158655795125,0.003275963983048961,0.03201591751831419,0.09126550818934485,0.2886583167355518,0.030567735885460738,0.899598393574297,0.08403243424147275,0.9543003329230396,0.05758340121978618,0.03554431031449869,0.3106692715514095,0.17683402394402503,0.13484480979158053,0.0578050114444683,0.5330565387469199,0.031536004974009844,0.041734107778863834,0.519521805279697,0.1024805912520555,0.011839178326055874,0.11807533008392601,0.13550559025925948,0.01776354870184864,0.011839178326055874,0.6880963148109847,0.06883735619542923,0.00041923610476853794,0.009053435326583516,0.05255701681020357,0.021169061368851272,0.06950909305224075,0.016165154053331833,0.02948554534140934,0.5669079873104299,0.26863125609177096,0.03783743268652488,0.034744979824049796,0.16352187515833205,0.0225131602560268,0.9000085213958047,0.7197215956835175,0.7589929577278838,0.27768459937672685
002258.XSHE,4,1,-0.3394856096321607,0.825449381805246,0.261136700715956,0.3930002746399976,0.6492660586501096,0.03825725775019323,0.3375074215449989,0.5565806028783125,0.9222433762258078,0.33744849442260577,0.2259876337132425,0.00130959073810394,0.011261576002496335,0.005058503772914679,0.0003559803179066869,0.0005636283565041441,0.0008419374888116791,0.0011211688981337144,0.6185736627740618,0.022952555824321083,0.15124278316405457,0.0038719008275888388,0.008387675416845956,0.5454545434710744,0.011367958566294316,0.7022644640380494,0.004739114990066307,0.028443519942118113,0.09091353354802033,0.3437083371344724,0.1265487485001796,0.18473895582329317,0.10535199242111808,0.4719571624650061,0.08501182228911033,0.06098065712766976,0.3000594094723448,0.18168610425818532,0.139151243835417,0.21008523792006562,0.5473683808471574,0.05355767868416659,0.1428194509566365,0.5319111103474148,0.13370795728639412,0.03474390336491289,0.16369961618108678,0.17791519381789372,0.07885447456459901,0.03474390336491289,0.7342964347020311,0.059653580264232835,0.0007745442495556615,0.009086160078503477,0.050068360544752534,0.02364962811737894,0.08423341008026834,0.02456250814411633,0.029621974978899568,0.5898981308276496,0.2922290270316464,0.03798639617397674,0.08094282391558777,0.13543994148046815,0.032878955554226236,0.9008393574867564,0.7784595993100707,0.7438007145252472,0.4921438863740991
002259.XSHE,4,1,0.1477720122959485,0.40199808482878874,0.25579270196938203,0.34791008877901713,0.39811827485123485,0.18189425707263207,0.6210336425419325,0.35126151300209557,0.8449811589837531,0.34781013076760947,0.18304489656889078,0.00032041638811959496,0.01053699582612597,0.004712504752776242,0.00020135555888760713,0.0037498817327594114,0.00197215641362813,0.0012085215522029725,0.6165807982185683,0.022876388892715885,0.15066826409403128,0.0034393615900108823,0.015346834916204592,0.5454545434710744,0.015143193890734496,0.647546926168658,0.015731501885148366,0.05724880166410418,0.09043864300361963,0.32233457800034937,0.0839877679569,0.6506024096385541,0.11083653621907077,0.5832990281275311,0.06901224681774179,0.0470863573907796,0.3057029725155835,0.17904738670886536,0.14010794032085727,0.05465825567285977,0.5178442950543045,0.023005414875403654,0.0363896747600028,0.5210308728535493,0.09559420855946628,0.003810811860848358,0.1140140799645316,0.13254337852741963,0.004616497510839465,0.003810811860848358,0.7170805011118552,0.11210397078418896,0.0001949915500832444,0.00915096804418256,0.04427459990216869,0.01445116138185357,0.03032570889300028,0.006979529696377174,0.0295668947666173,0.5986629601826482,0.2715490768734526,0.05549800718476233,0.05560408586442396,0.22469164830014693,0.02682419094335108,0.9175767990796893,0.7013041218875773,0.7259666290832372,0.4385421485853098
002260.XSHE,4,1,0.01495114764797179,0.3082296079664534,0.2023965420686398,0.28428232283462473,0.49687306964773653,0.05200480728555407,0.36209764660891847,0.3320524873251396,0.4300678206331741,0.309839378007916,0.05588591248911845,0.0006273259841695926,0.01049989028482426,0.004708873230669347,0.0002186113870718557,0.00023800747873852009,0.0004932333192854257,0.0011136572776411567,0.617691802124326,0.022675791545733126,0.1507971599828314,0.0034407223157983625,0.0049221627362154045,0.2727272717355372,0.014457240111531391,0.7070166814014991,0.013055091287416632,0.07230713575110789,0.09264725640037214,0.831547040863251,0.33583327559518794,0.020080321285140562,0.1821323115721568,0.14499347602245766,0.14213991912300478,0.0564189006071221,0.2891572740124048,0.19080607849787776,0.1606561170081397,0.10046519394567538,0.5182947471347066,0.04245960502365959,0.05964783261099937,0.5249469891235363,0.09891224674980387,0.016868745378981184,0.12154022815497446,0.13966135139073158,0.013535912114780505,0.016868745378981184,0.7494534206925403,0.06456200672786738,0.0005222947580720813,0.010222290439478874,0.04997126799180411,0.021502567830560385,0.09442150103998193,0.02353541551746038,0.029763872317747523,0.5569228790377039,0.2750682151809608,0.04644769126094415,0.0877717022119224,0.21953192291128337,0.012866393491655201,0.7507030151538823,0.6155853345716689,0.5781541695162298,0.7477129937151503
002261.XSHE,4,1,0.2399413244652606,0.7315167642195972,0.19224484999645347,0.3161545513124374,0.3959725799077025,0.03978213190965946,0.7672963948589254,0.10823838906558647,0.9355418581430863,0.5859460107468042,0.23550606952749797,0.001682129679604377,0.01072081720039689,0.004799200095192177,0.00014633093346887752,0.00020097373091196606,0.00040389395733248813,0.0011065626639868683,0.618764765823418,0.02292861183423322,0.15093234828109053,0.003930562120457641,0.04697417560625943,0.6363636304132232,0.06479856636415464,0.7155249947124057,0.01768733092203493,0.2539567694673058,0.0927846210841178,0.8171901613565578,0.2684412796395107,0.3614457831325301,0.20556663078380552,0.041545058561809414,0.13391687458280221,0.0447737622868626,0.46620271627684606,0.21707941251112942,0.16396035948910326,0.06715542666019667,0.5318427242963106,0.038304298663264,0.08180808933135737,0.516774425471943,0.10613701294055781,0.007304020263608006,0.15314565981661907,0.17194803378374807,0.02827578218168738,0.007304020263608006,0.662435424181767,0.058459866356388786,0.0008899896978683731,0.009022604483046077,0.08137147452454989,0.033770731098550194,0.033413692214860374,0.08287190675655255,0.02939960680661638,0.7477044230536801,0.2873361438941744,0.031767345260053974,0.050459708195540444,0.1634503882302275,0.03620236884608482,0.7628779594097512,0.5635144398743974,0.5757684579087594,0.7866077302047276
002262.XSHE,4,1,-0.06672534220140615,0.3051381929577158,0.05153190043308831,0.3314423132939393,0.5366507599371086,0.13838608114391412,0.32172319884851597,0.5352280595421166,0.969185212766051,0.3136519992188361,0.4128728825771966,0.001241023800632907,0.011363929191553664,0.005091464832984034,0.0006348732375286804,0.0011848844767325115,0.0015919418845296695,0.0011441209028075733,0.618221874466023,0.022056382476215993,0.15128265272882085,0.00391500226113942,0.01807693597804189,0.7272727282644629,0.01754323370470175,0.7020000541209473,0.0027294598493057573,0.020620421452473545,0.09139237082692087,0.7794926605898279,0.18848526881526448,0.0,0.17382545118196036,0.14914808453760858,0.1337105082837222,0.05053021019428851,0.32026067778423456,0.18430071680463508,0.14696079884156532,0.05727604344171863,0.5511829757156925,0.058531907121164656,0.08619818382459894,0.5225189833859641,0.13265590488777904,0.04691326735253111,0.16052324860644313,0.17746105137385776,0.05090738191629708,0.04691326735253111,0.6937777014339016,0.06990737635220534,0.00040094950260255273,0.00910960665331265,0.04597464301337291,0.017825558430034395,0.09832993200672357,0.013787482836965539,0.02950732624442629,0.6745913645723258,0.28678777501419594,0.02675726784031543,0.06848809945703366,0.1331400890459543,0.014691780821917808,0.8225011006802914,0.6000149263632748,0.60926215894358,0.40164200366789465
002263.XSHE,4,1,0.1578579911319272,0.4478123689153946,0.566076194327612,0.26377923406428416,0.35746308142523625,0.06759775283986344,0.5125284794668172,0.18366038208078608,0.9554327198769867,0.2413179627090918,0.2519819533709583,0.0005634829589088681,0.01043040947275648,0.0046666415830510415,0.0002548136170521829,0.002387375716901852,0.00012777498330408907,0.0011236834992987938,0.6193069082915195,0.02205276703154993,0.15068786321792654,0.0035944983269445476,0.009409007549226488,0.5454545434710744,0.008308697393336152,0.6635107016971893,0.010561203429588207,0.03269422085556661,0.09131322955665895,0.510495073947097,0.06331550721040766,0.9518072289156625,0.12349611503245926,0.6767761798338772,0.07959782870865148,0.03211256926260775,0.33094141129931237,0.17966685587364495,0.13695058194703333,0.2812042210197392,0.5067557258123365,0.03542772466191594,0.11542834287681011,0.5188751079167191,0.09680361624735137,0.004428403692162705,0.11953082586679424,0.13757807634618588,0.01288860579177465,0.004428403692162705,0.7086647572907429,0.07637554538037633,0.00032396099276409563,0.009156666493188168,0.04827663356901142,0.02421897924620472,0.027256478132296636,0.026052839867788256,0.027054831980820083,0.4242528910242692,0.24455636334684502,0.02664498866320748,0.022245868893535754,0.13732797220955567,0.012480558712687684,0.8885951768899745,0.635321303790191,0.6976972007826507,0.27518383412380065
002264.XSHE,4,1,-0.3127859482620122,0.7196941217029924,0.36004429336520527,0.522888879877848,0.44303209180598635,0.15645208876123454,0.5513059226104283,0.16706447281173492,0.910992334503341,0.39611119597352545,0.21860237558835183,0.0019876109264078835,0.011302333178327429,0.005061863774539687,0.002467597111910914,0.00022584985061635136,0.0060563643456842805,0.001188780780503221,0.6179636558907081,0.021947234542376133,0.1512736096779646,0.003958718838873797,0.020158097928532313,0.2727272717355372,0.011017357809633485,0.6967811645901985,0.00531807112353863,0.037894546441168485,0.09107648618828117,0.29989379342316663,0.07613532740819834,0.899598393574297,0.06792862780337595,0.9626095499533414,0.03322182425743278,0.031046828953459525,0.3064258702529405,0.17551409580314048,0.13679069924634152,0.09125229430813521,0.5485575582572294,0.08266373149760912,0.07037348845379422,0.5264479468844186,0.11361138918088391,0.07869593378577573,0.13446105868111988,0.15172620107581558,0.03032081423819441,0.07869593378577573,0.7321662068506165,0.06185349883501866,0.0006317966489131792,0.00906618356715661,0.04241084502709356,0.018746866817946788,0.14287031319917953,0.009931430794737052,0.02946857966617006,0.5738720597709358,0.2731098939411371,0.032945443808655286,0.02929882362448838,0.15417157496073364,0.027046718908895134,0.880040938205678,0.7182013179425946,0.7692038562182972,0.1319305489369815
002265.XSHE,4,0,-0.1589945127804358,,,,,,,,,,,,,,,,,,,,,,,,,,,,,,,,,,,,,,,,,,,,,,,,,,,,,,,,,,,,,,,,,,,,
002266.XSHE,4,1,-0.1595989054197968,0.5674937045070847,0.21323444253772178,0.3039135048685296,0.3963193014747368,0.19339146475416533,0.8502791080970559,0.46157874225588064,0.9769758478457311,0.4566925830034978,0.40225578345490753,0.0015674343920794348,0.010900027119085557,0.004885649042511791,0.000278820442786395,0.0016739453184349625,0.0018569686585262273,0.0011654255081916577,0.6188919568922236,0.022252807063015828,0.15099136462457735,0.004155464244186623,0.08105193525740659,0.7272727282644629,0.0833905871683196,0.7124256727147128,0.019030584026512757,0.23822013204304962,0.09213445608122872,0.599697726402956,0.3065633064288158,0.012048192771084336,0.1746621323379243,0.06148759007041378,0.12821851865614783,0.06947174083473057,0.31400217028222127,0.20475537609260291,0.1453502731004505,0.05706977007443634,0.5228599279477698,0.020129897406675108,0.05438057581755595,0.5180834777575933,0.1036067955900832,0.005106717442029442,0.1346221481313428,0.15225779481923757,0.026914901484589894,0.005106717442029442,0.6799060970322877,0.1043390167546333,0.00020817583612472466,0.009118715946873406,0.05834484108745769,0.014680238257941462,0.03062607319152332,0.01534745641276766,0.029432799867574293,0.6256116641144855,0.30207221922763894,0.02822976712003545,0.10172964989525987,0.1701661220043573,0.030965932882694263,0.7976070855406117,0.6641208924859585,0.611527726801034,0.7445599464843488
002267.XSHE,4,1,-0.1509573371026171,0.6001994790247963,0.22333722558809915,0.4411720593909437,0.5582962831080228,0.20069567525079524,0.3744622616767368,0.516914807677967,0.9212418297783778,0.38961168033381216,0.4612646644672318,0.0014377822141192706,0.015294076485514875,0.006727353798688501,0.0013452505929379306,0.007157248113437093,0.0014003699697320631,0.0013495534666545668,0.6157982569183412,0.02213303886043931,0.15305654057728896,0.0055361012133268205,0.027314769941219178,0.4545454565289256,0.0391301124899392,0.6878283820042775,0.014419741776069785,0.024645021253504568,0.09159646883809827,0.45523475311368133,0.1295713872832731,0.12048192771084337,0.11889239226247807,0.42584172655962066,0.07636221213214069,0.051493284233199134,0.2952638799132543,0.18312032509028475,0.14073447253007224,0.07553550361578212,0.5481598758615781,0.04644615762220703,0.08822911834000885,0.533020388230397,0.1374284351103515,0.026609028035829454,0.15615960662326936,0.17188402675538506,0.05948750409867896,0.026609028035829454,0.7360994745126359,0.06143168372287212,0.0006542470457448353,0.009109575673051035,0.04344469602907288,0.018242109542737413,0.14421061324754822,0.005930373873764799,0.02955403463494857,0.5688833865761558,0.2929716707224941,0.03529063967524757,0.06466847140041276,0.1758895887166236,0.02565726505952025,0.8915474854781213,0.7411962098093849,0.7112826863614399,0.44929449906006624
002268.XSHE,4,1,-0.01817683746034129,0.4125815335214775,0.15507801624160628,0.3228257711124407,0.4500554604049487,0.05402393229884134,0.6719778619404114,0.33193815661145754,0.8361310186091809,0.6480419662900708,0.17897324673529402,0.0011724716846092573,0.0099491399777642,0.004466646736978482,0.00011636356022671574,0.00021592492427864073,0.0005413884667335608,0.0011063891315575413,0.6184751378569135,0.020957042571424275,0.1504612286376234,0.0036410396754260506,0.04215025062430967,0.5454545434710744,0.04299366105473285,0.7019317959652165,0.01233704375077701,0.16419462783756894,0.09202382675279945,0.5326426786868458,0.16548661215935762,0.38554216867469876,0.11271742180984015,0.2945573293884913,0.07529690497277493,0.05113939249609022,0.24598582477345485,0.18290679308690325,0.14230730234988573,0.09231506107165052,0.5367702178754744,0.07696483098010123,0.08158534628019654,0.5045217025018692,0.06451079476431607,0.004085963169005733,0.1447765003305192,0.15972515102514243,0.059208913211914356,0.004085963169005733,0.645672879733856,0.09591424595308101,0.00022769949130933544,0.009074541932075252,0.08150946203865865,0.03623051259013665,0.02678641701188007,0.04424528476446737,0.0295306409371116,0.7868736576100275,0.27557414727860513,0.03397701636550865,0.06090805279454382,0.1462301134924254,0.036472752288089966,0.9078721719617673,0.7330309362699579,0.6961142078566089,0.5122035166668054
002269.XSHE,4,1,-0.2543443898204537,0.5498184744796475,0.1857310575464397,0.6499848691245678,0.6041342451074059,0.12341465513438779,0.21125124866329328,0.012529656819140034,0.9172005174144383,0.46991629558159,0.4646342901311393,0.002879003663809765,0.013996441573329538,0.006242601371252071,0.0036629026445840957,0.004476631885204819,0.007865798430282917,0.001267552098395645,0.6177967459397523,0.021733587941395727,0.15266045837685235,0.005155522172888815,0.01770931454238422,0.4545454565289256,0.013716610434416576,0.6941178762440646,0.007867282408688767,0.011214615175906665,0.09078371235584305,0.24733675267284627,0.019951632446590685,0.9999999999999998,0.0605118116979884,0.9854593834918215,0.042154077175363014,0.02283209017254109,0.30052159716378135,0.17675555633658524,0.1295296848880951,0.12704829171917095,0.5077456348414205,0.06407742824804631,0.09764538658315343,0.5516891375398585,0.1301423978335101,0.04526931551851537,0.1487852808671964,0.1534020951428979,0.15988068569938108,0.04526931551851537,0.8208692217715597,0.062466303325959475,0.0006022696129276249,0.009076416374983664,0.04275423078161087,0.017024206996401014,0.09831492072008356,0.009224714159365047,0.029516296053454846,0.7106242439094166,0.29107194338855374,0.03497975334818472,0.014266343983406503,0.1504020051172924,0.019744571394388948,0.9100495661189303,0.7629997567555615,0.8108726132981967,0.3644399262096107
002270.XSHE,4,1,-0.2447098383254371,0.6562302974751549,0.36182809643334657,0.3701421169024362,0.4670237531021466,0.12748707246578025,0.6230261176235644,0.2620181459699065,0.44652857239455224,0.25987447237599504,0.05959932218979136,0.000499911455966426,0.010573497994277833,0.004740214956951766,0.0001122526480857423,0.0002713441203459141,0.0007111408909980761,0.0011236159767850982,0.6177413975368665,0.022599177865317687,0.15084021183439716,0.00357827389784538,0.00930957289033418,0.5454545434710744,0.007401619450589116,0.6945605608192482,0.011165318729220781,0.1562358686804739,0.09146984657643316,0.36397460090238887,0.11395206349326706,0.5220883534136546,0.124294585552954,0.5047782617577885,0.09372117999754831,0.04254178506483521,0.3071494935901695,0.1874974378135028,0.14063828293778613,0.13387149587884006,0.5318427242963106,0.031354536388568215,0.0854553592230696,0.524629100514146,0.10120939028132654,0.007991029032135376,0.13497716620345945,0.15212407882636042,0.03178825396143782,0.007991029032135376,0.7340229989822116,0.07964790953593277,0.0002985089125696949,0.008986155519853939,0.057423385269054536,0.018184154977788476,0.03975288928007532,0.01810894508857806,0.029395796851285648,0.6264006040962784,0.2808289110507523,0.04684850492951005,0.0475313967802181,0.2057846620560369,0.02051235269486152,0.8925176818962948,0.6897997656008141,0.6999891738598887,0.5474115996222744
002271.XSHE,4,1,-0.02646644252503084,0.5602721009992974,0.15069123692186515,0.4174945855547861,0.43513322617396755,0.18788655153188838,0.5869529549660857,0.3522030923892939,0.9986471878103764,0.2236636586700491,0.35273461905250225,0.0028634318600344495,0.010999360922066671,0.00480332533032036,0.0010514450784250469,0.004179527405631982,0.0021617185900532836,0.0012022727697422965,0.618254488732579,0.025212403881849352,0.1507518107866103,0.003975673525789261,0.03072465706054698,0.5454545434710744,0.0290677505338616,0.7046803329140816,0.0030630200253965218,0.09500768743782219,0.09125610058803243,0.41162769424145945,0.25248446788337714,0.1325301204819277,0.15430508688966743,0.08018281509374303,0.11032122418687113,0.04229443945082138,0.30519599955906057,0.18886726782843927,0.1457519296412128,0.13911858472316255,0.5221576388289995,0.03669978993581273,0.10159768239602884,0.5041816524233727,0.09769065447093549,0.031246112175847402,0.14862962110513522,0.16657476953067557,0.033376301537657346,0.031246112175847402,0.6600083900361894,0.06171563460696572,0.0006389293914119349,0.0086762226769569,0.04965835557931273,0.014728233889889197,0.0738397799650223,0.011088134917851565,0.02955047395449289,0.6246059458242732,0.28513312983144234,0.03125042554612497,0.047607470204060254,0.11894189846481229,0.01572530956511336,0.8341763005780347,0.6913946751581093,0.6532387322325877,0.590655736621117
002272.XSHE,4,1,-0.2117939170374228,0.7304854427573446,0.4200630735826705,0.3047790369821969,0.45734430337635584,0.11011507692886185,0.7113890107686462,0.2401558782018784,0.8334069527784682,0.43712191377420107,0.17774447856183528,0.001082270665057453,0.010746065754679535,0.00466457855608001,0.00014933017528220876,0.000542449665168625,0.0012400884322859617,0.0011243123617305387,0.6192456938840113,0.026534708648413213,0.15073869871351211,0.003614550749269369,0.02020017434857206,0.4545454565289256,0.019349415830652028,0.7086307445022942,0.010615295014856632,0.1351180247806819,0.09139585101883613,0.31720310934586693,0.05244939169964754,0.9959839357429717,0.07358116663658126,0.9480679068554633,0.04312340094392935,0.02498078343809869,0.30973405081396077,0.17680162837297209,0.13651642892239058,0.16354990185107401,0.5113392001161133,0.04533803706513163,0.0839964238113063,0.521825594377025,0.09627097555579577,0.0063771517332517225,0.12397309391123383,0.14232340090528298,0.012994634673511892,0.0063771517332517225,0.7132862883671798,0.08922419765851551,0.00024942147113510033,0.008736038708092121,0.057993540179167406,0.0223052899560477,0.028698208289777507,0.025083780487943227,0.029082462419817028,0.56478677552523,0.27181459875924974,0.02934151703557622,0.020168549020044415,0.09962989879414298,0.024619698510498295,0.8609796409651902,0.6916102781831857,0.7803389374011453,0.37128160273126876
002273.XSHE,4,1,-0.227172532551509,0.7581458020666827,0.07557163742535278,0.3359040180132673,0.5283617071607031,0.006080514801854953,0.6827098406890012,0.9086953821201789,0.9502677962202051,0.6890809142711295,0.43441156234710976,0.0010867502295666416,0.011010339580880853,0.004915039875632568,0.00019657648952983275,0.0002312267533565143,0.000378882249951065,0.0010953147306558282,0.6187330018586757,0.022942526311032,0.1510744079979309,0.003885169194974522,0.1089815042112306,0.6363636304132232,0.15418910900410168,0.7084102178972356,0.010454046928754141,0.12485303427692865,0.09040970349876899,0.321474405080455,0.14986732169985043,0.08433734939759036,0.08825536826488138,0.46157012788227886,0.07361697465904693,0.08125641462144846,0.3449509472434211,0.15032600109244407,0.14099314454176057,0.17539379332938337,0.507325789178174,0.06885138910540724,0.12052864533842694,0.5251925719252085,0.11653777980390119,0.010057170054576688,0.1548674452578448,0.17086857900847296,0.05599623809527595,0.010057170054576688,0.717849393007758,0.06915497972636969,0.00041357604933680886,0.009077991981740231,0.058751811910617846,0.0549139742013091,0.048148170729228904,0.08396953119581389,0.029487250762958883,0.7160065554647539,0.35447074421852376,0.030003808993286647,0.11843040528992735,0.10351006358615797,0.04304286056110546,0.8686506724801524,0.7910198575914378,0.7476585171356673,0.33064229474462925
002274.XSHE,4,1,-0.1596238929260437,0.49526041210107385,0.6422129320958574,0.25940889893797014,0.45779534232903607,0.18013690061689158,0.18227231652884246,0.1830953245150885,0.669977492647569,0.2261467543993642,0.1180561610300691,0.001355823356686739,0.010703256485843917,0.004797797604819214,0.0013152438481831953,0.007991196803903554,0.0026296521563403995,0.001282900336054033,0.6139894393429685,0.02225843096956908,0.15057980784329988,0.003909314718054166,0.002303819545745039,0.4545454565289256,0.0022017676631084213,0.6933130658663702,0.0026968501767907944,0.011983358958126075,0.09105845698743792,0.2841585299794084,0.04790399699758866,0.9558232931726907,0.09471889489571789,0.804736479557006,0.06426912450680598,0.033256494448709685,0.30671024982923534,0.1811918110282099,0.13717285789677555,0.24905367463282815,0.5276970987930919,0.027138716211585888,0.1457192837936461,0.5230710528817618,0.0847997053417769,0.07046349011788623,0.1549363083221274,0.16866964410219534,0.07754925903041358,0.07046349011788623,0.7311998336015108,0.0632277516109788,0.0005698943799778256,0.009086158707695443,0.04307835632861396,0.0135451769005269,0.11982627922951546,0.003984460625077725,0.02883990434481231,0.487443490718451,0.26156923045177854,0.03628071793023464,0.02766629619527738,0.14316219220246237,0.014106897170544953,0.9273533254747128,0.7240778824465974,0.7567524748292243,0.2134677610723444
002275.XSHE,4,1,-0.119115540999372,0.5544767764409232,0.13607061531148795,0.368208304256495,0.5011367084354147,0.03742350320087984,0.24655501514140193,0.5665511938673299,0.9416885695492998,0.3374515881410039,0.4429307205144201,0.0013854260756702057,0.012041773539755623,0.005365098595561456,0.0004500923832587023,0.00022014717265566582,0.0010671785880687465,0.0010806943740869139,0.6210416123627647,0.022595956535310834,0.15170470962445617,0.004466258937082911,0.01582565057197141,0.5454545434710744,0.014578168063564967,0.7005442420606551,0.006076609953868294,0.014606131862168761,0.09089274926280323,0.35678038989472177,0.03676010302623848,0.25301204819277107,0.09399552803804197,0.951807773131889,0.08155408994127451,0.04454785605324316,0.3069607615849367,0.18144329105793977,0.13523476759814587,0.13414652703521646,0.5318427242963106,0.07268842412221357,0.10188670200647754,0.5253728345996418,0.12523009294580068,0.01150490089100618,0.1505164899498952,0.16277272409524457,0.08859296227996025,0.01150490089100618,0.7101113958426086,0.07420160211053556,0.0003449333495490324,0.009096431817278754,0.0506542138431818,0.04754720154089752,0.04093776477600204,0.05229130984304502,0.029524285108876638,0.8670849582466129,0.35601287352885014,0.04826395055978713,0.05112220669829589,0.12196414095353904,0.025132649398815578,0.8698099373677408,0.6997589668745303,0.7463937071080211,0.25461796501549233
002276.XSHE,4,1,-0.2186994522337686,0.5890545788496148,0.3747580750171234,0.36262059325426793,0.4189366146500728,0.24483965229615134,0.5001213963815593,0.22448359253486405,0.995833549215404,0.18149414997186647,0.310065192476144,0.0018640178338976572,0.01117641369250399,0.004971298598666617,0.0012410105822085171,0.003999654822692323,0.001754413164863382,0.0011795183958446817,0.6204885325851953,0.0223029007790098,0.15103044092741047,0.004124923610524389,0.007450644223989798,0.4545454565289256,0.008202803287940819,0.6991770986622107,0.004384195345622998,0.03879895089083838,0.09108913886301523,0.2427650830159389,0.06879111238915059,0.9638554216867469,0.09120878686502817,0.6929788450660559,0.06556075399296632,0.030388049431357048,0.30485735584497325,0.18157804955213977,0.138172449740938,0.107400310666048,0.5243466761229941,0.030631430890908015,0.06980423485798888,0.5224880295948755,0.10340244259273475,0.016011559751114603,0.12868439256238182,0.1460841632049532,0.025169135946786225,0.016011559751114603,0.7171342534328453,0.056830724612622216,0.0011316141423132232,0.009113553209648262,0.04428568111745085,0.01707747122516229,0.08263796434759377,0.017386033128514635,0.029642637550373246,0.5485001269622318,0.27879934273600065,0.026409721577865718,0.02374859733182258,0.11729002001317324,0.01465888018185081,0.9386938830580449,0.7532561585069213,0.7680380657648405,0.40185212865480935
002277.XSHE,4,1,-0.2974426417794652,0.6989455184189621,0.3507750809592519,0.5591050596266277,0.4689242018842327,0.1269192443999968,0.45149303048043554,0.21784434936021527,1.0,0.18249380772926865,0.33403023763563316,0.003589810260409458,0.015088543615477006,0.006666116279970269,0.0022914912715253817,0.0007203898763140323,0.008021039983221113,0.0011562833334275505,0.6182997480913323,0.02299430911841398,0.15351958309622354,0.00497295696288795,0.01999169066004831,0.5454545434710744,0.028119165303854107,0.7012656600266549,0.009391592270181532,0.041828705797232524,0.09086116962094634,0.3974594834882936,0.10716345330799157,0.8875502008032127,0.12543431657643245,0.37889475299738523,0.09051555170186326,0.03713797697757184,0.3033387931311247,0.17930782309151055,0.1407981656384779,0.12971301835341842,0.5952547087143556,0.1729139865500483,0.12257182481880882,0.5388918125255339,0.18139896859177984,0.0686131083114333,0.17162137458350962,0.1874930490183991,0.06846258386553204,0.06927468670773675,0.7288849782127821,0.05977702304833282,0.0007645150303335084,0.009076031177925551,0.04578890073816723,0.023913593384561373,0.11227079843786547,0.009993776926927753,0.02942704066445011,0.555542372674623,0.2874231587643733,0.029563321019646698,0.03775594120039739,0.16476280273091148,0.022247711910031706,0.9032333371206205,0.6916185706072269,0.712229313490691,0.3350418273674291
002278.XSHE,4,1,-0.2822732084067118,0.6254700905990117,0.29016049993065923,0.33267155305111573,0.5413523980042613,0.09440842113788331,0.6573396542316169,0.34436465927706716,0.9263127898491226,0.242760795627029,0.22879979616904417,0.0011226635391171328,0.010656544645929288,0.004787878294209239,0.0002157948065774391,0.00022092027229689336,0.001088587464377866,0.001106273438202256,0.6197273506131056,0.022032411560902403,0.15092950313867068,0.0037693784423066634,0.02178562113779612,0.6363636304132232,0.030372561375484896,0.6979636808470989,0.014753373815529913,0.1186126435742064,0.09113345954448045,0.31340597044552676,0.11548508937219129,0.8072289156626504,0.11269831649210553,0.49314494727948593,0.0872798025405096,0.03446931925928787,0.30208660515126307,0.18298491307109366,0.1401469361015138,0.22028248501599504,0.5318427242963106,0.08099863608925253,0.12411589842872937,0.51780240448728,0.10650150627654391,0.014004667608770232,0.14376725704344762,0.15984595380967737,0.04781504958043045,0.014004667608770232,0.6956099544624359,0.0844952796773078,0.000270096119895583,0.009097533672778083,0.055182869074386076,0.02732797608416853,0.03144338001335404,0.03660021132942766,0.02932607480494902,0.6253588484913671,0.28711208547001565,0.025520393145307078,0.031771993311311204,0.11317093213254294,0.017971226894777773,0.9047157049324679,0.7571784750785016,0.7267125765421307,0.6686894109631898
002279.XSHE,4,1,-0.2228543744594707,0.7100755145380243,0.33769943394688384,0.36298748820916127,0.44730442370913504,0.02992748577085419,0.4326417882805674,0.22532091843474664,0.5842291341562904,0.27229884546296523,0.09352913513242456,0.00243526211206305,0.0101585977097902,0.004572527161427978,9.158121080827492e-05,0.00022316656188020335,0.0002185835512516122,0.0011010402310602828,0.618053412381529,0.022446208026942745,0.15061531433550454,0.003612033590663243,0.0032711219594115672,0.5454545434710744,0.0029807491227743193,0.6993004251382067,0.0012077347312517029,0.024238039251153115,0.09133170886530297,0.40452952367048745,0.08050667649471974,0.899598393574297,0.12078118350196519,0.6265061354133409,0.0818566686413371,0.037007561496024965,0.30722377731987466,0.18158935213006877,0.13970238420202932,0.16758116941540824,0.5318427242963106,0.05854188953281111,0.10301861997926921,0.5142198343863779,0.07883499992428147,0.003092153224396275,0.14075304919409723,0.15650003531566825,0.04893869065464087,0.003092153224396275,0.6932249873506767,0.08950559243012224,0.00024835355168638417,0.009165612660592641,0.14464086045108987,0.12997346704660817,0.04068192626308199,0.22977613719051726,0.02953124028653796,1.0,0.299742673474461,0.024678019004991503,0.03716693910848132,0.10747762767897857,0.018999222348507507,0.9029714817287071,0.6839591349343244,0.7088045564847258,0.480423599641424
002280.XSHE,4,1,-0.08767772315378713,0.6500543311677348,0.358548016061638,0.3092074520048454,0.43893612984171004,0.1014519477533099,0.4219603568307838,0.08030450080077306,0.2843724505791055,0.24446002045721285,0.025435952943600015,0.0006070538022389354,0.013684344003226122,0.0046767889086837214,9.078385945218007e-05,0.00021830957548339897,0.0003231658742034485,0.0011135685735219863,0.6179835654209287,0.022318967407761767,0.150760361733924,0.003524471141677057,0.002088562930892149,0.7272727282644629,0.002575554594136143,0.7004495542445454,0.0013485354356914299,0.02966446594917247,0.09134542732489681,0.45891351940621705,0.09037611426461609,0.9477911646586344,0.12826849164175289,0.45907756809112826,0.08749470649992652,0.03008522658287415,0.3115877871935384,0.18163738063885407,0.13881198054370517,0.22318480443199507,0.5318427242963106,0.03621793819699502,0.12370080509821038,0.5084295483685305,0.0899026120455822,0.005249070241654619,0.14238882106564468,0.1583963483459256,0.04756508649173491,0.005249070241654619,0.6531935305576103,0.06349441917794245,0.000559531423060209,0.009183256879147077,0.06784012339197054,0.026689554936140857,0.035040638555191836,0.06392086346273333,0.029452965251455653,0.6330225992772578,0.26920532063811686,0.05384647384558984,0.024603877023290213,0.21592123929675228,0.018608901118621762,0.9030504821689793,0.6608951395338551,0.701090271524875,0.4670728902150245
002281.XSHE,4,1,-0.1474783876056142,0.6676542564905694,0.2714609505923602,0.3806064143225024,0.6756576885173139,0.11156221595038254,0.5340713653281163,0.2624179370231984,0.9890369961861323,0.47170697846191917,0.2939073427481671,0.0031250606147714614,0.011823351376961302,0.004961487699936653,0.0007486406874253625,0.0009481062773455518,0.002477387518556667,0.0011607140005430309,0.6197405600772924,0.03198453162097229,0.15112666571430453,0.004182955339029855,0.023285714980867858,0.6363636304132232,0.036712532102359,0.7070046532446156,0.01470351294177967,0.07036266618431762,0.09193851601469662,0.6843647341657128,0.14876761313756606,0.24497991967871485,0.18703447258123382,0.2663066074392849,0.1278000166084613,0.051668628277652964,0.3304788746881633,0.19005938927634156,0.14373714764062526,0.3568581587195464,0.5083458020559872,0.08444938092106838,0.2346086967694762,0.5177236349177392,0.12749486027842485,0.05770135090515451,0.20450296569306353,0.21943451271826642,0.0994349455820018,0.05770135090515451,0.6877749694137609,0.06734965448286041,0.0004487742584811466,0.008970549144525806,0.05397488468940144,0.01843863248729449,0.07401220191279818,0.018015205845119574,0.02940990063301407,0.5743083884889055,0.288630465755366,0.044928595188350975,0.07551089282780171,0.150718669250646,0.03025752228270623,0.7940192228487026,0.5987296006368585,0.6061978331876645,0.7307082741642132
002282.XSHE,4,1,-0.2284081900978464,0.5893765849041914,0.3485051518561608,0.2583698354267181,0.49902612030435933,0.1731564660087743,0.2974984058956381,0.14263984121222806,0.6928466487930949,0.20597745066002543,0.12519747253228786,0.0007088038514674422,0.010716749726096288,0.004792894873104456,0.00016509110781181324,0.0019210957719878292,0.0006974840862509922,0.0011389626744607783,0.6177472125266714,0.022310352001995992,0.15085317438001922,0.0035573065713226876,0.0022454510138465817,0.7272727282644629,0.0030436522733271604,0.7001484879435242,0.003285470983515055,0.018495070995749298,0.09162292602799674,0.8789113294456508,0.11512410548752916,0.823293172690763,0.15739421912613594,0.373493864586659,0.10706452260262006,0.036302513109217054,0.3203006056254271,0.1830099105879396,0.13947100923680056,0.19175468509053364,0.5477860654661714,0.04368846175663412,0.09827880269720887,0.5145222260264293,0.10377616140475104,0.010896679220977883,0.12928586104764944,0.14606960090723392,0.03141476722551839,0.010896679220977883,0.681778080037206,0.06801306742251358,0.0004349430854321733,0.009097528737869153,0.05400496227373872,0.018071469115453355,0.04055934178695095,0.012190835065757126,0.02920248895323408,0.6186769759259649,0.2712773257352027,0.034162079164335474,0.03448680435337899,0.13593306670213307,0.015386582520787223,0.8464266946925907,0.5840160762460753,0.6416772067502303,0.6371770135726781
002283.XSHE,4,1,-0.3025586755347395,0.706381269680463,0.6083748760071606,0.348259630594152,0.386279756158111,0.06956119780085485,0.5268399941829175,0.09339646685114716,0.9755887872462434,0.3134325385699673,0.27343073429288683,0.00131939009473885,0.01118755773260926,0.0049932839949175505,0.00037535601421923075,0.002268668293142653,0.0028341320537437825,0.0011881048000752072,0.6182964499010952,0.022694533252310405,0.1511243496775987,0.004145190463246812,0.043784108905146564,0.4545454565289256,0.05219301694764888,0.7524449744508415,0.03428132841590586,0.11603509089264719,0.09134051696217903,0.24691741643569326,0.18585410507381434,0.6987951807228915,0.09332947713356987,0.2530122708266819,0.05281258474757869,0.040047105058051514,0.25766987374791145,0.17019247712413837,0.14246978476928795,0.3036459099461362,0.5105105150381539,0.03370029382900792,0.14934516617927496,0.5245164062319335,0.10868237399696881,0.013592707854063052,0.1406838206700345,0.1588261178079823,0.026176410323290013,0.013592707854063052,0.7250042943430357,0.10979297142044311,0.00019854809037953252,0.009096646211655584,0.052459528499566505,0.015640225856606915,0.03104763630894909,0.011479825104576225,0.02921470342211169,0.5696712177174963,0.2792914536797655,0.03377128360311265,0.04309248157487243,0.13310129768961848,0.0,0.8877492508272855,0.8351687231878295,0.7558441352686598,0.5567766540414001
002284.XSHE,4,1,-0.170809280861616,0.24950625411454905,0.37700238510879075,0.484843006321678,0.35221377708344304,0.14274376835362762,0.5103963778302862,0.2928181806355652,0.8311382151660741,0.4185346602807162,0.17672938955971695,0.0016915944108429556,0.011187137127067308,0.005028553960760056,0.00043569150876253035,0.0011519175793394485,0.0026741763158583147,0.0011882143933146575,0.6179666180414051,0.02265351893569976,0.15120263348958585,0.004061267986967921,0.028669122619562015,0.6363636304132232,0.028681249085161495,0.7132693352554145,0.011571242008945796,0.11345753821108799,0.09201100363109295,0.6004929821233247,0.19691195427922148,0.04016064257028112,0.15007424721754103,0.35978375914563093,0.11516415476043729,0.0565168849017005,0.27951093975268954,0.19066748761489888,0.14125571613151455,0.11992735184045036,0.518647851710954,0.024090073121893953,0.10958310177262615,0.5229567526959908,0.1204248383931588,0.04359936046398748,0.1621231532109988,0.17690502874712166,0.0724264736092788,0.04359936046398748,0.7113290027659075,0.07415108449633584,0.00034546864751831363,0.009100750136753728,0.04759619418299518,0.01400984143900885,0.08069014598176032,0.011140065578546875,0.029513677986187894,0.5485350554364784,0.27869694939880907,0.0840749143179635,0.08368946622226592,0.25948092415260676,0.015864090446850512,0.8485987629773757,0.6966327230109242,0.6320973930126508,0.6419029585795734
002285.XSHE,4,1,-0.1870120805526607,0.7088231816120032,0.228604579027769,0.42867478852631646,0.48474567204051655,0.04155521617237967,0.3319687634266263,0.21374878134269334,0.9980636475961568,0.35410700785224397,0.318361636412015,0.0027221353497840018,0.01129770409842882,0.005063858928703785,0.0006044345534573734,0.0012563695923950974,0.0008281567086814161,0.001091892404475998,0.6199969835892849,0.0242694115650057,0.15130981291188916,0.004154073429008717,0.011290128204648578,0.6363636304132232,0.01123234233092112,0.7021370268725692,0.0034355284966724646,0.023469295468933705,0.09150755456023216,0.7324569342666154,0.32085296829548793,0.34939759036144574,0.20147611637641955,0.026588673225206055,0.14347643862278595,0.05061262422587825,0.309942160453589,0.1975394741251017,0.14945132936616257,0.17847074464766102,0.5367383550372533,0.10451461124499728,0.12904630886512952,0.5227361015470633,0.12469780038541602,0.028799149794937702,0.16196877255816808,0.17178021797663384,0.11946035540351013,0.028799149794937702,0.7090246641356335,0.05394690742896121,0.0023613765055390886,0.009011675030575133,0.054000608939163586,0.02890431455030738,0.06515526566374644,0.03107592348655767,0.029511690597976405,0.6564729115821712,0.29599917104153156,0.0415345367953789,0.06170896781970474,0.16594760158585398,0.029102111622898844,0.7672256465609066,0.6099354296581314,0.5920895242571551,0.6632423690222272
002286.XSHE,4,1,-0.2372052384400572,0.5804443487447157,0.38309970982764324,0.34574289411061,0.5397704181639303,0.17713307026316416,0.6899248461104062,0.45895298350944363,0.9104825600949824,0.38055346622142894,0.2182802756958238,0.0005203444941936859,0.0108375937480572,0.004849243729767488,0.0003262694331571209,0.0008890303852828015,0.0005308585613103148,0.0011275142453165406,0.6175151615906128,0.022555480723214675,0.15096034573940387,0.003694677987481339,0.021694467747442252,0.5454545434710744,0.01346398866049558,0.7020400491029978,0.0057280874338050585,0.13036990141991497,0.09144825547011244,0.33733696002474567,0.09070173448999608,0.321285140562249,0.08389342658485197,0.8329872015062123,0.06420577305824485,0.0463937857971364,0.30713725096226696,0.17936076993186092,0.13946191022131404,0.2302229773233752,0.5219923440736226,0.03090634796493784,0.12538632727211227,0.5249378756208423,0.11282565712804665,0.02385248207286626,0.14869819702244777,0.16625428717818194,0.03711169904126033,0.02385248207286626,0.7222489036279311,0.05867231172611017,0.0008666170444007958,0.009084865487394289,0.045145530655654395,0.016369840847041305,0.11760322314956562,0.012707501130640994,0.029375179231018945,0.5724411011672763,0.2855343326222253,0.040009931982494876,0.05479199691088297,0.15991419985306785,0.0,0.8869796622686796,0.7078109106187256,0.7406981012006453,0.18443346201118593
002287.XSHE,4,1,-0.1335756003769654,0.541039985425402,0.12422552775692841,0.35543674753997107,0.6614250523885588,0.0,0.27271303511255685,0.4505196275970158,0.9778228373665958,0.29061230487821377,0.4010066863962262,0.0008483860810671466,0.011454167910219526,0.004983600135403049,0.00034982931747387457,0.00028164385769573414,0.00028003611657505554,0.0010828958604729517,0.6200271659918303,0.026499013796694663,0.15117618769671354,0.004054668405698608,0.009730332576304906,0.5454545434710744,0.008827348042798704,0.695451825183596,0.004761739194975078,0.010038889391335805,0.09128226267892367,0.5057436152292121,0.07990927521538688,0.18473895582329317,0.13554498248240004,0.5853758190902567,0.10615885964724822,0.04839414748732327,0.30780222043854094,0.18211140327003816,0.139372219925804,0.12272460226960283,0.5318427242963106,0.06341614812470743,0.09429235276678827,0.5286678676684079,0.1142543874536311,0.010575966015038782,0.14699907008758947,0.16316118247087308,0.04919183460978852,0.010575966015038782,0.7372025656216515,0.05674712624098052,0.0011480913344011205,0.00902268618320502,0.048618172454315045,0.1120940340015963,0.047255068457009705,0.22072917063155473,0.02944690364930272,0.7467236536736439,0.32898648310617007,0.039401386805055755,0.06129874858186974,0.08990150162132036,0.017667494167613807,0.8621389058527786,0.6592034850294106,0.6744434439800058,0.5498043496024272
002288.XSHE,4,1,-0.3171149525910166,0.6803391770960742,0.22609751527348287,0.2872190761294636,0.5155590885268428,0.19850878696305807,0.7876077082144748,0.28762272916574677,0.9697564586792935,0.4358144310361829,0.2664850318418105,0.00047464518262721104,0.010935030512015201,0.004905506623596945,0.00018533143522175634,0.0025228647584302107,0.0008832407008916751,0.0011558634149169064,0.6186917048084599,0.022936617423624298,0.15102241365203625,0.003645032358065484,0.04064213865554143,0.6363636304132232,0.03958844275518005,0.7168782971442766,0.012254484770971175,0.21918241837749844,0.09104536146044999,0.31699771915978564,0.20906318133528726,0.646586345381526,0.1362887722659302,0.09140036074362051,0.10210513432433593,0.030715226544226967,0.34478210161605666,0.19619577825619094,0.14614448716648856,0.16038647996431035,0.5461435210788254,0.029002913370482233,0.08080869702206295,0.5206919870551325,0.10810639097462976,0.007907393182053784,0.12632200833514562,0.14497930127300476,0.011658670763622656,0.007907393182053784,0.7040525744440433,0.08573083401277158,0.0002641423711741693,0.009066902418890683,0.04688079620114832,0.015944262443456553,0.029805625546641776,0.015921549377765062,0.029391668151032713,0.5767051471264955,0.28806827572150806,0.03148665137977694,0.029232749011097025,0.11623663677357247,0.028129598612191182,0.8545193577708028,0.6775656759984079,0.6754151560680515,0.6038260116908566
002289.XSHE,4,1,-0.1507029332378207,0.7485389612618089,0.22718812294161292,0.20127995342275629,0.9274982467490673,0.31581924519542615,0.9651416298023561,0.39522112274593063,0.8575406655958917,0.8752512196017996,0.1890505010166701,0.0013194994765492697,0.013684344003226122,0.004842421453927355,0.0003565200061312654,0.0032717818385185494,0.00145363097854541,0.0011832905115069495,0.616917920753943,0.022715727003871696,0.15083622277073566,0.0033703053851922987,0.0741140146621361,0.6363636304132232,0.0630449537516393,0.7042732736447114,0.029386561633906173,0.5017183684543728,0.09175883807813766,0.280831586990958,0.214068280693296,0.2289156626506024,0.12212053215556734,0.045699667076960354,0.09704085536444441,0.08628318201023341,0.3138345555234451,0.18432278537888047,0.14788239912441473,0.23679103694716705,0.5553401212235249,0.053308847036191015,0.08701714135856622,0.5844736586851118,0.10168319680499137,0.06270194820178933,0.11229827240113784,0.12717542490115455,0.0381009485078688,0.06270194820178933,0.8512906983945585,0.07044340663402679,0.0003925671481712769,0.008970536533091874,0.05165561271469194,0.014403872512893018,0.059284189798828435,0.007657777376328453,0.028805549363261934,0.5058347184598649,0.24978951939954683,0.028383898098379597,0.12252839198305684,0.16510844163246693,0.052516599868397434,0.8490922938177274,0.7725692140993323,0.684870865272647,0.482617395259354
002290.XSHE,4,1,-0.2342447220463674,0.748321283600067,0.4107131930498374,0.3645338654490665,0.4276793811839187,0.11135540432756935,0.4202846310109336,0.11959652251408112,0.7226098342113514,0.2477171258582651,0.13495849971020046,0.00042730986838806573,0.0107654184237243,0.004815752181562369,0.0002947574320847886,0.00020097378741953484,0.0011671034037971039,0.0011227145774596865,0.6190676905964138,0.022801040381338143,0.15093423564623,0.0037668998134390633,0.0031281361984581307,0.4545454565289256,0.0032042357356862235,0.6982269299484265,0.0015232842125688442,0.02550420548069096,0.09126633091579969,0.30753268613975404,0.06509209779285019,0.9718875502008031,0.10706949460505354,0.609472959114012,0.06916053693791827,0.02942533559098757,0.3069645616223531,0.18145534390325543,0.13891726915147778,0.21132569606593535,0.5318427242963106,0.055756395929697146,0.12899878412439741,0.511854659625529,0.10998856215037839,0.022304032232045457,0.15127092945741308,0.1677519957405419,0.04903226114277398,0.022304032232045457,0.6665474767375146,0.07687297407098245,0.00031966821187621146,0.009069478441351914,0.04359732657766163,0.019745715672377148,0.049157529642903194,0.027837904985316048,0.029230410463555623,0.5123635710428533,0.2727511279326883,0.04164588972411935,0.025797776223323528,0.10024050640928206,0.02370820123227852,0.9232763701694338,0.7009475476537972,0.7362805079308077,0.37801265858663935
002291.XSHE,4,1,-0.1961478693597824,0.5281273857520754,0.5839853654043833,0.22865417724603193,0.4828596003340162,0.09270312914662723,0.1944786605463003,0.16610548730626767,0.8017122448603236,0.22699037273505973,0.164198664708468,0.00110603656139296,0.011071990618159383,0.004969180824175812,0.0005763326011895849,0.0016733610256307032,0.0018646709298044668,0.001160378797302338,0.6205073249629081,0.02203622561243148,0.15105918022615278,0.003903552763738684,0.005040932478639956,0.363636358677686,0.0037820720084194427,0.7071820954521114,0.004946588535436351,0.027584335714931716,0.09103915866489894,0.348226041780784,0.08915252665387913,0.9518072289156625,0.10825402430459935,0.5533862574543245,0.08314358533899147,0.03554344523262424,0.30672495863177424,0.18349791988070763,0.1406005870164848,0.2207276393671675,0.5172579484714582,0.04444880092109242,0.12295054017043124,0.5225053332057176,0.11056454517271744,0.025783901453236318,0.14247211979124205,0.15888869935230757,0.04374221516069869,0.025783901453236318,0.7180597281768498,0.07239462924617299,0.0003656932342169314,0.0090718927084649,0.046692283622122105,0.01710016260046288,0.03969307507638666,0.021772394036318136,0.029326610132959383,0.7155158935646226,0.2769706678128492,0.0599271156284587,0.03213753745172997,0.2107843137254902,0.013447388885565592,0.9004150629873173,0.7241359294148868,0.7303815818310964,0.5107371686296335
002292.XSHE,4,1,0.1573523277015065,0.7461031286163173,0.09863848716561624,0.3431101749072536,0.44707840270690236,0.0934815652024259,0.6562835471442641,0.3213634817073607,0.928335641441981,0.3325437906171388,0.4551664506534381,0.0018052205512579936,0.011426520625593047,0.005111586093531301,0.0005114597819517798,0.0006779640790923942,0.0007651556194649833,0.0010941859385381323,0.6200635483814892,0.022348263652868107,0.15134848878012105,0.004037663196841845,0.04505662140062174,0.7272727282644629,0.09114362374850431,0.7183172424919486,0.012143667773993502,0.1277019082933888,0.09227441645732765,0.6598947302051654,0.29968371023114243,0.03614457831325301,0.2211209946360173,0.045283898248535306,0.1750991852143119,0.053619237771360025,0.3362985896812883,0.2143328985740343,0.15359008155317594,0.11705538568731744,0.5372543922972745,0.05138191369899101,0.06999068229548835,0.5193808872424451,0.11402688373341438,0.010575086283739,0.13443605079045165,0.15207891054783,0.026721928919828115,0.010575086283739,0.6684545156039483,0.06860553450559816,0.0004235001648615319,0.009105893134343153,0.054281596898103995,0.0408728745629126,0.05161984253760766,0.04244170651309848,0.029521697009081,0.6783364731998807,0.30888410144882683,0.03757649064643523,0.06936364477875517,0.18733311800172264,0.025218340611353713,0.7026840621493802,0.6117680553712797,0.5753156083894664,0.6431888179810539
002293.XSHE,4,1,-0.3194704402406219,0.7038597387122857,0.25635801403964165,0.41332274909856637,0.6658670672186795,0.025937503841562015,0.4385630728780182,0.03793489415522705,0.9993027375017454,0.5794669909914787,0.34850214514914396,0.0019099120215773642,0.01227408525288879,0.005468722224197204,0.0009795884670769056,0.0003721068949387172,0.001239679502160232,0.0010879542763460464,0.6205663733800011,0.022219280625020457,0.15189543400340874,0.004532865178178155,0.03228049848384887,0.4545454565289256,0.04901940921328372,0.7119271722544211,0.009039307950432876,0.061047300352717736,0.09150107995878061,0.5073012462421815,0.15089703204823288,0.9156626506024095,0.13455875280485827,0.5089318436832395,0.11094465017125603,0.03362044268693709,0.2808923272823718,0.19673128901681755,0.13995325705758635,0.561503560550452,0.4687928628046494,0.2314581348767356,0.38876391032139074,0.5334502083178095,0.23004264084647397,0.08968768536373237,0.2849357034861913,0.2893406132896311,0.25321844043708286,0.08968768536373237,0.7018943019034165,0.06358652478772114,0.0005560586774844968,0.009098608934601512,0.04705479766492409,0.03228929162623572,0.07576145559781501,0.038154629987098905,0.02940161735151025,0.6898096453595581,0.3038459988635508,0.03839752857435588,0.036519696522702344,0.14544906140750874,0.03361353711790393,0.8224877859993467,0.7730750519658578,0.718388331005273,0.5478097363186525
002294.XSHE,4,1,-0.1502376464519654,0.4853227404715526,0.06297894053742747,0.343364274453717,0.3773407258249892,0.10577854090784516,0.629957312391836,0.7978337994203214,0.6227177606106404,0.664198910624409,0.6376331033759953,0.0020423851286233124,0.014666633566913546,0.006492331276310352,0.0005949305574009092,0.00029560863052184756,0.000976579680475983,0.0010833189405609984,0.6223657559294304,0.022565501705739174,0.15328166096771742,0.005341763930438744,0.0649232135952859,0.7272727282644629,0.09462932477775565,0.704112606877663,0.0035790183340421336,0.05837930722619155,0.09164487874485346,0.6649099532876019,0.25232499394530655,0.0,0.2228628725701659,0.08558370350446926,0.1978983181046182,0.06877897007248227,0.3262249951709794,0.19444658072260768,0.1498334880165966,0.1875432302522034,0.5318427242963106,0.083326869661072,0.1786346556559356,0.5323956114509917,0.19437625425133434,0.024774645063712082,0.20617575341948316,0.22033539067947538,0.1078774952903296,0.024774645063712082,0.6876814871163867,0.08489973851169974,0.00026809863493482654,0.009106038988318183,0.050986518382416954,0.039508233028495036,0.04653937649858829,0.07066225538360564,0.02974659334621719,0.8883225794290137,0.41949460128209703,0.03125772178326535,0.09616387906016129,0.13017350027866445,0.03547182508823353,0.7020050134211984,0.5930796957233206,0.5568874055023196,0.7833866604915946
002295.XSHE,4,1,-0.1111246653824552,0.7001927525889424,0.4733607802576933,0.21126349804237105,0.4479559058435289,0.10054985859436069,0.3797525336833527,0.19341660298164978,0.5330519109295457,0.17208963275629036,0.080255728341041,0.0009044103274537876,0.010557417967273313,0.004750280070405257,0.000840042575198801,0.0019766042327631975,0.0005874534527318089,0.0011460166524423225,0.618356442174595,0.022210119916787167,0.15076545348875062,0.003685868882274519,0.004107808572069288,0.4545454565289256,0.003065701286402904,0.6951432515278034,0.0038540938605491066,0.03319164330288505,0.09115380039796275,0.24101412183694232,0.07658574952021788,0.9518072289156625,0.09909598906912302,0.658080954810548,0.0731343899373022,0.03574394990189669,0.3056920589670299,0.18186800375345585,0.1392552325838344,0.18009718035900746,0.5071749683934716,0.019512299442329295,0.10973459889530648,0.5005457261767419,0.09466626492329538,0.05336353907800191,0.14307977498850172,0.16061825870081214,0.03350989792864627,0.05336353907800191,0.6315804234046954,0.05454732297142283,0.0019109146172678654,0.00915780618298929,0.043545218481989584,0.014148923828062213,0.13324225870257406,0.01668007931640708,0.029470374990133556,0.4876951975011172,0.26767973777961807,0.026558863815002522,0.03374386181272866,0.11440655558088869,0.01659478375306574,0.9363576003749414,0.750558356552121,0.7451288970803747,0.4895007472214319
002296.XSHE,4,1,-0.1558481492189499,0.7059159101387391,0.15866129020305703,0.3134996980022463,0.38793629618113107,0.142241743986012,0.7615511971630538,0.2138251850407789,0.9299343396511406,0.5813738816691384,0.23137388479123816,0.0009927426193327897,0.010632112897322497,0.0047673359169726325,0.00012802101709790014,0.0004940980496189735,0.0006400118856694949,0.0011227709809738106,0.6184369562692636,0.022864020217118707,0.15085148796846226,0.0036954245678094866,0.024115427055529666,0.5454545434710744,0.015438405591189181,0.6997686786966913,0.004024854705998072,0.13005335986253053,0.0912702756768398,0.3929805631574644,0.1822885374622933,0.5180722891566264,0.14643699000330718,0.1724136869045138,0.09227770872451135,0.05324944765763337,0.3090608077241618,0.18323938817245347,0.14280254876422369,0.14927549498965856,0.5223092134663411,0.0384956767960335,0.10673466484240483,0.5121081515022264,0.10237737035986841,0.006561281540182822,0.15022145949025825,0.16754762046045873,0.04031403634192936,0.006561281540182822,0.6659258194599762,0.10957939061931382,0.0001988910928475412,0.008971295960743812,0.07504871777147261,0.018521827057709918,0.02427948595442407,0.02857409789400927,0.029489456096416324,0.7340241039737516,0.3018709365077604,0.031025217193054695,0.0641968986370075,0.13100165615341744,0.038021176048334035,0.8472921489539986,0.6677474459333954,0.6633347680169417,0.7449403773606371
002297.XSHE,4,1,-0.2065427938260867,0.7556678066308539,0.1596669951969646,0.3066009395839815,0.4747594556437962,0.1607748855485678,0.539958261189494,0.22806210722865103,0.8936560528795449,0.26752485125982006,0.20815558734892814,0.0004936453415233064,0.010641931432254236,0.004770837495614682,0.00011601052783839609,0.0012411019316551175,0.0007774579801508826,0.0011453587047150495,0.6175193700662154,0.02256464094410138,0.15083131708401765,0.0035276848042162844,0.008490265059271236,0.6363636304132232,0.008910362703046753,0.690019127086839,0.003721795151587064,0.03685448132404811,0.09129342959879382,0.6965418468566774,0.10330130675137167,0.7670682730923694,0.1324769319758456,0.560449194589051,0.08999512003406032,0.041085348597557116,0.30918071294695193,0.1820014705203511,0.13825564073967195,0.13896512764352162,0.5350600780348046,0.024332237684718788,0.07915321070394436,0.5236635108520539,0.10032618150062289,0.008853472588933212,0.12733916121602984,0.1447591338658364,0.024075182959462243,0.008853472588933212,0.7291771103920766,0.08844723879443535,0.0002524545517825817,0.008870416278244097,0.056492035508435165,0.01519984826441177,0.03309078789209019,0.011203311450998212,0.02916196612122337,0.6030584037354617,0.2762367840082632,0.04143346197352327,0.04493657146355989,0.18145527752444646,0.029756086618412395,0.8773575861726151,0.647270686833842,0.6884593346412717,0.5493083695237871
002298.XSHE,4,1,-0.2811209840127782,0.6510493730196971,0.19281037379408025,0.3257642951358264,0.43477095730426485,0.139176629418881,0.7033318956355723,0.4380942242651916,0.9934440640041309,0.32428665621247654,0.30344023465858083,0.0013666921667571748,0.011246376533049286,0.004799750081787025,0.0002881505624820452,0.0009013422963890897,0.0013703825857963787,0.0011396363900294314,0.6197110359921688,0.02972470210786001,0.15085176845005788,0.003740379208443248,0.040293113409578064,0.8181818152066116,0.04923716021267404,0.7124669368496763,0.014120804449277869,0.15763769557746224,0.09145183845136146,0.5085874722645531,0.2662031887204926,0.04016064257028112,0.16581834663897932,0.0889067743627701,0.1369085350484155,0.06340212844574884,0.3067952297923068,0.1877308454408744,0.1460365988400055,0.1369469979697129,0.5527306854410148,0.042984337413965915,0.08201872469293828,0.5248091223030455,0.1003583836339359,0.006651280098037257,0.13071809792594005,0.14860662708647188,0.021898144945192346,0.006651280098037257,0.7215010452489375,0.09111657650132114,0.00024253218627045048,0.008879251410197657,0.05670614041799398,0.018436298027730766,0.028790677815479965,0.024523770413981842,0.029649287604690242,0.6931029015028115,0.30184095823033175,0.03255073200433484,0.09412457528248701,0.18251784402391447,0.022865346653107615,0.7859913578844215,0.7028520410419712,0.6347049084663055,0.522599742415599
002299.XSHE,4,1,-0.3347690029906588,0.28808206957723276,0.1992896546832505,0.2814769575979571,0.5252412130573938,0.13734913055959896,0.44380776945128425,0.26993353244711155,0.8932788812888643,0.3387559771606239,0.4833228601928352,0.0009695588241506013,0.009555274664041317,0.004303581614330453,0.0012928290753943057,0.006718260621791915,0.004065705008344496,0.0012711361805471753,0.6164337754891356,0.019098189501329632,0.14986369831012755,0.004136986660157144,0.0,0.0,0.0,0.6931696455465923,5.583485002936082e-06,0.0,0.09134051696217903,0.5808335592712304,0.15171686441165563,0.4216867469879518,0.13305799715660166,0.3190692116509718,0.11995897310692841,0.037829242170455725,0.30860836436329586,0.18664407429442142,0.0380832793891701,0.19313000189768278,0.5263472502571642,0.058795020175583336,0.09968348687402902,0.5150112638075588,0.08197200990572434,0.02182961155505376,0.12929771238623333,0.1450649141672737,0.04106313039140296,0.02182961155505376,0.7125781599645703,0.058140605899626344,0.0009279433533095862,0.009118678935056435,0.041826179001730246,0.018814394808813008,0.09014730275354108,0.007618785371772481,0.028253973534816162,0.47032576623647354,0.2597785150357608,0.0452895151772295,0.09311933405036144,0.18311808088868622,0.015262606927080218,0.8640997145332405,0.6657158020432536,0.6490204983721182,0.5434069360981538
002300.XSHE,4,1,-0.05986065573275928,0.6320084607973318,0.38626376360215997,0.48760304090754797,0.49571538071248433,0.1290754001913369,0.22635805469134865,0.21013032418803668,0.8281261114267624,0.22461826415327824,0.17539355592408568,0.0009492667192727857,0.01117806725981264,0.004998587532625199,0.0011722920497790237,0.005709033444180001,0.0006376003499398557,0.0011900656664442144,0.6174938719552987,0.02262504964158547,0.1510368613080162,0.0037640061657468965,0.0045877142387108745,0.5454545434710744,0.00695450631920778,0.7007503721609322,0.0034933230190132124,0.01958035633535317,0.09134701306330961,0.2496565288904138,0.09037611426461609,0.9317269076305219,0.10230897646883658,0.6302449751000668,0.07362422664818016,0.03421629098358374,0.30292495125474717,0.1815016924835818,0.13819064777191106,0.18149318891299168,0.5407888555250463,0.036006959562525545,0.10606525512055058,0.5098779127878743,0.1115636816333479,0.04955197023905839,0.13913847398979673,0.1516949801803215,0.078112802536847,0.04955197023905839,0.6746126619434737,0.055249422623020086,0.0015691397316214268,0.0090578416519344,0.04204344997279825,0.01447149688053022,0.11107151210676432,0.009410451844473405,0.02948613788004676,0.5242192931585653,0.27774212179629065,0.04445809351761017,0.03250590599839977,0.15596595227238183,0.021927528862834243,0.9278450810242718,0.7652138339746144,0.7464319946767077,0.46350331655195753
002301.XSHE,4,1,-0.284662992081502,0.6861039091182035,0.3493139503986296,0.34048701763804995,0.426028859471609,0.05627210479998204,0.36320430099507744,0.3217500807552277,0.859222789418822,0.23754865355574586,0.18987675726272013,0.0008904019153970693,0.01061074316897435,0.00476736822081301,0.00047403389857225274,0.0003393718911196142,0.0011901058352442471,0.0011194616291014565,0.6185982288771745,0.02217506607205133,0.1508675651049103,0.0037923693998570098,0.00454400257068627,0.4545454565289256,0.004443727655539304,0.694227189082517,0.0023774686999075718,0.01863073166319978,0.09123103671404921,0.3723107284414709,0.13933918578007595,0.5662650602409638,0.12544946906980817,0.38180308161696086,0.08844988386752992,0.04495098662823878,0.3064258702529405,0.18206541470065815,0.14118812344504322,0.1258848036510225,0.48971554023995023,0.043321662776865735,0.08229651517631624,0.5145497672724563,0.1016234923091732,0.01638438169241521,0.13478519540181638,0.15258797605332158,0.025439509595216188,0.01638438169241521,0.6627894883830718,0.06757870440149073,0.0004438695908376071,0.009120885935994378,0.045859345606746656,0.021511466619080814,0.07287951950580442,0.021587282257478045,0.02935599460074435,0.5736830024738231,0.2794316118599517,0.033702789973832664,0.05213291119798737,0.1740842073263414,0.02352829455045762,0.9040180156509636,0.6949714740612976,0.7015655654809843,0.586382826123104
002302.XSHE,4,1,-0.3225262080022719,0.7003492451781947,0.32527463686109936,0.2437480444516611,0.5863511400101475,0.5182265397161474,0.4986273508119264,0.4387932173304109,0.9999310640980945,0.3725036109494428,0.3418080691218237,0.0015087387624191232,0.009797139954504921,0.00435964962206561,0.000788448172325147,0.0031414250131549535,0.006827042478536258,0.0013461033518466763,0.619982510356416,0.023202731692431096,0.15010138597083653,0.004492646909467474,0.005568354726787238,0.5454545434710744,0.007653996818416104,0.697290517332216,0.0030983971763953004,0.03486479153477435,0.09100270450430999,0.19895887530775425,0.05495779921382519,0.429718875502008,0.06466491249105671,0.8554222928059674,0.04904667299449927,0.046914812684215226,0.29766021941082854,0.17969323011227192,0.1263541284832981,0.2910651668451229,0.4576090568459167,0.060643332913027655,0.18275755732606644,0.46935012615978355,0.06617242484326699,0.06149878266669921,0.17653140504223291,0.1937581072657732,0.058905405537941505,0.06149878266669921,0.6579167236324417,0.07209511049867266,0.000369486952690378,0.009184666618131289,0.04453975755356315,0.016383098007316025,0.07129594423671902,0.011993234500908015,0.02594068498627045,0.5328311025311501,0.2792622540588934,0.03776514468893248,0.06302244042306719,0.17796223463545624,0.035235837769934795,0.9556248313473747,0.8205823492990141,0.8161919448236528,0.1718052933410929
002303.XSHE,4,1,-0.1925513441564403,0.4999173413203386,0.2901086267257103,0.35720995510671916,0.562748328455994,0.09179561660596094,0.3381119175200667,0.4096176315549839,0.9968285094301681,0.3206457363726538,0.3133905463455666,0.001162649848386424,0.011144548652548126,0.004991151300658168,0.0003537953206444979,0.0002228889931527763,0.0010276798438493566,0.0010911091281099266,0.6193926233879791,0.022395673910227027,0.15117876759135584,0.004125981262234661,0.005202219507008834,0.6363636304132232,0.006319714339487397,0.7019046659257944,0.00236873239855023,0.018404630550782307,0.09127812081670275,0.40719065504019386,0.25124206312288194,0.0321285140562249,0.15119487292328487,0.08724575222846957,0.09744265975737319,0.07204105397923957,0.3086977131558637,0.18080341422997961,0.1463160686013773,0.515465228968671,0.5318427242963106,0.15223516579929589,0.2839719942825348,0.5286399650940803,0.13309890180281467,0.03032667021437067,0.200219228880386,0.2157190304997962,0.09117211482821862,0.03032667021437067,0.724696971290418,0.07786632096215404,0.00031158119780529483,0.009090530214522212,0.051274629979753024,0.03723865644870146,0.04817094169634744,0.03458049004001224,0.029481908380117577,0.6238663492426065,0.29807148183987986,0.027773021050050396,0.11743965717892943,0.16976989600749862,0.023375904767601843,0.8437202638792234,0.686195325284154,0.6645216826462255,0.5397424826879471
002304.XSHE,4,1,-0.1937907566024606,0.10053178064445528,0.19058977716753236,0.4855601513831249,0.6066019196739413,0.16396437633641164,0.6268399527507054,0.0,0.29060566117433406,0.7743323852375491,0.7984869888358279,0.012402406014217117,0.06516487781490382,0.02783941269927481,0.006034532578059741,0.0006404169257156942,0.022545098280131893,0.0010307935307246603,0.638003038487295,0.028916928924407843,0.1830526504177863,0.02169534485331731,0.16068095975790134,0.4545454565289256,0.17558163582307815,0.700122707695692,0.011341664130255053,0.0436375146965723,0.09012928517485741,0.16553522680897598,0.09557750317983374,0.9999999999999998,0.06925875320014072,0.8998756799873523,0.04996483508460434,0.007336758771818823,0.2669002132863944,0.17542237783835363,0.12936720246869288,0.14010695781323176,0.6381360581387238,0.35334695143159617,0.43534663985806377,0.5976759925768713,0.6056284803325905,0.11976976981789622,0.46563744839218446,0.49561497351911843,0.13191132698591432,0.11976976981789622,0.7058404233813249,0.06465305162495019,0.0005193997225355242,0.009079159087702073,0.04708593060309777,0.02613724107871821,0.05725960602254667,0.01793636121488876,0.029593932236534965,0.8110558046134416,0.4469206371824469,0.03504280323705929,0.002547408277406994,0.15222884050260932,0.024901298079799006,0.9599254732925253,0.8449510194153294,0.8358519512137159,0.4947351564842225
002305.XSHE,4,1,-0.1464051592397138,0.6951281189924152,0.20846041386348446,0.39896515082268935,0.6273662618516836,0.31608896804615805,0.4676418566437174,0.5165615550882573,0.9842312417507435,0.24683444932779294,0.39072207748557886,0.0007690304848027445,0.011045997349488645,0.0049662539648130935,0.0009196255093914446,0.006431311590473634,0.0035199674464555107,0.0013672021632282073,0.6286423289554659,0.02212161296762207,0.1511572404256279,0.004641806878718523,0.01446596140169141,0.4545454565289256,0.017755852947649246,0.6972410306976029,0.010172700636472125,0.03319164330288505,0.09057021027780784,0.34035245077963416,0.1886672325074355,0.17670682730923692,0.12819865841141256,0.2048190173688711,0.08959826145754318,0.07073339040621708,0.30438274659823367,0.18293914949555964,0.14251657970607579,0.04721631192397739,0.5644182659901693,0.05164462599965747,0.06046456628361524,0.5028598332044328,0.105265814685252,0.004097931606456254,0.13931728823935546,0.15835090056072113,0.016806903116374384,0.004097931606456254,0.6438172561309781,0.1373368217755554,0.00016862596331588175,0.00905403162807917,0.04288720536499675,0.016528294967061527,0.0203320256424184,0.02520992016057,0.02924494604930258,0.7072766545840019,0.3538750719527325,0.0473246372153269,0.11440451311256372,0.13675045599635202,0.025815935873661544,0.8882845010012641,0.7133917119985851,0.694170783680518,0.5585763947461241
002306.XSHE,4,1,-0.263383737569479,0.5035398113813256,0.2542318478188375,0.31442809097932445,0.49692840467121213,0.167849325439782,0.6229838567671855,0.21812266403022,0.9559258091625913,0.2752175754142199,0.2524359651409311,0.0015470448874357059,0.009520646419642051,0.004290242946479854,0.00040404746138853555,0.0009742168366217909,0.0013402872031269342,0.0011714319547559528,0.6176791291385431,0.02298344305702269,0.1501012660753555,0.0035019041263916625,0.025522133210054605,0.4545454565289256,0.0248077267628652,0.6929722213706819,0.013820338411336706,0.06769467305779145,0.09026910527613473,0.3199094998778881,0.06738321961869825,0.9959839357429717,0.09121471610156648,0.7270462242544136,0.06443898577914663,0.032428893805314454,0.3064258702529405,0.17526596217900092,0.13848051640812462,0.17433086554060087,0.5029525392470761,0.028539095550514884,0.08212025357290781,0.5202466699983812,0.06966957652105907,0.012841826501398026,0.11870546105766305,0.13569766724568336,0.022340550454240982,0.012841826501398026,0.7493015119593072,0.1031444749341588,0.00021055626501735158,0.009168021170311876,0.05319629739660038,0.016562498012229098,0.06211956780796785,0.011562943501045048,0.02943095414377267,0.8393129402789621,0.26739883742682824,0.06291923910484107,0.025415986592935227,0.2372165856006485,0.019135161811329786,0.9293611793611793,0.7283623015346516,0.7579037424117998,0.330554666676104
002307.XSHE,4,1,-0.2868119222879863,0.7090771388840353,0.3409951821437607,0.02339256361298031,0.3795885648752997,0.3756928370143633,0.3339573024481051,0.22332984172708273,0.898014821657992,0.2794975414606604,0.21068901820067681,0.002036522763131213,0.011168572729301449,0.004998187901636275,0.0010774098732703218,0.003989023226684549,0.005185406972437698,0.001366343649734605,0.6220103658107081,0.022435411911156403,0.15088254569979936,0.0037621563528250513,0.005789640153068326,0.5454545434710744,0.004992281660684021,0.6912726072649219,0.004120964340822312,0.017183684543727956,0.09098906677481881,0.3382048741276653,0.051388081955197056,0.9518072289156625,0.10604966592046125,0.7968430313551291,0.07406071603955061,0.03492014496413672,0.30756805582558394,0.18070839079738227,0.13772919770080877,0.12828375808175752,0.6288071819842487,0.1526946846244666,0.08061675856888098,0.5096931535834774,0.10188023904774984,0.01691432773563035,0.13089576358761842,0.14893896052194627,0.020550517858312013,0.01691432773563035,0.7018931333746993,0.06847439598717642,0.00042596397670706604,0.00893681410708332,0.045708430008142044,0.019153437580588382,0.04453225200338321,0.015367416954854125,0.029671932115744263,0.5358626723276668,0.27181051081232765,0.048943694986737576,0.03505638607530609,0.19298486028778436,0.028133486869653647,0.9139569811535129,0.6987279421520505,0.7332927573122656,0.4242237525845367
002308.XSHE,4,1,-0.1962491517252157,0.5505715215256733,0.18396313403083375,0.38596162866653694,0.40795570523317193,0.0,0.3746161823448229,0.4249231061822685,0.9653322666563631,0.2616127554009555,0.41766327144166576,0.002480536850427113,0.011913125911645197,0.005109204161760572,0.0004373131412515806,0.00037628666552566516,0.00047774682441860275,0.0010447077023199272,0.6214805889846841,0.026437290515878963,0.15135664616591055,0.00426674729028145,0.01826759536577368,0.8181818152066116,0.026992735763264074,0.7008433130859633,0.005937614958939831,0.024102378583702632,0.09149539231592733,0.6540702535300162,0.19378292246063572,0.048192771084337345,0.16586314531504667,0.15787307039633547,0.1307947506317959,0.04732099919574144,0.30950542466214465,0.18436324105417023,0.14427788913239586,0.13628075592667585,0.5318427242963106,0.08529872385068105,0.0925235867951396,0.5193825332935925,0.1136063412789051,0.007114673445480525,0.1409270341537044,0.1570363527218821,0.045619721584060885,0.007114673445480525,0.6633422024662967,0.06218928575231063,0.0006151963382923472,0.009063015355623831,0.06180956773234537,0.06746951158329922,0.03496405789904064,0.11995566979735857,0.02944874528663098,0.7796689667713782,0.3523362519327716,0.029222006621213326,0.0576927033629195,0.1690196395095506,0.020221929772088296,0.8324808978710714,0.638278935031622,0.6373744761864526,0.5807533740687333
002309.XSHE,4,1,-0.2631464942316232,0.501929388896439,0.30334455135500216,0.22960647505849152,0.5096867218512323,0.4553711726291325,0.7080943212595725,0.3693149556482946,0.9972052419386708,0.26529099321895594,0.35944540994100554,0.0036757074521048335,0.010729847219833654,0.004678403102130675,0.0020370738983010073,0.020996254014436277,0.009089435931231587,0.001677467923569395,0.6198210520792539,0.01649668805434561,0.14972338011646477,0.004528045569204145,0.03447064352867179,0.5454545434710744,0.05592877995917747,0.7089029614781567,0.011934814960543254,0.09889662657140272,0.09211460916343485,0.7557154294488777,0.19600848527839776,0.04016064257028112,0.175255055991757,0.1404230986788817,0.11714818247333722,0.046469558251927987,0.32197798079504863,0.18573770754657679,0.14806827901221087,0.2160958280688135,0.5600214958567253,0.08266212848260021,0.1421737898776091,0.4963065824059775,0.06244254747769393,0.06793976606635371,0.16205846682991754,0.18059267210085406,0.03679758847911376,0.06793976606635371,0.7055868526496973,0.08377333268470069,0.00027378617585843994,0.00910011792008753,0.04550553823309494,0.014569330011604407,0.04346534212615984,0.009899001026212446,0.02971761888792616,0.559737116105575,0.2754555968178643,0.021998024978480975,0.05638158099541559,0.10889509550590262,0.01864509182269546,0.8294691170413715,0.5972563132988373,0.6148745884086366,0.5410925976069699
002310.XSHE,4,1,-0.2134358324780426,0.7838082334320335,0.05689855400794602,0.31935514316074687,0.5458171486748432,0.29904761801459395,0.7316211885990154,0.5706168966503483,0.6143348036731859,0.3872964188275967,0.6417427004620078,0.004633890037792823,0.010842389005290935,0.004873696091973489,0.0005170023839916094,0.006417199591294513,0.007481105718969418,0.0013538157373199162,0.6236835497969496,0.022887878499681123,0.15071454402434928,0.00534197254620745,0.0886444731483951,0.6363636304132232,0.08805647387704542,0.7031274767909788,0.0016298001009872071,0.08745591028307859,0.09132809219026236,0.5086440619827356,0.308900449340954,0.012048192771084336,0.16916243604659587,0.034067379188357644,0.12020505459303446,0.07546072626118719,0.34259134820486403,0.1906843924308308,0.15124903485442873,0.24884804536661467,0.5124386690621088,0.0525858144028494,0.2439179725720472,0.5002884604266822,0.09261107255558393,0.03359657007905777,0.24837040831437704,0.2628919867980053,0.13274895515163854,0.03359657007905777,0.699033743603766,0.08860238604660367,0.00025183875323407385,0.009251326819628598,0.05161854341118853,0.014108724006033701,0.036862315924674934,0.014629903775126275,0.029488881265830134,0.666271180238689,0.3204648657508498,0.034114133623839485,0.11901311947011664,0.13272707985002788,0.028600675958605014,0.8077519847751062,0.6430222015833005,0.617677502488692,0.5535497221928602
002311.XSHE,4,1,-0.2583902924245439,0.25578792155681496,0.12910309111369644,0.3167162264074768,0.45412885370406125,0.15901373272562533,0.23278232634413348,0.43945849749287774,0.8125382550347359,0.19045452523990816,0.5366157104335518,0.0060573636171826995,0.011169615822735573,0.004989530588373269,0.004951712455127885,0.006257518502170401,0.005654679362633719,0.0013283843189199683,0.6192074386128629,0.02241371181206432,0.15085793028885341,0.0047577372575719505,0.014232031215696954,0.6363636304132232,0.021428282804776978,0.702606100585365,0.0031896430486209938,0.010219770281269783,0.09178770740175338,0.8284641309148515,0.29399993733866214,0.0,0.19731642754275308,0.10427892852779848,0.1336281007772891,0.05254615546572943,0.315704079925845,0.18638909080965402,0.15405153162427823,0.1541132576047604,0.5287179157803872,0.052736024195617084,0.10787383095589742,0.5335857064305517,0.10034637310853807,0.07535915388343777,0.14980820279175247,0.167812648688816,0.03360426363339241,0.07535915388343777,0.7582279028298261,0.05657951693320107,0.0011827741133661907,0.009001595479086502,0.043394170964155425,0.016727045285881238,0.21710943957740042,0.010882407351300416,0.02949998421395341,0.5136675674147274,0.27525100480762027,0.030366386479243827,0.08912710797086613,0.16073119331712013,0.008883771011545133,0.7959285480961782,0.574833598690903,0.582114952483807,0.7490785455907444
002312.XSHE,4,1,0.01594132446526059,0.422470374756608,0.24857046974892302,0.32141326095067224,0.3934146306805121,0.14709494750528054,0.4642392362220286,0.3619164392725269,0.8411633394482845,0.3085839084104668,0.1812731212834845,0.0008648603319054435,0.013684344003226122,0.0046770432345276695,0.00023025613896900666,0.0010838863217077798,0.0010847353278406193,0.0011343927701990802,0.6186003742970987,0.022417514267085287,0.15070780630994232,0.003677938859847521,0.010366393501199722,0.5454545434710744,0.013501832256681421,0.7015649128231346,0.0031422870975197077,0.06412227548159537,0.09140958640601439,0.5104063758742224,0.14336868268827635,0.5622489959839356,0.1296302396333887,0.47611177098015695,0.0968593226082079,0.039735055678534,0.29713602947168566,0.18394678384302363,0.14033281598930994,0.19177513529946794,0.5727602485261175,0.06578055883070548,0.11705648393682982,0.5007311277425621,0.08881330961167534,0.016314882919732435,0.14656333761260631,0.1629498754252729,0.046771195239727316,0.016314882919732435,0.6482740246582931,0.06954368961435875,0.00040692106027563667,0.009175688922141986,0.05268273583596423,0.020683151106633425,0.038783575860299145,0.01857084435498853,0.029343017323505922,0.6428846262597814,0.28964388726376783,0.05619602470450645,0.04204429699806847,0.20380289874347673,0.01641771849015972,0.8857955433099942,0.7175655654327544,0.6815649317557095,0.581267266227783
002313.XSHE,4,1,-0.1690395672544847,0.6807715908295343,0.23474255540111214,0.28133565345992384,0.5585094316123472,0.1277291360697548,0.6259280297615867,0.41645072392045884,0.9947099379225617,0.46459065271657474,0.3678665377062421,0.002318089498545719,0.011196349361315104,0.005009566141059195,0.0006108902298957104,0.0015701673667033824,0.002152924354687135,0.0011467857420091685,0.6212335791464654,0.023214952545873184,0.15119415481468954,0.004011345841035162,0.02739650946377791,0.8181818152066116,0.05152733772983914,0.7040178252656996,0.008696704520353267,0.10056977480329203,0.0918809350243539,0.6812184324160278,0.1956057924407345,0.10843373493975902,0.20609960326819515,0.10344841746064821,0.1323821286897493,0.05719655836069221,0.3104289126959792,0.1871030002415997,0.1492563504628799,0.45586398066859457,0.6076722699025641,0.09626035907463336,0.22837378573738323,0.49509135503572815,0.1250788299520223,0.0316579696362174,0.16647123704924743,0.18324083013370396,0.05649245326180624,0.0316579696362174,0.6559465842152804,0.07934233710768744,0.00030063198666939814,0.009059205331768603,0.05202248009206906,0.019382782169928996,0.04171211622375519,0.023346714557363195,0.029452515739385884,0.64262792969508,0.2932190888433505,0.028690575682860354,0.07320122946197946,0.14015356627146983,0.03313049590237483,0.7578396841402621,0.5834107292910531,0.5761051244610034,0.7348022592626434
002314.XSHE,4,1,-0.09434438982045373,0.3840761534513774,0.6475366050151861,0.3060603361586487,0.4752231999190871,0.24249024333629088,0.4345733580103589,0.19015707830792747,0.8074677340461687,0.4001189148009288,0.16656359168937096,0.002192577994703219,0.010611177887562289,0.004766673768750494,0.0006870394635690537,0.0006419255591071894,0.002191034174153843,0.0012267715821165537,0.6199884519370221,0.022356891188314777,0.15069106335743046,0.0038173848194538625,0.01687852215670246,0.363636358677686,0.03916378515167591,0.7529053304456078,0.03170824156356809,0.10798589129058514,0.08693738479315866,0.35310873758235933,0.0941440959125101,0.8433734939759034,0.07483289435022814,0.7536348974796196,0.051817941291744954,0.04062182876966746,0.2824696860815193,0.17430943369537014,0.13680759741795936,0.35870962724180383,0.43208792856773826,0.0498189012009752,0.17170576260680917,0.5216881691800128,0.09201750890911183,0.029833897933288177,0.14406719510584615,0.15716886683606074,0.07624881479590633,0.029833897933288177,0.7273226553179158,0.06695621153073415,0.00045753924801854144,0.009177327860229815,0.05021386745494562,0.01640240548710223,0.05383740217721854,0.021057638417313066,0.029318813141785582,0.5661162752275064,0.25927920151884754,0.060367571102155924,0.04385284472342156,0.17637733064802147,0.015936322306633968,0.9316362145119372,0.8478975940913718,0.7932312859606088,0.4512910229657514
002315.XSHE,4,1,0.0529810971925333,0.6499835369011683,0.320465461443917,0.3608146272094044,0.6156644925519225,0.102040565449009,0.41812497695333206,0.14465290459560004,0.9675579742153384,0.2088112967127308,0.26405279366317025,0.0010555434482474335,0.010782925724410985,0.004809368051275988,0.00015812154795444522,0.000694577943707917,0.000779380847786449,0.0010428954326233782,0.6209390716743731,0.02292654232406196,0.1510621023292803,0.003752481366023429,0.006288028569944817,0.7272727282644629,0.009347576316026533,0.7024629936720935,0.002441627096685783,0.03427692864248892,0.09134051696217903,0.6286662541921652,0.18165419349129516,0.6144578313253011,0.15235832089291665,0.17698406424808977,0.10163048862227389,0.044415266062184024,0.3071865551708466,0.18231854063866426,0.14397242218391967,0.8733061248939347,0.47882709374529464,0.46730718288801876,0.3851034619920405,0.5170092085721847,0.13821277463850495,0.020485525341059036,0.18011794901152134,0.1899002163968621,0.13191132698591432,0.020485525341059036,0.7031013920682608,0.0656763976394691,0.0004894253009779514,0.00906693202834426,0.06492668720737016,0.07530726681495697,0.016296760850712244,0.05162945308349399,0.02940521753454176,0.8570793364255198,0.35640882038787614,0.03125109179495071,0.051404441162360676,0.10988205844353245,0.020716785308368728,0.870481884932752,0.6468339525009954,0.6549128231668837,0.6123069909557998
002316.XSHE,4,1,-0.0644192114665301,0.4771992454625484,0.18933740979090857,0.31890006592422376,0.4679422141866629,0.11832173814322208,0.5033191345142343,0.49946581539144264,0.9552649904850894,0.291529979098065,0.25182790559627105,0.0007681128510579846,0.010746419091889062,0.00482183021537844,0.00017515693018726967,0.002381975241418874,0.0011161580375354076,0.001141636522409143,0.618896975269196,0.022190089681539477,0.150878530522197,0.003695678994743951,0.026244396598783266,0.6363636304132232,0.030091137059160084,0.7090453080513741,0.010501389780494058,0.07465858732024962,0.09180463246221238,0.573562994838124,0.22663991366400885,0.008032128514056224,0.16374574906680403,0.1109260968341,0.11289543926581842,0.05132459568918454,0.3182333172800123,0.18538875098435995,0.14719607338485974,0.11454435767061169,0.5529736270182394,0.06136640197852856,0.07635784444029445,0.5154088855286248,0.10263133204907744,0.006654451222489958,0.1325991977270281,0.15074242143507613,0.020744550711891165,0.006654451222489958,0.6826988806663419,0.11294794867025376,0.00019375943827664298,0.00909186017247873,0.05627410494121941,0.0202948812219478,0.022067607509449257,0.016366862128066446,0.029362230559094045,0.674426147344937,0.2988550049999485,0.05249337935541888,0.06837147415657971,0.09975703944368446,0.017473829036310343,0.8313313970828422,0.6546896422095445,0.6244332779703892,0.746820418464628
002317.XSHE,4,1,-0.02793746341352742,0.43593991547439126,0.16671434061216728,0.3458409924721017,0.40462808093624847,0.05197696725940615,0.8345443968940758,0.6880966519606344,0.9919085936285665,0.7319791870094764,0.3752481818070933,0.0007869677939368106,0.01140834819288815,0.005109333249295804,0.00026905618349915467,0.00025491704185352055,0.000483050256932598,0.0010721021566497742,0.6202003691347941,0.02223389595744725,0.15136806946541445,0.003911372851382595,0.10648808245529867,0.6363636304132232,0.07897826556731474,0.6959253215822881,0.009828149619343068,0.18856832775617255,0.09134051696217903,0.3832879032241544,0.050705844140504545,0.15261044176706826,0.10376032181260712,0.9555466128186149,0.08749848717680983,0.045725111409227165,0.34257625799138236,0.18182365658191882,0.13611217266291786,0.20817410953631085,0.5152634554152451,0.09591771461647666,0.11944776635640415,0.5251565193903219,0.12507534864031278,0.013709016515441196,0.14321191480328513,0.15917449492654856,0.048543467997965294,0.013709016515441196,0.7102422710589325,0.060175475816845236,0.0007340989879512784,0.009106832960332628,0.048648118119422774,0.09387538684832732,0.038096659383652275,0.10244189311140471,0.02941725764722261,0.7989234268048874,0.32950428971630236,0.037621446192201084,0.05138998927344107,0.1355911486041445,0.04408042711012741,0.8622791538253967,0.6813387289372432,0.701007095082556,0.4754057962819146
002318.XSHE,4,1,-0.1743052508772052,0.5194504796066428,0.23135894034687288,0.4232714103658095,0.4689491110035616,0.11530380699703013,0.5587403115950946,0.4438765367541181,0.9996302928063412,0.2269312053706951,0.3281809397275658,0.001548731139292073,0.011569201214195182,0.005171026399764547,0.0009470533033537394,0.002345037685092012,0.0021748600318982165,0.0011818358498225572,0.6185595329861099,0.02328495973227458,0.15135118206123577,0.004147037192387857,0.02736153696312446,0.8181818152066116,0.04239352073275003,0.7061365544963374,0.012936502735655907,0.0688251786198788,0.0925551179657156,0.7194749652203237,0.29561083992815446,0.0,0.20830330284827345,0.05234683538326186,0.15169074863424856,0.05241499597744799,0.3277879670940076,0.19762667954536903,0.15199645398367895,0.22387817923255518,0.5299914241723753,0.04802399800905536,0.146458951061158,0.5193522218639273,0.12848964509941843,0.04364289693389296,0.1638201918042564,0.18212067918668365,0.04019581413879233,0.04364289693389296,0.6976981152800321,0.06040333565685282,0.0007179343275239076,0.00909244907161099,0.04556978289788553,0.01588244209913833,0.07968129514240306,0.012839029465046128,0.029790174222460112,0.5729190114022064,0.28435233196932175,0.027968004456392144,0.07342854262492894,0.10374748252013985,0.015151043847580307,0.7641526181988609,0.5885437397726774,0.5670983039927333,0.7598441835724229
002319.XSHE,4,1,-0.3264858212433222,0.9943986242771778,0.2208180933738861,0.38356601001559476,0.5421041853171608,0.06419096522455331,0.8874895849776744,0.6143179797323159,0.710949567899229,0.7163433408678266,0.13106709932557792,0.0005643060146179597,0.010652934582807659,0.004789440115996857,0.0001414299562098495,0.00041757423764027203,0.0006132284343396493,0.001127558516144319,0.6178334000450262,0.022395105148156902,0.15089414914868976,0.0035308756850745402,0.07692727106365836,0.6363636304132232,0.06700074054206451,0.6467537342485626,0.03581283312987915,0.33200687347381747,0.09082269032726792,0.32030216635899134,0.15426253125723766,0.24497991967871485,0.0987870099650702,0.2139587454663232,0.06816900721703092,0.08561301779272795,0.31279481670291076,0.17831663420753943,0.14257767309577102,0.118147056486295,0.5055451389873085,0.01789372790139068,0.07508516428048174,0.5210104377307683,0.10565171808825159,0.013818921551311626,0.12876925754417973,0.14673412802484567,0.019866896643311153,0.013818921551311626,0.7056452790855562,0.07586111788977498,0.00032858514368334837,0.009047596232673415,0.05157276743853486,0.014545621325943477,0.05611639262061775,0.020024853955530067,0.02986268733010266,0.5977625817354019,0.28142477798068277,0.02688733261107627,0.11341889841146732,0.156567693291787,0.0711755996889394,0.898157780744486,0.741859603732697,0.7598709312856964,0.35889113279611495
002320.XSHE,4,1,-0.3673909177605987,0.6380087161273458,0.2506089808397318,0.35320315055105955,0.33379089212261637,0.0,0.7789444398178476,0.21519550460428477,0.9996698102023378,0.6831353675820849,0.3452608173386417,0.0008154109997520018,0.011120862103720494,0.004977616375320968,0.0001963065535324694,0.00023771543257343453,0.00034213496090608144,0.0010594634034981221,0.6196120428289351,0.022158903072318183,0.15120596189143468,0.0039396982691288,0.15548053984792565,0.6363636304132232,0.18036425520307822,0.7680262878899519,0.04480620826670996,0.2658044677579814,0.09177349227259418,0.4085119941961376,0.2855969206952026,0.2329317269076305,0.1491453334932031,0.019110993851754285,0.08400736353718104,0.047764146920594754,0.3064258702529405,0.17929705947836636,0.15186516818880197,0.233262892830197,0.5318427242963106,0.09211754894487549,0.12456459677522531,0.5272723374761362,0.11474438207674517,0.008436991424522502,0.13971882412062742,0.15346238473249574,0.06724484215877984,0.008436991424522502,0.7373404520102784,0.058529433872481836,0.0008821795975546423,0.00907743927194012,0.05451232363058604,0.15180912370620342,0.02701726750611629,0.15071644947784357,0.029151630067934274,0.6519920873145326,0.3433417953834621,0.03964195138106069,0.05470361567293952,0.13581645513502558,0.040788418974696414,0.7228398261635256,0.8027259961965418,0.674395914584395,0.5726901913653937
002321.XSHE,4,1,-0.3170047833191705,0.6255034286192784,0.4298014738342026,0.4922751081782337,0.500704225940758,0.15924766125702416,0.626388548799481,0.2068869230765003,0.7057108784365864,0.5904883627848878,0.12934772738874567,0.0007103730987181137,0.010838483468278943,0.0048201166844323365,0.0006213581351470982,0.005784525690436383,0.0014124783154037227,0.0011942342597282645,0.615990189143617,0.023288232580101938,0.15077470385067834,0.003700612443288424,0.022052190593959003,0.7272727282644629,0.02012879591828661,0.7009067115360033,0.018409055222207676,0.10608664194627837,0.09134051696217903,0.6031525011726564,0.0867560950337515,0.8192771084337348,0.130008393163722,0.6855011656926041,0.09722418002492104,0.041867783976146926,0.33848822461948197,0.18587717490910113,0.1358950961505965,0.15833308575698501,0.568143805733582,0.07441432480443126,0.09417457048039853,0.5190273074264689,0.09828543657650592,0.026276673734318814,0.13534189506401928,0.15215608234054193,0.035188335126546795,0.026276673734318814,0.7142012463527299,0.065154047621279,0.0005041621570141817,0.008414314996954322,0.04368531670377114,0.01642702439782241,0.07282575600534605,0.005883382004717534,0.028739590958891278,0.4878127345890582,0.26750064677160235,0.033621158242708594,0.04593255606497948,0.16092111263109896,0.0496943231441048,0.8393681385010865,0.6071325903321396,0.6929323788726556,0.5760014402615345
002322.XSHE,4,1,-0.1010850278232277,0.8385947593024353,0.20242321971689925,0.3428034847229509,0.5441020972976949,0.0,0.6139835373248299,0.4364433913641102,0.9835625195940423,0.4475239618157806,0.2845294021184505,0.0010420884487713955,0.01077403194948251,0.004796767869033664,0.00012384559418474798,0.00021427739102377878,0.0003318317277031665,0.0010824095797581639,0.6193164108092436,0.022168084307703756,0.15091677301912887,0.003828649965835145,0.04803279994449943,0.4545454565289256,0.06644526746982733,0.7126005053676852,0.010303289422786775,0.1478701275210274,0.09155050346809404,0.5806169288601268,0.31595291833723643,0.012048192771084336,0.2101281900939586,0.016202665232178656,0.13297928680435409,0.07896991847468415,0.32253985633451915,0.188378149256991,0.1549718320477724,0.39253338718018266,0.5318427242963106,0.15551344078901566,0.22084944694764594,0.5336967145140279,0.11085175338875233,0.008690272203389948,0.17985051076528347,0.19598393071409675,0.07150057639950833,0.008690272203389948,0.7508650033828907,0.07383372189485829,0.0003488870397617604,0.009117861110982162,0.07201615852258905,0.13033630417228534,0.02401815100116506,0.15361597004537783,0.02947759442640559,0.8418000694134123,0.36825783187364436,0.025213024937043547,0.12425111486736526,0.17388613391092872,0.03198450678949572,0.684715456391757,0.6399429481225956,0.5701943160123892,0.5915544454022039
002323.XSHE,4,1,-0.2947559615472656,0.3474429640402386,0.4331071732173349,0.32406457280376977,0.499370334241931,0.06696448263469329,0.20417234805875586,0.32453267778838235,0.6213008424230663,0.22940115279681805,0.1037405600562703,0.00030635158858499336,0.010658029135167318,0.004768686009153425,8.435903404832641e-05,0.00031226326016634183,0.0004870881687935206,0.0011106884865069412,0.6186569984818332,0.02282082255794686,0.15089701152517077,0.003617221736473614,0.0013363196684786569,0.5454545434710744,0.0010949005543336304,0.7010953284318403,0.0006524453094737499,0.011395496065840643,0.09134051696217903,0.34339086852572803,0.05062853613157315,0.7028112449799195,0.11476498482774249,0.6651438919452746,0.08579991463062853,0.043066435125474964,0.30686122728052956,0.18181962998060172,0.137659005295627,0.609752608025612,0.42042849185045084,0.10413892281836125,0.2895721439017301,0.5209766736084525,0.1147863318828448,0.013423492561493371,0.1747639371284922,0.18743418491283903,0.1009318083199273,0.013423492561493371,0.7115919217272725,0.06907809724837155,0.0004149273678834925,0.009041564128991847,0.05098176929015317,0.03559605359824923,0.023525642233649887,0.049166052267945945,0.02924707782623951,0.6250056828073179,0.3049925706431295,0.04285067885067852,0.049439396591374585,0.20045465052946243,0.01485493808697733,0.9026279629603329,0.6826655167838669,0.7120550390401175,0.420983500661656
002324.XSHE,4,1,-0.05425222392183628,0.5878822571722339,0.22017888845249517,0.31797291245712844,0.4894061849844819,0.09729799891676988,0.45292327044337855,0.46397309124049013,0.9912100138837785,0.23921810134634752,0.29829793020325723,0.0007439532556081967,0.011481405752439286,0.00511530639654613,0.000255695904984097,0.0012061562398669725,0.0005709189358606375,0.0011274450707937451,0.6192255449235614,0.022897587309539058,0.15132459080472338,0.003949449484388622,0.01156075671969115,0.6363636304132232,0.01522927370001936,0.7029997716181642,0.0039217768249055615,0.04001989689789274,0.09149217575684283,0.5328238175974394,0.13726502467019366,0.09638554216867469,0.15208294079591433,0.4000835644015649,0.11870224557622536,0.05666683585706714,0.30782317975655893,0.18372701868479493,0.14105033835339015,0.21272935332011156,0.5129640540948571,0.03546524978598839,0.13515525599746578,0.511524124525616,0.13085815552098612,0.028468391285087134,0.15666963185069693,0.17348126764438287,0.049518933709947914,0.028468391285087134,0.6423963252108903,0.05653280118287679,0.001192855730024183,0.00908913911852729,0.04544643841825677,0.020845492423083145,0.0669453500484241,0.029661218843706236,0.02980719438401088,0.5861153216247175,0.3030903126753803,0.028416844915310834,0.07978838393865306,0.11054071984090794,0.020077914697613206,0.8255421738080697,0.6754234664543808,0.6548877382080889,0.6496487826412791
002325.XSHE,4,1,-0.1814951396231374,0.7362831205877376,0.13614260261631506,0.3021877528268353,0.393985367146209,0.13697310942721133,0.4857462832198298,0.4519877878674226,0.9718763474334329,0.4830659522755265,0.4093627617287503,0.0007651264001007459,0.011847297177228681,0.005300219118260997,0.00072825005838457,0.00022979329064913434,0.0035195249718017055,0.0012041805862922407,0.6203622027822752,0.022140343327615986,0.15161438919685588,0.004077235343388869,0.021144833356021447,0.5454545434710744,0.013720668381411193,0.7011783891696131,0.0026178602306015427,0.020122999005155105,0.09129172212370035,0.2680034428528025,0.1682220087033432,0.3654618473895582,0.12859789367165994,0.2114661856751726,0.07815332889865158,0.03876452946476371,0.30917345750479436,0.1833828746748867,0.1433146933501795,0.13222018176371136,0.5318427242963106,0.0,0.094216796390997,0.5122384705759926,0.12850948857616265,0.03589659687403646,0.14384828469755423,0.1613328175130832,0.03453705272047579,0.03589659687403646,0.6508506304796694,0.07345704699376371,0.00035307276105578833,0.009079015701181508,0.04206574432259211,0.011388660981622258,0.066820086634985,0.018150352700138126,0.029714165817935668,0.5642634028317568,0.2907256358850104,0.03722186752145849,0.04150555696775868,0.13389390801540255,0.03542950290123826,0.8436101958500801,0.7176153199770026,0.7061191456327085,0.5797559534408796
002326.XSHE,4,1,-0.300500935977,0.8343988752928599,0.2988633416295172,0.31219484813612225,0.4563873919734124,0.16125250469845634,0.5277881703576554,0.07701254578038136,0.8773279039358449,0.28600305117977015,0.19913724211115025,0.001162972244321401,0.010918902975175667,0.004863349448431499,0.00019958384330518122,0.003013236699249371,0.0008383747622999765,0.0011595976783313965,0.6171322888022888,0.022595960800693128,0.15090509870202493,0.0037303198303672833,0.0080132968493829,0.5454545434710744,0.009512659645203734,0.6998337608110383,0.0044700227610369415,0.034683910644840374,0.09071217364384115,0.3695614750710745,0.05743428027641483,0.9879518072289155,0.07699508927453813,0.8055669906241562,0.05023231897852909,0.024680894845630796,0.30878656399776316,0.1758721466063757,0.13720145480259036,0.20518580262762642,0.5190791559343179,0.03779497707633889,0.11843129698833713,0.5131401452764595,0.1086581788805877,0.013867715950148367,0.14321199311609517,0.1604090200046001,0.03683681916535654,0.013867715950148367,0.6843827305477946,0.0800081756218424,0.00029606435086267145,0.00907316454416069,0.05497931770319122,0.01546682262855478,0.05522088854253616,0.008271566490433629,0.029506528019963004,0.5885237230870561,0.2841245749265192,0.042887964409962724,0.020270639967162666,0.1564289944013781,0.025312256983908595,0.9239279018903297,0.7348884392552302,0.7964223567714865,0.3194624317616228
002327.XSHE,4,1,-0.3329389344344158,0.7246565840727021,0.2228752364730031,0.44535292656275205,0.5743018132668644,0.11493845184868617,0.42680171081890356,0.3233430154102778,1.0,0.32288094791531713,0.33366160718359555,0.0010623258745257559,0.012573143822452114,0.005604985406524091,0.0006319608978867406,0.00036716485996586123,0.0013863121467266295,0.0011084033407377134,0.6197631374253401,0.022263815481541143,0.15202844114256545,0.0042988307855347015,0.011938363485974515,0.6363636304132232,0.013025971533547778,0.7032912360358722,0.002376737228712373,0.03793976666365198,0.09123307042154721,0.3642568353683152,0.07822436850266193,0.9116465863453814,0.1052129847644973,0.8205233759607596,0.08615635893640262,0.03451626372327384,0.30669639632825074,0.18211586036981703,0.13809445817962496,0.39126885575686665,0.5558441470981598,0.14707170872692665,0.2759428664211047,0.5230479680181095,0.22580953987329067,0.0559069241011412,0.2326432904494996,0.2483214436318471,0.11123092374747419,0.0559069241011412,0.6775164558056597,0.06956167030613405,0.0004066201610517503,0.009080819136233655,0.045775049219064536,0.028136620026806024,0.06763596161101312,0.02857785333161887,0.029518440089811863,0.7332102150817825,0.3185191976800707,0.031339085389862,0.03417869667876625,0.16082009677255915,0.02602560267990668,0.8882081634971808,0.719613794170979,0.7371360370518043,0.4731424040897383
002328.XSHE,4,1,-0.233531869007933,0.4266882226383592,0.5256341499305004,0.3281806313107658,0.446230489597935,0.2399763251310108,0.4567551285827988,0.27612003332447155,0.9322750867406844,0.2014161495967531,0.2330765418668873,0.0019157366383274787,0.010921800749159364,0.00488855087528785,0.0006486030728451184,0.00041418793543709215,0.0012512090886980859,0.0011042779693646485,0.620353065205631,0.026001529497044373,0.15106426435566925,0.003910129607130729,0.0063269174750081,0.5454545434710744,0.0071179591314028704,0.7037131397271473,0.0066185229692937815,0.06430315637152934,0.09190442408409602,0.5662945046057535,0.07930839923154867,0.429718875502008,0.12940361103681264,0.68924000537933,0.093154448095523,0.04530657462805742,0.3077900006823586,0.18271382915498274,0.1358599999480056,0.2590928754290015,0.5223570077236726,0.08696436574142706,0.12989974997758294,0.5261502123646865,0.1086452980272625,0.02122511339889896,0.136844509054253,0.15478123697411553,0.02555057484883595,0.02122511339889896,0.7334971610594817,0.0665021577849821,0.00046822739845249625,0.008892120556039525,0.05160983674203827,0.045459552179122696,0.05686141432370505,0.035430969521376914,0.02953972108092092,0.54483208274611,0.2776272699541936,0.029181064818373254,0.05578851753100713,0.1352800260931246,0.012033558652868337,0.8944234565621849,0.6656992171951708,0.6912213206306621,0.48459514947593096
002329.XSHE,4,1,-0.05155292840830264,0.7029584355290734,0.2429611766113246,0.3551994699147022,0.48747681487592665,0.1387798186565777,0.6827137767491541,0.3291178157850041,0.8641172384541147,0.414767478058769,0.19231215771239507,0.0006429476718942097,0.010817626826445586,0.0048336086923414815,0.00031825288758091614,0.0012295181350540898,0.0005056433298430554,0.0011236053849685472,0.6178059537029116,0.02326597571532743,0.15093000858408337,0.0036450409160578194,0.016274223660045852,0.5454545434710744,0.018171259467580563,0.697500009294159,0.0075762493196156935,0.07289499864339333,0.09137192791923748,0.48788424240540784,0.07409397392496747,0.3975903614457831,0.12276286611388612,0.7228916157392626,0.09160436655564373,0.04717993031263645,0.31133643919479614,0.18147405925827728,0.1384272221745607,0.18199824466356226,0.5318725377916379,0.04726311236220765,0.10585780454806552,0.5288188627504888,0.10807018533285082,0.022115319638808518,0.1387774519355781,0.15571931727364383,0.03628202304166643,0.022115319638808518,0.7451812797025394,0.06519831831163343,0.0005028695153602846,0.009024576801648258,0.047845785365302804,0.019367190550090552,0.07058556396433946,0.015150980523244342,0.029314917370514258,0.6402577832283447,0.27912988244427306,0.035672042753024644,0.05463438679563276,0.15987738764756548,0.032953580187832746,0.8677133189416426,0.6869775772853925,0.7141027638343549,0.3716736058970824
002330.XSHE,4,1,-0.1504152120372861,0.5983743204681914,0.32914882422499836,0.3450404460961013,0.5890846232997227,0.06078851631461685,0.49212518660032545,0.38967901468911487,0.9245055276055356,0.3619122660133764,0.22754076054425393,0.0005932849839453253,0.011030115186694427,0.004942494921014535,0.0007245815194828427,0.0003238796488564484,0.0006787657279734717,0.001121592531257026,0.6182295714089038,0.022370309281249216,0.15111637178358733,0.003717771002657159,0.011183896822481856,0.4545454565289256,0.018337491102486402,0.7089800001519672,0.011568896782725966,0.05345030297549063,0.09066074312337034,0.4097504488360757,0.11097510624200665,0.6224899598393573,0.11952813818019871,0.7079352304026593,0.09424256788330898,0.045242944193668776,0.30724494787601664,0.18228280246070147,0.13952950290778537,0.16483834552656912,0.5131390484208596,0.01965882958700832,0.07309631840027823,0.5223227821187135,0.1094529623438697,0.022139727067660608,0.12624369552511988,0.14508238333440338,0.00988586786097599,0.022139727067660608,0.7027321369936328,0.05648028022815173,0.001204417960276824,0.009107447904817573,0.042551602845022865,0.01816049983477809,0.1501815949986273,0.02698675069875589,0.029748154379041294,0.5294424861090012,0.2739806266355438,0.04630052339532751,0.052442626928713834,0.1965212069970107,0.02606044744870491,0.8702031642783088,0.7251116713104242,0.7197204743433683,0.5530303152842055
002331.XSHE,4,1,-0.09005867553473941,0.5326003675418682,0.2629931262710258,0.3798000245422976,0.49497830482576566,0.13329153713823333,0.6934316685456177,0.4040711261630265,0.783330947653501,0.3651131044110623,0.15689155985343328,0.0006206953422367718,0.010949096590618464,0.0047883567514549604,0.00022133475388364044,0.00024328065913863388,0.0011419977786421053,0.0011176740386669604,0.6183633454667941,0.026087613275864188,0.1509023716292535,0.0036027923706717364,0.0269087038260018,0.6363636304132232,0.02163948601830745,0.7082043875682839,0.0073178147293710225,0.21411775345934703,0.09159714058417698,0.7288843356916059,0.14885067274070565,0.06024096385542168,0.1427806274713387,0.30577487503836875,0.08135462207174673,0.051151629560477974,0.31652750728229856,0.17834412740948255,0.14197323849559476,0.28065214589114645,0.5551189911159974,0.09737900852574462,0.14963399360417473,0.5132045018615634,0.1307566752846538,0.019211326618228386,0.14841360827081426,0.16579813228609264,0.03854786024439127,0.019211326618228386,0.670941144714102,0.08781231771124895,0.00025502964384057606,0.008945220998606436,0.04976296752834548,0.022402726871507857,0.043026689236251595,0.020535730387432463,0.02954629076792847,0.5950575654520798,0.3006904931679701,0.03867895370334409,0.06446581509787391,0.10369974540203677,0.024090147753783576,0.8391302495348738,0.6044071469638674,0.6512200531801127,0.4276801870342526
002332.XSHE,4,1,-0.155306902485094,0.43213859673997307,0.19217815587580492,0.31812005999936604,0.5686636591830644,0.153032827367975,0.4538068123671839,0.3955826203390309,0.9929685380056361,0.3681055035316728,0.3022792294358644,0.0022645731871501168,0.011162118045825885,0.004987598368280316,0.0006898227791832557,0.002826000173257917,0.0024578373743476675,0.0011865553219900472,0.6175885060875066,0.021501574071089095,0.15101985689544853,0.003690829348943962,0.015473289053718822,0.5454545434710744,0.02104125602442231,0.6934726685052389,0.016124414508280997,0.04228090802206747,0.09244428889154796,0.6849849150726265,0.11079921286693911,0.2610441767068273,0.1602586991782078,0.42251762911162005,0.1163556746547789,0.04806532617405377,0.33445070885319206,0.18960387106544974,0.1394671096587349,0.17852887476911997,0.5408863537997288,0.057443569226585695,0.09697312153314429,0.5144258316653348,0.11092973477104544,0.030029259658442074,0.1314566399330227,0.14476578612467936,0.06582246471027475,0.030029259658442074,0.6891596759436163,0.06703470002151851,0.0004557551616520773,0.009105136722468895,0.05146644053951798,0.016884053754336766,0.07162004946242041,0.009635064176712432,0.02942747110631086,0.6796526668167298,0.28356764082441827,0.03343997918703668,0.05908925886549167,0.1553066575467396,0.021643536519710474,0.8306505730638678,0.6052502100747428,0.6345742026283756,0.5624400087788735
002333.XSHE,4,1,-0.1752568107328747,0.6838375120580679,0.44219408836018204,0.40680611390069715,0.4205057219924955,0.007046961423847364,0.3727471752553571,0.2926534637900522,0.8317287806951374,0.443121987250013,0.1769927615616017,0.00048262367496769367,0.01075635526131342,0.004834279641830139,0.0004186944935149149,0.00023872654550175396,0.0005723566594595993,0.0010924754638275845,0.6185415518674192,0.02212231382325008,0.15099986995390485,0.003812692731824552,0.00805309129018061,0.5454545434710744,0.0028173756075403995,0.6980956432203489,0.002498202663876517,0.010943293841005697,0.09123929419345145,0.25967267721636184,0.06852095619701676,0.8835341365461846,0.09327677280878474,0.7577895059947705,0.07365103691049932,0.036245228828285264,0.3067307392653979,0.18106108594896023,0.14070197604619178,0.2673077404604405,0.49764471307061864,0.08405081309839595,0.1453511386472125,0.5235643463073211,0.11115236465486884,0.016556338473221417,0.14866794217350782,0.16530505456235808,0.04580659748812277,0.016556338473221417,0.718765519522025,0.05406903179406254,0.0022524228833488355,0.009103795249724876,0.044012608312283416,0.04849896498843939,0.07409621892940796,0.041986340143363055,0.029545852153121,0.5571601708944905,0.28694000237100925,0.046302830891260555,0.03756821095717065,0.1737308893195521,0.030458963928934615,0.8650264163269943,0.6991757330502857,0.739021369744371,0.3717280260541088
002334.XSHE,4,1,-0.3008345376037049,0.7197003970950426,0.2879818253228048,0.37334625020783924,0.4538590327738812,0.05888816336093472,0.6539239826631051,0.24500210797253358,0.9343356994008285,0.3483240747365022,0.23460120825858705,0.002043639414226208,0.010702633688539959,0.004756117918715573,0.00017791932953020576,0.0003352309869495803,0.0004228304227235273,0.0010799154444462277,0.6195277719866451,0.02224831561546135,0.15089383070740894,0.003815219049159533,0.015708902985502673,0.4545454565289256,0.017101577232989506,0.700333947542262,0.0032122698416476043,0.04151216423984806,0.09129065354156642,0.3485158623333781,0.11130279712462784,0.6144578313253011,0.11423201234335284,0.5791444196123803,0.09051555170186326,0.032292854383520114,0.3009482437362619,0.1817858735222675,0.139342323160634,0.26785264996464286,0.5318427242963106,0.1247217448293749,0.1515094500105345,0.5251048092957407,0.10510619654337079,0.014075005195017913,0.15438976322095785,0.17019991519208494,0.05748726924470591,0.014075005195017913,0.7261996992207083,0.06519194964023978,0.0005030549137531068,0.009112313999183727,0.07007325210978423,0.07453293300278814,0.03813781340333304,0.08442030106639173,0.029493704666554526,0.6902831202326791,0.291825877599472,0.03441897496155663,0.03274633100350741,0.10544765225211532,0.03474606687802835,0.9026847722656972,0.7327020034496483,0.7137515744112295,0.5385369128299271
002335.XSHE,4,1,-0.08283510814168063,0.5142250390888288,0.2782036203262506,0.4007755436889198,0.41029281589235245,0.05887641270054761,0.36134751640819185,0.3250020933147498,0.8905016865146448,0.43651148446276605,0.20635715863622994,0.0007723424538599493,0.01089235155195338,0.0048665533404537425,0.00029908980836314275,0.00023051273024873894,0.0009620210080477701,0.0011171336203112231,0.6188026204842552,0.022839043338049963,0.1510209918740456,0.0038207825451596266,0.0070871242132430606,0.6363636304132232,0.010938497452903926,0.7024359071141509,0.0028607108049037593,0.03965813511802478,0.09156577192798786,0.635122269599785,0.14057773045217278,0.20481927710843373,0.16400992949478949,0.26215199892413393,0.11528520873970838,0.052993610438684,0.3115228413907855,0.18265074500393536,0.14312101430625204,0.18690557019409423,0.49968569370625515,0.05298656815507946,0.12348923626396344,0.5092259159431536,0.11457449406532089,0.015706886297245943,0.15395008900120338,0.1700655842845248,0.05429659512102798,0.015706886297245943,0.6420457665957371,0.07416590531912981,0.00034531135226887873,0.00905842287454166,0.048384807337242,0.021890238037559913,0.051874895844765005,0.029016554946961683,0.029529668356451558,0.6447546856825412,0.2967162301031351,0.03754423445328677,0.0668036606778946,0.19363505091959266,0.027970628701322008,0.833075620286603,0.6155963911370574,0.6303044785893275,0.5575362456646388
002336.XSHE,4,1,-0.2099341002233012,0.4754272316323688,0.7036943249655148,0.4384704588471176,0.520143369535144,0.3624400806709952,0.323148881268124,0.0654224529031665,0.9677709290715433,0.13760202019811396,0.26428499470771355,0.006154523977841054,0.011025663063263164,0.004925394185576527,0.004364284282366391,0.0003399845353896767,0.010729815526958956,0.0012289728530672226,0.621016555036328,0.022849667338996127,0.15113635965261216,0.003890808939457366,0.0024993176005299995,0.363636358677686,0.0023331189221221043,0.7015637513228058,0.0023845164545717315,0.019489915890386178,0.09122265305681057,0.312863867771895,0.09878827179738589,0.9638554216867469,0.11931139164451986,0.4370582456197984,0.07890363857767176,0.032868988015139974,0.3063670590426729,0.18165617770149392,0.14052909475194783,0.5395687791651983,0.5318427242963106,0.21491330767319203,0.2280085508292614,0.5473398689325751,0.11280041761815267,0.18149190194040285,0.1389847198394462,0.15304547257744647,0.06374429862822482,0.18149190194040285,0.7612754257242249,0.06599996834036316,0.00048083047442963774,0.009046485055679442,0.0445670648340799,0.019248582870605255,0.1134352123953875,0.012263723806653956,0.02950604309179077,0.5752808415655497,0.2675896082831928,0.030608860426883495,0.020666056842309682,0.10975950942392461,0.0078294550457618,0.9215703157177146,0.6953391048604662,0.7072756942592413,0.23562823956936407
002337.XSHE,4,1,-0.2374696787709854,0.49735855021186315,0.5334763198819408,0.33865059506218176,0.31286255097801724,0.2471380814678708,0.5459578526678823,0.15508155132853577,0.7293176926407193,0.3563617484922956,0.1372394006321831,0.0008816949866193047,0.010593893725263905,0.0047405559916479535,0.00018017120422607737,0.00022386499411655318,0.0011819652565880385,0.0011078423896171417,0.6196774549948201,0.022850349933456197,0.1508743940377463,0.003714803246606093,0.004142488987183424,0.5454545434710744,0.002824274443192029,0.7023072017973326,0.002281268389899484,0.06669982816315456,0.091244756800392,0.25353156706670044,0.10868263661411126,0.9919678714859437,0.1121752260686131,0.502284675376938,0.08765596181064755,0.03279023529578023,0.30685731634422625,0.1843127540233788,0.14087485734043576,0.3764693454991143,0.5318427242963106,0.10334186003733496,0.18340514026058274,0.5293910863359448,0.10601290417811365,0.01490909276154836,0.149462895508079,0.16325495696002504,0.07332109229893677,0.01490909276154836,0.7436376532671479,0.09144257673241352,0.00024141135467630926,0.009019361151232926,0.06079603229171668,0.02725647522863194,0.0201263941097374,0.033444323466325254,0.029353334306585994,0.5656688581050139,0.2735971382814233,0.07428442844869484,0.030012614994051216,0.16074290989005421,0.02144987138840701,0.9033549445399156,0.7013511122904781,0.7239387082038378,0.5830529269517244
002338.XSHE,4,1,-0.2308610238713345,0.6120674220277635,0.1920206307146539,0.30485358465401646,0.48845746517111643,0.02258621549915718,0.11017280961359904,0.2618658882406281,0.8652303117746911,0.3446497040664994,0.19287278319153556,0.0006055108989917213,0.010734222841752393,0.004822662770621969,8.243982181319252e-05,0.00020476432677395064,0.0003848814993736012,0.0011079703627884573,0.61860684277026,0.021793765820889415,0.15095868275626192,0.003578925446662264,0.0019491961943640993,0.6363636304132232,0.002423769751174186,0.7017121636287994,0.0007616671530374869,0.007777878267161074,0.09137963986452373,0.6706342411245847,0.1432480971097416,0.57429718875502,0.14640339099625665,0.2912342585301904,0.0944891234606714,0.04442671916504105,0.30712166580656414,0.18190878859440643,0.14221891191373093,0.28645541600837526,0.5318427242963106,0.07630828703747052,0.15173016138589282,0.5025201846018258,0.11870837765478304,0.010547978284385254,0.14852517792083092,0.16266475066704966,0.06939643324143278,0.010547978284385254,0.6224261694343269,0.07317631839075206,0.0003562870194774879,0.009128400979809279,0.06446114424629003,0.04066486136554876,0.0249318071889375,0.08107268050970522,0.029351844105966824,0.6772276327476069,0.3285068306673107,0.04049331988052371,0.05110948656211415,0.1761553490905406,0.023461147335048154,0.8762879734700544,0.6418778470655875,0.6688943870424304,0.6786260127286716
002339.XSHE,4,1,-0.2280586755347395,0.7279556753371014,0.25187892158782815,0.32843136647299026,0.5584184882505021,0.08120935627351489,0.6424087279440799,0.4612057016580336,0.956072901692135,0.3549214292205569,0.25257194279542045,0.0014219788517375366,0.010696020795669767,0.004687701583929078,0.0002473425410100855,0.00022580608365862522,0.0008695617272885585,0.0011074934725212218,0.6195604808980301,0.022303397696046928,0.15076198200616236,0.0037697487663341718,0.0310026518375021,0.7272727282644629,0.0351246767146032,0.7129360623068454,0.009230050236086225,0.15230170932440987,0.09167303316308643,0.45824593696202987,0.18578116544338874,0.02409638554216867,0.1502732060436049,0.2073115771600217,0.107513607554064,0.04892708695741496,0.3085901584213312,0.18611541319449215,0.14279474960809238,0.3168123019439534,0.5488906103532714,0.0827303294847979,0.16996541264131745,0.4986041084794277,0.09437157188708505,0.011765137684802137,0.15602099294952382,0.17273383884724067,0.050020980464973754,0.011765137684802137,0.6261993486620931,0.07108695333323116,0.00038311069777625473,0.009143556633455178,0.058118203851091677,0.026154685274265482,0.04216753556612596,0.042907644830896374,0.029361102692446264,0.6621501746978133,0.3056515087541437,0.03666323413104984,0.05849058782078915,0.15616473818209453,0.029724681461984804,0.8217261862493077,0.696914665428332,0.6593119327828725,0.7203967888394669
002340.XSHE,4,1,-0.2279374634135272,0.7089224112487972,0.24312907641346534,0.2892995050990784,0.39708914371976733,0.20657444025277297,0.6134295886485683,0.37284381709944087,0.9892481947136262,0.2617974117178451,0.38118376453910574,0.002097428378988541,0.011976643229513887,0.005269276996737036,0.0004969901972872035,0.010542325949689745,0.0005924037592573252,0.0013167611742260481,0.6187354738762848,0.02663913587040035,0.15106853391198308,0.0038637468981456407,0.04048290546218149,0.5454545434710744,0.03630134658112046,0.6897626626839561,0.00628514523566294,0.0487021796147237,0.09105387671566986,0.2992653395742881,0.05842910400827996,0.9116465863453814,0.09200001054086494,0.8462815381188153,0.060078258243686594,0.037663736086492906,0.27982458890341505,0.16194751122096915,0.1338764145719433,0.2177358704152383,0.5452606591245217,0.06609183519971035,0.10826907426472417,0.5109441524554907,0.10619793589547431,0.01890945602919857,0.1295453374915347,0.1487070258837994,0.00903737173487372,0.01890945602919857,0.6903258676033593,0.06518370743376946,0.0005032951801877803,0.008971786161697482,0.052930084391369515,0.01769449673003254,0.03635835239073908,0.011028615143653511,0.029253221157859676,0.598002091273093,0.2890201833619393,0.02855305217524554,0.03916523745525532,0.1034723805542889,0.02575880839863612,0.8913495405547429,0.7108348812524876,0.7540406587574231,0.20678247329637195
002341.XSHE,4,1,0.04849718277588728,0.5756493609003462,0.21600828277460238,0.29093813729627105,0.46011222477721797,0.2715982561296868,0.6905537870906343,0.5414949950081086,0.9979468517368775,0.27541886046749947,0.31783398890223563,0.0009417503957138886,0.010955035637142086,0.004916418935924517,0.00028097836126890057,0.0029704205563323705,0.0011977064308755013,0.0011408924400730176,0.6195968427789095,0.022006023506760678,0.15100083841876807,0.0037046960098540667,0.01779831211681673,0.4545454565289256,0.020657202751535226,0.6996219227541162,0.003659718739905051,0.0998914714660396,0.09156338909911002,0.648343746622074,0.14100511702317314,0.01606425702811245,0.16653776067229636,0.31159153227752,0.12590099586845943,0.05910771491469342,0.3106465311498849,0.18626016235432788,0.14178215917037776,0.2110578305339493,0.6021696482041119,0.08598925899793274,0.10708084592610839,0.5210672867167366,0.10766130527256842,0.010517208147760321,0.1305329142344992,0.14875909797717946,0.018571753852890758,0.010517208147760321,0.7111794310901088,0.07978100568460898,0.0002975985971961653,0.009122666889794734,0.048212652742679926,0.021794717948989233,0.04268230722644262,0.017810045506124045,0.029576391730709497,0.6154391618053253,0.28882454590209605,0.04270548535658206,0.08682608275262921,0.18819325695394437,0.019662618890949335,0.8258208944625129,0.6298676529122997,0.6246656439044871,0.661218390782387
002342.XSHE,4,1,-0.2668346318188924,0.48834944049977225,0.2500373169484581,0.3248157158533149,0.3591034054443979,0.3100863691616392,0.6285774125666386,0.18380219613910315,0.9876534482440664,0.3321800853479563,0.3844092809944348,0.0014281854801012927,0.011377002038432166,0.005089082684868648,0.00036969651449806793,0.004387549317076155,0.0012350333045047692,0.001205764920299376,0.6195447505613183,0.022274345110904075,0.15116846154921643,0.004263356563156139,0.015781207112473862,0.5454545434710744,0.015588793007373338,0.7003605929015724,0.009544651041744168,0.05182237496608483,0.09134051696217903,0.5373422414818039,0.23319393129942576,0.8313253012048192,0.1335580294380006,0.18861635213669242,0.08106208767796286,0.032261433568593956,0.2962488913928936,0.18466190487010883,0.1443103856162763,0.09744154199084072,0.5293125547422658,0.027532948607302384,0.06895595530027701,0.5236881614716757,0.10571751487956141,0.008745101968120542,0.13114140476839914,0.14838047823647835,0.028341255016160125,0.008745101968120542,0.7235366222742607,0.0813220950889621,0.00028765008443707303,0.00911426575566537,0.048574771027793257,0.016538832160688605,0.04151623048024662,0.015386331059898332,0.02941585053822846,0.6188649243826254,0.2855872812680734,0.04053294543568367,0.030282026241414163,0.09334846987890763,0.0243747382903631,0.8758663419068042,0.7209405820176022,0.7067555114294994,0.7363292695454694
002343.XSHE,4,1,-0.2287379208177583,0.5298727291660417,0.540101057472335,0.449819058103447,0.3657442769626589,0.07246433403403424,0.24970117016996737,0.1864002883186075,0.6921129424740876,0.19555548680625778,0.12496391622872982,0.0015320826009568417,0.010767201813036588,0.004832353266142206,0.0004944379974682361,0.0002881154702071019,0.0008811139918873588,0.001114519904683039,0.6193357333913605,0.02289157098781485,0.15097634910576274,0.00381419310632522,0.0015329284066014817,0.4545454565289256,0.0018484842688079948,0.7000725181452607,0.001027142878170741,0.009044044496698924,0.0912738362952297,0.3521270952405793,0.09834446995570084,0.859437751004016,0.12230170327201623,0.44370541392609986,0.08598428389895815,0.04098204849896224,0.3062748211329116,0.18186010911974107,0.139855767605945,0.29909420871821385,0.49206901792299723,0.06579611536272387,0.16849681304195294,0.5255080918268502,0.11344637500585295,0.030581117148682016,0.1587588871008334,0.17135735232942678,0.09087602917596738,0.030581117148682016,0.72596716200599,0.06380736517100426,0.0005479445896893646,0.009063522006273934,0.05192974087369577,0.025143007600764752,0.06051322157176392,0.03760923091258738,0.029525107852180092,0.5721993739486807,0.2827876216188543,0.06010853030871533,0.044533402933300506,0.19852790761007244,0.015117844110785428,0.9200293633097101,0.7014837910751406,0.7082183606055243,0.4993863158414559
002344.XSHE,4,1,-0.1172160359408308,0.30175359947663233,0.08567018592838738,0.40631314307327293,0.6100688009936899,0.12986106742275838,0.36027483643598457,0.6040795177442551,0.6756025744266245,0.42978380709118924,0.6112588594411182,0.0008978390537827835,0.015261586471046308,0.006751633163104267,0.0007420208247764612,0.00022245328572275164,0.00851117602084569,0.0012212540339335057,0.6166712649338736,0.023837336336321707,0.15362061303334773,0.005302118654232734,0.02654939036668435,0.8181818152066116,0.040669140837938225,0.7033334170585921,0.005122347040228861,0.015374875644388171,0.09167532211745665,0.7901199465120046,0.30086786786173725,0.0,0.22923482543668824,0.0411303163230842,0.16375259846705645,0.0701682376844087,0.315588307700371,0.18823986747464275,0.17113948270797097,0.18490338202173826,0.5529874476499599,0.11432520882822626,0.15414219984474703,0.5480408458358278,0.1839309265981092,0.02174607799930935,0.18374430199257286,0.20119986066033282,0.06157388741906351,0.02174607799930935,0.75219011494817,0.07333534749976985,0.0003544559915967945,0.009075099028461079,0.04329035053049998,0.018620666790614332,0.0414491184818222,0.007987023633007996,0.029646290857558454,0.803570022720141,0.4638443481116509,0.037609868087607495,0.11871476321270644,0.20579550780260425,0.019237751988993242,0.7237620897302979,0.5572121976029369,0.5511139041965816,0.7616099564592064
002345.XSHE,4,1,-0.1058949744671238,0.4213876735219442,0.2815036030704702,0.3991245163918997,0.6068759199865591,0.13075068280375818,0.3439142916686865,0.3656637017023734,0.9833306842041944,0.2822258143730289,0.28417161373853167,0.0004379058601472045,0.01192467012948427,0.005231093799128631,0.0005714501859572209,0.0023081682306079765,0.0011673500868425598,0.0011685950379474043,0.6198389526850429,0.023249349121856316,0.15143681575320392,0.003896672152919364,0.012896838255053542,0.4545454565289256,0.006512065279072173,0.6987957522645356,0.002435512996031322,0.015600976756805641,0.10734226684541961,0.21090523529731448,0.09761816922152577,0.6626506024096385,0.09572950032347277,0.8230159357519102,0.05466970064178577,0.051508101408817744,0.30257783665572724,0.17927459804858353,0.1366789113417928,0.4537601855526359,0.5760074938983167,0.07883875552552899,0.23457904528479068,0.5660865447122092,0.16855031739989185,0.06148746891300667,0.17305726605960142,0.1874468465651746,0.08348104481920353,0.06148746891300667,0.7766228818956341,0.05519218559900213,0.001592082087875236,0.009099588239862424,0.042231434874906264,0.019542382102670862,0.04974112227889252,0.0206525010256061,0.029397581277986848,0.6420618666441942,0.2909327585290633,0.0,0.07099182221001749,0.15576669136646906,0.015076120117245918,0.9024193662921987,0.7090685949316708,0.736901030595728,0.43602953964770064
002346.XSHE,4,1,-0.009289444765508588,0.44472193443666497,0.4287919577476865,0.3395271056928391,0.5024150979354687,0.2277207479060323,0.5917081299529621,0.22982488895354605,0.6900988725247841,0.17565282292135959,0.12432423397372327,0.0003750815678681218,0.010365499127222151,0.004665978238205589,0.00010139506320174031,0.0005976636551360187,0.0003746381921656384,0.0011110709010147455,0.6186054513822521,0.02215878404149357,0.1507371215909581,0.003613857216478971,0.003299069893984649,0.4545454565289256,0.003110651261963941,0.6974210057508691,0.002644550813863441,0.08184860269512526,0.09136350567088272,0.5098920797618095,0.14571328746584508,0.7991967871485942,0.13869274828019199,0.34025802305515146,0.10297929029977268,0.03909790986242542,0.3060578632588117,0.18279013622490828,0.14137140361412895,0.4116602099560151,0.43092835243796945,0.0671676404314923,0.19707186646816277,0.5320847888172584,0.08902619182271211,0.0027601467236320646,0.14982642357221848,0.1656960843993881,0.053861876705905296,0.0027601467236320646,0.7660547081774809,0.0669525116359245,0.00045762376333253747,0.00910583665705207,0.05636103971349253,0.026891988989318008,0.019704692426588802,0.042572569822093585,0.028978652374856313,0.5575360678078114,0.27450485716226797,0.04169511901235273,0.03982979756841299,0.11449696319096114,0.012088442902434647,0.8791861356890258,0.6957841316173545,0.684444420973138,0.6967644475556702
002347.XSHE,4,1,-0.2778037735739552,0.4727205765987101,0.4658741005556784,0.2214859139429467,0.54061281448808,0.2554282627606748,0.41135640361769504,0.2759952589398282,0.6168485491407601,0.15824021563217233,0.10248468670251476,0.0006068001174972338,0.010907719045260892,0.004917011813641361,0.00011598473886439848,0.0002574392597405636,0.0009672638395828938,0.0011339787429586901,0.6191826033654465,0.022055055942322887,0.15106506997192626,0.003654733459384227,0.0034559571129765846,0.4545454565289256,0.003234684054377969,0.6996237302087076,0.002281838031855324,0.06995568418196617,0.09141160750573274,0.403447852699965,0.06388924800186785,0.8795180722891565,0.11978507176352622,0.7162444474329611,0.08944701027587575,0.03956664802884394,0.30748497857754153,0.18194804375070928,0.139151243835417,0.29685917800948775,0.5682335141976586,0.07526585366360154,0.13811760404802068,0.5218308938587678,0.11947374403411964,0.013365819014189062,0.14373914274464836,0.1605675841408025,0.04068619771682706,0.013365819014189062,0.7075359585499494,0.10854816500383875,0.00020058325208197303,0.009119437540223551,0.05509619814057207,0.023807161303809804,0.027440909109384515,0.03324384764455628,0.029617552052564607,0.6814534237112225,0.2980993188117779,0.0316937247648101,0.04102126406817168,0.1629327215382277,0.014061434467906921,0.8912732030506598,0.6666860156560968,0.7081259423362809,0.4815883082444975
002348.XSHE,4,1,-0.1612707967468607,0.4837850733132482,0.2590204856814074,0.31324223407154417,0.4163505799729008,0.02856151669569984,0.585611587098175,0.462855252003032,0.9419673867321661,0.49642056781334043,0.24048529114803535,0.00037717981590378323,0.010891752104188867,0.004891611881566619,0.00013013068474127703,0.000460954640044284,0.00024563746370086215,0.0010909836205330455,0.6191095179538862,0.02209543311745352,0.15105992976303656,0.0036568596211173643,0.014874546954316453,0.6363636304132232,0.027536345838605834,0.7072267137106346,0.01074554911250941,0.05507823098489644,0.09239950642294348,0.6349801365708987,0.274241540542323,0.05220883534136545,0.174900619407577,0.04196082739023446,0.12001631002488983,0.0845097272396971,0.3064258702529405,0.19706877890610552,0.1531923245904793,0.15561795821410418,0.5179446077121738,0.047031549557737265,0.06790409633613625,0.5217823554237144,0.10811352766363427,0.004846787531245038,0.12443542663735574,0.1418622148930603,0.022063019856293754,0.004846787531245038,0.6961077476959535,0.05433463938086671,0.002048339914908852,0.009111166358695997,0.04921906454491295,0.06328245489369011,0.02814565437570229,0.10220915377746366,0.029374894540041423,0.6280932490466744,0.3143056923882234,0.03565270528710693,0.13950259938147563,0.14638258727263515,0.03204686845725908,0.8140462782803823,0.655983260360002,0.6175124698650429,0.6539952520828411
002349.XSHE,4,1,-0.2278521027647864,0.5159223365324106,0.186377037743579,0.31838744000993024,0.4887443379816424,0.06316630763879699,0.5249651865837526,0.330751059345519,0.8671460273161804,0.4295645397997203,0.19384360039916892,0.0008908233251983504,0.010906907896847154,0.004894863786303994,0.00022014666745826905,0.0004249620433201865,0.0005887826973982906,0.0011205620364687532,0.6179915213360054,0.022707971339224343,0.15105206978688449,0.0035948706233902956,0.018830604601304115,0.363636358677686,0.05146055905816604,0.7159885857681526,0.01012093038400212,0.11300533598625305,0.09150348695038825,0.4957387497371757,0.2099311637706143,0.27710843373493976,0.1498074315733163,0.17823034414366506,0.11321455089401578,0.042053875255392274,0.3077007905115191,0.20592071264452447,0.1441479031968741,0.14383219685725376,0.48214520126558785,0.04499808858676266,0.08984872087064226,0.5223531738435567,0.11891168625861864,0.0185729690364657,0.13544323184019258,0.15334390185335564,0.02495283702804225,0.0185729690364657,0.7021291761755691,0.06287447187114872,0.0005843741900468836,0.009072274615583726,0.05318376506979318,0.023267344301024152,0.07086334205004106,0.023494496895172398,0.029209359677112596,0.6220766807526366,0.2850145793707015,0.04131026281566179,0.050346237159001904,0.18733248467345595,0.02414757432553688,0.8323362116714719,0.7123358100039807,0.6705697982377155,0.6090558289475786
002350.XSHE,4,1,-0.2507866448833984,0.688907636622639,0.3504596071822157,0.37203183840756254,0.5007100770761709,0.05212321778637802,0.3539143703898896,0.24811139036225066,0.8080868399167852,0.27298526423255476,0.16682063914918643,0.0009848735853841323,0.010511560694326107,0.004714131152612504,0.00037518194912150777,0.0005603508620023515,0.0009817736167267155,0.001103897243870137,0.6192844904881997,0.02264059782644905,0.15082439074858037,0.003722655653874759,0.0055153358214987715,0.6363636304132232,0.00462268632417831,0.694954411664622,0.0022803762863094217,0.018495070995749298,0.09126367436748563,0.3283560406842357,0.05715767671590929,0.9678714859437749,0.11421224822155843,0.8147077453113082,0.08092879571592176,0.025918234345156343,0.30688380034469676,0.18144404568381245,0.1386832944675386,0.2231963177385998,0.5237438955526111,0.10246628595303085,0.1271475980073543,0.5135073752726824,0.09977926743105828,0.013938442254877347,0.14566229652472024,0.1595054867299874,0.07028681077582127,0.013938442254877347,0.6832036850721626,0.07486648363914777,0.0003381041827640096,0.008735479692575045,0.049307450428711104,0.027378552471872493,0.04671078229773007,0.029555714518361413,0.02932907018992302,0.6180793109221894,0.2868257345213297,0.041407819518718095,0.021697274365503314,0.13658428649237472,0.02539136806843333,0.9024273551007655,0.690388527707753,0.7212519770908314,0.4630783225907712
002351.XSHE,4,1,0.2277984673224033,0.5823430470519091,0.5458886250530641,0.6137116719165817,0.35731680303991553,0.09112257493486517,0.2755190316794837,0.19843231337755468,0.8376028220689729,0.16007111685167744,0.17964184118261706,0.0010551333724941516,0.011049531300625972,0.004925184933728322,0.0002931675719643435,0.0002900899466002266,0.00039650815792501514,0.00110254321432766,0.6206381126586336,0.0229466381395624,0.1511428714212479,0.00377682134250833,0.0018239222933468197,0.4545454565289256,0.00203751716634339,0.7014273701519893,0.0012374361153056376,0.008184860269512526,0.09134051696217903,0.3359772865031916,0.10883445911953904,0.9076305220883533,0.12002817046159764,0.3992520267447148,0.08812405058957085,0.03678870910005498,0.30697340765313713,0.18186003062700637,0.14092035241786838,0.31831925690703794,0.5564244126030491,0.04750800933697951,0.15423277414842995,0.5562747550033531,0.12115278067161814,0.013532251900787341,0.14074853315538574,0.15893350427216169,0.025815116908770364,0.013532251900787341,0.8730673995678782,0.058558819130332514,0.0008789271476816728,0.00906918344346257,0.05388794991712833,0.03874870911346671,0.03065655765054611,0.1440174333672901,0.02954312783754665,0.6254902460849616,0.3050120370570442,0.06107432298150574,0.035724574622771677,0.20776610870446371,0.01641338158760543,0.9101454318217324,0.7072332050771752,0.7163247630791654,0.4841384348487101
002352.XSHE,4,1,-0.1658864901042759,0.49776154804508793,0.3905912592591023,0.3367863720481291,0.6219812111683128,0.16323746240692572,0.39159303126764755,0.20513092057661528,0.5640216941722379,0.16238695843009257,0.08818173481285452,0.0003036909384898333,0.010804901826927489,0.004812535685989801,0.00024403837609488155,0.0011929833890976774,0.0003599755806167239,0.0011246816681366827,0.6184016203210498,0.02322369737933291,0.15089557404833617,0.003447729266513892,0.00255678938712428,0.2727272717355372,0.00324411747809906,0.7031837624793253,0.0015136898093340363,0.043275752916704345,0.09134051696217903,0.26335789449475194,0.08374713633728065,0.9999999999999998,0.09038923461461937,0.6863316767597544,0.06263455829795518,0.03141305824732228,0.3058236974048702,0.18121080322306848,0.13753811837559174,0.6412034996265422,0.51332052587956,0.07469168283313375,0.25672804542299954,0.5136827800888514,0.11578616460581717,0.04265154205337592,0.133338340132321,0.14624641682925335,0.07088825960747577,0.04265154205337592,0.6938408019846293,0.07043140138810981,0.00039274966419041834,0.009020598168404602,0.043384540860398314,0.01807766935438636,0.054222430132391225,0.024666203209154445,0.029486768559102223,0.5350598718402205,0.28218513610819285,0.04002789632583272,0.023505368536567914,0.10854708162334702,0.013653316982712209,0.9378328670236185,0.7506937994781304,0.7663072036080092,0.22067576677789563
002353.XSHE,4,1,-0.05426322098928489,0.4196529198320627,0.043756424602296506,0.31366402161138773,0.45397772723511276,0.127706719425324,0.5931159965213515,0.8319569368969583,0.4576377905736082,0.5030428654019803,0.7168507033116657,0.0027103295603276268,0.013840700635874982,0.006012615792665141,0.0007542886692283144,0.002930733393390131,0.0021130905252115437,0.001163198324167905,0.6225549032393595,0.02461085914976582,0.1525058554525339,0.005273540096129445,0.09757702652373862,0.5454545434710744,0.1311273415396595,0.704716993720685,0.003564100160804085,0.025413765035723977,0.09139831455274991,0.5567611473794002,0.2401241961048229,0.01606425702811245,0.1729894288300562,0.10178636873664791,0.11836115298816766,0.09268496525622943,0.3230814112643658,0.18365280017738495,0.1517962756429754,0.27238969789325007,0.5154834296153924,0.0590822877516137,0.19889806846385044,0.5033481884765499,0.16330467691599648,0.026973236793939166,0.19825571789888086,0.21860935311506413,0.04382359232743203,0.026973236793939166,0.6329604558196821,0.07188731600250525,0.00037218454562980405,0.009088609164140577,0.05039710326478985,0.01853422753557593,0.0445916043213291,0.02398497269464345,0.029529323730531402,0.698562831889808,0.35754896825086296,0.04270967784919279,0.18265657879464647,0.19028355689821147,0.023479541783812886,0.7937316257402962,0.6417617531290083,0.6074322772125593,0.5436551323977937
002354.XSHE,4,1,-0.1236095893728596,0.528614709165975,0.37395965111564433,0.40969169314053405,0.5687388880669436,0.17859232150385312,0.33148835692690654,0.23503573109636014,0.21411886305817224,0.16586236433561427,0.012047349135954621,0.0003142966325239484,0.010647895765800865,0.0047867248732307395,0.00014763760006579092,0.0019022719876504108,0.0004182336077714524,0.0011424870994221617,0.6172222486606971,0.0221578468568946,0.15083271672688267,0.0035387539152528084,0.001352819273139242,0.4545454565289256,0.0011877360361073487,0.7005112510489927,0.001326276092752398,0.022881432576648278,0.0913039573789911,0.32494151768016843,0.06793133342285351,0.9518072289156625,0.10018169815969671,0.7465729869345928,0.07160862365406245,0.03686091710272847,0.3064258702529405,0.1817125175152588,0.13863389981204033,0.2382994411376564,0.5331386081709183,0.016238323447406187,0.136871747499817,0.5135896376824628,0.10149625036619048,0.019296865142981602,0.15001132011668922,0.1692466576801544,0.022067261011563245,0.019296865142981602,0.6987977008028962,0.08548298061749024,0.00026530190892916627,0.00887417695301003,0.0483077665071851,0.013315232633500193,0.04028216415271494,0.008684830883842632,0.029520065144051963,0.5748999548701936,0.2821646963735823,0.03474423438828689,0.03661556140640587,0.12548655444089782,0.018683226655500387,0.9167708170598345,0.7115756711335197,0.7423391856102113,0.195841828861188
002355.XSHE,4,1,-0.1276991249729418,0.2530443985948613,0.3624988487324411,0.3487754438198298,0.48244149491494537,0.08854357614897956,0.6012460323477853,0.39214482036977566,0.9797872910298147,0.22104366590161584,0.2789895550187726,0.00045906288719935585,0.011402147513283249,0.005055498592552916,0.00018471440770279174,0.003003139356393165,0.0012741316722107484,0.0011316116871414683,0.6196048094832087,0.023582337387183943,0.15126979008840788,0.003844872755424228,0.02819344012260892,0.6363636304132232,0.030722566161900756,0.7182647117502267,0.020762617838698795,0.09717825811702993,0.09189808391683563,0.6832073915119814,0.2507160141089668,0.01606425702811245,0.16157169566941737,0.11383442545367566,0.10108850589091933,0.05894387906228525,0.31896324622491085,0.18453666396587248,0.14773031557985425,0.195304084542774,0.5850217622179912,0.06963981746468094,0.10223186725227983,0.5295573776494197,0.11420129745006102,0.01630178924457289,0.13101581712538787,0.14897596720559372,0.021418629327535674,0.01630178924457289,0.7447068570433654,0.0725690739975352,0.00036353351279471585,0.009052342244255617,0.04347767583646025,0.022236037891833954,0.03413792905952303,0.017517717939486834,0.029413438156787368,0.5512411805602527,0.2862250009879206,0.03342614233642413,0.10062448240693839,0.16682460290317677,0.010693605311957887,0.844230659982105,0.6201627526425195,0.6325713667077708,0.665130248018373
002356.XSHE,4,1,-0.1204606855849907,0.30440240323982803,0.4370260350557001,0.24287861673519087,0.6165429987403341,0.0496389474011516,0.36491047949084787,0.3690952721135114,0.6642891830349185,0.3175781212234882,0.1163236882560934,0.0008015635735911878,0.010489592606819587,0.004710953540191957,0.00017237630034895056,0.0004831845838488522,0.000851319456952727,0.0011075165438750624,0.6191681594249568,0.0219092541872053,0.15080750803926068,0.0035443274535650548,0.004480292746793735,0.4545454565289256,0.006528226514186847,0.7041604100078579,0.002937168707636268,0.029619245726688975,0.09108987356040632,0.19913153845806947,0.06524597637342591,0.4899598393574297,0.07782254717366469,0.7989198223178546,0.06626158541925753,0.04090457796533383,0.29956648822083265,0.17977248330283102,0.1322008958630676,0.7601203374026834,0.46309640046421235,0.20619920878822376,0.32314904587836946,0.4739347399335541,0.09655905409975803,0.02204234285866149,0.15793574115465295,0.1742837033549829,0.05476550785051094,0.02204234285866149,0.6376497615617154,0.08475600168589792,0.0002688028605901829,0.008514546561414621,0.054202577279603856,0.02599897253795312,0.028753588390335573,0.03258791743498292,0.02982361792045087,0.6083292768253454,0.277912842246323,0.05351443005581702,0.0379576285460472,0.180406169250646,0.01842346114733505,0.9509522659811678,0.7960091327230114,0.7983222123349343,0.25853200426854644
002357.XSHE,4,1,-0.2451326713064098,0.4861440324061246,0.31058816803954215,0.532988407217277,0.4034670484950461,0.07816268120422215,0.2848965914133398,0.23268663801924974,0.612607454385948,0.06486173979121265,0.10129612454649639,0.0009433126681657914,0.011138911949685746,0.004978275705166378,0.0001394617704718958,0.00027307055319879497,0.0011820193923854003,0.0011138401832832064,0.6173429433833262,0.02282254857155034,0.15117589757247019,0.0037246358566581836,0.0033512267545488016,0.5454545434710744,0.004048698397281977,0.7025842346249268,0.0017253957102859904,0.017183684543727956,0.09136743596738288,0.44846131341056206,0.1007918951559161,0.9558232931726907,0.12072782037312024,0.5787286507839552,0.08768617106621143,0.03434335086762882,0.3064258702529405,0.18210281941173287,0.14018723174152556,0.113886086378301,0.5390895711623824,0.08571878664733673,0.0948111439284714,0.537457780795449,0.12969504927883757,0.01060865928520277,0.14975142600448382,0.16776812327563598,0.033449991610464726,0.01060865928520277,0.7705208249345332,0.05828401323055895,0.0009104505362668949,0.009079665738352173,0.07004752786002208,0.02510799070730891,0.04337933900085615,0.009873954995696307,0.029336513020072154,0.7791561280622015,0.29599917104153156,0.029769841905653637,0.02789612452291758,0.14532579989360084,0.010826852904229228,0.9002952308588146,0.6970252310822165,0.702182127362937,0.5190974421842282
002358.XSHE,4,1,-0.2114504281120591,0.7429911224774151,0.16565591550384223,0.32190729421522457,0.39764082220154817,0.17758538029837279,0.5775366561138823,0.4474086962066206,0.9993729906501843,0.3220719405542009,0.32593437203395914,0.0006162117954945026,0.01146802994280015,0.0051371984644181705,0.0003041223588398705,0.0019376926055347096,0.0007994431314410105,0.0011470884504995297,0.6187677614834446,0.022221591395877663,0.15132567472201422,0.003967016842455877,0.013849497760407383,0.8181818152066116,0.017248725646907145,0.7021106020557988,0.0030558097867156636,0.06633806638328661,0.09142619937322702,0.8335883304928033,0.13607115328233962,0.2329317269076305,0.1720479978285818,0.28707965001503954,0.12649515676207065,0.04234236825569458,0.333934987587773,0.18459101833330332,0.14336798758374342,0.12344269444867806,0.48363551767663815,0.025741725063471197,0.09564586067744746,0.5122835563183954,0.12418900667907058,0.0131209263709707,0.14805316051053583,0.16459734366360185,0.046275510217605724,0.0131209263709707,0.6417150729687758,0.07695367819133862,0.00031898766286180403,0.009107805959876572,0.045948918763610756,0.015026209448697243,0.043111029572881314,0.018305460097243147,0.029609808185544508,0.6631154203115177,0.3295369932916792,0.035436670042869045,0.04679837058560249,0.13518249354005168,0.030388526649518452,0.8326912698299982,0.575820397151829,0.6204117629973092,0.6340517246386083
002359.XSHE,4,1,-0.1390434471083435,0.3466857987681798,0.2989181790176061,0.24149213628306013,0.4333661832792939,0.15416233700026247,0.525935114669862,0.5021956444028979,0.8828634129506412,0.418354451184024,0.20211655317878263,0.0005925963639479737,0.010791382978429633,0.004808800971412239,0.00018962853508178664,0.001348855097994537,0.0009342478544372036,0.0011310212847386947,0.618867163444045,0.023631254957333935,0.15086141332740916,0.003572434055537063,0.0,0.0,0.0,0.6932108127324392,9.97194518791109e-05,0.0,0.09134051696217903,0.98875049135293,0.2800425243003293,0.0,0.13305799715660166,0.3190692116509718,0.14309648260487465,0.06451437311074958,0.4746484828936089,0.19864861145442253,0.2712494508094224,0.29780681170695555,0.6094310081100471,0.08785757299082927,0.13847226875095373,0.5019170875204592,0.10242576059263066,0.016182759553825653,0.13223916763506982,0.14993707885506574,0.0247262002933289,0.016182759553825653,0.6473555610865915,0.07789764758795129,0.00031133609310051433,0.00893719162761643,0.049048624900335014,0.02394129635195289,0.04266858921988236,0.020448690297001523,0.029665004181238682,0.5684742244492667,0.27764829368122157,0.048699823541561,0.09294345806694748,0.13453214457617674,0.028299186456900164,0.7639386956583489,0.47839270708947,0.5354278833839872,0.6744550708193179
002360.XSHE,4,1,-0.2062855884634993,0.7557397775334298,0.3390347984514259,0.39130515620216266,0.48794507288425026,0.08520964262806954,0.44601113449268953,0.3087577876347303,0.6012707916388216,0.14665598044769967,0.09815553765609764,0.0004826425670113179,0.010846035843108406,0.00485894192321161,0.00016180176122734761,0.0007049713312788295,0.0003830964110088954,0.0011150396118427659,0.6177021579677261,0.023596483660851708,0.1509899147354797,0.0036866109921217336,0.006380780547692648,0.5454545434710744,0.009233684962041336,0.7052254542023192,0.0032129488598641137,0.052093696300985794,0.09108227393859712,0.36500697168352636,0.12200648061554431,0.6987951807228915,0.11139388445367354,0.4216871180444698,0.08499670359929962,0.041603785687393896,0.30787575591476624,0.18493755103347448,0.14074097182684833,0.1737595478925778,0.5091198076891763,0.04801969901425871,0.1053642446034435,0.5159188402036029,0.11525665709480012,0.009083532553259903,0.14871605234313362,0.1663428907938635,0.03645299461346773,0.009083532553259903,0.672297806554745,0.06366426477281997,0.0005531686861018811,0.008996272631482755,0.049341353670705315,0.027506979873467584,0.06971010572749406,0.01874692939186595,0.02996095339286957,0.6676045608825483,0.31483926679362667,0.03479542992305476,0.04577342035803163,0.1374723710543649,0.018111503260154333,0.8968831219553763,0.7406627305293889,0.719595049549395,0.5318543824287572
002361.XSHE,4,1,-0.3137428860610553,0.682387896494468,0.21851915762149704,0.32612871107075425,0.44485864910657336,0.18089762029241427,0.6790716781413179,0.5874229618947092,0.721840562235947,0.4774699957654729,0.1346991934853603,0.00023753941389036197,0.010825477500758048,0.004842647621856525,0.00018789747243621124,0.0004850181953917971,0.0008809039423772989,0.0011366965554364292,0.6180738794106239,0.02254596118969599,0.15095689327235806,0.0035598578893091593,0.017609470665597732,0.4545454565289256,0.0109968589021337,0.69413463120918,0.005551341975489742,0.1142715022157909,0.09086072118106285,0.2901918600911688,0.08320009327540104,0.2289156626506024,0.06247702420841397,0.8375575788497883,0.03038637284306609,0.05712180414782701,0.2989576948934822,0.1739784414210663,0.13843242161198158,0.06547528902223927,0.5293862815303891,0.02568926275408835,0.05083708612224307,0.517812521679698,0.10718941347034383,0.011707484596365265,0.1242435341485227,0.14213129596819168,0.017562093826547883,0.011707484596365265,0.6667414525045661,0.07159805803875754,0.00037603272037743326,0.009084829846385353,0.04239910421566366,0.017239095070094718,0.06493725559315922,0.01877816602656667,0.029642960381768807,0.5405508497598807,0.2859542231703664,0.03915114537110628,0.07215799275014086,0.2110162702031717,0.035757612011724595,0.9275876638593403,0.7816908805448679,0.8175372907716398,0.3816983025307609
002362.XSHE,4,1,-0.1594482626083481,0.7249264259308613,0.32803302100017884,0.28581860692181327,0.1035689418388781,0.12227339484171318,0.5716170288049169,0.09839403823959286,0.8008512047097711,0.33410805198220334,0.16384810437662822,0.0017543245021025195,0.01024520780145648,0.00459283731754495,0.00012873404651482027,0.00031562592846950163,0.0004253318334614378,0.0011141512861493554,0.6185118706854563,0.022626301264702057,0.15065109788669634,0.0030357212833221183,0.008877566130962772,0.5454545434710744,0.009293749624278307,0.6969453371672247,0.004223457476851732,0.05923849145337795,0.09134051696217903,0.35196710397396996,0.13458054462951713,0.8714859437751002,0.10451333485297468,0.4075612437750167,0.0716431599967712,0.037689325922682405,0.3043308030788783,0.1817775789474765,0.14077086859201832,0.40641344316222705,0.5318427242963106,0.03386259909866109,0.1199390200744395,0.5251424275865967,0.08618979310738575,0.007428451095358557,0.07940433397186988,0.092937981577771,0.02877729879230453,0.007428451095358557,0.7556723305253589,0.07910902558534194,0.00030228471914955403,0.009196179760663956,0.08955679887963636,0.02316047317053812,0.03300219820662699,0.052365655771972656,0.03173718535282302,0.7030175984068181,0.2858646776663586,0.04144884257141497,0.039807903265941344,0.1290178345239905,0.0,0.9130489199130818,0.7314802529742166,0.7364481810764352,0.327717881650499
002363.XSHE,4,1,-0.2092894447655087,0.3504592704503751,0.47959276358204583,0.3543964445187363,0.5431981804640619,0.15322282650746508,0.41966998414389245,0.22464061404387922,0.7699437711363184,0.11173331373978343,0.15178539563850546,0.000504742847233774,0.010980096475714154,0.004921411345372162,0.0003519124713066049,0.002308115146858595,0.0013126426603609351,0.0011691298473799478,0.6173741732558413,0.02242304060301859,0.15100491222179652,0.0036529993332976443,0.005679007492411905,0.5454545434710744,0.006177995581409223,0.703295861285212,0.0044753106039867475,0.025006783033372525,0.09134051696217903,0.4120519679967155,0.15792659674233536,0.9718875502008031,0.11788046922660354,0.40423714632701596,0.06921501323745151,0.03683761800818552,0.30686320286767216,0.1812171439245582,0.14072797323329614,0.34678626979413163,0.5340862009385163,0.038643554930606394,0.1701476594518198,0.5167967073838161,0.12016461034287265,0.033368126365258585,0.15161268656036536,0.1695470994041169,0.035478854262506826,0.033368126365258585,0.7042395390387917,0.07480770418650244,0.00033869218699488163,0.00906688624335586,0.04477430994370214,0.014389512374017088,0.05475770951968686,0.009320829890685861,0.029552942184403255,0.5710079248827125,0.27928366711419955,0.038249011961116415,0.03303171973148761,0.08712831547347621,0.009488245498594245,0.9122926460354206,0.6941477599398529,0.7070789753718514,0.49430807820822487
002364.XSHE,4,1,-0.1022741535317046,0.5090764721236299,0.19085295428488547,0.32471460725329365,0.5056470979622166,0.16598368212908948,0.7253713465593241,0.6537312946066136,0.9315207435593231,0.5031161478565365,0.23252449969484085,0.0006664271596644,0.010793493686181942,0.004793196558094037,0.00013350497286832263,0.00020990287632973625,0.0003698024654866833,0.0011006333686299939,0.6188214388630685,0.02391009322807689,0.15092424293974102,0.0037945724458523806,0.018486332126870515,0.6363636304132232,0.02556673327506258,0.703514888644584,0.006254083326738221,0.16609387718187574,0.09113121563770382,0.41225946476628844,0.13876906759720975,0.08032128514056225,0.13012500148230913,0.2874943922537647,0.09732524985242001,0.07159485273935846,0.31115550627318195,0.1829317197243699,0.14220201374211308,0.2528729524328945,0.47697859681689236,0.09282440569949071,0.17532220044546412,0.5077710476143982,0.11267543852778113,0.01088458803032274,0.18184383282313843,0.19814585893672698,0.07123815491720867,0.01088458803032274,0.6439983780821407,0.06578896006053596,0.0004863910879693811,0.008997834255997353,0.057878770449459355,0.05351276303656991,0.03161598671542702,0.09782242123781337,0.029820595292321124,0.7078848535720741,0.33683903981524044,0.030157411847561617,0.1096012701169366,0.1780315840806607,0.02808099539391039,0.8593463734359688,0.7229197072221485,0.6982530306591008,0.466465236456885
002365.XSHE,4,1,-0.2266615463481366,0.6380340138015482,0.4658423414506076,0.3671175354716769,0.43237566964155105,0.05191387525209684,0.4998092046631126,0.3373016229281452,0.7247415781842899,0.15979790284564083,0.13567994925910243,0.00036498006813452444,0.010727823097654613,0.004806178995115066,0.00016499822690215255,0.00022510566638078426,0.00039427767171961966,0.0011098885222637377,0.6184142118888295,0.022599665551800947,0.15093531693004303,0.0037589409556591236,0.007123572826732353,0.6363636304132232,0.008641334259199225,0.7000504097061006,0.0036698626385169,0.04730035271773537,0.09118755982746161,0.39105905222906656,0.03388169156114682,0.9156626506024095,0.0729487147391597,0.9148320653239558,0.05267201267234679,0.03639907537627757,0.30794665353179157,0.17910261470083338,0.13384001850999722,0.3015115200294096,0.5318427242963106,0.048518491707147955,0.16408041658359218,0.5245753830401167,0.11085610502838922,0.01318692667732178,0.1553966571237287,0.17041281542572737,0.06569257933014663,0.01318692667732178,0.7238754956022422,0.0719449050835133,0.0003714314225637922,0.009067314483786303,0.04757284447936492,0.03855297860013768,0.04253930740048117,0.06485119489222932,0.02950416740051783,0.6048392015018136,0.30789734892748827,0.025001718434471257,0.03450133870671468,0.11288870522369154,0.01458889154752647,0.8944429847609039,0.7014478572376279,0.7773564678265599,0.14065468740743728
002366.XSHE,4,1,-0.2079784750334864,0.5301821844365179,0.5144725183170638,0.40376630420443554,0.4858346519284924,0.07012559105821745,0.298191152482556,0.18662180407636636,0.3637343587951234,0.09938144967776985,0.04152016693177041,0.0006198956674198364,0.010665066500708746,0.004786765430521518,0.0001371817988103842,0.00025401977818848416,0.0007573397197329255,0.0011124601022821032,0.6186315531547962,0.0220796713302423,0.15091002785891786,0.0035234286310301477,0.001814116341612406,0.7272727282644629,0.002357182078020106,0.6968765476500999,0.0025185245496975994,0.016731482318893008,0.09135118431518771,0.3553896988060441,0.11073505790611723,0.8915662650602408,0.1221422726895412,0.4250101889027706,0.08278916194764065,0.038558476527206224,0.30730454138786584,0.18172716801825037,0.13992985958919243,0.3264196329734982,0.5123404671916295,0.08178251042861452,0.15231816680025392,0.5286353882689387,0.11065732212977598,0.02222432448451173,0.1361268243589072,0.15059959352462415,0.05791986708219385,0.02222432448451173,0.7391166156603882,0.071864617629857,0.00037248256248000966,0.009124402332768297,0.05076740054213526,0.02600446601389894,0.04241099554113979,0.03264849342600867,0.02944039117292223,0.5558972016193506,0.27750910882173113,0.0259429086506235,0.03810794056047352,0.1245588076962051,0.011342495663097444,0.9169359191035491,0.687110256070055,0.701096872829821,0.5009477933093126
002367.XSHE,4,1,-0.1715327791203967,0.4673343291596093,0.2568430814377558,0.4003716405073987,0.4223844379859054,0.12538352347709633,0.493824114458972,0.44396210156708205,0.9954655983504561,0.25197852959431677,0.3089385204818036,0.0016534486237257699,0.011368520128714317,0.005107093979742641,0.0006553868236989377,0.0002914608466263071,0.0023492370526771566,0.0011225484661451864,0.6195942556694036,0.02179183067026038,0.15137369589926492,0.0040002805446755375,0.016068355719026425,0.6363636304132232,0.024690498421286476,0.7077256246058856,0.007093028264914917,0.04883784028217419,0.09130491530169958,0.6418809649228182,0.24580971259902437,0.0,0.19475631496631532,0.06647270965271496,0.14448495929217436,0.06659196984341778,0.3354622385844738,0.18954255645173468,0.15068099631619858,0.20900741529406716,0.5157416492727734,0.0817871737450041,0.11732417095135195,0.5089839062768988,0.1239404410230113,0.022900612806502223,0.1463702965358929,0.16444073607411802,0.030672299981153364,0.022900612806502223,0.6441444441717878,0.06984375864319689,0.00040197696587782126,0.009111132088495098,0.049021449539047815,0.021836652552895373,0.051307284455475506,0.01951699947732915,0.02974153293003783,0.617502713887007,0.29620698871512524,0.05558329515944228,0.11507820615980324,0.2218104796828292,0.015604474487049113,0.7694509735694706,0.6109553978152231,0.5930876415649846,0.5300018607937593
002368.XSHE,4,1,-0.1129910063618072,0.4081879746623202,0.1756596101463988,0.29180579428419445,0.36751115268203505,0.1250890338498562,0.33958317537302457,0.4609310514339802,0.9974146841374538,0.2422781755569176,0.3155996185397626,0.0023557448819062363,0.010846029223906263,0.004869489484343425,0.000994421648429946,0.0002042891520726627,0.0034098799183097115,0.001174155977348292,0.6198801983296018,0.022143958772282046,0.151035837085485,0.0038909346736109188,0.014936115078481402,0.6363636304132232,0.011753330740536033,0.7010516633393686,0.0026930272997337714,0.02369539658135118,0.09150372230192969,0.6667165821284146,0.16085208128758716,0.04417670682730923,0.14188201873375222,0.23639383676607817,0.10048252887540182,0.04871183351997793,0.3070940015245459,0.18214477343055704,0.1422397096634144,0.2162567728233792,0.5318427242963106,0.055145683643457837,0.1375149650768657,0.45157076638856697,0.11451600802860107,0.05846825155102255,0.15776911759918819,0.17477202946525816,0.04844247548811058,0.05846825155102255,0.5128415463374221,0.06766669828450009,0.00044202240107591806,0.009107961135346248,0.04783681485769344,0.015472947907777024,0.07267388797312341,0.017005237622772004,0.029219776097711134,0.5413347999596382,0.27871485849961064,0.07749313154335565,0.07985404622996398,0.24443929865227745,0.012508972901836453,0.8782807373847836,0.6521963867144316,0.643542735527959,0.37718148377659994
002369.XSHE,4,1,-0.1001108948558883,0.6277564904713075,0.3193111238382783,0.34329840335177664,0.4365166017608574,0.18886727972573597,0.662139161685479,0.25596319870219986,0.9358022338744876,0.5091214419821454,0.23570213033164544,0.0006183649229434487,0.010742192189574628,0.0048143183264299765,0.0004754275716425336,0.0011559742579839456,0.0012421725793009591,0.0011377032048242534,0.6183379343279131,0.022539833701445775,0.1509342834678471,0.0036299398767656505,0.020945291879646163,0.363636358677686,0.02416616513724579,0.702807130117914,0.00792832039502555,0.10115763769557747,0.09019570059764218,0.1287957238591234,0.08499526769410984,0.9638554216867469,0.01410828894091977,0.9189866738391067,0.00647412189550732,0.02352320281074872,0.2476394445140117,0.167419704892142,0.12372451300769255,0.33380392967672323,0.5592276890275442,0.04984458587327721,0.15315433866838585,0.5167728998635625,0.1074531228323395,0.027725141089976035,0.13452765067391176,0.150756201114108,0.040196079210996674,0.027725141089976035,0.6983244466724392,0.07142456309408145,0.00037839451678305254,0.00906517986151266,0.043837155736982596,0.016930004057033717,0.06446497742117735,0.015689181675670787,0.02937465071379752,0.5277515044192836,0.2813893491073579,0.03288737453600238,0.02138277569864368,0.13389889547550288,0.031109050666985705,1.0,0.9795840520100842,0.9394567918186068,0.2807947227493832
002370.XSHE,4,1,-0.1457134374395014,0.4031915859543391,0.25504572781811763,0.24506298747050187,0.21559996288708388,0.10771468818086039,0.587636379305273,0.23965678066330506,0.7828479572579845,0.3663619998569155,0.15670408235637978,0.0005828845221868032,0.010409619971070665,0.004677771751349079,5.4190385930443115e-05,0.0003126640619627086,0.0003289027317083735,0.0011045861727241848,0.6181963834519256,0.022396391694091012,0.15075875204335837,0.0035565850517196825,0.010384406784394949,0.7272727282644629,0.010774310565161167,0.7028134077608573,0.006218059598972574,0.09035000452202224,0.0919016380842282,0.726430349994224,0.3174401376949568,0.0642570281124498,0.19461928372187398,0.037806218875083536,0.14036322598031012,0.046559704141950514,0.3214127565980666,0.18561982399868426,0.15494713472002328,0.17701741109855385,0.4965620299100583,0.05294904303100701,0.09604513988280086,0.517305618221481,0.09438758592094881,0.007271122404769649,0.1310624915601632,0.14709695563846156,0.03971232243807051,0.007271122404769649,0.6907628973435838,0.06766532448575019,0.0004420511218708083,0.00915856533647962,0.06166353314523409,0.03395019535464392,0.029894630929273466,0.057865748425659926,0.029007523309155517,0.569694503366994,0.2434862945739513,0.04705987643196778,0.05455513849177118,0.1679935685514516,0.02773628641502662,0.786942913749272,0.5811468975277521,0.5814970703408651,0.6868806050088494
002371.XSHE,4,1,-0.08962135775048288,0.45259872809569507,0.18406391625759166,0.321607686945109,0.3697713627043613,0.25307776912447094,0.3359369335439747,0.5033875054485731,0.9886014266658121,0.24442772977143218,0.38251779116271734,0.0015556416096802232,0.010891952519043187,0.004858483240714183,0.00023565868580544233,0.0011524768874213403,0.0014876571354795766,0.0011923793094971396,0.6196854729607827,0.023935439062713976,0.15098220403056298,0.004073161719012626,0.008788472607099139,0.7272727282644629,0.008755734485361051,0.7026858924988671,0.0010248738671836792,0.015827077869223116,0.09136634606931783,0.7039263406426022,0.12634048704441425,0.06024096385542168,0.1459112643635755,0.42085558038761967,0.10908781953534726,0.056221919829795866,0.30644742349861537,0.18210566298398773,0.14083326184106879,0.5043053728254242,0.5882409140151659,0.11419758697422065,0.2751578708191338,0.5149543746740015,0.11486779457684743,0.02134332473494872,0.19532086703035656,0.21281727606155865,0.06895190715474941,0.02134332473494872,0.7091742358114322,0.09283978426875918,0.0002368079980243248,0.009021870826585215,0.05805541029782612,0.020721712523555286,0.028764211762419275,0.022118921173873124,0.029772105199413215,0.6836001388268247,0.3146494692579579,0.0527198958311836,0.0813093576289996,0.12777666945331104,0.01730065203086678,0.8504282001391827,0.6432046349122111,0.6486402632072308,0.5121346040083566
002372.XSHE,4,1,-0.2613701509445756,0.5772603717032375,0.3023176736243808,0.44548714778659815,0.6277711604222513,0.017296068192878544,0.45443119580407704,0.3148521276964139,0.9936363819979821,0.12094505362767483,0.3039227068678654,0.0016370739640597562,0.011248050397771117,0.004993822294818938,0.0007996900479063346,0.00020887854687739584,0.0009481669851635931,0.0010953667473989337,0.619696033274863,0.023619010610965937,0.1512120557868396,0.003981528974731743,0.010316814826114778,0.7272727282644629,0.012284420640056293,0.7040321942454484,0.006441962400192328,0.023604956136384192,0.09150042505826836,0.6486748176926685,0.27639495324585106,0.14859437751004015,0.164284650787732,0.11300391438652539,0.1136059092084147,0.04941903038514303,0.30834046145844185,0.1874506250184264,0.14431558505369718,0.38119930169782623,0.46900167998573505,0.09903761900974696,0.19848215148097909,0.5299342029194042,0.12544784899323075,0.024323793002007564,0.16225850385099327,0.1762795766625455,0.07973239370538336,0.024323793002007564,0.729305648550966,0.059451790954901294,0.0007916127400157802,0.009083811884337828,0.0490139301429635,0.029967810801004694,0.06935399181981873,0.04161104087703865,0.02960183275170059,0.6696137797820685,0.30658141934685124,0.037405207823321206,0.06614905814297968,0.17410170301970918,0.013989053059759527,0.8420319623354307,0.6513035690593076,0.6377401884804588,0.6404648790620298
002373.XSHE,4,1,-0.06331448948822785,0.49362724132000524,0.5153626201685138,0.1582716131142281,0.8120777465438596,0.0831641238237589,0.3477906894361532,0.22289487199265795,0.14758122800747142,0.17679343822327748,0.0,0.0018690901973934105,0.013684344003226122,0.004438737018505312,0.0002682284827514135,0.0007240329618653767,0.0007935212298654608,0.001126978032259205,0.6178647253234784,0.02131002055086781,0.15041573465721492,0.003422860708223066,0.004051844464214016,0.5454545434710744,0.006211086932123544,0.703918011454153,0.004092487324532881,0.04815953694492176,0.09091419033112305,0.543317860409413,0.14508526587384796,0.6064257028112449,0.15642380074602968,0.3464894225330279,0.1100045031035681,0.04274766607569407,0.29991252972175936,0.18354867421064988,0.14142079826962722,0.5718785795413696,0.503290365743167,0.08474411708975395,0.22822077858539022,0.47650173662410805,0.0,0.019694176348604042,0.12871083618790052,0.14563460467037204,0.029701075424440237,0.019694176348604042,0.6710568290571025,0.0714077493327789,0.000378625621387098,0.009127629214885018,0.07072598845759508,0.016626106681075493,0.04858026484158982,0.01586086580909945,0.028808694585592525,0.5513853298190483,0.24933497863463747,0.0396183970475752,0.04903777426891687,0.08364960163652024,0.013509900101692889,0.8220430756557924,0.7065172924682681,0.6687491583336194,0.6726743277756345
002374.XSHE,4,1,-0.3341763225935631,0.6629024119665452,0.37886368039330465,0.35493651672550497,0.492700875747796,0.12621275854164543,0.5477661615665685,0.2467995187116688,0.6622931154549023,0.29849567942889954,0.11571969448847774,0.0004951075397509843,0.010847594546973462,0.004856775444715705,0.00022339193155757688,0.0015186712023499268,0.0003930232359718075,0.0011193837864732282,0.618021077181967,0.022659888217808708,0.15095085750546483,0.003568822965741018,0.006342884510028563,0.7272727282644629,0.008704223179162045,0.7059359272653383,0.00322885382665259,0.06272044858460703,0.09132078607323565,0.4174872601892027,0.20999977876881384,0.5983935742971886,0.14842262543958698,0.11715852290167629,0.10745775317570933,0.0316140108946123,0.3077032981801642,0.18533711342521678,0.1448732247170856,0.4549232710576163,0.6205716434409694,0.10860372037195633,0.21207400768972817,0.5277013947593585,0.12021561155941703,0.030206392532709788,0.15127878684268567,0.17011732096989596,0.026680577655950593,0.030206392532709788,0.7270819384021773,0.0650382410895457,0.0005075839463408949,0.009065993299001216,0.0480904955361171,0.021786086873721522,0.056893053497084754,0.01701337440425948,0.029621348386317466,0.5831003844349848,0.28800364722731114,0.03272335545008602,0.029788621023849323,0.12032144576176725,0.025487079021355507,0.8206379329934244,0.7148207730750524,0.6811398077171893,0.5600057353395891
002375.XSHE,4,1,-0.0864983040177115,0.7778346485182329,0.15966254892225468,0.325152508422913,0.420756652114057,0.35518612684494405,0.6730265112295797,0.27590016656739075,0.803808423176865,0.3628256863704302,0.5418045454483851,0.0029760238215874647,0.013615085906587226,0.006052256510502862,0.0023648095210980938,0.0011507702713859582,0.012076148645014346,0.0013842587237779874,0.6264370986009338,0.02290955170687078,0.15254024000752842,0.005443911025604849,0.05152245504345955,0.6363636304132232,0.04478398858906144,0.700222598995409,0.0066580520700395916,0.05241023785837026,0.09131535852835106,0.26529015308941056,0.2160916398734591,0.6546184738955823,0.12054533164855173,0.12255941131240254,0.07228277338515487,0.03213924514280198,0.3115048253570538,0.18195826202528262,0.14787849954634907,0.21183131540494113,0.5666470564466763,0.09434231518430101,0.15921930276510526,0.48587298683929914,0.14501369112862558,0.0674109452608476,0.17984098270673035,0.19825014287682413,0.04991177071678439,0.0674109452608476,0.6365770521993463,0.07749041874044593,0.0003145686751834701,0.009100454042217954,0.0425663777987324,0.016446610299391443,0.06215813526748912,0.016136978491474354,0.02952003381442286,0.5536551262248529,0.2861342874990778,0.0368170401099668,0.031766241418288994,0.10446053098241881,0.029947059879164923,0.8529810682989873,0.7280748308345495,0.7038482967312978,0.5264404398412303
002376.XSHE,4,1,-0.3171192515029619,0.6044657650889351,0.1744667381599409,0.35158665246070175,0.4452164042432434,0.03661614244258987,0.38688798925745604,0.23889201079325914,0.9981909814277021,0.2942435568480423,0.35512077842463785,0.0016924229509588493,0.011092463202613003,0.004850760712575275,0.00022611511708259374,0.00039225677497638494,0.0005192234342976166,0.001100082538409602,0.6190582305156125,0.022529183575033068,0.1510026444529558,0.0040242453361732594,0.014858910652714379,0.5454545434710744,0.021738204820266418,0.7071771228908021,0.004678577895698051,0.034683910644840374,0.0915413000463203,0.5882734497264345,0.25682248230473403,0.3132530120481927,0.18156442247259702,0.07353564678744152,0.13475213498660527,0.03955663874703,0.30582374453971756,0.18904037652128877,0.144756237375116,0.20643656639059693,0.49998235984824035,0.06592042189023377,0.13372481895709468,0.5169355778940309,0.11423906968210924,0.00906119147001893,0.1573692523911968,0.16947026301941387,0.09466179039839556,0.00906119147001893,0.6742831368452296,0.06814959784830363,0.00043223375711419,0.009116540200358684,0.06431524157840829,0.038834987740553474,0.04284045690476691,0.0511228015189024,0.029581411282155242,0.7378340797677645,0.3463769986410497,0.0364532276261863,0.042241613729665554,0.15130988118761718,0.025601333971406355,0.7715138614705088,0.6752106275706522,0.6239130951406473,0.6467481654745779
002377.XSHE,4,1,-0.2599381936070286,0.750795160809863,0.3869563238200698,0.3725118829165953,0.42940897681195034,0.18009260966620166,0.4841134397395406,0.23716184263733112,0.5716946552282832,0.33630633226148876,0.09019519795590802,0.000808370052321683,0.01060898815161959,0.004763063574810029,0.00040074637338162467,0.0019778915515640625,0.001552130423550347,0.0011713676343722,0.6192563066939845,0.022254886570176838,0.15077853427834245,0.0035441082197783637,0.0038431303443950404,0.4545454565289256,0.0033001092769394907,0.6889711320545617,0.0024709965571901773,0.018766392330650264,0.09122842777646492,0.2833316005150195,0.07364092703616329,0.9598393574297187,0.10058554504836278,0.6638965854599994,0.06406659513272445,0.0343429573734242,0.30610809672410016,0.18108463350546536,0.13901865818118478,0.17975105654716259,0.5517428871993209,0.05743245741800113,0.09474489482426196,0.4813488353345033,0.09618411682864339,0.009225558011006092,0.12893990115722578,0.14730351107060252,0.01619988776842868,0.009225558011006092,0.5942120435580766,0.08762587826249381,0.0002558030464642703,0.009423774470556074,0.046279508352861765,0.01666002059593013,0.04304294761439709,0.017237830259931444,0.029193967294117502,0.5218835207458504,0.2731640105718201,0.04544644927563315,0.0348867567714109,0.20217033680397223,0.03076703355865287,0.9267515018960106,0.7228229622749991,0.7561042266835307,0.3901178922110274
002378.XSHE,4,1,-0.2620939993362534,0.7485075843015578,0.10370512306123891,0.35883034879987985,0.590352982281926,0.12353071550313433,0.5895327316547487,0.15719080641813055,0.94769389649428,0.2928788403196584,0.4370312780228035,0.0015426594827098947,0.011393195015864499,0.005097759861851877,0.0005394356182302577,0.0021778674181589424,0.0017987334613928823,0.0011886983047472936,0.6177390876764377,0.022114348488404392,0.15112769370449328,0.00400459086925278,0.017059480069432448,0.4545454565289256,0.01830606858847505,0.7031958289434782,0.008669759581834292,0.016731482318893008,0.09121859239595757,0.4112480763066444,0.11612467456413395,0.9598393574297187,0.11397903158438422,0.5670963628953525,0.0774142808958311,0.031180224699574564,0.30065757555754563,0.18323022691471405,0.13882367927790212,0.1304663750660103,0.5316811094780988,0.02509698514045162,0.09306846028131462,0.5424140809478171,0.11218735862610729,0.020755336884815408,0.1427270540921458,0.1567821414018115,0.06630834206083565,0.020755336884815408,0.8047400198883589,0.05969645547276016,0.000771026415420229,0.009100650616090316,0.0488739638404115,0.014529173023696329,0.0657526224948703,0.010556300405747652,0.02907967816930004,0.5758080952006059,0.2849248392025545,0.036524508125554425,0.02902642304204221,0.16726547854283833,0.025470030507866243,0.9097504296203718,0.7466332758391938,0.734379332106371,0.5391955128870742
002379.XSHE,4,1,-0.3206556904601126,0.5025382980313114,0.42309373911588993,0.42355844546324295,0.4807155771434589,0.39335480269375755,0.7845185224775966,0.2126961692431692,0.9256300170627334,0.41829354360306037,0.22832229324281406,0.0006230099386335639,0.01146012873270265,0.005131553221436607,0.0006026773830338438,0.013579929490914574,0.0032134461470014236,0.0013360497222479483,0.6135648364338827,0.022152786114230504,0.1509173625685789,0.0035747932079231897,0.027053581604279158,0.6363636304132232,0.02874894348671913,0.7099924937754161,0.010583691114911533,0.10943293841005697,0.09134596018041649,0.4552175868443221,0.19848928264058874,0.10441767068273092,0.13541519808261665,0.26464455871528453,0.10159892539422366,0.0428084681948151,0.286065367783705,0.18625900281310687,0.1423203009434379,0.48014771813911794,0.612891945577066,0.17853765465861485,0.19870558090910023,0.5728882287911529,0.10673632075135062,0.04568299381808724,0.1303904632330624,0.14923068163767766,0.012652956602113631,0.04568299381808724,0.7789178722961707,0.08779494985941935,0.00025510139435684317,0.009051294946916122,0.042458995545879126,0.016604100651701866,0.04479441835097921,0.005246062726839679,0.030140449010959167,0.5387778138766948,0.2739469497394713,0.04600417266764567,0.04786360468043286,0.15160659548056948,0.03033947478614584,0.8736134978909547,0.7330668701074701,0.6723759152709308,0.6454643143972645
002380.XSHE,4,1,-0.1778070199056004,0.5301441398722134,0.4475990645884919,0.34547533702719113,0.5078451187738695,0.09032768795452456,0.382013075177506,0.2883730244742849,0.6201214676936506,0.1600394062380964,0.10340671458561368,0.0006193931284558506,0.010579623107789227,0.0047282814781129355,9.808910156083007e-05,0.000209601042855199,0.0004610033693993298,0.0010967820340876703,0.6189404494796035,0.02260997877965911,0.15082482952884263,0.003584848400868068,0.0020273214451636498,0.5454545434710744,0.0015397901989143137,0.7014830964225138,0.0007232837859560962,0.035678755539477254,0.0913525964969333,0.33157188014141237,0.05392350592185056,0.8915662650602408,0.10955186830243321,0.8500214043952411,0.0777239589115715,0.03837528257605822,0.30627477835279165,0.1818004367195856,0.13759011274980046,0.8122031549519578,0.5318427242963106,0.21448621346979269,0.3625700358458994,0.5171953327946062,0.10025429241382143,0.012446663476856449,0.1785306005608398,0.1921748696611465,0.09422097532257298,0.012446663476856449,0.710278495449165,0.10246319264826195,0.00021196389279272694,0.009026379414215585,0.0693904381776361,0.049706844350593936,0.01777798223919991,0.07246117845710429,0.029395839078177048,0.6801788116113338,0.2974904093845246,0.03017765118688978,0.03908192777890135,0.12282633822262755,0.016069868995633188,0.920644501569357,0.7096518287559155,0.7287140922017465,0.5317893778605796
002381.XSHE,4,1,-0.3000291334372505,0.7007653821135247,0.3036695528635596,0.4077716921772577,0.5264236439366773,0.09162080293527877,0.7457599309905076,0.5304355139046486,0.8629861627642507,0.3409521305085106,0.1917452076911852,0.0008791190709037805,0.011146068931613674,0.0049884141832701595,0.0004078389276191634,0.00028906007494278847,0.0009527021496407663,0.00111130854092699,0.6188531334641152,0.0224371014357473,0.15118655546986487,0.003816725641283179,0.020391187720663836,0.7272727282644629,0.03600955468000506,0.7085499540984453,0.009735589484864077,0.10228814325766482,0.09183206308919645,0.5699597229758173,0.16998717734046034,0.02409638554216867,0.16935283041988217,0.16950535828493818,0.13236682920242554,0.06374200089241096,0.31029293512201683,0.18975615756710942,0.1450409065739087,0.3981060691147821,0.5201960640047024,0.12098347739641363,0.23538433018970856,0.5362059789716564,0.15127674495962634,0.04110906620184666,0.19186343478053056,0.20702900029882057,0.08873742663132722,0.04110906620184666,0.7339891116494134,0.06586262655726513,0.0004844311768083915,0.009092840848547676,0.04757574670241501,0.024762222978625195,0.06051294444031826,0.029020271265429522,0.030346525776107726,0.603096104310839,0.29710400106831686,0.023279042720687204,0.09345750000463862,0.14008168351319855,0.02481650415744452,0.8044756856173041,0.6715702534164789,0.6366998228209753,0.6624775666119602
002382.XSHE,4,1,-0.06370732418338806,0.6808453266861244,0.2643390771439248,0.36678587801486456,0.4078565702817488,0.12206839101280567,0.6029339806702159,0.41300193061334955,0.8996385475512827,0.3569151373707647,0.21164808983018152,0.0009284892885745672,0.010876688152684047,0.0048779958756643175,0.0004260964819147899,0.0018236887525897114,0.0012572076457601816,0.0011572009289305461,0.6174868289483251,0.022337868116461008,0.1509501326516626,0.0036730067128988397,0.00919460012491211,0.6363636304132232,0.010124078309727712,0.7025886108621986,0.0030353883165757526,0.03834674866600343,0.0774190960751813,0.5309159244700921,0.18712714472906697,0.08032128514056225,0.15736457294344428,0.14208514740288203,0.10477469397620333,0.0474430980259299,0.30829610625089043,0.18364042993032217,0.1439516244342362,0.20506720751833415,0.5096699190884936,0.04452505343049401,0.1131745005797689,0.5173279402809432,0.10870500252308066,0.027114157472843767,0.13827050701201155,0.1561512668877583,0.027037629915200753,0.027114157472843767,0.698230964375065,0.07119572912717953,0.000381573466127163,0.00909232487640293,0.046820113355555554,0.016695198117337606,0.07667977683158943,0.00999917536849156,0.030032160191194215,0.5468889817850779,0.27797085215978895,0.02984784176817888,0.055569079719794155,0.10039084270659168,2.9909672788179694e-07,0.8238964792433001,0.6670038919110168,0.6511104715180096,0.6355029071143667
002383.XSHE,4,1,-0.2982823597452658,0.6722811814915941,0.33759568753698604,0.2549634849212725,0.2950856313667667,0.0897707066521754,0.6156793577675662,0.2743451589279371,0.9324704783097795,0.5169431355222679,0.2332197475694559,0.0021026964492112314,0.010112639781253195,0.004524156004623663,0.00015164141021934717,0.0002977532750569377,0.00044701289297811354,0.0010887012095257365,0.6193266286657905,0.022452429087017015,0.15054399118427633,0.003591873100844683,0.010645206838481646,0.4545454565289256,0.008573519069080925,0.6986825377204446,0.0032802471882486177,0.02215790901691236,0.09122762219612329,0.2023780358633432,0.10331576802156117,0.6224899598393573,0.07280641306223984,0.738263769904291,0.0420500181623155,0.04140058709625909,0.30511941213343413,0.17887524748725966,0.1392461335683479,0.47519844552648055,0.4779139269148912,0.11695750520151046,0.2035731741260925,0.5115525490186003,0.0746805765957332,0.006503833040420319,0.1367352626842671,0.15074437798179466,0.06272483093032126,0.006503833040420319,0.703707858472476,0.07331603285922438,0.00035467690495104016,0.00916670272714286,0.09572547397259984,0.06759849582845998,0.023561299812991696,0.07731449478039161,0.02935203344589924,0.6735163437538463,0.2401750575670526,0.033988212595775294,0.05170329220626741,0.1851751310989512,2.9909672788179694e-07,0.9343240047719816,0.7930072752200261,0.8009653748352974,0.389015148550365
002384.XSHE,4,1,0.01641191270055471,0.7103779099924441,0.22669500990354752,0.2879604801720015,0.37192023397854634,0.25433165497747123,0.822591410853831,0.17464822693034315,0.9896332697835062,0.3636335335871471,0.29506428219383907,0.001882952586382664,0.010864604328424971,0.004881091765591452,0.0005202841264653459,0.0031554360344445385,0.0020716807333328526,0.0011891860118976774,0.6174873236274915,0.02189796951018576,0.15091801584404524,0.003512854251548204,0.0435361147626919,0.6363636304132232,0.02984347438862227,0.7055229674574963,0.012570799274939825,0.1773537125802659,0.09103333164786612,0.38605006367932615,0.26510872971177746,0.38554216867469876,0.13768873089303524,0.07104308699629093,0.09287198613207542,0.04205286791022846,0.3028513989086539,0.1850422229545665,0.14435978027177457,0.21364824400738433,0.5425884525455794,0.029462140738378585,0.09647409802791819,0.53089810638276,0.10330914343891977,0.025171649386322974,0.11959368494897489,0.137037091178515,0.01865737217489358,0.025171649386322974,0.7561397420122299,0.07549840952753381,0.00033196482976593936,0.009160009345664731,0.049629069510352744,0.014677336246281971,0.06864545909041025,0.009404466615783095,0.02931638850092441,0.5538641426501065,0.25671430682144025,0.031924839982469526,0.04662995763184462,0.1404571680093226,0.027086349225339475,0.8606130434165116,0.7217173057361461,0.6693657202155721,0.6405923587955148
002385.XSHE,4,1,-0.2021680505347395,0.48972845790280717,0.15464228132003538,0.37094053840418045,0.5289033551246333,0.11012303122204695,0.6533805992009384,0.442038450664923,0.7419514041408962,0.32726416681329595,0.5766098557146077,0.0072038707650891876,0.014780755529413853,0.006494778058790514,0.0034982037451069706,0.0018147710585621653,0.003074900485756022,0.001116017013217995,0.6225998772442622,0.02661331964407227,0.15327591195697562,0.005637216123004947,0.07249039510889886,0.6363636304132232,0.054969101555749245,0.7007504192057344,0.012866247136234556,0.03504567242470833,0.09128386539975968,0.6114222474707731,0.14328166717155427,0.20883534136546184,0.16595603668748046,0.20897362588402202,0.11809717254827293,0.045563379237374434,0.3088354847872614,0.19305856168982055,0.14290263793457547,0.207409481055015,0.5123531319159698,0.082501681253071,0.1481366485377123,0.5114480046969467,0.15096882293891986,0.07443267407156279,0.17073855427608955,0.18981004754380573,0.03752441646342255,0.07443267407156279,0.6412114370916723,0.05594020898257643,0.0013393244750885074,0.009090363524265037,0.04625246491080412,0.026364090580543474,0.1638119356449052,0.022862957470490573,0.02945053516196333,0.5785097849625711,0.2841938753600557,0.024049421362894844,0.054387694494902356,0.16408941645133507,0.01844006101573249,0.8208713837326553,0.6538327583919332,0.6514154518065132,0.4730920982833029
002386.XSHE,4,1,-0.2553364533125173,0.6287848703435366,0.8119172865867536,0.5149873578835402,0.5509036242768623,0.30678714528371875,0.39621624465887,0.1543096357888847,0.9750364218666439,0.27204284026551834,0.27273774518329646,0.005145483892898893,0.012066527813129831,0.005312102010321709,0.001538910694294956,0.015870978260901426,0.00657132836911661,0.001590044948354272,0.6115792140077152,0.024721547419786223,0.15117608237563607,0.005165679265765831,0.02401705071596838,0.6363636304132232,0.01603409525333288,0.7108317427251933,0.018257154256525635,0.03857284977842091,0.09129009218076692,0.5299692930005495,0.22670498937986147,0.2329317269076305,0.1428175204986883,0.06481066092871463,0.09447000311923923,0.048216998212533814,0.3162293758905363,0.1829335178997545,0.14589361431093154,0.3847660113662905,0.525517208244454,0.11284813979398416,0.22873512202437052,0.5270549784295034,0.11175567597412758,0.07454288599044476,0.18986651033341445,0.20143906247200566,0.12147225343447428,0.07454288599044476,0.727448856419371,0.07288532534130582,0.00035970808821078105,0.009031532555784476,0.0479875985370685,0.015485551847715107,0.08676440538492264,0.004984248090780507,0.029376307097666726,0.5336516444658328,0.27569892699179865,0.0493684123631732,0.06042973856512328,0.19647679485230785,0.018345695998085783,0.8791018093763758,0.6432295121843352,0.6542276077134928,0.44061575957159427
002387.XSHE,4,1,-0.3388752435820767,0.5726116789360387,0.36780897110027294,0.3421582312405034,0.3183622839154795,0.12878633394581387,0.6397804755672174,0.14315597842447517,0.9101146092300343,0.460177076706814,0.21804807465128057,0.0006634398191846833,0.0107890721917558,0.00484081905746277,0.00027945562195341543,0.0008643676983570569,0.00035774321527904046,0.0011057445965828856,0.619184529833065,0.022225787732294746,0.15096105584031333,0.00381055671425789,0.0070484281250997195,0.7272727282644629,0.006644604106526592,0.696847390483286,0.0032175679935481033,0.020032558560188117,0.09131310247591833,0.5790465543805172,0.09938023187278117,0.8514056224899597,0.1415216529130339,0.46447845650185443,0.1079509527203294,0.033159016248215975,0.3081752353240529,0.1826712115506621,0.14051479629904043,0.22195296113792048,0.5577654661915183,0.08445684951372358,0.12193039182185696,0.5187551469209047,0.1070292731317062,0.01391364610754396,0.14110498696235285,0.16091914763545317,0.01060368339033711,0.01391364610754396,0.6985651635881778,0.07130922216247902,0.0003799876458931672,0.009089519106514867,0.0489891293278082,0.05621048806717435,0.047800601707794814,0.04462620740742075,0.029454702002634302,0.6514448745513355,0.28523279787068584,0.04765196038841981,0.032961707442228004,0.21739998163348026,0.030217293772806124,0.869394519322265,0.6499546680819073,0.6841394406846344,0.5678595855298745
002388.XSHE,4,1,-0.04255244112077432,0.5997272557730176,0.27661630025481376,0.350103313157062,0.2729987654104279,0.0,0.3834522230660583,0.18916987656863485,0.6227067835561968,0.21526169957287347,0.10413855445362952,0.0005760272582027735,0.010581503023080056,0.004746234086059236,0.00016893250488839805,0.00020538360259054957,0.0002761538684409216,0.0010956469812914262,0.6185068039575451,0.02294246889498754,0.15086437084046497,0.0034779150876661684,0.0013229514675214644,0.363636358677686,0.0010204936006897706,0.6980937477397242,0.0008593402946887764,0.01293298363027946,0.09132605533641178,0.37563711069693684,0.06109480231285331,0.8915662650602408,0.11562011249738124,0.6460328980935203,0.08484080391268639,0.03467301244236908,0.3062609627732847,0.18181080826891735,0.1390563541024861,0.15398999276271935,0.5318427242963106,0.07175842039192479,0.07998400137670746,0.5227324882640568,0.10315474726460283,0.008359922870888117,0.12325765418310876,0.14135507798361985,0.014912697144138577,0.008359922870888117,0.7162555198375278,0.060823710016423206,0.000690194774988084,0.008977509833570952,0.05475096551684106,0.10134784199238285,0.040690563526471775,0.161199675326771,0.029675037835499025,0.5954179385990688,0.2815308699365181,0.02901255261537601,0.03267466942592602,0.1503263223894209,0.019309983848776694,0.9153106403828948,0.7039189996019641,0.7237314272285347,0.34812555994927424
002389.XSHE,4,1,-0.343723597000708,0.5919430241467282,0.3173331667744711,0.3459350181579358,0.28031218315056894,0.3011885883371261,0.7238226104696714,0.21756603469021052,0.9696967435031205,0.371265736875383,0.26641817239707827,0.0004160028948611987,0.01068984825647983,0.004764655264330665,0.00017087859847447501,0.0007197238875501516,0.0003389348291197536,0.0011203670745565505,0.6193860211654856,0.02351664370191949,0.1509230235439217,0.0037387935694058977,0.009030340929015602,0.5454545434710744,0.010139467749659141,0.6989975682924954,0.002035922533204444,0.09772090078683186,0.09142186375981057,0.654394309473061,0.14800883183225957,0.6345381526104417,0.14870064075282854,0.5654343141713523,0.10409310744074214,0.03673114271404727,0.30809477691430276,0.18287969232464202,0.1394879074084184,0.3659912703371893,0.527891442003503,0.025485279094203256,0.1728280987572349,0.5339581556133395,0.10636347226726169,0.006641193876390919,0.1427969874314988,0.16084189199073903,0.028517528032048288,0.006641193876390919,0.7630095223405163,0.06642856395586304,0.00047002116135917433,0.009019896314690176,0.05291702438764412,0.021464991598408534,0.019050754591975676,0.05744732030553772,0.028789161242924414,0.5695919356251588,0.3088426379871884,0.03403593876165793,0.03752112377558381,0.13184263692557127,0.02445190524615661,0.855604060445101,0.6416539516164699,0.6550699342245976,0.651389511182908
002390.XSHE,4,1,-0.009570870656690652,0.4206481577900266,0.27887712508111795,0.2976688535754462,0.4019378960487282,0.0862713599888929,0.7043312405922983,0.299247817501797,0.9002501890248775,0.4316891509096498,0.21201129924615975,0.00044253386298356633,0.010693892237585515,0.004790593392896769,0.00015490607945295857,0.0012461976990182446,0.00034196792080187457,0.0011141812666422047,0.6188725724957814,0.022173761398242474,0.15088676542148552,0.0036912982538343368,0.020280760995160362,0.4545454565289256,0.014192393403664542,0.6915172518479552,0.004945964002478107,0.04345663380663833,0.09130508729223252,0.4013802461159671,0.12201899205155092,0.8112449799196786,0.11624729396232429,0.48566726790603415,0.0809495472526936,0.03168455774636663,0.29341061356595444,0.18200960821363654,0.1404680013622526,0.3157438992960861,0.4760861358056483,0.07665359104325566,0.16394742418376188,0.519870527237409,0.10587974400522475,0.012926833095597884,0.1506452362095775,0.16649083367645107,0.05463933348124362,0.012926833095597884,0.7090772479279065,0.08342807949262707,0.0002756098948630143,0.00909747034144682,0.04980175178183302,0.025032645489463247,0.026984565995528204,0.030653045564059494,0.02944848920096699,0.8089711845631669,0.2951682608686343,0.0398593353729214,0.02895484392887691,0.11606500481329482,0.023036280433092065,0.9109656161679283,0.7206558754588479,0.7086976153446014,0.30951298757727747
002391.XSHE,4,1,-0.2063699761743983,0.6325748149298638,0.2664044776103601,0.36905134811761814,0.5868740643407567,0.11514761360357681,0.6442781493556671,0.5740488335060815,0.9989685959644836,0.3759592944001763,0.3231339551562862,0.0013560728706872851,0.011353532485891292,0.005114830787989579,0.0003531426684131109,0.000564878851537093,0.0004889563665599208,0.0011056999705402017,0.6195796574090908,0.021074734599169698,0.15135695368965846,0.003986637828327665,0.011773805991025557,0.4545454565289256,0.013281395704952207,0.7008671203767164,0.0024514863425839774,0.020529981007506557,0.09152965097333787,0.6944009188958097,0.15936985108891363,0.02409638554216867,0.18955769213032198,0.21105144343644738,0.12263163845829718,0.06262564996404117,0.3091902811028514,0.18294687761111628,0.1432484005230634,0.4664410863698472,0.48292267462091765,0.09244015571542069,0.24045511844203193,0.5266971831166862,0.14355223647297172,0.03552846001337887,0.17449388845525343,0.18823021992060276,0.09064011491410202,0.03552846001337887,0.7134417026865645,0.06188378438009533,0.0006302551966454836,0.009134705600128402,0.050617540297367036,0.03962500954933172,0.055710348864149044,0.05558246191859128,0.029789550354193586,0.6020781887756517,0.30068017596859525,0.033672987526359485,0.09282862636754348,0.2097310096519228,0.024389094933301433,0.791705131300507,0.5914377957631243,0.6045026180775415,0.632048057612372
002392.XSHE,4,1,-0.251597137073201,0.630104467628096,0.3863531125510924,0.3584921396474444,0.19570643683406763,0.18041276996690292,0.692940075348621,0.27530414443340434,0.9808406491742181,0.5236768069732411,0.2804762741580566,0.001388993590986351,0.011277891953433046,0.005050452862991564,0.00016373508651319142,0.000377326881271682,0.001606167558316997,0.0010900413959517648,0.6213310622093879,0.022247764847972775,0.15131218839803165,0.003940517833937941,0.016301445858965518,0.6363636304132232,0.015847224462463776,0.7033264733603171,0.006735737365108314,0.14854843085827982,0.09180461376580933,0.8403028949369129,0.06644909905786761,0.859437751004016,0.12337555388951327,0.9709187669836433,0.09172936593842111,0.03565052166483199,0.36970646374870525,0.18502771301874743,0.12042546996414986,0.1930818553427902,0.5300541447119649,0.07757423170860597,0.10442481418540205,0.5277466009445282,0.11485056208388533,0.0111472185116088,0.1338213735445597,0.1523602340152858,0.017812321987447772,0.0111472185116088,0.7380731195159487,0.08804343147791062,0.0002540819605511139,0.009099290500357007,0.052917815903021415,0.031783313578593944,0.028936033258729545,0.03605751147569804,0.02959601906226492,0.6565771425846849,0.2967220700273095,0.03891743015802934,0.0434388733546545,0.12687172252621978,0.03765702578213794,0.7574393560665236,0.5562419839900938,0.6717276671252372,0.4941347652605035
002393.XSHE,4,1,-0.2045018309871756,0.5471359404841818,0.31272661444764027,0.3928520646606319,0.6363016143282604,0.0,0.50632545582684,0.43177213888763183,0.9880811142851875,0.2206509570224507,0.3835649546281869,0.0018856757504681395,0.01272495210571333,0.0056567962638456835,0.00034909706296772856,0.0003475319384271061,0.0005120913675449452,0.0010378441686976258,0.6218813953738647,0.022118235851191628,0.15209580239214832,0.004623917290588292,0.01930334367844535,0.7272727282644629,0.02816399577675064,0.7025884928309103,0.007018687751504778,0.03251333996563263,0.09131482965852525,0.6505282719985701,0.11777505504636043,0.14056224899598393,0.14219033903374523,0.4910681563167603,0.10402807256644869,0.05270351743040817,0.31396462749288484,0.18197433990445983,0.13821534509966021,0.7876388309533398,0.3761682454351207,0.28442808996717717,0.4350021609892218,0.5323102175292724,0.2192594518918405,0.03459854311177451,0.255364133813725,0.2396078789689144,0.4245820540286071,0.03459854311177451,0.7009372768840482,0.06335015214229998,0.0005650796835698921,0.009109809258740368,0.05532547376152907,0.1189259370001325,0.03470923553475468,0.12514086313960923,0.02946525872548492,0.8027134434707593,0.35223132796177115,0.025001718434471257,0.07276466284320401,0.14512788481025485,0.016424597714901,0.8547084262402183,0.5866834726460572,0.6568852930847369,0.424293490284265
002394.XSHE,4,1,-0.1939048293808934,0.6523291607859381,0.6438785912931354,0.523783806085392,0.35964204425297297,0.15631126161597975,0.333584412538879,0.2247415695298388,0.9014387844800258,0.08650597377686939,0.2127210032169331,0.001234327616798819,0.011852282747021912,0.005234249799534325,0.0009825703910371442,0.0013006600640660354,0.0009825842373143755,0.0011424605662437137,0.6220078153989581,0.02433529092769309,0.15137208673348143,0.004472450688341342,0.0056744346469710895,0.6363636304132232,0.008138838243915262,0.7032657798245966,0.0029088083202957224,0.02889572216695306,0.09152601023348005,0.7009208203678319,0.14384885643683384,0.4016064257028112,0.15625909973107616,0.2629825099912842,0.10762680688582515,0.04543300976438071,0.31150307929187326,0.1829301008387071,0.14319250657078902,0.4848208324185085,0.5964493138634304,0.17030056203527819,0.29300251867398336,0.5315628701607702,0.14924748836415078,0.06364111251147513,0.21852328196770018,0.23394750546023274,0.10416727964613921,0.06364111251147513,0.7266916498106399,0.05941306278139741,0.0007949887201893532,0.00904015987323978,0.04397342830110722,0.03024200271444105,0.0713001935855525,0.04243605379711319,0.02939484470299241,0.5764201751302611,0.29377057234955534,0.03144761082358592,0.055559699392464024,0.11499365088412626,0.01326583717174134,0.8663268168325973,0.623360864181151,0.6502179750893156,0.6515444126831295
002395.XSHE,4,1,-0.2548645007774579,0.5109579131026852,0.43986699286796355,0.3431294758484136,0.5020708839978969,0.02766015065431293,0.5066902664546995,0.2653088184342153,0.5511785404732779,0.23213425964418366,0.08485683269643685,0.0004140479188532849,0.010589879381387179,0.004758757973473792,0.00013908418195272682,0.0002819684870054602,0.0006117710776796791,0.0011139916956832932,0.6184647649811469,0.022250278691015084,0.15086368776570888,0.0036094006926574093,0.004673121367443589,0.6363636304132232,0.0033946841482794593,0.700215545310676,0.002160649209284732,0.050284887401646015,0.09132316549496682,0.42147807694410744,0.1449349661555865,0.38554216867469876,0.12714259550353052,0.38429564140811145,0.09638941380098691,0.04782347555526343,0.30660140660682855,0.18185054169108944,0.141258315850225,0.502063498542842,0.4256376638448454,0.08742519612433232,0.24600238958020468,0.5154371494312532,0.10740003282876942,0.02492078275381307,0.16825254022609273,0.1834315934387597,0.07277133254712917,0.02492078275381307,0.702957663036048,0.07016476033896354,0.0003968643555615994,0.009097135864286038,0.04834760611450905,0.02518073375233813,0.03756770783103258,0.03569027075257758,0.02937552794341246,0.535604312502287,0.2804389987800399,0.04879806274341441,0.05898143664145523,0.17087275801793586,0.019840730992402945,0.8966452329891637,0.6916766175755167,0.6858901067563035,0.4353611802206818
002396.XSHE,4,1,-0.1929131875052736,0.8099350438091002,0.2629175396009573,0.40951143297447157,0.3879120557629922,0.07072993656089627,0.6026149526367668,0.3951958380688664,0.9999912183564452,0.3051551016383172,0.3332071436606178,0.005668103585301731,0.01055991261616731,0.004477612551974739,0.0009905810311348008,0.0004946462284430829,0.0014013901287368736,0.0010840440970266885,0.6215703616104837,0.022216976118943493,0.15052610671317784,0.004268952173529343,0.039665282864205564,0.6363636304132232,0.028861220440294197,0.6912673442881732,0.009465178469785271,0.05666093877181875,0.09061474514169107,0.27147153886568315,0.062075018953596496,0.9397590361445782,0.08110075617529984,0.9651021097444921,0.0633343410986709,0.031703217241549356,0.30091706718984934,0.1779489963984529,0.13363334087251758,0.2230609760015188,0.5354181580384714,0.12088846232497581,0.14770565871679245,0.4893203800081708,0.08488273462604881,0.02398253909316193,0.16526046879770961,0.1838362352508171,0.03855130618304773,0.02398253909316193,0.5982598270343793,0.0684611505571475,0.00042621494910112523,0.00913042319582397,0.062185537536561405,0.02828327334664632,0.05860609533986845,0.04051516701937137,0.02957732072232035,0.7188900950608921,0.2962062100585687,0.03817104459853389,0.030973840844089266,0.12615194495110707,0.029902644015074475,0.8819076564741306,0.732682654460219,0.770781568100382,0.3362658738077869
002397.XSHE,4,1,-0.2924548416689248,0.672739677323263,0.41494117684422466,0.372420690396436,0.45417165058022363,0.13575429477598178,0.7289684912169926,0.1235030051205136,0.797354354246232,0.6287505051462071,0.162433213965131,0.000671989284811192,0.01107629149945106,0.004955428081268945,0.0004656646186133741,0.0009003987926371047,0.0008783768299697716,0.001123541632320355,0.6186755303959895,0.02258610083635019,0.1511165839754575,0.003726450846886442,0.01326675058905488,0.5454545434710744,0.01567273351322608,0.7010967454714617,0.004328177048573345,0.1067197250610473,0.09141613306231557,0.666341992042548,0.1482415620404948,0.5863453815261043,0.16573072569902403,0.5346910324309951,0.13422299289639741,0.04317007483983721,0.32057063463756097,0.1908651738744685,0.13940731612839488,0.4161301908608338,0.5318427242963106,0.07791724048835562,0.20929904054933876,0.5212309684369291,0.132305336798631,0.04494101207275722,0.16126962189452837,0.17460424160881133,0.08557909131657918,0.04494101207275722,0.7028349675207444,0.07320896109143149,0.00035590901675764167,0.009092990540785207,0.04516531854008681,0.019172220342399255,0.06068998524552183,0.022109317424569397,0.02947032867676879,0.7045550056938957,0.2799936072296704,0.0409139666391338,0.048194534382198236,0.18128982051476922,0.034648112699647064,0.7893102640212468,0.6189299456016988,0.6229096967888612,0.6069696143701695
002398.XSHE,4,1,-0.2507504994341107,0.8048723712725888,0.24597913850251577,0.3543845806374729,0.600080076967507,0.31243632045967135,0.6900379560495381,0.5486443290591847,0.9923612873538188,0.27181003795605757,0.30085259344623844,0.0010233976021717084,0.011658145457821147,0.005199328499110495,0.00026644533616909004,0.00024287878980377696,0.00112780273864495,0.0011226842948504137,0.6197855044606881,0.02333983920720124,0.15148000564038114,0.004057610219944303,0.01154754312724118,0.6363636304132232,0.014431804475250535,0.7006900860347705,0.0038500885838274853,0.0981731030116668,0.09156658489232483,0.6483885268604719,0.13254082434073,0.1686746987951807,0.15475439125846066,0.275446335536737,0.10747107594355741,0.04733071789721967,0.3071535317913127,0.18498060221518742,0.14231770122472748,0.3260090990547736,0.5212447735396517,0.07577455590381867,0.20116907018489952,0.5196942793218718,0.15438555631622217,0.033724744883549256,0.18270730986648215,0.20378043397939155,0.026570572691148205,0.033724744883549256,0.6844867296036234,0.06627061357993638,0.00047393151302477395,0.009085097976437194,0.04734172198919422,0.02529987685832887,0.055594461731288174,0.03569561051542873,0.029585352004633542,0.6464739428037918,0.31494691606257524,0.04424994763446729,0.05697072740005982,0.11667513743223387,0.023679039301310045,0.8524529192881793,0.6616801556764411,0.6627657355305996,0.6516378051848047
002399.XSHE,4,1,-0.04005867553473946,0.5412486422110717,0.4409844899117202,0.34260179874147234,0.09881882293544775,0.2631893027772776,0.6399186519946918,0.0922110185858867,0.8452564635091975,0.12746854558497378,0.516343294336508,0.0018380640303733982,0.012443242568287834,0.005555423180159815,0.0004916174733657732,0.0002663604523569361,0.0003837313862582523,0.0007190355154806523,0.6365122925807951,0.021684772773744067,0.1525529421246315,0.005873212240777709,0.019093847135388104,0.363636358677686,0.019362951179033958,0.6973901125481846,0.005104679572961121,0.04228090802206747,0.09088888537524151,0.22425169441833065,0.05729971255361158,0.9999999999999998,0.08114555485136721,0.7058584394399338,0.05080550334290785,0.02928843895720288,0.3031910405322164,0.17908311002798952,0.1372274519896947,0.5809131436954864,0.4765421161387386,0.30272796358037335,0.28206367414731526,0.5252063024006332,0.13593321173111533,0.011516173726963853,0.17699332010003468,0.1880886218395167,0.1173631041227475,0.011516173726963853,0.713359905676362,0.058262484865036296,0.0009130289224662386,0.009105544674940406,0.051141127719448946,0.7131273878817433,0.014586767453830824,0.8613612530299243,0.02966600536721226,0.6624939152380181,0.40091994378878326,0.024498188696942418,0.016401966199072804,0.12419171479961494,0.010845097804630017,0.9392202567780603,0.758859073017558,0.7780786505876482,0.08271037741155085
002400.XSHE,4,1,-0.1269570712566646,0.4376040710037078,0.0742849702152526,0.3285176009532186,0.39202674136058957,0.1933704943448591,0.605867174128401,1.0,0.9097826631036612,0.6899858269025884,0.4706444121089682,0.0012520471401976838,0.011680499777569924,0.005219765192057679,0.0015300592511346637,0.0004025438182842267,0.003642234091571914,0.0011543154646486923,0.6203244442473421,0.02403038860524618,0.15148914928700472,0.0039314232987861086,0.0406545076215664,0.7272727282644629,0.07225483582326929,0.7052449183935623,0.0046286204818371725,0.08058243646558741,0.09162812267571945,0.6077208967625027,0.24390267269354302,0.012048192771084336,0.22906946561767488,0.027420210882056137,0.18840188052073492,0.12035204463898994,0.3464065347401159,0.20907812892230968,0.16028565709190262,0.3140079664030441,0.5348252278092419,0.165917882568731,0.18661106976681358,0.5393786020416815,0.1578076857266742,0.11462289161908838,0.17275664928618265,0.19063847737509468,0.05016067351666257,0.11462289161908838,0.7377237294295127,0.06695428012528253,0.00045758330715908995,0.009048863681783492,0.04211811625672325,0.020402523366601668,0.1002759952067345,0.01744758709808456,0.029772644613896938,0.5508480966199216,0.2814524202884417,0.0329777975016319,0.25257757994564356,0.17390077962709632,0.03340611353711791,0.6584145232989163,0.6398710804475702,0.5494992250067994,0.46699464156315007
002401.XSHE,4,1,-0.2328297598720889,0.8367417536936076,0.17416185075126156,0.27165100781900603,0.18911956293690219,0.16443982613361333,0.8471946870645735,0.5001250492180898,0.862348615442169,0.46341484636787783,0.19142672182269682,0.0003269539954266101,0.010787279683084516,0.004844515745195884,0.00011709318979979819,0.0002129102366828212,0.0007178423449846463,0.0011046484837295787,0.6186404979859402,0.02228165091101272,0.15098986580918478,0.0036222522289966917,0.018705925793644038,0.4545454565289256,0.023464549050836694,0.6967381066856885,0.00451448077254793,0.18228271683096678,0.09145993199094551,0.504399529743754,0.09597599637464163,0.3333333333333333,0.12378137719035878,0.7324471126651397,0.08673034684528368,0.047429735568116964,0.3048390156886555,0.18352971952276284,0.13845971865844114,0.11637336316809482,0.5318427242963106,0.075519385060126,0.08267682292248657,0.4928788214081076,0.1137302759757638,0.009971713365293221,0.13801424139333734,0.15504450431042613,0.03493201030494701,0.009971713365293221,0.4862329789185735,0.073787052440834,0.00034939794049667245,0.009091951742455534,0.04714146859873811,0.032098454911166426,0.03331715809462154,0.03568735637651596,0.02975982943343518,0.5759006833783707,0.29639912222046383,0.03652310250303183,0.05414564081757695,0.17852898426812586,0.04137315307770533,0.8872876752212013,0.707412874264739,0.7042892639016882,0.44890311467521227
002402.XSHE,4,1,-0.1803025779737638,0.6326199193102247,0.5078340184478054,0.3800119807493475,0.43541174021961815,0.10720290172615393,0.409208764901613,0.21560207488258662,0.4126823618054708,0.09787616231967003,0.052031104097896685,0.0006992063869806745,0.010605165775655418,0.004768379899227717,0.00016352765099158766,0.00024158622516961967,0.0007275605592078078,0.0011091842579597682,0.6183473497296079,0.02214725937841761,0.1508808354898067,0.0035460626084129272,0.0019576658699124935,0.4545454565289256,0.002521136990003023,0.6990266466273676,0.0012889270505029567,0.03065931084380935,0.09139250851825304,0.45276818586343887,0.11714759798968763,0.7068273092369477,0.12768545004881737,0.4013298442971402,0.0847346556839329,0.037507067276989985,0.3054709062569805,0.18161015012966183,0.14083196198171358,0.461000284129084,0.5210506816134537,0.11673326526105811,0.21168623216222962,0.5270939215907952,0.10944913290098923,0.029152985907256967,0.14902444818901495,0.16537034732142186,0.04880721484128669,0.029152985907256967,0.7333405782113799,0.07162793087283087,0.00037563011453938346,0.009095763411280405,0.052658990374645324,0.0304632623635495,0.04691391964740011,0.029096485133376523,0.029626418337601337,0.5614857574988108,0.2794288865620036,0.058753762071494346,0.036531612630827215,0.07152381947611086,0.014932404139498713,0.9108138288051584,0.694346778116846,0.7005225592995223,0.5293990812926525
002403.XSHE,4,1,-0.1400586755347395,0.4728143152674602,0.5423161491873374,0.37336590529470853,0.4781639805775739,0.1674705926165358,0.5420093628512986,0.3296328536634658,0.8320510670136002,0.1708904301622075,0.17713687077018014,0.0025234410054961595,0.010952952497979935,0.0049153531874466475,0.000599688992351091,0.0022312703736285426,0.0009155313069469952,0.001134943777836835,0.6192962116362252,0.022482577875409155,0.15100142845417888,0.0037507616801409362,0.01013782270081666,0.5454545434710744,0.006977031885590605,0.6991796765787406,0.008051887044914458,0.06507190015374875,0.09074273281752458,0.2656843159947094,0.1105684929044159,0.429718875502008,0.08773754827386746,0.5126717099596654,0.054737294805319026,0.041538178095971,0.306585841901046,0.1802109751400153,0.14036921205125605,0.3943615070386962,0.5282024816024776,0.07360702458664345,0.18484837136749407,0.5332772123569782,0.11215202331225572,0.04319409075893213,0.14502798886778184,0.16397144436834718,0.0214925844725474,0.04319409075893213,0.7490269077107705,0.06355212268113496,0.000557349569125802,0.009106242142069116,0.05314155091633734,0.020508891196172583,0.06705199946642958,0.019646552295075063,0.029618140504728666,0.6460470392296664,0.2716425156602434,0.03828464002332196,0.0459397923174913,0.11179748062015504,0.010694951247233355,0.9245545795401287,0.7366160275971874,0.7481219287428738,0.2102647879883282
002404.XSHE,4,1,-0.2099933160576153,0.588531368037428,0.4957232130474872,0.3405720126082955,0.3373186252506584,0.11169111165585965,0.5648718646691369,0.34002137471323424,0.7195520659255545,0.2669817103235449,0.13392940636492878,0.0015669403831058352,0.010864875575372468,0.004834956354991428,0.0005835565759169299,0.0005437194390792852,0.0007578616148233129,0.0011246911310719004,0.6188038200730055,0.023081961524895327,0.1509195621435871,0.003826675910588771,0.0069607621273638075,0.4545454565289256,0.0050927481676745654,0.6937712820370018,0.0034549031411117504,0.04770733472008682,0.09101585944160685,0.3195689355467364,0.05476660713978449,0.8955823293172689,0.08792596623497431,0.7627756521667715,0.06390811606825884,0.029426478540308047,0.3064258702529405,0.17960038237192466,0.13904335550893393,0.22409878384861823,0.5063673911894125,0.03033042839082395,0.13044432145789542,0.5236334403079224,0.10970692403307872,0.032416727652845596,0.1485047121731442,0.16385662302663745,0.05788540769562925,0.032416727652845596,0.721523247294564,0.06040745544152247,0.000717649693122934,0.009023547050651623,0.04911946552660309,0.01780483742427383,0.09340932462327674,0.029593620966733358,0.029434035344687262,0.5691201240127162,0.28305917809296505,0.03876247043114586,0.025198321766668166,0.16050462012970562,0.021946671053418677,0.919065380409311,0.7266485338994295,0.7580872586892977,0.10742277372082423
002405.XSHE,4,1,0.03569890022283634,0.8416808794491305,0.24060507446980814,0.33162151102287374,0.44624386362173574,0.05091651535431674,0.7800390788624869,0.2651954038320211,0.985625766747253,0.4598336739646194,0.3882365324523547,0.006041138350165989,0.010588672646689537,0.0046532343239659695,0.0002467252794325199,0.000789511199731587,0.0007535496026116556,0.0011014105722531946,0.6211856508076523,0.023587121546598273,0.15081608515553724,0.00417701524631176,0.10153864650073106,0.4545454565289256,0.08277326760968899,0.6784731305739486,0.044604753166381336,0.11400018088088992,0.08726153895436349,0.17658699782650011,0.08648579302068518,0.8152610441767068,0.026207884303466225,0.9061070794652288,0.02453693046136725,0.04374092293622557,0.2618254068611286,0.14544708333255676,0.13471352399670355,0.17265249918058267,0.5128479607884052,0.04324861629748199,0.09520284553218292,0.5252281426890277,0.09946072740963777,0.004581558773794507,0.1360967000313173,0.15342213577142905,0.03084618734720244,0.004581558773794507,0.7254284702673711,0.08342272142844005,0.00027563851271598743,0.009632934279818598,0.12905790146055693,0.03489379890224288,0.0217744948170877,0.052974173581724765,0.0294566675963212,0.9239900958370804,0.30874180196311,0.03705145407181219,0.04898736789458243,0.1345455236358109,0.034850900281150926,0.9745645211685674,0.9093223431073376,0.8834354775251971,0.23769315505479505
002406.XSHE,4,1,-0.2039475644236284,0.5711551996623839,0.673340454430448,0.43308461089922373,0.3313989479658528,0.09525989206747262,0.38582318140555466,0.1801271232944982,0.8505816521608551,0.07972937698312182,0.18568855515384675,0.0011348966528156362,0.011196748411905972,0.005026852330433122,0.0003442938278354586,0.00020462285113090456,0.0007057757444002605,0.0011008847974196645,0.6208888415799046,0.022155840527831844,0.15123981336567702,0.004132438298740148,0.0031564413682486497,0.6363636304132232,0.0036673167890492013,0.6983042124072716,0.0027018099352202605,0.02677037171022881,0.09138928827772588,0.5036261596533339,0.09986040145502625,0.8152610441767068,0.1258183993433041,0.5371835922221457,0.09051555170186326,0.03915157883968037,0.30397015881565725,0.18202715343111814,0.13891726915147778,0.378061724366448,0.5318427242963106,0.06586621083720483,0.20407329583445508,0.5261578002590002,0.12417351484196323,0.019333343303621398,0.1685918435276642,0.1849160254341011,0.062139021358723,0.019333343303621398,0.7206725583884588,0.07528342079145875,0.00033401687394279565,0.009106998553943375,0.05349311566308672,0.041529746508317776,0.0304920339489716,0.08071622688992693,0.029275868393229272,0.6301872942407936,0.298372627263141,0.023375461925748353,0.03951851501378083,0.11751556404215432,0.010521176048334031,0.904732570194998,0.705787559152625,0.6977434099172726,0.48091723486590143
002407.XSHE,4,1,-0.3373095346412687,0.9042161417595377,0.38026573901849536,0.36902956815649274,0.43807350530656186,0.15732344542378665,0.5962646374826451,0.08824901962329135,0.9209085664054714,0.2522049511095814,0.22508232069132666,0.0014472809003748277,0.010835598751472629,0.004848958723575196,0.0002766679827739686,0.0021370522338077795,0.0006702960496767248,0.0011578517130516218,0.6189068071410506,0.022709051147410442,0.15091465741271398,0.003766890892501747,0.012434362337456394,0.363636358677686,0.012112366122108328,0.6926772415090888,0.00427008631033283,0.04725513249525187,0.09096972402717123,0.24950585533573721,0.048529045925719404,0.9839357429718875,0.07188408737850005,0.8516824265295416,0.04057775588976123,0.026270282713260568,0.3059791868501445,0.17745533577273565,0.13669061007598976,0.3781571318372637,0.5261892427439673,0.06003302138054057,0.18366225706991604,0.5199247666300949,0.10658662434784152,0.03311693239086969,0.14915408199387756,0.16511169184523344,0.052576806659249936,0.03311693239086969,0.7142666839608918,0.07116236692925568,0.0003820430871532901,0.009071476531145173,0.050114796113553954,0.01907362690568734,0.06142858673678461,0.0192542753212239,0.029213566020359398,0.5566778252977514,0.2736956383358319,0.0336060945192584,0.022415106491454513,0.14011081661346708,0.025890859603995932,0.9354664043970402,0.7567445048870023,0.7984991273074862,0.3207471838708598
002408.XSHE,4,1,-0.2931342467122439,0.6936675214927276,0.26651521102337355,0.2328506268290519,0.3683090803770471,0.2045296445660246,0.5191006641169283,0.2789777514996288,0.9535042709523429,0.2349066180437258,0.4310301911050736,0.0013693007061513992,0.012682378309745865,0.0056441146883136435,0.0008005681662425877,0.0045337014538193166,0.001385566679129489,0.0011499928842457997,0.6186224553203407,0.022245476470372606,0.1520037330608132,0.004858099844882029,0.014676364768574278,0.363636358677686,0.018418048242739276,0.7013489114606692,0.005000194811233584,0.039205932893189833,0.09114568834126874,0.1796937857965163,0.11752163284780656,0.7951807228915662,0.09312788309126674,0.640216240854369,0.05703453211204694,0.04399520736650597,0.27330100891893533,0.17772855563490292,0.1339778036016503,0.2491356364938326,0.4871216338218097,0.06726640801533736,0.1586061759539967,0.5295158650424344,0.13539430467848257,0.04014463519087643,0.16714196016284782,0.18274403497120423,0.06801434676798786,0.04014463519087643,0.7250206537450762,0.06139642396267795,0.000656210662814843,0.009100578237426014,0.043143656347240954,0.021425669875848943,0.10050010216912629,0.012458507793295864,0.02896699911498702,0.5439533266876829,0.29153310273419414,0.028039455580459536,0.05073567536398246,0.1643494768708517,0.020087635341269366,0.9375621351777421,0.7878521516076251,0.7637683417257923,0.4107479082788148
002409.XSHE,4,1,-0.05640744937670134,0.4795738930355503,0.37381292405021743,0.3573625919074518,0.44488773760834,0.16681942525169913,0.3171244304624539,0.24795363596404524,0.8624074524539864,0.2577009418438948,0.19145608576801842,0.0009117847397776023,0.010916978408242087,0.004891074661876675,0.000317349292245326,0.00021551074992376133,0.0005542325787599175,0.001082284301303134,0.6195165883249776,0.02248015620461233,0.15104051829914067,0.0037356804401232255,0.002418008263694083,0.4545454565289256,0.0020140159472915695,0.7018801006101718,0.0009242318827409719,0.022293569684362847,0.09133021294799215,0.3756198898881992,0.07295763306128841,0.9116465863453814,0.10757809133923005,0.9285421707649838,0.0839486927353458,0.03524788204952859,0.3066264029226109,0.1817361009872883,0.13445095240694954,0.4049764536777406,0.5318427242963106,0.1528980125054844,0.2015037475907482,0.5198809254629498,0.12165321922986075,0.03706741693970901,0.1579173898528369,0.17511931650779552,0.046654828542020695,0.03706741693970901,0.697861709300437,0.05899596564313837,0.0008335699095576313,0.009108614736617808,0.048390216025653535,0.06648508711892545,0.05590092292161577,0.07151384976051066,0.02954104373613227,0.5558644908260085,0.2871792445980215,0.04401416867502771,0.03346671952635737,0.20617558392866192,0.018268379493928337,0.8876152163724418,0.6874502454557518,0.7194577424065187,0.2536344289639078
002410.XSHE,4,1,-0.06220319767926155,0.7977968667359706,0.1564152862924526,0.37456610510371774,0.5171387279130086,0.22427093479576626,0.6509155897398928,0.5445267743659548,0.9315804587354961,0.48526829306020947,0.45229059102393876,0.0046404750018627615,0.011629024886873387,0.004902966983450043,0.0003976615182713202,0.0003550965947302521,0.0003044506564304699,0.001026971661151021,0.6209324975717407,0.02276096391565916,0.15109956855025067,0.004190422153551139,0.01952783004441435,0.363636358677686,0.023537710913595477,0.7018759007647709,0.002084539007607183,0.07325676042326128,0.09126067336135424,0.42702324382749823,0.11146760602567088,0.21686746987951805,0.1190669753383288,0.5712509714105034,0.08062737411994249,0.0552317776272378,0.30475837486170615,0.18244541478357704,0.13946970937744535,0.26254888022626627,0.5464143049468614,0.14105136726797096,0.14851607772137343,0.5172754272345826,0.11088813309611675,0.009413472708412998,0.15324608294334208,0.16914008178532985,0.05592466860010332,0.009413472708412998,0.6648905030165569,0.07167936005531703,0.00037493988898476213,0.009124475259755812,0.0872363396318609,0.1449088360343923,0.039638387804442746,0.19518082099577544,0.029467788252495707,0.9952957443812283,0.35580828151860616,0.038107539710461255,0.06975557753232244,0.1995869116380402,0.03737991266375546,0.89257182826547,0.7309163681394013,0.7130214700842061,0.5128824930723943
002411.XSHE,4,1,-0.3198995243411056,0.6376837684827455,0.2558746404604646,0.3229541489320824,0.36845117937993005,0.13912366105744373,0.6598568682799542,0.185889830997585,0.8561953178032895,0.2502060223095768,0.18839365214747572,0.0011353279828543552,0.010711804209658794,0.00479484614974494,0.0003058366164504021,0.001592139133105457,0.00043345002073596643,0.001127996325801994,0.6181179204203391,0.02298820935514867,0.1508763953570062,0.003659497222389533,0.010359972806691788,0.363636358677686,0.011616859298149068,0.6985444484203505,0.004070529640943075,0.08089897802297187,0.09131697551067455,0.3470933645609453,0.14893655293731062,0.8955823293172689,0.13740544514731515,0.26132148785698367,0.09967648133197979,0.034054145945504,0.3086085766242918,0.18396398473211137,0.14228000530342616,0.16831359284326422,0.5057877287666347,0.045126548380432036,0.1003218449021987,0.5282247185814604,0.10353072892923032,0.019414749137152378,0.1379507819129465,0.15608941206078564,0.024377895416822067,0.019414749137152378,0.748378374272737,0.06202317667906237,0.0006232753228937246,0.008998491421369808,0.052156905786979985,0.01983095557204336,0.06487596335509369,0.01728011805218126,0.029521759668339212,0.5605388077525689,0.2805454800641536,0.04240878525451598,0.032752021048217554,0.14038393942848457,0.023195100795597296,0.8813315746119215,0.6908667241608071,0.6964680378017127,0.6247078173301723
002412.XSHE,4,1,-0.1424976999249835,0.5774692245949088,0.23827289752077832,0.36453156350195565,0.38892296478703114,0.2258755326664743,0.7263493539268001,0.5201466657847568,0.9319343589707563,0.39972098527196676,0.23282672245515101,0.00047240661978422587,0.010960991305708883,0.004918060091570042,0.00020091190298239387,0.00026640427866180726,0.0004562153933623972,0.0011092243973708036,0.6191592877013377,0.022236617804522938,0.15112515957028194,0.003682095410894157,0.013619681310169399,0.363636358677686,0.019850700531269853,0.7026696581663407,0.0047411200228388425,0.17115854210002712,0.09169738000759226,0.17643706907521017,0.045004341505791114,0.3092369477911646,0.03974630773264677,0.9750733754987941,0.04014984433595281,0.04407352482073785,0.2707075390874223,0.17501503110258623,0.0900048614739885,0.36243929448067375,0.5588977528557445,0.061251531380275705,0.1855983891995675,0.5280175168748346,0.1339857659608133,0.019852671194636847,0.15609113512303685,0.17257438028968125,0.05224520133161672,0.019852671194636847,0.7188671815204195,0.07457813651115011,0.00034101743901990565,0.00910761952998368,0.04950770381916722,0.035545755632328105,0.031644577442904456,0.07378059865039745,0.0294605551946458,0.8759373859973411,0.3169116612189908,0.04278738521223356,0.04917732467704357,0.12183320033439733,0.023971107256086616,0.9703455425998779,0.913189376851975,0.8748894281421551,0.23483688385686563
002413.XSHE,4,1,-0.2203865443871985,0.7556389790486232,0.5417180193751713,0.3918397391504363,0.3289476565784733,0.17052594509657595,0.6732220712708628,0.2393876271081787,0.6890160958744718,0.3394327280602192,0.12398090168996279,0.0004990000783333994,0.010750248533492383,0.00481798798325128,0.0005126933365885621,0.00025969768780251777,0.0010322792728384717,0.0011315288509748413,0.6186165827743021,0.02241963202939374,0.1509243711880139,0.0038604726062731725,0.005741932566052524,0.5454545434710744,0.0056341497583437,0.690725473283715,0.004880034217679,0.07800488378402821,0.0909457175432902,0.24884202247381676,0.0351813768670756,0.8554216867469878,0.08933712453109618,0.8583295948358431,0.0663747285029035,0.028978668817193617,0.3080860617660165,0.17887491677013778,0.13729634453552125,0.2546453575489571,0.5318427242963106,0.02149654056609819,0.15122295626729979,0.5248793805837266,0.10739185174625206,0.0343387768719296,0.1583565419871912,0.17519126152570227,0.050431577309501215,0.0343387768719296,0.7275002716829269,0.06522459702915212,0.0005021060981025558,0.009078437494351927,0.043201041212094976,0.014827598340768945,0.07978207861147538,0.02482793152100348,0.029283995026587566,0.5188574951515952,0.27723696835520295,0.0383042456137671,0.02750571736104797,0.12795107222475555,0.029578124065322724,0.9224268935251594,0.7347308831984432,0.770402653196484,0.37130280412099004
002414.XSHE,4,1,0.1797028236134718,0.675093341554097,0.3668968496026406,0.24669081822355904,0.4020938706013044,0.18808107015614275,0.6330255748615854,0.26461422270413765,0.998215130947478,0.2500660315520605,0.3190699851237735,0.0009232387378210814,0.010770212879804283,0.004827511270582012,6.164444057298095e-05,0.0002326166007395436,0.0003361178428791877,0.0011004463763057218,0.6207182350500136,0.022503018387116148,0.15096914793683106,0.0037138558550778556,0.01170295463906563,0.4545454565289256,0.012393799353983237,0.6942641632581275,0.006562047311485791,0.06624762593831962,0.09098228810842375,0.37661369792007915,0.08752382141168744,0.9236947791164657,0.10465563652989454,0.7008722932679328,0.06339592474932695,0.0301384893530348,0.30608386523082093,0.18010845324808775,0.13952950290778537,0.5208729405170248,0.5318427242963106,0.046297332251492504,0.21826389239322458,0.5138770141242429,0.10783711151389888,0.0059408868440296355,0.13578908731353623,0.15144549252304274,0.04646821771016316,0.0059408868440296355,0.6861472089107327,0.09634322483162129,0.00022652790935002968,0.009136622263924322,0.0690673679844694,0.047647005041511724,0.01253280774430892,0.22795345901818076,0.029538752586734236,0.7941742631477985,0.33315521564601347,0.031343619131871274,0.026178947370591163,0.11739649832801338,0.021842435843751867,0.9062708596668134,0.7136294281544382,0.7415575911046095,0.23337931816699753
002415.XSHE,4,1,-0.1125224436506815,0.28380872369703747,0.07111435289235457,0.3422363203694164,0.33067892395948,0.19833343095420422,0.6432444156628678,0.7071506715738485,0.21514324177884486,0.5297464891130116,0.8384224062262405,0.00982050158566357,0.019365848922483574,0.00805819179309391,0.002479606699703339,0.0014281912338491817,0.0028079331903890967,0.0009185731355205302,0.6347253239523855,0.02454555188147847,0.15569207963373927,0.009849008597160678,0.11682162346925998,0.7272727282644629,0.15473995833480803,0.7088197186363403,0.008879690141084756,0.05770100388893913,0.09102391456454739,0.3948650265087116,0.12271008952946957,0.10441767068273092,0.11847734570479515,0.5592018881037759,0.08682473118252353,0.054070489660701264,0.3429327678583592,0.17375790383514858,0.13911874735153654,0.11809440122392084,0.5223524846078368,0.09222782909105734,0.12635249893652753,0.5093913641572604,0.1407433401201505,0.017282403219685622,0.17897513017481587,0.1943454066893382,0.07815070786206807,0.017282403219685622,0.6005723453656736,0.06388472599526648,0.0005451709226731503,0.009104772910016143,0.05364310782708448,0.04526202263273539,0.04793445619604943,0.06172546788742905,0.029460713204949113,0.7328426344718537,0.35648960600562235,0.028558187166195115,0.07187852084401505,0.1300716135937579,0.022843363043608303,0.8965910866199884,0.6929895847154044,0.697913723584878,0.6064193878274039
002416.XSHE,4,1,-0.01298861184047196,0.7344852207653508,0.3927208131177807,0.11908769232104083,0.4035675208488493,0.5586677932838287,0.7966728690688236,0.16334725883868947,0.9783554440481972,0.5629699309907439,0.4002102458485028,0.0024069887048962612,0.013263055935336398,0.005900876141016583,0.009195932385463124,0.009039816909831154,0.004975537366429659,0.0012997383493343249,0.627098432973307,0.0253152529123881,0.15222916552265836,0.004882455465547128,0.01596851572543309,0.5454545434710744,0.016312117515692504,0.6917140821652937,0.011277175885951935,0.15004069820023513,0.09109950441830389,0.3599957640628263,0.18444948702487426,0.3012048192771084,0.14814197491010617,0.15745730156791043,0.09941087773219043,0.049234719515829625,0.3089425077486573,0.18357937597806356,0.14391132879422444,0.17799555908415593,0.5107352636383501,0.0427952909393912,0.10925342119104853,0.4613196046779328,0.12324400461552307,0.1910188395276203,0.14330380183371533,0.160725197954313,0.03477031626029772,0.1910188395276203,0.48109963226401276,0.057536916212506214,0.001010755699169989,0.009070536705155698,0.04030884402345206,0.01688159079241174,0.1889878032603221,0.018681580865544653,0.02868102498483163,0.48589166850549376,0.2673762563866871,0.04347679837214287,0.05743726983408365,0.2097275263464559,0.03740907459472394,0.8357012753689055,0.6915135332360358,0.6695492364930697,0.6270658395859431
002417.XSHE,4,1,-0.2812279812594655,0.6950598741038692,0.34916658815110124,0.18028920601063175,0.4043743088346293,0.1890943386402931,0.681938580060085,0.3179429046340767,0.7514474343989272,0.26604315350450614,0.14499735498615607,0.0015805472022726388,0.010722375592640077,0.004809344848651674,0.00022395191396663562,0.001565921862480259,0.0011087533105302023,0.0011468742058545393,0.6191239759028803,0.022329538224722466,0.15089173637595216,0.0036222921053862493,0.010175452855884946,0.5454545434710744,0.009423531574992036,0.6819586311461638,0.005671346187825661,0.08107985891290584,0.0914409681790819,0.23776893508110636,0.0746228935280962,0.7710843373493975,0.09602135052197044,0.8026586620045806,0.06845291556058264,0.03995468113927213,0.30460539719912855,0.18125141663556654,0.13762520895239133,0.16293550994407513,0.5097415350892269,0.029997547751357947,0.09159428730103236,0.5118439000716876,0.10393630174338868,0.015127061535219909,0.1313963651735729,0.14887246588418399,0.02626414922292758,0.015127061535219909,0.6660333241019565,0.08576823893253663,0.0002639688111018216,0.009052228193027024,0.05896657641632441,0.01533396189549464,0.03486581480155356,0.01988721325522388,0.029543877024329594,0.6747332961502168,0.2778682641584582,0.0261482026637928,0.04276346917078112,0.11561684589856615,0.023047047915295805,0.9216990243001804,0.7333266993941003,0.7502317058036032,0.5104478071124702
002418.XSHE,4,1,-0.2534477968736517,0.5858494223599671,0.5195817114134812,0.32197281117145554,0.40714406916376406,0.1824280986129882,0.4435583475342241,0.32838547626162756,0.6931803512481789,0.2280435904922299,0.12530408624145561,0.0010918869567881945,0.010993033266494928,0.004912856994704177,0.0003466398574151268,0.0031734053813938885,0.0006873651253232679,0.001173323182782488,0.6177587831809852,0.022747046772996448,0.15090970070609935,0.0038136643405437356,0.004482224122949617,0.363636358677686,0.0046584937458457295,0.692771093978088,0.0038497238408925164,0.035000452202224835,0.0910392336696357,0.2796405628623382,0.06659053702974677,0.5140562248995983,0.09218842850197179,0.6796845084534529,0.057983385584417256,0.041132980768337615,0.30805852115374377,0.1798447919696445,0.13813345396028148,0.24341014158066107,0.5311483869463278,0.03179084792826887,0.1411222878294877,0.5184921400656236,0.106039014015935,0.030164329101259754,0.15239555361792262,0.17151513384694173,0.02476437069075431,0.030164329101259754,0.7074202742069489,0.06371486428458834,0.0005513073932975397,0.009083877957285163,0.048048149463431715,0.014702062242303238,0.06772565982225898,0.011097719107584409,0.029621766568758128,0.5667544129077899,0.2768322616099153,0.05076265178082623,0.050537327827184265,0.18418919731975478,0.020137434946461686,0.925586911136044,0.7199565476980232,0.7577849189227728,0.15940394588801757
002419.XSHE,4,1,-0.2513262811685422,0.6028222006897833,0.3799413726920393,0.5631208948978759,0.40654742052695325,0.4272437072501936,0.49127189019137957,0.09830407609148734,0.9655324881294134,0.2448616237767727,0.4174206800780087,0.0031908305165551953,0.014876413343567058,0.006552340919059008,0.004805154629472957,0.0007862742667320195,0.014334788640764488,0.0011914780880959972,0.6187635182025714,0.023243880901756754,0.15345829078526801,0.005422681377468597,0.008796765533023625,0.5454545434710744,0.007861393949247184,0.7044174624397367,0.0038478041452589267,0.04178348557474903,0.09121713868035315,0.38243077598767383,0.0727648890358949,0.9718875502008031,0.11125882962141165,0.6443708493695199,0.07329674208626887,0.028157417354133733,0.3076202463911067,0.18153251430529332,0.13743672934588477,0.21343134297246688,0.5079659105826235,0.2061078369327153,0.14441890145971514,0.5189026491627461,0.15493107786110297,0.10685764664798539,0.16524989656835615,0.1789835801288755,0.08446446269731643,0.10685764664798539,0.6937122638257397,0.0603476910204442,0.0007218046347837283,0.009068509280070471,0.041636479149638084,0.02201330046557048,0.11671367739756575,0.009727874340553957,0.029494019325003364,0.5915004052811853,0.28056475181392915,0.028387700591677705,0.019956491774071407,0.13481421315296144,0.01674582760064605,0.907292539517973,0.6836108531245855,0.7225946825168401,0.44854360293768103
002420.XSHE,4,1,-0.2216148715001574,0.7542821216237656,0.482341408262237,0.3317890219433993,0.5200530948744889,0.42386331342590683,0.7009841393348721,0.30633339019331973,0.8781164955270699,0.4086525502874257,0.199556920652747,0.0020940547206638486,0.010743714027439075,0.004806503150468062,0.0008599867421145486,0.0008143000336994903,0.0025487212225324394,0.0011860678865416817,0.619875604033871,0.022762760841243262,0.15083840727052705,0.003884765039468685,0.008469817548587397,0.4545454565289256,0.007564709982828319,0.6702791593423457,0.01159608274784308,0.0881794338428145,0.09002554854739739,0.2902095359628452,0.06170682734855756,0.8433734939759034,0.07811571498028198,0.8479435868428158,0.0596099926849728,0.04077647320283158,0.30669013616317703,0.18010159824524608,0.13831543427001197,0.20131942493690425,0.5001792661576251,0.041320152809591656,0.11225728132016316,0.5227488684803527,0.10029067212118585,0.02843606627453701,0.13860221397101052,0.1573559965543535,0.018981025336396506,0.02843606627453701,0.72428214359582,0.07611859725277145,0.0003262465092090923,0.009001010418216741,0.049486596742439305,0.015705890563234202,0.053955090664476214,0.01854160279651791,0.029492783847890395,0.5341517315098083,0.27133085837346826,0.04471388431677889,0.044401830957430416,0.18597660802046917,0.03175375366393492,0.9253108534177898,0.7470423687585694,0.7946518867849794,0.392080839107799
002421.XSHE,4,1,-0.2361371069072885,0.6347031533648947,0.12104601788461061,0.3494941825369688,0.44995448652525305,0.13443171275456448,0.6515644181819463,0.6644781984704237,0.9827611946196626,0.4865127412858653,0.2833019892040066,0.0007057550750279632,0.010754225500425325,0.004788439865901733,0.00023756431767495817,0.00022308180095277863,0.0011657670197226218,0.0011269184362463663,0.6182313787733797,0.023254811743641617,0.1509050106480709,0.0036357885649192186,0.025674124060834625,0.6363636304132232,0.02552539546898365,0.6983773029654533,0.004710721380894164,0.08930993940490187,0.09103289467085554,0.296438203971501,0.16393156315331683,0.12449799196787148,0.10551274061171273,0.18279969489754117,0.07444466165591582,0.051177330785796164,0.3204256445679069,0.17124385773187234,0.14318210769594727,0.1509602218477311,0.5318427242963106,0.04996335471257449,0.09501184055166696,0.521615502043994,0.10627086937578863,0.015689884978405972,0.1385284694082363,0.15634778803029997,0.027793350769782933,0.015689884978405972,0.7092992683841702,0.0736813138892749,0.00035056344888286526,0.009019358957940067,0.048190490312115614,0.01971945835655032,0.05966894062255546,0.019038533254380475,0.029603572227194813,0.6303408686434335,0.30327427028687465,0.028348261911188378,0.06152867999003005,0.12297453703703703,0.03343228450080756,0.894564592180199,0.7243211268851444,0.7287444582044977,0.3160076365386596
002422.XSHE,4,1,-0.1261264539102102,0.45397382337869857,0.20856606581968654,0.3447571295286161,0.407545122702489,0.5097628102083952,0.44679648207373196,0.49040272444227595,0.5664493795329747,0.3764875468166604,0.664950607585204,0.00683841440184922,0.015436809592347566,0.006685418896190106,0.002025508001181121,0.001964815257180017,0.0065682865288295535,0.0013875766596092541,0.6317656048521092,0.02747066575033743,0.1531468793212629,0.008228558921003661,0.035207307446533956,0.7272727282644629,0.03718703757612572,0.7011514499855104,0.002690431635748507,0.02007777878267161,0.09116676265844,0.315985790419424,0.11692614390584533,0.25301204819277107,0.11984502293296931,0.5446612715955976,0.0915531847885699,0.045559800861615256,0.3026503950634957,0.1819934818233102,0.13826993919257935,0.8203353335086898,0.6819859574340625,0.24491526371582448,0.5171923701019248,0.5265630901695577,0.18102055000895567,0.062279902225435814,0.32292274161975276,0.3393223321556133,0.16494727581319513,0.062279902225435814,0.7136006225921006,0.07105180198842304,0.0003836110984356155,0.009089399297892521,0.051739777183144514,0.024771935615433897,0.041752207906227586,0.02849166408252136,0.02953634020529315,0.7040654526342168,0.32106559928425893,0.025789988295145626,0.05364246356670556,0.18013257143942848,0.022067954776574746,0.9065717714561645,0.7211672416080668,0.7134043457710721,0.49706663629356806
002423.XSHE,4,1,-0.2249461353418133,0.45508064565155537,0.23598200740834052,0.2873697651287948,0.5770897957034277,0.474605195888932,1.0000000000000002,0.6717187772256883,0.9998384177585911,0.9302809289662919,0.343249161207608,0.002158193179313972,0.01017709466303926,0.004526713023324141,0.0005212591214702938,0.0012463611298392286,0.0013283313215449247,0.001147577775696261,0.6186132904260845,0.022744074068124655,0.150516530936565,0.0039975482648248115,0.07147549600584269,0.4545454565289256,0.06829333930870868,0.6849568687494384,0.051157953135635696,0.4888306050465768,0.09185623790291744,0.25422429557305265,0.1252953030119397,0.2730923694779116,0.08883050420909913,0.7947652138027038,0.045514468142190526,0.061465802791669216,0.2979918071653746,0.1745165744708128,0.13885487590242734,0.18148884123077733,0.5196354991821202,0.03659668692501172,0.10688830346120133,0.5145487234351434,0.09062446202854989,0.012394186481881083,0.1399224113224243,0.15830165148474923,0.02341886418150872,0.012394186481881083,0.6925986559582695,0.07435666468149695,0.0003433051172451628,0.009177826011870093,0.05367028318837168,0.017262546751033038,0.05927458257537883,0.016721819440672164,0.02889748820310741,0.5078162163480784,0.2748616765293253,0.03173121344873629,0.07214358209342929,0.16607094226579522,0.06139648262248011,0.9118967561886637,0.7909396974923708,0.771571084171919,0.5129484963747523
002424.XSHE,4,1,-0.2210780076964267,0.47071323556664735,0.18346049326124714,0.33998112049223417,0.41615431617362486,0.3175332145974296,0.9508050485979134,0.3940598598239491,0.9701696350085489,0.5485363811615751,0.41160616715132226,0.0011757511831505729,0.012100427375091701,0.005412244489993859,0.0004076548346314586,0.004208056924796819,0.0006643819391718696,0.0011359854367393799,0.6207625167139024,0.02226159748274881,0.1516333207731183,0.003986311092740791,0.0757768496291914,0.5454545434710744,0.061335807788988075,0.7049898708581286,0.011811443938306332,0.35728497784209096,0.09132469387936995,0.2248693170875251,0.10773574838906408,0.5100401606425702,0.1041740507621704,0.6464476403322454,0.08283348144466486,0.043542057624347104,0.26080142459505823,0.19347072572024926,0.13922143624059874,0.2259161150142294,0.5140109543834721,0.07700873173205007,0.12120516592559004,0.5200092371572681,0.1285679746128825,0.014662154231586318,0.13913038166609407,0.1561246578523864,0.036021722137001506,0.014662154231586318,0.6896703229930228,0.07806222800425633,0.00031005786331502096,0.00911584876478533,0.0485383613204376,0.02233318567698117,0.031016643775609254,0.021376283386573835,0.02950132593937378,0.7669810598962348,0.31479527269817936,0.04060686655539769,0.04865687113100152,0.20291663500025334,0.03479481964467309,0.8960753646447288,0.764279554199284,0.7173374032578759,0.5430618191597881
002425.XSHE,4,1,-0.1614178988357103,0.5057889511133232,0.35847052384526534,0.3478339474515055,0.3598613782433052,0.23393720880959662,0.7152171400089743,0.4303217511800891,0.7650932303188,0.3632435317115803,0.1499765766066935,0.0004228215971621711,0.01099859314655512,0.004930386899131284,0.00020389505373254107,0.0007688941809936152,0.00032431324240133025,0.001115256579083913,0.6186295978473495,0.023083712331033384,0.1510868969228101,0.003748579507236553,0.010221965219634921,0.4545454565289256,0.01022950546317745,0.6961004134385766,0.0046357439759759575,0.14434295016731483,0.09082017262554339,0.28346089122464235,0.034825282149963825,0.2289156626506024,0.06052301136700523,0.9048607995696535,0.045372602360309926,0.049633699635030136,0.30761719608130933,0.1760999484449778,0.1387716849036934,0.16363532575532322,0.5378720991499155,0.034448901838173666,0.09484661588978037,0.5269090017960425,0.11558894829747321,0.011672377179843735,0.1402830157083228,0.1571803266096978,0.03771447323393655,0.011672377179843735,0.7348701823021653,0.07797291365114642,0.0003107495300564827,0.009042587574271517,0.04760885842903193,0.022998228230859376,0.03871775714195448,0.039452348836496974,0.029363384306739782,0.7459890468740125,0.29545558513801595,0.053382520913306884,0.06156937617936999,0.20354450081066017,0.023862236047137646,0.9395655508372271,0.7751426296935122,0.7864398634322032,0.18176338960306648
002426.XSHE,4,1,-0.1135880872994454,0.572979377688981,0.27394599470046394,0.324643955184277,0.575216763670133,0.25570033574348416,0.5981307443172614,0.3369998558040519,0.9667171318449619,0.3041765198375024,0.2631456736292346,0.0017193169502880742,0.010683266139549997,0.004763112031628886,0.0005674274375448729,0.0011293826014312132,0.0017743211992862818,0.0011421363344927278,0.6190069689755868,0.023797365305561282,0.15081705543057616,0.003919133451092654,0.015704880141410308,0.7272727282644629,0.016595440758497657,0.7195944798000564,0.021202576936926888,0.14271502215790902,0.09256022203476406,0.7192011025489856,0.24091462680194572,0.0,0.19459622557978049,0.06730322071986522,0.12877957753398692,0.053910670476058645,0.462096578761315,0.1992772813032464,0.15531239519883946,0.14321812700078926,0.5180097908370518,0.04543724183488821,0.09292583114896154,0.5201595095827477,0.10142975731253875,0.021933808566909328,0.1404322016114218,0.15777377518009242,0.03360134783914464,0.021933808566909328,0.7107646033955108,0.07260104261822656,0.0003631415099741345,0.008661868671850446,0.05006888822167073,0.018511321989673167,0.06074324067166315,0.01715908342755505,0.029414094716840786,0.5483825898742908,0.275303369461051,0.03766173799618678,0.07316529559266866,0.1407363074428738,0.020037835736077047,0.7742158540568944,0.5898649993366063,0.5797807310549148,0.6984956664109726
002427.XSHE,4,1,-0.2551362808562472,0.5879861933530656,0.507307240758365,0.29431172932360117,0.5335740657617467,0.3534482945633852,0.4404641899318896,0.15011347872999836,0.5931714817881886,0.20794350870204975,0.09594285143786208,0.0008847726519212514,0.010635512348814768,0.004782614746095522,0.00026079519568774127,0.002951648985059358,0.000813515978541481,0.0011726370931131494,0.6169303823573609,0.021697471604086454,0.1508246478062882,0.0035883685241366323,0.002312675896535487,0.4545454565289256,0.0024830067245851643,0.6992914947123093,0.0029350019725335667,0.04427059781134123,0.09117995288650022,0.25198973713427403,0.07032166139537882,0.9879518072289155,0.0946075570096093,0.6663901718408498,0.06341928378800875,0.03544401772237845,0.3064258702529405,0.18120607700876942,0.13842332259649504,0.22803866957381683,0.5107825050704128,0.029992520113375422,0.11344075993021359,0.5352911760095994,0.09978361907069516,0.023037134828907912,0.13106027269721246,0.14798450113131723,0.03127268852399049,0.023037134828907912,0.7697858203714286,0.06541338601513155,0.0004967067945470169,0.009222070760362903,0.04929636921342895,0.014828390771996998,0.07095257837554414,0.00734585111966612,0.029318330937928922,0.5299797193081279,0.27044766717415614,0.028778219903387418,0.033577386772748886,0.15630082459340325,0.01749356942035054,0.9374360895314653,0.7433218345053296,0.7622474010662428,0.44927418784646234
002428.XSHE,4,1,-0.2975040759318274,0.788352401700396,0.09987624535390754,0.2784429913058999,0.451878172673693,0.10612943370494343,0.7987931625248956,0.49379252016956865,0.9417983400937353,0.2998719974012765,0.4428259138172722,0.0005973832555279073,0.011265395717519146,0.005029272724988074,0.0001626752877932746,0.0016288147839496208,0.0004271017697558406,0.0011047685091099537,0.6191281210213708,0.022729678936058737,0.15122285919861483,0.003902356722358846,0.07882977694123612,0.6363636304132232,0.12218941049783584,0.7133995198573614,0.013739003200656567,0.1899249344306774,0.09119307663101628,0.5136344270390996,0.1773724222035951,0.03614457831325301,0.15324836517772555,0.15247218198560925,0.1124824977460878,0.05639455966100046,0.3104215710166811,0.20066588050250653,0.1444429712705085,0.20544899842686365,0.499139251056449,0.07493384739595858,0.12140547817768783,0.521561543684431,0.1202157856250025,0.016615546435583484,0.1458666668546174,0.16271849980047415,0.04189095088556647,0.016615546435583484,0.6973323657915556,0.07460318090484798,0.00034076152541382234,0.009092155170368075,0.05042889579911128,0.03605251540266782,0.030128067983669196,0.026709542680411518,0.029071355385220394,0.6202770326985961,0.32671397394576235,0.0405607247617226,0.07483511755405593,0.18310945179105234,0.026466770353532332,0.8232467228131968,0.6987279421520505,0.6602704422610262,0.6491649719215112
002429.XSHE,4,1,-0.2764927840618713,0.6476894888948114,0.2819334096257612,0.3815764194204299,0.6219899042837833,0.2360597396342905,0.6827127409438507,0.37120196209094025,0.9477118988635675,0.3405547810517482,0.4370132079026056,0.0012392577627338682,0.01350063966727438,0.006000010353444187,0.00216317083511738,0.0053693528848674,0.0022484626993505303,0.0012138223409766408,0.6252286885658898,0.022345851579181442,0.1526099414901926,0.005124277626209738,0.03399995899997216,0.4545454565289256,0.03631027344727842,0.6984772982497177,0.01759298570579822,0.08225558469747671,0.0901675090834252,0.21002263646675395,0.12943529260699121,0.7228915662650601,0.07898731275141609,0.6227672957266149,0.04877298171929428,0.035703602216907125,0.2989586655163408,0.15213383109941245,0.13880938082499472,0.19640300147877554,0.5488045203818636,0.03579561660646313,0.13622572950477022,0.517340305738343,0.14178146727192753,0.03879291781932778,0.1631499907760562,0.17996987532968162,0.05378765648868923,0.03879291781932778,0.6741207113535419,0.06069180072320962,0.0006986247915270093,0.009106224595726256,0.041257475203142414,0.015784341254811422,0.07086200258138704,0.024590233835843488,0.029538865645830574,0.538977405158104,0.29013521955097604,0.037305774248572884,0.03508817610770842,0.16692680625221665,0.022848896333074117,0.9402028802317819,0.7846181062314805,0.7935032597243823,0.45845813484893705
002430.XSHE,4,1,-0.3042297985293919,0.7727929593238894,0.30203734659028947,0.43380051645068796,0.4660526317989148,0.39233068744617294,0.6677805716899495,0.16591768445126118,0.9721599945202546,0.5336302658470891,0.4089841927106038,0.0060571200647500205,0.011903592768753163,0.005267951824558008,0.0010136756144029334,0.0019020745105928602,0.009570416765307024,0.0013901957940706006,0.621017873522516,0.026823021832777273,0.15140679038664012,0.005404216278746449,0.02725901161679302,0.7272727282644629,0.025181010222482317,0.6790979670121255,0.013494771222416421,0.06954870217961472,0.09144506590305355,0.5169450610490454,0.057250618811958524,0.9036144578313252,0.1299187958115873,0.8953053026437764,0.09900369762654128,0.026200746233548546,0.3331470007402782,0.18324809205306772,0.1315951614035361,0.11581025780869891,0.5310061600817135,0.0662330098169732,0.10990259652011274,0.5399823816320605,0.11194157801941562,0.02889319920854462,0.16399490768342379,0.17848840610508537,0.07641687057345986,0.02889319920854462,0.7629569385482433,0.07619030934240628,0.00032560384282020327,0.009041978387180323,0.051738457990849016,0.016703015344317045,0.055002924660523214,0.012350822575797542,0.0292851814660202,0.5815967967817015,0.28966627363976977,0.027109477844545295,0.026683732677576292,0.10769090097279221,0.039426482024286655,0.8502160528894633,0.6020382778293754,0.6999059974175696,0.49166536243200365
002431.XSHE,4,1,-0.2265363200276511,0.8558528718645347,0.1759587809161654,0.27376153917391616,0.555345973457578,0.2779902538214955,0.6688907478141402,0.3276551521835243,0.9527407070452492,0.3395143248829704,0.4318374737249158,0.0026936927801835633,0.010930292842945149,0.004862658407917103,0.0006857992236722836,0.002999792651052242,0.003551918901583199,0.0012541872565767886,0.6223526304751287,0.02284520072980243,0.15082109163746643,0.004348988940821461,0.052296062978083556,0.4545454565289256,0.06129115939906047,0.7047188603526132,0.007813157987858166,0.10938771818757348,0.09040369218385856,0.19738262250576383,0.08809195018040342,0.8192771084337348,0.057249413993788786,0.8923969740242008,0.05621158201001908,0.03758288937258892,0.27432229864727686,0.16620817226691914,0.12991574311659476,0.25753141341297,0.43233735327766076,0.04889046405353604,0.15887048599387413,0.5110799717489446,0.10126456907192233,0.020892247625702402,0.16501018105686738,0.18201234239981243,0.053307080582215186,0.020892247625702402,0.6985768488753497,0.0769510645014913,0.0003190095894901612,0.008864183488266059,0.048514352020659596,0.01542323891101188,0.04387175539122276,0.019034279047713345,0.02932038643402977,0.6025389119835715,0.29612211515045694,0.03608566952400746,0.04111131521054093,0.10913116861731773,0.03016106358796435,0.937659776171337,0.8765479191543943,0.8376554277249526,0.48340789336315415
002432.XSHE,4,1,-0.04600397874520328,0.7125315461016775,0.2770444129911677,0.2871301855564151,0.32079384861775284,0.13660486180861825,0.6831467433659779,0.2242226839831282,0.7819504732866794,0.30187672692327766,0.1563566842955747,0.0008002855830978822,0.010468903048765283,0.004706823117478715,0.00013025406280371674,0.00023200422622923132,0.00027349843093432024,0.0010943399573386467,0.6186409158446081,0.02219264034682736,0.15083058767791332,0.003470829434208899,0.00933270699776292,0.6363636304132232,0.008773622336802372,0.6955460943276361,0.005465889012962588,0.09125440897169212,0.09161008992125917,0.7319586829575928,0.11745277620349034,0.4939759036144578,0.15469641650119703,0.5301206550874192,0.10885370282688041,0.03559581325750117,0.3359643476940681,0.18518274231166929,0.13734053975359864,0.1787716203594229,0.5318427242963106,0.06392302875695986,0.08539191053685824,0.5195373022490358,0.10038658225878296,0.006598087042701606,0.12040826869459254,0.13840768010550594,0.013930604627047385,0.006598087042701606,0.694714861465078,0.06159228632006032,0.0006454771149954164,0.009130200028275711,0.06416854739514927,0.08139242117488467,0.03054796831242099,0.15494905259893302,0.029561199584909117,0.6552221395520064,0.2724799607868559,0.027551054566266324,0.035918654626037265,0.11060175685261185,0.02663635819824131,0.823062092570763,0.5735040467029324,0.6368014829171431,0.5732333942014775
002433.XSHE,4,1,-0.1678995846256486,0.4802867383512545,0.3573708119003483,0.32104919916145375,0.6411557162667415,0.23144408023423224,0.8104370642626041,0.5163019290926045,0.9794408551915761,0.4420971930306258,0.27850888982150784,0.0006914053455382569,0.010999495448786142,0.004931882658089771,0.00019017422066998723,0.0005689539808970949,0.0005005756358937689,0.001100568186504765,0.6196780762647878,0.022676592521213474,0.15109382779127692,0.003742614161057016,0.030638218033552732,0.4545454565289256,0.035704405227154574,0.7044980859122337,0.01108900437572633,0.2283621235416478,0.09080195253738384,0.15032057241068347,0.06908989531348605,0.4016064257028112,0.041702955790294746,0.9447448359971625,0.021404537211621583,0.041097441582528406,0.2877580226613797,0.16737615748279902,0.12727572876614748,0.4533010220032171,0.587026608183784,0.07748894402369956,0.18577978490263905,0.519578895151199,0.11602028281828197,0.00821133011669472,0.1398560281637925,0.15768355042570123,0.028606327220503228,0.00821133011669472,0.7028419786930474,0.06885495391717869,0.0004189170877672298,0.009074409786180583,0.053630311661818184,0.03209069122683753,0.03033896501381777,0.056227741941818656,0.029618880156407103,0.724104971707936,0.3245218610748225,0.03822820387279067,0.044920923840606995,0.11140038379692963,0.023943889453849374,0.9640512490946016,0.8755528282694267,0.8588482571234679,0.30157983572190566
002434.XSHE,4,1,-0.285341694402664,0.5505685799356498,0.5666808876881594,0.4652521968986398,0.44349683913306226,0.24404349986007673,0.5240996676722265,0.28900257628872617,0.8909223272409219,0.32691573677870434,0.20659523246983752,0.001396319933751084,0.011384869756913883,0.00506155709540529,0.0006009571951109604,0.0007904007574966137,0.002306110040630177,0.0011370105157359307,0.6195862312031658,0.023541189777376646,0.15124272018871143,0.004040087068575684,0.003616584438435872,0.4545454565289256,0.0034762803787703697,0.6894920072099899,0.0023785196515241874,0.03536221398209279,0.09130129768103046,0.35813279604410075,0.04856756973292397,0.6385542168674698,0.10662348425655936,0.7125056077462353,0.06087661586622163,0.04255787958317956,0.31255694900727127,0.1805649627066591,0.13605107927322263,0.2965209444357356,0.5000093980295699,0.07597533353368592,0.15983094700197956,0.5308395711980555,0.12222032490734053,0.024720469982739468,0.15296389578454933,0.1699320918969869,0.04554841716109259,0.024720469982739468,0.7372247676672778,0.0767254708360666,0.000320923485614176,0.009080498367153234,0.049698063267407125,0.020193310813865637,0.03939077085774399,0.018384930633742223,0.02934332244685025,0.5763320223143052,0.28474185491175585,0.0,0.047712653566781844,0.17233843795916298,0.02324759227134055,0.8906660535995796,0.6628245101941537,0.73699608938695,0.4614292713334207
002435.XSHE,4,1,-0.2637428860610552,0.6900146550014974,0.38508528907666745,0.5456517724195925,0.5870537777855792,0.11029495242248,0.6540565657419412,0.3335265107090685,0.6461089854655018,0.3058216045957186,0.11089632765464752,0.00030959413954364227,0.010906181346035956,0.004896094961567389,0.00042005879316203953,0.001279894845000378,0.0005040723440448717,0.001123494292298929,0.6180420613866315,0.022190834790508776,0.151013618142053,0.003594064747864594,0.010720317164748736,0.7272727282644629,0.014792213794555075,0.6919430902234309,0.012394265151376534,0.1193813873564258,0.0920892753867041,0.6619745178184633,0.2083627846481889,0.09236947791164658,0.17204668022046216,0.1067714883189491,0.12142111071875372,0.04759333956163225,0.3217627889095712,0.1861519053585498,0.1491094663557403,0.34135851060001154,0.5054015049311008,0.06917716547381099,0.16944382106163625,0.5167397379550809,0.12396150295885386,0.03786330780073497,0.14756628977060585,0.16504486179946226,0.03708757747066512,0.03786330780073497,0.6904801133940268,0.061663675361146184,0.0006416680581763115,0.009098001940803176,0.042157032429440355,0.01898826921218993,0.077277087474139,0.017491977544204337,0.029735798245753817,0.5266969971491712,0.2790636966369629,0.026185772597575794,0.05780370046697536,0.10497083523331813,0.022377669438296343,0.82778525372456,0.6255417717040381,0.6265153295503454,0.7593793379462765
002436.XSHE,4,1,-0.05460413008019402,0.45158956661161975,0.32512981534197666,0.35431215783990944,0.34944736026025847,0.07788156925188428,0.36657128971432906,0.25203876031060585,0.972678550572168,0.18583115645127293,0.2698673065898566,0.0019984883842862518,0.010957594090270173,0.00489083261310067,0.00023465535294695726,0.001186949243169302,0.0007002414554594833,0.0011328909976151132,0.61791351169861,0.022550119670845224,0.15103265783876713,0.00400484963150246,0.006305523507700455,0.4545454565289256,0.006275463977443189,0.6987707301273143,0.0020702866372891765,0.023469295468933705,0.09133680189417404,0.774046218503164,0.11072116325440823,0.7068273092369477,0.14082990865022904,0.48774405886875966,0.08569428468807903,0.04129788147660103,0.3281169018944695,0.18122319375108645,0.13778119207501746,0.36060070797979227,0.4772654628745667,0.032829893111323526,0.20087941910764734,0.5227324481164678,0.11700427557297603,0.022131318473144083,0.17123020209743112,0.1885073787386149,0.05487127166004383,0.022131318473144083,0.7137174754638184,0.07560013773536026,0.0003310066464009259,0.009091820693207292,0.06119508796110387,0.017770355957323423,0.07480923195052132,0.015135420884606628,0.02955629717903307,0.687573668587548,0.30548429225861606,0.062489906736539376,0.04420626659467523,0.1950590895272838,0.016177394269306693,0.8755316995923932,0.6185927203573485,0.6700350925370926,0.3785728073363713
002437.XSHE,4,1,-0.0340163794622319,0.5465862553617833,0.24845359624226263,0.35468365668902446,0.33184196250425246,0.15179051139597122,0.6465330975011819,0.60317384992738,0.986806019641024,0.360640361036937,0.38604191635431706,0.0015346923067447791,0.010930679492753639,0.00489436663588208,0.00027489465547767493,0.00025604326325501464,0.0008466560318984564,0.0010576621412816593,0.6211582087030588,0.023587096220890908,0.15107952367701669,0.004073268099437972,0.023260860689042186,0.5454545434710744,0.027268487560730904,0.7019361420932894,0.004945179093072455,0.092339694311296,0.0909997205247205,0.2956418336025858,0.059227969404768536,0.2248995983935743,0.09154807095583245,0.9314504993845595,0.07990770359279492,0.057494614480918,0.29559465520653494,0.1812033873510507,0.13341756421955142,0.4748025649070711,0.477363664745046,0.16446281855870226,0.23253336739227323,0.52779983664749,0.11614369531838423,0.015218389919457734,0.16428578756412937,0.1802074839533122,0.06306756929053689,0.015218389919457734,0.7318670634990191,0.10335392847874722,0.0002101309090156073,0.009035860745077309,0.06088586928703987,0.07547988832031116,0.023620513565214753,0.06671382348809506,0.02987529818689634,0.8249246265702568,0.33564983658918845,0.03052834994378322,0.07828955194402645,0.17333410916046005,0.02444921337560567,0.9058660933660934,0.7522721241873431,0.7561979652137634,0.3879720684011762
002438.XSHE,4,1,-0.2415512128481724,0.6808833712504287,0.2430263886404032,0.3078130032742541,0.42932405176081556,0.2644397538218571,0.6842728708918409,0.26372083078119946,0.8813182827671662,0.25753291426339525,0.20127719609558914,0.0006931968438091523,0.010774535054427886,0.0048346752969001495,0.0001546408991290264,0.00032936940856972236,0.0008319332340876139,0.0011151056354332003,0.6188653755392536,0.02234411530200182,0.15096221614403935,0.003661650965438126,0.00669940978743811,0.6363636304132232,0.009567802237881194,0.6981606192565538,0.003140166849145066,0.08700370805824365,0.09113882655115885,0.39445851043419955,0.07550704750483511,0.9397590361445782,0.10576176854632248,0.7095972791266596,0.07808960380189689,0.028495459750056552,0.30628339498195145,0.1812673339705105,0.1388730739334004,0.19885823424039673,0.520340100115651,0.06552764678088902,0.11418152540086197,0.5177710893678906,0.11091528732745096,0.00933108484924505,0.14122522323001235,0.15883344088284307,0.031604558923828054,0.00933108484924505,0.688091640696116,0.08861818758911949,0.000251776267490352,0.009092277720606492,0.05591000786766284,0.025746112016493537,0.02864213536060528,0.0319684169261798,0.029539433665627824,0.6898612064405889,0.3097643726860518,0.029494526765896572,0.024111049056638,0.10742577392714192,0.022506281031285515,0.9130285040689665,0.7424041395780816,0.7507611304602695,0.5604504217334197
002439.XSHE,4,1,0.2054193606409712,0.5686911277526665,0.30198145056536496,0.3560561483856356,0.4757442853214237,0.11595352812674226,0.6285332872607134,0.3448437855852057,0.9220958446140863,0.39381101634450094,0.22588689279313912,0.0019933397574924752,0.009731704060342704,0.004302602537135537,0.0002535485632186376,0.0004346180458788228,0.000824142824683027,0.001100770089491102,0.6189639712188907,0.022438357057659786,0.1502552229738744,0.0037778572825995565,0.017931417465455853,0.5454545434710744,0.016711909563774583,0.698864132554583,0.005980161085671072,0.09030478429953875,0.09123416958952493,0.28933577762465623,0.035387213529049465,0.9397590361445782,0.09098084066033248,0.9767343976330947,0.06930763379450881,0.02573562276543117,0.3153907829063494,0.17569910887287774,0.13146907504608,0.29490578049309313,0.5340976092417911,0.10189867291123593,0.15928214743959154,0.5073185842868118,0.05056048248195245,0.010110097144635661,0.15296551424928986,0.1720872840087719,0.025125929177478298,0.010110097144635661,0.6919174037161551,0.0751512721053522,0.0003352967507989637,0.009125469095581904,0.06836687687556163,0.03326156190893599,0.04193359043741319,0.03163344949501687,0.02958803000684313,0.8120836997126994,0.29019322946444204,0.03127137988419295,0.022968978742116654,0.11955836436641841,0.02868113297840522,0.9022169831418385,0.7262449692627486,0.7673198437867197,0.4060453249670963
002440.XSHE,4,1,-0.09226095938465795,0.799395522860763,0.38691164934560357,0.41696195040791384,0.5303189955439424,0.15016114674875497,0.6002777615501614,0.57411296131023,0.9675052843540093,0.45660711903274886,0.4149934111824228,0.003895996574539845,0.012907294095489057,0.005748798636627737,0.00046802328859918576,0.0014637278059038133,0.0016250456288961347,0.001093404880396001,0.624645909113486,0.024538379641152876,0.15223925144741723,0.005609716517727688,0.018294036975458196,0.5454545434710744,0.02486132962286619,0.7009312204645589,0.008275819610566957,0.06122818124265172,0.09179811212233532,0.6374763289297593,0.15128927994081834,0.05220883534136545,0.1551424268496912,0.4453674626501002,0.10716557234150646,0.07015905716192725,0.3064258702529405,0.18570716787485744,0.14042380614417518,0.4597916284734861,0.4905515628169322,0.12387542576898361,0.3005736134622572,0.5276884270881242,0.16235828232776514,0.050424970571453606,0.2336482526362898,0.25233267186215536,0.08339436620838332,0.050424970571453606,0.7112320148823819,0.0637799202555492,0.0005489370527127955,0.009084121138630746,0.05112582508882121,0.027512848147967214,0.04900737058792882,0.0432291454975061,0.029278218115412154,0.598220532842191,0.2954240495474741,0.0352744872037163,0.09789303416892464,0.15839698282413742,0.03476236764969791,0.8380277939526495,0.661511543054266,0.6481623287291431,0.6049898084062001
002441.XSHE,4,1,-0.2321567681777913,0.7111766497368356,0.4498264364907882,0.43468481828695116,0.38341888529183366,0.22355016736555977,0.5112500885613535,0.303429316776878,0.9568610542011824,0.155479845391423,0.2533046861694462,0.0012394884494904407,0.011937482968798414,0.0053440172671973185,0.001758741691201905,0.0008386383325377444,0.0022270412279916793,0.001157649502879794,0.6214075720934292,0.022224490789491295,0.15160301854988867,0.004146695448400269,0.005844698753201091,0.5454545434710744,0.006462970258448695,0.6997857265987378,0.0024263302639021093,0.04467757981369268,0.0913886266027668,0.6590577808343465,0.10822705869055052,0.37349397590361444,0.14691198773043318,0.4515998887176765,0.10844588390335194,0.04604822039739709,0.3134469137854974,0.18258331786547094,0.13868069474882816,0.443620746527631,0.5109859950261808,0.05303939478605524,0.24029414931729923,0.5157397016616605,0.15576885552399744,0.10745328611454008,0.1817746826118857,0.19846047164906505,0.06755232591581783,0.10745328611454008,0.6880215289730853,0.05844377004122874,0.000891819181620309,0.009084860826646966,0.041484112439508426,0.015887946283614264,0.1131178968901048,0.02623599568954001,0.029500520904121558,0.5246933224519124,0.2776611415144053,0.02901288573978888,0.05578350781772972,0.1486920979632163,0.018331788000239276,0.8605420317848065,0.6223160187519352,0.6616091869040672,0.5952202340765865
002442.XSHE,4,1,-0.2880745485506125,0.5855001575711722,0.3640863805312451,0.2633739142999256,0.3521835183545938,0.32087817566116444,0.6802199719006738,0.2782278226356858,0.8443963015230005,0.3534689284326255,0.18277203775390216,0.0011572806907086065,0.010975121317627533,0.004901406606227903,0.0006754763081011084,0.006757521213924896,0.0007375029342767293,0.00120974823004181,0.6167897368092506,0.022522726319414328,0.1508469168126904,0.0036576776114962107,0.007436324812273123,0.5454545434710744,0.005067236749216607,0.6800462195193363,0.005101710098379,0.07194537397123993,0.09106214428335477,0.2875866656714594,0.0796202581272151,0.9437751004016063,0.09334265321476616,0.7390942809714413,0.051899404633387866,0.033024746944966696,0.30757784334993604,0.18004979156085038,0.1393566216135414,0.11027501424872332,0.5054516612600355,0.028723806598133644,0.06625105351999638,0.5128215340104679,0.10047692229764484,0.022011061250350638,0.12430067639557146,0.14222409218398435,0.017262562235640176,0.022011061250350638,0.6751466795672237,0.05876740696341265,0.0008566000752667858,0.009029017397200042,0.045696029600564396,0.014741608843995113,0.07349216475501395,0.007661532813938057,0.029256614292907535,0.5480981722982825,0.27164816092027866,0.03533197147740027,0.030370510559877717,0.1619087088969955,0.02126802057785488,0.9122766684182868,0.7084245499977886,0.764238354637945,0.3171598935318967
002443.XSHE,4,1,-0.235744345796681,0.6644079177405922,0.41907070741289265,0.29638773147184905,0.3600310611702772,0.21143993677060036,0.8748092564533779,0.5016322358378784,0.9528640891371949,0.3924184563505337,0.2496585876665105,0.0007600624252143226,0.011127587716996476,0.004976396864904909,0.001214657505873783,0.0026754576897629447,0.0015464809471905571,0.0011662204444268032,0.6192524758103137,0.022684156110364444,0.1510910093856254,0.004057290365293648,0.052094854976573096,0.5454545434710744,0.03432923269136853,0.6898808709582424,0.017272619953739753,0.2452744867504748,0.09002484451616098,0.3528378660550567,0.09278383034176133,0.3373493975903614,0.08474591903825146,0.8969673513677767,0.05955932920410295,0.039832812957225135,0.30733639478226266,0.17436553815888642,0.13955030065746885,0.15662637894993975,0.5038697768817317,0.03999088904560385,0.10554267515804654,0.4963303899262312,0.11331338889854953,0.038555328991784356,0.1515023438110391,0.16922189338883142,0.03744250915228053,0.038555328991784356,0.6073054078340503,0.06388580853754686,0.0005451323194542117,0.009098798928595301,0.041676318756962025,0.01624112431513328,0.09108622409144303,0.015990496865128895,0.029847360330681354,0.5091252025019876,0.27577971260954487,0.035610414736644024,0.042752212777984966,0.13564688149161475,0.026414129329425138,0.9074558662708951,0.7187900800495339,0.7422560091678923,0.36957854383753164
002444.XSHE,4,1,-0.1166418861385687,0.6014510275268111,0.3368031920017869,0.4263696541041149,0.3302614872415992,0.26296730568565646,0.6268449246161617,0.4486082525887937,0.9904965053449475,0.34988562909796833,0.3784980929246896,0.0015700612049751631,0.012447806489379376,0.005205310625949158,0.0007365252976951497,0.0014124552734483468,0.0010091348575184023,0.0010734753345947499,0.6221803218399639,0.03163611226885435,0.1514204988172984,0.0046779301618635515,0.016368784668797577,0.6363636304132232,0.01837987425683453,0.7037091224963475,0.006958729128434231,0.07574387265985348,0.09171047520109361,0.7306195997557496,0.1701078941578343,0.01606425702811245,0.1580464351453519,0.20024864002529513,0.11457813779035683,0.06022629483638841,0.3115584251469603,0.18544707586858944,0.14392042780971098,0.2715587270018681,0.5227259934621878,0.1159746384080866,0.16454756474278132,0.5364911874436328,0.1237369583535902,0.01865439532886412,0.16560052912311135,0.18185604226767005,0.06078370717791672,0.01865439532886412,0.7505331412272123,0.06212648731200321,0.0006182208747607034,0.009023006678123835,0.04683185416698546,0.040910247332992394,0.045207990845055064,0.041542005371605836,0.02955140567041932,0.6076079761111414,0.3083104262307592,0.03384600909640896,0.08619226125056874,0.17317862707098342,0.022497158581085124,0.8431548337617703,0.61535314669851,0.6304536680811061,0.5308342948773306
002445.XSHE,4,1,-0.2117324952772288,0.6197361472191287,0.3498121448935063,0.22939699787140716,0.4168964073192688,0.22784440100918285,0.5395524326716196,0.11280648738853444,0.7854376639423082,0.2722472190371961,0.15771103980440904,0.0006508322695407953,0.01087536158059149,0.004872675645174837,0.00027577438304441537,0.0029579872788946153,0.0016097721513351742,0.0011747272602422516,0.6186161225712786,0.022465682962733175,0.15095757880499258,0.003679685050725872,0.005187313004723837,0.5454545434710744,0.0062455601074028685,0.6976222231719168,0.0034279789614353774,0.054580808537578004,0.09141752632812242,0.5761896556163104,0.0874828415633487,0.9357429718875501,0.1307251719807998,0.5313669349829946,0.09051555170186326,0.02727918127111327,0.3064258702529405,0.18324114335477218,0.1394723090961558,0.18313669330266125,0.48120363931910415,0.03917218556195713,0.10494538992718198,0.5077425026786471,0.10832345075971794,0.009872221892948117,0.1375408404567318,0.15537471349517756,0.02699309778487111,0.009872221892948117,0.6665463082087975,0.12449508083176922,0.00017976510228895608,0.009084652737987104,0.05010674904055143,0.014873923442019703,0.02225596451535068,0.013313886947166825,0.029436431380234905,0.6134216266024131,0.28969897721514654,0.03230465056305338,0.017025603345746286,0.09368872549019608,0.014962912005742658,0.8902169050290438,0.674737959400292,0.6867033875256461,0.5446733418947287
002446.XSHE,4,1,-0.2290621119608564,0.7429473908390651,0.3830118429702808,0.27377836109511056,0.31859449040371995,0.24857817009315922,0.621138673199698,0.30892836759376546,0.5071636257298644,0.3269793513632663,0.07385935754398154,0.0005654730916727376,0.010477365873681262,0.004706953017780457,0.00011242608985498941,0.000311873963197845,0.0005285653912452935,0.0011064713619706016,0.6184336826401928,0.02225401033402533,0.15080613115076294,0.003531856438755701,0.002993898742378952,0.4545454565289256,0.0026409831600290147,0.6934533666023702,0.0020961607514798546,0.07031744596183413,0.0912252211523984,0.29995011385316817,0.056872694701254785,0.538152610441767,0.09701812106446923,0.8309104105434868,0.06837062456810236,0.04615640103488056,0.30713506745381347,0.18131928033438705,0.13780068996534572,0.2787117109087614,0.5142348486173437,0.0872952790442912,0.13757712337439168,0.5224771897458561,0.09798917695002629,0.008144593291115915,0.13757944867207447,0.15334954788817196,0.04659094614077401,0.008144593291115915,0.7259028929265452,0.08742242902569758,0.00025665612613185373,0.009388811189113342,0.060491298871457364,0.030119882637080056,0.025602188155993223,0.0393484288363937,0.029687778097282486,0.6050892450238012,0.27722840313308045,0.0,0.052874926013956686,0.1636083244667376,0.032039241490698096,0.9111928533893852,0.7116972933527932,0.7502805554602034,0.32369198416923817
002447.XSHE,4,1,-0.2700586755347394,0.7062243848792076,0.10299583638132515,0.33859145272871927,0.2726025599553307,0.4220327413169851,0.7681066017672497,0.3865959330879499,0.9961712034100878,0.5000117948013929,0.3632518807606978,0.00046145241555589265,0.010666441744863012,0.0047614510145309015,0.00012751143923960621,0.000809377822518587,0.0002643173533387965,0.0011625991096981814,0.6191966351555795,0.02329784220315991,0.15082634584290763,0.0038439817780613187,0.05773712384835241,0.4545454565289256,0.06163199951415994,0.70668765173996,0.006053219999752881,0.16405896717011847,0.0913155197659983,0.24329985525623926,0.19308728578540466,0.4578313253012048,0.08946163849840107,0.13959258761173143,0.05448918838706718,0.04043851192725248,0.28254739012242847,0.16391077767542991,0.14530607788237312,0.13152680696315122,0.6139759354155346,0.0740926652700277,0.09918512229068481,0.516948666008032,0.09987099999460397,0.0019165253248760743,0.1487972105185903,0.16610586913424846,0.0395246513173956,0.0019165253248760743,0.7022355122888323,0.0681294593973315,0.00043263059820487836,0.00890620039953878,0.05267376532835487,0.045458877541725846,0.029729460587659077,0.05550344125222251,0.029351529447517986,0.7719275971538284,0.4298168619245315,0.035550720466855174,0.04295829135379151,0.1644393303186908,0.04020592809714662,0.9292573248498104,0.81685628676308,0.768323242138506,0.5551804597049677
002448.XSHE,4,1,-0.1760157417243638,0.6150035210832583,0.37522175795115653,0.4037246920835862,0.5389738278712983,0.17335441944144953,0.5182991579731528,0.32859581545923483,0.9543464305692526,0.12867780276385066,0.2509908072781023,0.0008747832555834041,0.01140966472898841,0.005057145745299549,0.0002495702896655477,0.0003780040269440034,0.0006628697209493962,0.0011085919870987121,0.6200127521459688,0.022507049973142165,0.15125206471249278,0.00404302153130822,0.010036783850392287,0.7272727282644629,0.016838262456692985,0.7044218567026852,0.004661873096908302,0.07954237134846702,0.09114602850716651,0.49181959602116565,0.17019336605582833,0.24096385542168672,0.15006568276476345,0.21188195450359765,0.1090848584738563,0.04620800810250334,0.3064258702529405,0.18297869930151278,0.14323930150757685,0.7361679899320563,0.6882993727745014,0.17050141252946407,0.392440666967318,0.5169661703568189,0.16956041999240726,0.04786554579624388,0.231570248326527,0.24604120023408124,0.12195919107385256,0.04786554579624388,0.6927306997033106,0.06814198371853597,0.0004323837434875059,0.009103613480579304,0.04877700320669262,0.0346329284002619,0.046795723085825386,0.057919987115719475,0.02963642747302151,0.639441122235245,0.30727306103324226,0.03107257773458174,0.05723904599390958,0.1457782337741298,0.014962912005742658,0.8509812032210877,0.6862091459908899,0.6660056559980778,0.5415054439208966
002449.XSHE,4,1,-0.08961619765863331,0.5792857544874447,0.5002950420861073,0.40699221747096404,0.3300508463667374,0.20198427074678518,0.492080646972279,0.18220687959418463,0.9461514008038718,0.2350883739996171,0.24388834653430902,0.0013094539990591608,0.011057837760600486,0.004939100320345507,0.00022344174568465593,0.00026230404517548086,0.0006389818021497878,0.0010845674113348519,0.6222979137097381,0.02174410157557506,0.15104278990861927,0.003915829760676758,0.009494421113914886,0.6363636304132232,0.009699187273113818,0.6995570128886799,0.006450254833096337,0.0454011033734286,0.09176034834598225,0.6197551793431505,0.11845416604362938,0.78714859437751,0.13559834561124498,0.3971752357819892,0.08336940545047208,0.034816836995657754,0.3076591505554733,0.18292715187905967,0.1410399394785484,0.27569152099717154,0.5449697725194378,0.13356142536742835,0.13729719139489754,0.5378488986071035,0.10822649622860799,0.01116882307562205,0.13829222576465866,0.15544660261174947,0.03394143547731684,0.01116882307562205,0.7769278678908174,0.071497229532128,0.00037740030374702976,0.009103356865314965,0.0538812220364213,0.07916565729846617,0.02500510845631503,0.11523141730254506,0.029597607338244767,0.6002253163799021,0.2794107827970629,0.05740332445164065,0.03738136720641688,0.18730216408268735,0.016617365556020815,0.8857884421468236,0.6573957365883865,0.6729013791446292,0.5647561167664856
002450.XSHE,4,1,-0.0767463065619931,0.7200196576655973,0.08485418865543587,0.32903429954316976,0.5524628682767319,0.20924617886602148,0.7731735541504512,0.8358458301628242,0.6618118813880969,0.5814502578420927,0.6182217285063825,0.0015090607931197051,0.01355314812041698,0.006027180495514743,0.0008343927060267589,0.005650393394781983,0.0007633979005600365,0.0010987114276303548,0.6240637579661579,0.0222188007695125,0.15242174109423706,0.004357926083005158,0.17395640188939396,0.7272727282644629,0.2666348325742781,0.720533511638954,0.019312033104700678,0.1384643212444605,0.09225840801301685,0.5522674928946184,0.24466452040474393,0.01606425702811245,0.19715304413591916,0.05857926145083815,0.16893956661928125,0.07493113028108331,0.38166128200886923,0.2222842597759275,0.15053411220905896,0.19878657799649305,0.642479505762148,0.12031243345438404,0.09716223211324977,0.525759134700621,0.1283293306951953,0.014335548871825421,0.13376310881390055,0.15299845955486716,0.011168022113383575,0.014335548871825421,0.7140236299877188,0.06921089452219975,0.0004126007776135452,0.009104851868559015,0.0460154060553037,0.035294383596553645,0.03542635933897868,0.027063042804986427,0.03021886026182019,0.6464279259250225,0.329841642669445,0.0419496098138127,0.11381823234637858,0.15634579090033945,0.03182598552371837,0.6968140631435429,0.6787376719295919,0.6009775212363979,0.6616155938794226
002451.XSHE,4,1,-0.2268718623479263,0.5961498900923915,0.3098670246270686,0.16779565367595273,0.364305399176996,0.36599583050413587,0.5938959579148162,0.2664057703297507,0.6276635822607288,0.2952246522950556,0.10554937908808226,0.00034452281840140366,0.010640842176791681,0.004785085491505575,0.00013760729872162593,0.001294928864406719,0.0002874439776530282,0.0011352846721196152,0.6178661493774259,0.022125320717826816,0.15086230604570788,0.007249247564261568,0.0028331166317074365,0.363636358677686,0.0033521476293212698,0.6959314956815944,0.0032951557521437775,0.07158361219137198,0.09129125018779108,0.19771330498328726,0.07745731498417155,0.8915662650602408,0.09754648192044017,0.6821770682446034,0.06562700623718074,0.03168012397474419,0.30542922808613343,0.1811278389775839,0.13508788349100626,0.14675939467703605,0.49811315710067866,0.02458387460895997,0.08153400528356511,0.509337646683231,0.1024067874438138,0.007125025632403541,0.14997234261458614,0.16450473416111355,0.01361569884828778,0.007125025632403541,0.6405336904357094,0.06940741718788604,0.0004092211944728715,0.009116638898537276,0.04868795772674672,0.015581039810695462,0.0331601169420799,0.017574890565178886,0.02965568974628997,0.5702672194605936,0.2725850794219955,0.04951246023428883,0.029628372047284267,0.19012530399756802,0.024696267272836036,0.9288490079675051,0.7337219716067405,0.7544182534003321,0.39197740498528805
002452.XSHE,4,1,-0.137850473641995,0.4428638300717964,0.49478970708577386,0.32671659294828603,0.5010909024038972,0.15281806145197666,0.44976675736177907,0.26089316106284327,0.6607501806823162,0.06611798281826142,0.11525438889338135,0.000586708278885415,0.010782222457941748,0.004844537709318849,0.0001510341765317634,0.00023104360380744713,0.0006662497143368384,0.0010999755070768683,0.6192436105869699,0.022392084057854724,0.1509890933768816,0.0037643499472325135,0.0026652168572343805,0.6363636304132232,0.003988229963490142,0.7005457712660706,0.00241381881892121,0.04879262005969069,0.09135074973810835,0.7293884363489647,0.10649577467182894,0.538152610441767,0.1554593116024618,0.29040272087334035,0.10719288883686207,0.03939616333512922,0.3119217945218728,0.18328846774014226,0.14256727422092927,0.4134346278879177,0.4780207227054585,0.1319464606102598,0.22333811253034955,0.5229636580812921,0.12073154195476696,0.012638997289629701,0.17544001161744432,0.1903080725356714,0.08054165914524286,0.012638997289629701,0.7149981829378449,0.08517964755299581,0.0002667443310725449,0.009075194985023597,0.05467867377904795,0.036515391616621595,0.024107572080965242,0.05036920059212298,0.02965631633887207,0.6789385735654654,0.30716521710015454,0.03534606832755457,0.037849146606682045,0.10779294598976542,0.008756804450559312,0.8670644501569358,0.6141618017778963,0.6470440676712972,0.5004381566263358
002453.XSHE,4,1,-0.3369336755347395,0.7162608939335198,0.18185729363727493,0.3370859793182447,0.42404799937142085,0.17743822587444796,0.6870600158022457,0.2952345162958828,0.921343696843614,0.3844728207170852,0.2253764118975478,0.0008280984414743535,0.010880905143600123,0.004864756502225359,0.00018117193830459845,0.0017198064387083808,0.0007710683640261384,0.001145600399374391,0.6174563760643942,0.022683312097843227,0.15097834336098478,0.0036878013290077044,0.02457000522742811,0.5454545434710744,0.030353809744384633,0.7096818917816338,0.01195855625451644,0.1670887220765126,0.09130601102758669,0.634351478199351,0.23972286148498786,0.17670682730923692,0.1668612334656651,0.09098459191519546,0.11182165471195342,0.0561812640085753,0.32079464729038665,0.1847414040472219,0.1479967867476739,0.12380234438296767,0.5198756766330006,0.025357730104516217,0.08686586387651321,0.5240445516188792,0.11066759199931905,0.019332218065912374,0.139556272831284,0.15785659300762064,0.023921441080943243,0.019332218065912374,0.7199445649976571,0.06607929543880929,0.00047878182733604804,0.009062915560798811,0.04842886835991153,0.014906391705309647,0.08068672802726382,0.010292725408308976,0.029639038729499526,0.5783467854160869,0.28665618205613225,0.0329512450484306,0.0720873825938646,0.1473876792318995,0.031069270802177425,0.8269908110948574,0.6384226703816727,0.6276586755669862,0.595266078146629
002454.XSHE,4,1,-0.3320049842595717,0.5136324067520865,0.3840459194313849,0.3914317632932576,0.44486249413841605,0.1934701037890637,0.6442862286370336,0.201755782633128,0.9768173391795663,0.32412810314457136,0.27500147949109116,0.0022093086047415287,0.011611361032111538,0.005091903513125283,0.0004471372599395444,0.0007348881544181867,0.0017741356162577439,0.00111799887667842,0.6214636370487967,0.024733516615673024,0.15133752460986474,0.0042417610664794506,0.020021002190004807,0.6363636304132232,0.02835464058862892,0.7204253960927296,0.01684158928376845,0.1837297639504386,0.0924142873423596,0.7209725364471584,0.5377991000848636,0.020080321285140562,0.2368189777732686,0.015371127575328582,0.1633314165984548,0.0652839951072858,0.31177025602525027,0.19465326968699176,0.15506282220263765,0.28275964458825076,0.5065869130779762,0.09821603738551604,0.17321653320661531,0.5322274733484246,0.1303335218463624,0.022334024931707788,0.17015267004001705,0.18514250969210355,0.07584033852901359,0.022334024931707788,0.7330706480777119,0.08101944914360354,0.0002895217743750484,0.009071637189846991,0.05524803717378352,0.025849460040573764,0.03479085074550207,0.03130649170813068,0.029423548091883793,0.6340266543067918,0.2972437699202247,0.049926883253868265,0.10541492280196768,0.20014875297664286,0.018516181132978406,0.7014493474031047,0.5882424483658397,0.5362385236313514,0.7607655375654702
002455.XSHE,4,1,-0.2820515580970171,0.6028549503920454,0.41570953545957007,0.35384663330496036,0.35239315617767053,0.3530805892829638,0.658584692206311,0.34543944127459697,0.5590095711133105,0.4187610817959808,0.08687752388756953,0.001082101202189059,0.010803445089716606,0.004857802174580469,0.0006501292392255304,0.0028741258670043597,0.0010591198436858203,0.001171192122978919,0.6172798843787536,0.022141479385531074,0.1508942787995873,0.0036758628746321833,0.005906764686636797,0.6363636304132232,0.003396657228134792,0.69463035467839,0.0025647806028006185,0.06891561906484579,0.09145455880938021,0.6100654474927197,0.07452006893913729,0.5140562248995983,0.1355489353067589,0.8383880899169386,0.09694390772024224,0.04550328117019181,0.3080051252763921,0.1826451263316411,0.13859100445331812,0.2751539381426267,0.5500057594341642,0.056060968781391995,0.1605989479104132,0.5302299300596882,0.10880004233275038,0.07273827067044793,0.16060273610861925,0.17706881965812923,0.05543455009427293,0.07273827067044793,0.7381759500430604,0.06486095189937263,0.0005129374407432934,0.00910069612691711,0.045928735121489685,0.015257374488156356,0.10934946349199662,0.008907252544142725,0.029635358179158577,0.5226536104399546,0.27228120870078626,0.047041952713558335,0.05165620502468056,0.1727413139028221,0.03621986600466591,0.8815117666273735,0.6479340807571541,0.6898112818942048,0.527158877102752
002456.XSHE,4,1,-0.1591956361351147,0.5702542886911749,0.06926110324779189,0.34025947901978837,0.8639353566559591,0.34878997122715216,0.9926449537015747,1.0,0.6533406689329162,0.8473168760405044,0.6224663997408744,0.003984041957128957,0.013073707732814317,0.005602509093225006,0.0014122334411509581,0.007913940757655955,0.004502855248619573,0.001226225012954306,0.6201496046189707,0.028793752148206474,0.1515930185950628,0.004086379399254467,0.30760700033132304,0.7272727282644629,0.4773094609608382,0.7262738151022593,0.021326766911391872,0.411865786379669,0.09226349066418245,0.5835728165961748,0.36753958340459464,0.008032128514056224,0.2514688036513556,0.0033230708583008514,0.18677876482104186,0.12978335126843596,0.7744235868726724,0.25418671572564555,0.1758904686512919,0.39180579451034264,0.7171867043713602,0.16691911117043887,0.1690573633779015,0.5523726100943244,0.12744368499629502,0.05277602178181964,0.14393241875979187,0.16349538860106377,0.014882478912843463,0.05277602178181964,0.7694598008593361,0.06829137118355982,0.0004294670901483432,0.00903560632310583,0.04856461324711795,0.020665674785495827,0.07785245854390704,0.012008129114135693,0.030103872350057903,0.5705228071848426,0.28874492826918474,0.035714552678100905,0.23594042523188477,0.18654533680397223,0.043181940539570494,0.607228451520359,0.6289444297023574,0.5131788451941179,0.7984434792933038
002457.XSHE,4,1,-0.2897824324408169,0.8433562130205365,0.3991490677114706,0.35444283760666206,0.23268260348777825,0.10293705044685048,0.6882039591793274,0.4292667571906965,0.9287352062237264,0.3082884583034434,0.23051419882282204,0.0008688755538993085,0.010452175090170063,0.004701369489947049,0.0002670974487308778,0.0006148658031546084,0.0011618559880903967,0.0011094570984905784,0.6202280849914812,0.022055637733802983,0.15080405539342107,0.003909141410574399,0.026314286058791693,0.363636358677686,0.02609252562319528,0.6992973954001295,0.011465442638344227,0.12232070181785294,0.09071867908274861,0.30765395444768173,0.02338039710872921,0.8393574297188754,0.04919619316662076,0.9937686005221233,0.02966622822466216,0.03623316853360174,0.30498189801760023,0.1765204061065253,0.12414696729813833,0.23849822683001393,0.5235547287969898,0.07264601708879577,0.13211974016294148,0.5221864810541922,0.0987315666720801,0.004357186374615243,0.14542837616117338,0.16320889426013757,0.03278996182165041,0.004357186374615243,0.7246712636586401,0.08113195867554288,0.00028882146051254447,0.009218165602429978,0.052790381927276614,0.029599383822610716,0.025123628337909695,0.0337695111120465,0.029695893833378482,0.630176760256497,0.2918433973719952,0.028164141610700407,0.036763749962117905,0.10752750227998176,0.02598701920200993,0.8912279331354476,0.7542263721197653,0.83875520512895,0.14700037299464896
002458.XSHE,4,1,-0.2932433889105356,0.7034714488291787,0.22812226408542768,0.28409745877434067,0.34773598673965533,0.30585233505507625,0.8072252391778028,0.06232856118644503,0.9268032446416608,0.7969470800132256,0.22914448371181945,0.0006153675620813794,0.010155037623786762,0.004576763589697166,0.0002053990335926219,0.002073172941915697,0.0004007297024740127,0.0011322457372568975,0.6169111426948929,0.02224669636970839,0.15056864014645674,0.0036689140852240267,0.01901178937513544,0.6363636304132232,0.02231080586473767,0.7117058283806303,0.00977852952917447,0.32599258388351265,0.13070393831903923,0.7957270445639524,0.3184711937622305,0.6586345381526103,0.2559552592986899,0.03032751291193194,0.20315368798260103,0.042774022922894714,0.39278305455321655,0.20488672490719145,0.16872824360404204,0.1589050475060769,0.4876547584083215,0.041991816098329235,0.09306393019337654,0.5203456338051692,0.08414991851119616,0.01190706084821114,0.13410045429522138,0.14991857551324203,0.043802121478880233,0.01190706084821114,0.7317093121222001,0.06046499500307039,0.0007137019735414019,0.009153667165205423,0.05038813275718049,0.018419710514592205,0.06651307118176608,0.006268509955410829,0.028296604987081423,0.5034002592468978,0.25646825134955786,0.028499996018757013,0.04700572735985842,0.15298685527182448,0.051494885445953216,0.6739500930252376,0.481789836805095,0.5272026574213191,0.6863998556264607
002459.XSHE,4,1,-0.2621217127840232,0.6818764520423755,0.43935291882055144,0.046284365192930554,0.4618526867995877,0.2155955126216555,0.603469284851016,0.1570550386956332,0.6255287647125461,0.35272701608926915,0.10494086779041722,0.0013217094038375128,0.009955002763260747,0.004572644610119563,0.00019976977647774894,0.002630514411990313,0.0022283154845101627,0.0012000668813780377,0.6176689864054292,0.021882979757169567,0.15048024967361037,0.0031524963803233764,0.008187425673905444,0.5454545434710744,0.008515350590078744,0.6802870429098157,0.009852226280357862,0.06932260106719725,0.09177924572539532,0.748489670819503,0.0666627996344144,0.7991967871485942,0.14331491756384798,0.8080595504153067,0.10214240271835248,0.03750960198504339,0.3103184081789144,0.18304136583762318,0.13414548545847338,0.342881165526648,0.5079169101610691,0.024216929900554414,0.11116684797085281,0.5332312835152072,0.06485788154175459,0.013107730401473972,0.09155093795383089,0.10580423279876097,0.03010027416418095,0.013107730401473972,0.7765901630915532,0.13015835249738392,0.00017440409312660427,0.009142734148633584,0.06988988438071045,0.013687953732467808,0.0174935991873767,0.009968359264564831,0.028035709543945735,0.45846339107804795,0.1726452890402338,0.031399705908018334,0.03843021149854955,0.13139629882960938,0.022490877549799605,0.8594085086137109,0.6202650258723632,0.6688943870424304,0.5218747591028731
002460.XSHE,4,1,-0.2548734903495542,0.7787794872337935,0.1896092677303143,0.31184229608245784,0.5249988088760051,0.12316047931124496,0.638596757266485,0.15935356241861498,0.9396402511901323,0.2801992354648408,0.23864936693592653,0.0004908304918229359,0.010911970816271831,0.0048750042649202165,0.00021222983953791613,0.0007511873804188841,0.0007140461659561046,0.0011313348352040883,0.6180897693743455,0.02288905601178037,0.1510108891967044,0.00361772292594578,0.014027354047714538,0.5454545434710744,0.017633463531183034,0.6977051770566302,0.005470074450356491,0.09025956407705525,0.09133321579063683,0.5031747798270008,0.1669627387104288,0.8072289156626504,0.1495004288814429,0.18155341500196592,0.09575037092919986,0.033301490208319275,0.3241643778918854,0.1843414996382829,0.14549975692630057,0.2886232991806793,0.492779448650272,0.023270130944831255,0.1508006697062367,0.518727364789344,0.12034720514203665,0.021020258759254392,0.1459083814780911,0.1643876018553765,0.026485749585758413,0.021020258759254392,0.6917958767295687,0.07555597399531908,0.00033142160526903605,0.009064204668675855,0.0477828598928077,0.015389025157314197,0.054314714903796586,0.019104233852977673,0.029501331388004925,0.5819865542006757,0.2971402085981983,0.03932009632333022,0.035706535531752195,0.12994708542331662,0.027908566130286534,0.8713127210237037,0.6494101322365222,0.6647566891023018,0.48793429779428577
002461.XSHE,4,1,-0.216914570731246,0.6439124873045878,0.3883033333298045,0.40320639983794293,0.5240074593617748,0.43171618937291967,0.556370181899841,0.1969214623118147,0.9947577978799358,0.25240778302206013,0.3677269460277132,0.005890953354298206,0.01093495252698455,0.004860590880871374,0.0009723266853666277,0.0042080672875466395,0.0034646485193868,0.0012469900546274344,0.6163235433296136,0.023954712342559515,0.1508318698920314,0.00458524115257253,0.005129184748994764,0.4545454565289256,0.004807614382354083,0.6835905143837069,0.005205006990617297,0.032468119743149136,0.09127060652901142,0.4400776019681599,0.10441156233338655,0.899598393574297,0.11957030164002681,0.4989616045186372,0.08030886515012187,0.03602912483799057,0.30704649712705706,0.18155015760870374,0.14025092484993124,0.22951277538239276,0.5196922894142806,0.030363727384418338,0.13283972213923162,0.5253798604277099,0.09985133058344521,0.015155519819824484,0.14902632769645557,0.165055063793066,0.051816579577193926,0.015155519819824484,0.7337741023654527,0.07185386340959062,0.0003726240046742005,0.008854964804224031,0.05817783134284804,0.014682979641649321,0.09118894748063497,0.007040467539464271,0.029504249129985057,0.702113893438215,0.27353796038312245,0.06477998270028049,0.0365620626164681,0.19927800577595378,0.025381796973141114,0.9129592677280538,0.6925832559373757,0.7062274070338224,0.45428881045472336
002462.XSHE,4,1,-0.04101744830559275,0.5371710101204424,0.3983197316143893,0.32773706380979684,0.5480992586611432,0.11613647687000009,0.30614365127998605,0.2556491556841695,0.8016986333128135,0.23830255405789502,0.16419279191940372,0.00035085935828310395,0.010958642417183653,0.004912694874998458,0.0008889604800986164,0.0002503603710096078,0.002258473734469633,0.001142610509260501,0.6188728964398729,0.022736751473073233,0.15108003111855944,0.003884313726146059,0.004493472547904688,0.5454545434710744,0.00499299961965971,0.6963955799127609,0.0035241411920320224,0.022474450574296825,0.09131680093914529,0.5280293903711335,0.13580953386422429,0.7791164658634537,0.1378316913740149,0.29954244897079246,0.09623287931421687,0.03753087367636904,0.3064258702529405,0.18216793199418302,0.14178345902973297,0.1940523546282003,0.512096721504923,0.06939033003783808,0.12874957437764692,0.5215926982134644,0.1176524958132875,0.06166030542511266,0.15663467823315547,0.17269076686876583,0.05666050903935977,0.06166030542511266,0.7100097338442142,0.06604161200870794,0.00047975226078920464,0.009061045230314507,0.04065302129334667,0.018795355042279527,0.09822129648002417,0.01663292119100731,0.02945031857887517,0.5098958466163179,0.2756535702473773,0.053961166143444664,0.03793460035785433,0.20887451233723464,0.019079828916671652,0.8834583729814944,0.6873894343461151,0.6887035829242725,0.6530981391052816
002463.XSHE,4,1,-0.2476058453460603,0.5368505729138784,0.4527389581531444,0.3524787455025708,0.3759530036803641,0.10268016293284912,0.353198628925236,0.3695720165317815,0.999954335453515,0.21855399602070466,0.3413780002611132,0.0018950883592240278,0.011640026190901471,0.005189499296881733,0.001005351174360229,0.0018206988127002317,0.002011500726403931,0.001112920275271615,0.6225160172769585,0.022122342347994164,0.15149799810405506,0.005434500748344451,0.010345370932051077,0.363636358677686,0.011188451248407913,0.6774032017110788,0.011933533024790758,0.023650176358867684,0.08992739684732823,0.30216400868494614,0.0519221011246502,0.3293172690763052,0.08754715390058118,0.7802245972945254,0.06338623400262926,0.04729291460629469,0.3064258702529405,0.1780914855673206,0.1387937825127321,0.08031183509144746,0.5050233724472287,0.04747849928795166,0.07060109105383408,0.5107039895783283,0.10812066435263877,0.011041221119418796,0.142575388283396,0.15899821006720988,0.04375202283225939,0.011041221119418796,0.6092019299420294,0.06501701218490018,0.000508217553841073,0.009114574187473468,0.045754205980795715,0.025949702590922434,0.05230181683680689,0.028005149096154185,0.02930975887897422,0.5701624340378536,0.2915387479942294,0.050071816748422975,0.05915038561391768,0.19463658040735674,0.016157504336902554,0.9295049779153826,0.7379953341294065,0.7656167071106617,0.4357814301945112
002464.XSHE,4,1,-0.2591597991302451,0.5201588144843109,0.3135807226466767,0.354875957809205,0.49541112167101736,0.22237708990014468,0.5693152622596881,0.23215217857724593,0.8272677057692763,0.23927610856631285,0.1750154386589441,0.0008373796247568215,0.010797197833692488,0.004848180866792152,0.00014775598529197294,0.00028574708409550117,0.0003777043188392136,0.001096935515313576,0.6183746274759787,0.022229716149386552,0.15100255421292771,0.003564867949281364,0.0049499046039334065,0.7272727282644629,0.005764778343427054,0.7033440084109002,0.0036012645818622783,0.09545988966265714,0.09116822953996347,0.1828617464968582,0.13671878987291122,0.899598393574297,0.1037728390897436,0.40382240408829073,0.07618879115765487,0.034802293449855276,0.30544674005452777,0.18137145301964847,0.14080986437267487,0.3924775114124645,0.45814474453140214,0.10219329978344362,0.17860091336456657,0.5318747366318164,0.1204126538021755,0.015061777289229115,0.14003207536073034,0.15487612948996377,0.057018356515222954,0.015061777289229115,0.7452876158158025,0.06203689195793325,0.0006225985827302524,0.009096222357810855,0.06232273353529287,0.06514611393117872,0.035225485229448204,0.0586055891943229,0.029486507024807086,0.6504729758949175,0.3013729856398212,0.03747548082446504,0.03170909357793928,0.14209756738612758,0.015758359753544296,0.9319424521736659,0.751249391888904,0.7347833319690635,0.5591040846349925
002465.XSHE,4,1,-0.1608765194009104,0.679204311664993,0.31325042795394076,0.3461907113600913,0.5474384147100887,0.2927541450906464,0.6313440485320361,0.5041533746524045,0.922636354774887,0.3024332095201449,0.4600846856183075,0.004477219751499667,0.010573297946297489,0.004663137046111243,0.0003691574222847811,0.000226475466071041,0.0011000319858619969,0.001020157540291848,0.6257006305926458,0.024165600957346288,0.15083815171422219,0.004326949419758584,0.02009967139340511,0.6363636304132232,0.019097866666009187,0.6991750142945932,0.005789647856240139,0.05973591390069639,0.09127246530172155,0.3980872470731639,0.09767759125151063,0.28112449799196787,0.1064857942080582,0.6605735146016986,0.06362207431405353,0.045498355228125766,0.3083162053711063,0.17800954731744548,0.13940731612839488,0.8296320467978073,0.4553692601408759,0.24837606382360541,0.3615274017881053,0.5264321287343681,0.10028266510425397,0.013416004616011506,0.17188863009985744,0.1841323446213315,0.10304787972719828,0.013416004616011506,0.7299074408403124,0.08897180986296656,0.00025039293400742863,0.008978396198047023,0.08040358313734532,0.09086284174105365,0.019278879960329558,0.1016280095871628,0.029515439256206713,0.7557412986517609,0.32421370774255204,0.03582015311698013,0.052828704708738766,0.18238381592947256,0.026691840641263384,0.9071336509920325,0.7102461191455491,0.7290335953611309,0.22295324980666076
002466.XSHE,4,1,-0.2743277946054074,0.5223248052716432,0.12603156219861922,0.28957644704379526,0.4382349966439559,0.393095022709507,0.7595817169591574,0.48850838910772765,0.9998392959229463,0.4676147624507663,0.34323651212346945,0.0003540437073736493,0.01066915265795603,0.004782412684267726,0.0001127662043194079,0.001276153472625975,0.0003073198900926576,0.0011426637755287464,0.6184610442730257,0.022517010740465075,0.1508296480348547,0.0035464444866061626,0.016717166635771816,0.4545454565289256,0.019364807499471365,0.6996465551701243,0.0036035699262783284,0.11458804377317534,0.0915206992954302,0.8086452690073545,0.10787843000518163,0.1566265060240964,0.15081210776453285,0.4848357302491841,0.0955127186249229,0.05294855414150448,0.33510897922441685,0.1842739657928843,0.13815425170996495,0.4371028462745717,0.4664424005321596,0.03398464683229479,0.19114277755450698,0.5184895706199302,0.10068580100021567,0.010217731246220607,0.137145856747232,0.15416799933119643,0.03442625253906037,0.010217731246220607,0.7126611255034899,0.07646817211654443,0.0003231486780957113,0.008953929467897468,0.049437786627505996,0.017524081181880764,0.03111442498735357,0.025561835959903353,0.029925052362230746,0.5827777118633731,0.29151947624445385,0.04645474374851414,0.06404347359087383,0.2153844144246846,0.03250134593527547,0.8604346266918521,0.5879411569590025,0.6485636880698575,0.5968311488863739
002467.XSHE,4,1,-0.1899294765683312,0.7680873958162354,0.18926076448400447,0.3829149131289428,0.4016448377521944,0.09504982641562917,0.964770604342676,0.6882716292548112,0.9986708982479744,0.6686840288721269,0.321396061346251,0.0014295985366302136,0.01114802266868818,0.004983517451755788,0.00016948804204657334,0.00023574280886210657,0.0009848389269128132,0.0011007489636453696,0.618188250435207,0.02281662342237265,0.15117190239387204,0.003969000854910063,0.11462621035645533,0.7272727282644629,0.14798634396661492,0.7002688623873119,0.03328102424980447,0.3937776973862711,0.09249047736023976,0.6347548701900927,0.16946415098615988,0.0,0.17749367218700546,0.15537948401548507,0.11427251767435306,0.09544469266785323,0.44473969135536473,0.1933731019509066,0.14516959265007526,0.2329246592564449,0.5318427242963106,0.0936886129500952,0.14977244956460914,0.5303599279527428,0.1250622937214021,0.014967011815261909,0.1639946205364537,0.17926236008559723,0.06907410544095158,0.014967011815261909,0.7327586509102255,0.06470737403317092,0.000517691504362014,0.00912795080645026,0.07196932719609897,0.03911878520549744,0.030553788072779885,0.020722563408510284,0.02941670324900323,0.7729072576934124,0.4039641015967716,0.027796014759523983,0.13973389145250142,0.18260548082282008,0.05705763593946282,0.8149445754214542,0.5941604749900495,0.6010580571567388,0.636199469926176
002468.XSHE,4,1,-0.218509853985918,0.6117624771953234,0.27135783936456376,0.2623192683774619,0.3037514972637583,0.24691283034721934,0.7505712466248284,0.346584397412095,0.7687068766416185,0.44574720066824314,0.15132189705542876,0.0013814980386609491,0.010724681537019453,0.004740141975931501,0.0003655573501801806,0.0025978502959223626,0.0005266094838466281,0.001146799385911264,0.617874330097113,0.024657841402670282,0.15073429493712803,0.003524710983229439,0.012147610865354545,0.5454545434710744,0.00878004264743886,0.6676348752632677,0.007719987315321827,0.10120285791806095,0.0910180233806105,0.31029050219256316,0.04746082010275709,0.8072289156626504,0.07380977164533678,0.8890739031658998,0.0554026818836139,0.03570081809406557,0.30794077808695264,0.18014463556777316,0.13833623201969544,0.16825562374707245,0.5179928542810889,0.04145815782899597,0.0876846292249316,0.5179353733019175,0.0978401768088591,0.022023868501366065,0.12595412085791474,0.14289024044030574,0.027734769812623107,0.022023868501366065,0.70254283534145,0.06259707967838891,0.0005963920412249166,0.007781035406204871,0.05211614274504919,0.016376833517202365,0.06621561676342248,0.012472414648193934,0.029411153818178274,0.5414057657485838,0.2710445074247823,0.03517679237590343,0.03678644829264641,0.16732081560014186,0.03175435185739068,0.9258283506838421,0.7435402016717529,0.7986747220190487,0.41903521995920756
002469.XSHE,4,1,-0.1986638498879453,0.5213605520619272,0.135419130202803,0.3246611312511808,0.47004594813052036,0.18669575768619734,0.5430238305654544,0.4228805440089882,0.9878940652774693,0.21001765353060942,0.291778230835847,0.00043398827355434634,0.010776937638329319,0.00484187567388299,0.00015009425182456752,0.0003125703637527762,0.0005767988252767598,0.0010960121755432838,0.6189320052519274,0.022428953755808587,0.1509988597823394,0.003680535170496242,0.008361393940179308,0.5454545434710744,0.008835315972944418,0.7030785002305787,0.001420594326017645,0.07217147508365741,0.09131493701370753,0.361122414681349,0.11751545004026948,0.22088353413654616,0.12953471304471564,0.4254259577311956,0.09868165306091053,0.04775023901927665,0.3077788980303317,0.18203482507029248,0.14089565509011923,0.14616078324622267,0.5318427242963106,0.07802063495643097,0.0922783580347589,0.5142904941429485,0.11131894542016908,0.008111470384735753,0.1374851861530735,0.15464687811588798,0.03333044404630599,0.008111470384735753,0.6502418270180199,0.07717859264902051,0.0003171133993758995,0.009079790481883449,0.04898253336633072,0.04245185803598833,0.032402762889660666,0.04723992352520739,0.029322706188741336,0.6494500705776949,0.3315873906693196,0.040896814794363925,0.06186193931154994,0.1956229891827532,0.013272716396482621,0.8914045745693144,0.6854572995444697,0.690925582169083,0.4434525663088118
002470.XSHE,4,1,-0.2256008442094384,0.5776282665621815,0.21018916781616978,0.39377585374348834,0.6856564430613474,0.3148775653499419,0.4258924809235738,0.40554423343546764,0.8699486888567091,0.18506700800692988,0.4999622786240868,0.002421535095435033,0.01496512870424428,0.006611083678412613,0.003344819921331168,0.00036630804393558524,0.005450798683518594,0.0012847227677102086,0.6220514847410428,0.022167763337686212,0.15326289330879514,0.005514617313470922,0.012296301593516286,0.6363636304132232,0.014061099752821818,0.6990788219650206,0.007949849627468676,0.024509360586054085,0.09181003708818332,0.7887073408193336,0.1992938225545069,0.056224899598393566,0.1607053683307618,0.1936014717189936,0.10272129224869755,0.05197656715617152,0.32521247800714,0.18537455429173252,0.1454958573482349,0.1919678020316719,0.49312405982011664,0.03360516946109222,0.14804840791569446,0.5403384505985523,0.15870151250809186,0.08556393466657088,0.17565986177945656,0.1933598941072195,0.053832188619018874,0.08556393466657088,0.7440524809617459,0.06336554492950897,0.0005644812822053859,0.009104341379646413,0.04168199128383265,0.015255907419531447,0.12093037090903178,0.017768901948770902,0.029370798531575384,0.5303467454978306,0.28080049008643676,0.02841017430206779,0.07066184084903712,0.16298615861073112,0.016679129030328407,0.8548211572055502,0.5928392154261206,0.6294581912952553,0.6232380822814318
002471.XSHE,4,1,-0.2504035031209463,0.5150845716937068,0.29849324219175927,0.3080582491779835,0.49633927892278923,0.3606988135810155,0.6059815270338971,0.33074263111983093,0.9720546147975964,0.29694147264862897,0.26913004568578136,0.0010323635410442885,0.011190614040351916,0.004973818561276696,0.000760209425532406,0.007009776520988072,0.004501073171912515,0.0012872843642001235,0.6199473983385667,0.022361307725092733,0.15094129069526224,0.0036223162124421667,0.008931483033736146,0.7272727282644629,0.010184363031748002,0.696483932885552,0.005254443773438772,0.07185493352627294,0.09165826216198042,0.6654442363778521,0.15645472399618013,0.2891566265060241,0.15654699710521494,0.2476113824159556,0.10812310007677908,0.04146595435352932,0.3156604571322986,0.18443061984942719,0.1430365234481629,0.3677416955042792,0.5234693424213787,0.07252484372698513,0.16277813984925074,0.5303577599829389,0.1074975095566358,0.06252999142098312,0.13267445633746283,0.14960667401564248,0.03227969782828993,0.06252999142098312,0.7343174682189403,0.08993570761911407,0.0002467514666294757,0.009045472028540846,0.04426576131378887,0.014840212989237135,0.03535171860294712,0.011976559966729954,0.029378513793281952,0.5439433471236125,0.2744462632563846,0.04067079394272567,0.04562090242047492,0.17918606234483458,0.021965215050547347,0.858091242845578,0.6356336517624168,0.642279245761302,0.672065165060418
002472.XSHE,4,1,-0.1907436070415887,0.6792705954935234,0.5177765238812589,0.4184552057914156,0.2149015044940899,0.17784281015054584,0.4274959075332463,0.16906782541333581,0.7994369210152634,0.20862548025144192,0.16327392630733928,0.0009579404941928896,0.011055033031161097,0.004957767121539718,0.00030542417663658843,0.0012613093361138212,0.0006656699979593348,0.0011389314778986344,0.6183457056948303,0.022277505759183153,0.1510885526878198,0.004025358535987044,0.0042134136484774315,0.5454545434710744,0.002345562029869832,0.7005480001272596,0.0016386787600868751,0.027855657049832682,0.0912886804181321,0.22699981950533588,0.09905593028526197,0.9196787148594376,0.1026924004316484,0.5608639368277762,0.04587419090953399,0.03523727102426944,0.3071389266222606,0.17869170737787393,0.14040690797255737,0.21939298143998615,0.512511491227065,0.023322156068302576,0.14205751762053204,0.5245433452641262,0.11575570312835892,0.014564504057310525,0.16107156879797327,0.1778166118139477,0.05310324005707535,0.014564504057310525,0.7197996674367272,0.07239750210739586,0.00036565730748783925,0.009100747395137656,0.053043798767241176,0.015348579039093181,0.04564507332343789,0.019080087562722167,0.02941248192202077,0.6355324596409797,0.30431650208787026,0.030383408324242828,0.03396356763329393,0.133468469752242,0.02057396662080517,0.9113215619718511,0.6988550926540182,0.7313770586169472,0.41740015098038297
002473.XSHE,4,1,-0.04005867553473946,0.5273427656397969,0.25752696083361293,0.3417821284971667,0.20455034442290665,0.14938017978148832,0.6943771516265665,0.29498148630294235,0.4917022250050275,0.3648990577693903,0.07013103999414527,0.00034681932980476683,0.01052796996744851,0.004730113280117335,6.327595598468319e-05,0.0002141907691802403,0.0002899574956894352,0.0011051578940924835,0.6178300451830866,0.022308990045435875,0.15082997754481964,0.0034427782264016696,0.007261165405592187,0.4545454565289256,0.006228785842480524,0.692996274601117,0.003953542779259908,0.13837388079949353,0.09122239500612815,0.3735780514561515,0.14099486164530758,0.3373493975903614,0.11956041957912959,0.32945521964399915,0.08290416925453195,0.04906538019293818,0.3073256964053777,0.18245605511954288,0.14153258617417594,0.15290436041126174,0.5318427242963106,0.05349585330984528,0.07782968373891165,0.5220955467651963,0.10042609514668593,0.004865405100612516,0.1215613204051414,0.1392384857435245,0.017760367835396522,0.004865405100612516,0.7168117395069044,0.0655672891274914,0.0004924128812980438,0.008995087705016445,0.058676749869004195,0.056725568365408624,0.03572002629423156,0.0679272014678441,0.029703220880115705,0.5922754847573247,0.2914363546570379,0.04820377691584318,0.06003040463021203,0.2021964615949739,0.025103337919483163,0.8947261436423286,0.6953943876874091,0.7198406180933847,0.6187903498786207
002474.XSHE,4,1,-0.2290350534874954,0.7085851089260982,0.33078611195507984,0.36940974357548695,0.459540150909141,0.1040956655610199,0.678764872610449,0.23264981033743873,0.9245415323441104,0.21124160587187749,0.2275656069595261,0.001060812531701026,0.0108786871075294,0.004845764003372059,0.00021559055350779465,0.00021470133948430715,0.00047490411903841547,0.0010782353496710487,0.6203075336992826,0.022554395716593907,0.15104630683311956,0.0038093898824397834,0.013756707954015627,0.4545454565289256,0.01867838248200059,0.6971143460232346,0.005074685002317348,0.09668083566971149,0.09088038349916398,0.34431074331708633,0.06898509380931395,0.9437751004016063,0.08655104216214221,0.742418378419442,0.05780340768679269,0.03477204706378596,0.3064258702529405,0.17385588780737093,0.1384857158455455,0.2426769935391027,0.5318427242963106,0.09328971723798911,0.12009933027729025,0.5221721483649332,0.11269858925064939,0.008349918484711527,0.14133339932492792,0.15892293891988166,0.03185399186811491,0.008349918484711527,0.7063148460404989,0.06807001275054016,0.0004338076360857941,0.009067300501544334,0.06009751997125215,0.061445577890003655,0.023948729574026793,0.11643473188307463,0.029324929230250006,0.6652765503529994,0.31763912110698495,0.0261816857297789,0.032356047538261934,0.12694154696762427,0.017764850152539334,0.9268518058257944,0.7355905311574018,0.7664709159706691,0.3493980449973823
002475.XSHE,4,1,-0.1800077849494978,0.39474765373877074,0.12310676034896895,0.35412410646824116,0.5801303800145274,0.30974957715700546,0.5491669846588949,0.5077751298084173,0.8953513491678076,0.4299934065126639,0.4817778649159129,0.0026574627535038494,0.011834527567161251,0.005198256964584724,0.001012005839101801,0.0036157031551345394,0.002560216462827798,0.0011860417443467469,0.6189490258521135,0.02548856712475195,0.15136033430556478,0.004222020704248942,0.018276685731186727,0.4545454565289256,0.029058443556647048,0.7064052017243019,0.003312412132265636,0.0696391426245817,0.09105014117008678,0.3798536318520306,0.06776821604462721,0.5100401606425702,0.09963818481035006,0.7677607717490728,0.06899203767350902,0.0387432190293933,0.32909575367613114,0.16960536547163182,0.1338543169629046,0.2730365363915896,0.527454860811664,0.06503960157499139,0.1595596908272638,0.5264539690227628,0.12548440276618067,0.0438728136861476,0.16053429071265674,0.18015214163184548,0.025498355624580357,0.0438728136861476,0.7205533684593066,0.06898432936701171,0.000416591423974537,0.009043458859859192,0.04812558605117727,0.01720669105798543,0.07624352574754359,0.012657634004673877,0.029474915062038216,0.5800122637754022,0.2957189657182825,0.03483317048153702,0.04078259143190593,0.161072715584942,0.02532018304719746,0.8915829912939739,0.6740413957808151,0.7328570711858318,0.26888375377889256
002476.XSHE,4,1,-0.2690190715743433,0.8166677550549755,0.15298932576478563,0.3389123087413962,0.21751829942600365,0.0751483656458416,1.0000000000000002,0.6606552652316819,0.9944434150406722,0.622116992828374,0.306030586388953,0.0003434676503434237,0.010808027228532108,0.0048584072779626125,0.00020351155523369718,0.00021041892531235376,0.00041206778192791305,0.0011063880974677704,0.6187102607900907,0.022229445031024555,0.15101114796174642,0.003664435489341507,0.09091041506272524,0.6363636304132232,0.1314330043224619,0.6887898633901414,0.028431231231474202,0.41973410509179704,0.09145779180513307,0.462074810963191,0.14804540788843748,0.08433734939759036,0.1343182893230261,0.29164900076891564,0.09411889033123788,0.04960020359220642,0.32156700697673385,0.1934837828647109,0.1422527082569666,0.12736857097563034,0.5318427242963106,0.03386350990264344,0.07684533681258729,0.5170448596311817,0.10816244009315293,0.010894387827824963,0.12890476480979424,0.146727084456659,0.02130968465155066,0.010894387827824963,0.6538058396054113,0.06438239378575103,0.0005281263147378148,0.009103622527912341,0.045515300256081595,0.037939401241962475,0.04495792590391963,0.0758822452024578,0.029230018162112913,0.54714845045091,0.2892738307352484,0.033125655991031316,0.057143036797477904,0.16431963127628313,0.043697433750074774,0.8559573433128347,0.7136598337092566,0.6917335818944688,0.6356410146822283
002477.XSHE,4,1,-0.1746740601501241,0.5347879299893731,0.17253705493584126,0.32813051969289186,0.3414047238723817,0.2967030900982789,0.7105502156339482,0.3289552976070619,0.9508359685582035,0.3815022709826616,0.4338251869466872,0.0010734356921698607,0.011941404232769485,0.00534037251609087,0.0005432369087136759,0.0032673427243151134,0.0032398138537368094,0.0012669214962599325,0.6180441911729826,0.02209783132864773,0.15138584727978446,0.004355401743094555,0.03759500827435485,0.5454545434710744,0.03592751241482127,0.6979632305315628,0.005778896899298926,0.07768834222664375,0.09126455677670549,0.5946307232937718,0.1072608637740432,0.8714859437751002,0.15146037095938997,0.5637722654473518,0.11215984650435783,0.037633030220267746,0.48352474359356623,0.19568508679431623,0.13691418588508722,0.1703789834329959,0.5123031766144055,0.029896448509318087,0.11398865347501398,0.525227861655905,0.11733761116916198,0.015340120180706629,0.15027552143344602,0.1668707111971855,0.04728251952190517,0.015340120180706629,0.7202109895451736,0.07276497122364983,0.0003611505103541597,0.009151112527349552,0.04667856402224896,0.015049350582262404,0.04124713584650908,0.010374601772026707,0.029158540294388618,0.6284092685755724,0.3051901547443642,0.027536015217773175,0.038737576993417476,0.12856065068146122,0.023165340671173058,0.8411700586556077,0.5968831542169744,0.657104456408943,0.47069248743356285
002478.XSHE,4,1,-0.2369266844832853,0.7118418412941585,0.4723425833491246,0.4439253652083359,0.5474273811404531,0.40225547598851974,0.638202322606948,0.2915883925742935,0.9868152403667567,0.23730966380948879,0.28986144283585236,0.0028272884999421388,0.011644234337060628,0.005211322224040154,0.0009892544987365232,0.0005191087260547451,0.002183975149062402,0.0011424158225986636,0.620763037887861,0.023359778803075208,0.15145747933847883,0.004694579524442928,0.004632687544993673,0.363636358677686,0.004846368907743207,0.6905342776250403,0.0047924716461405755,0.057520122999005156,0.09125812816253787,0.4878687089086902,0.05740250589522782,0.8353413654618472,0.11545738789460715,0.7390942809714413,0.0762345489993382,0.03831333205923543,0.3137124366701233,0.1816703108801836,0.13392970880550722,0.2647014659981864,0.4918267799415693,0.0485234100486526,0.17833830553955077,0.5340248006110142,0.12627553085216767,0.04519813911870278,0.18087967161037163,0.1935698036194493,0.10484506927264452,0.04519813911870278,0.7453063122752773,0.06436832791496284,0.0005285899651327461,0.00908333018239398,0.04840076956401749,0.019380522670076034,0.07918864780916507,0.025101892650581215,0.029648654201319204,0.5592309304391119,0.28482731246884163,0.03976050304711337,0.03964204670908223,0.1787356867811724,0.021026350421726386,0.8843841871298519,0.6450593737561365,0.7099914711140098,0.306992323631387
002479.XSHE,4,1,-0.2559677664438304,0.5638914333642593,0.21534959893543473,0.36013997963308025,0.5896493414547093,0.14244964028516863,0.6165803012204687,0.4523287645631954,0.992234831686629,0.3620729460126803,0.374459421060454,0.0011078366485630148,0.01196916790263938,0.005300547435943083,0.0009789557613567453,0.0014653116611626734,0.0011127387510952494,0.0011730470559752145,0.6183290001522834,0.023941243181669104,0.15151983842495095,0.0037889357601196484,0.03443683618884289,0.5454545434710744,0.02617096154829607,0.6834840809212256,0.008647400394783084,0.059871574568146874,0.090881932804648,0.32626503159382686,0.05515560322557569,0.4337349397590361,0.08554504836280602,0.9268801220409835,0.06168248261213065,0.048333948322398845,0.30897165770722507,0.17918657651980022,0.13794627421313013,0.13523264246247568,0.5249708661083332,0.020563549398747324,0.07394311538375582,0.5268411523706991,0.11549060124167945,0.020190979026571586,0.12359560006263981,0.14073166629776443,0.024256492347232924,0.020190979026571586,0.730148157756051,0.05793981664897741,0.0009537529507823165,0.009072558098685568,0.04350010210548366,0.017829627671475747,0.11628920439996052,0.015416648394767533,0.029024502605972672,0.5396105530563524,0.2921137858612711,0.03189993690136121,0.05867370005671489,0.15170468219587577,0.02467503140515643,0.9023332646887561,0.7131180620052193,0.7596174411757717,0.2501153022327582
002480.XSHE,4,1,-0.07146571071061886,0.5133774689500465,0.2826363444846608,0.31327145109256604,0.12083229893617997,0.23642328698872875,0.6087168816791316,0.43931704987915576,0.9975424570511768,0.3727284856055083,0.31611416521239843,0.0019726459065619343,0.010111662547222827,0.004543110996933101,0.000312315328725161,0.004188457327957833,0.0010228123693622228,0.0011920986352294076,0.6200314164518049,0.02256944611801458,0.15031506631183023,0.0037581565439486543,0.019550455197575627,0.6363636304132232,0.02089379830949223,0.6978146666049472,0.005918728984346632,0.06457447770643031,0.09103507597976848,0.5816403057568909,0.25389267312725616,0.01606425702811245,0.16095769028567058,0.11632698524482622,0.10366254820779865,0.06698965022099168,0.3076185129012357,0.18524861149530591,0.14660203765952523,0.39392512856458617,0.46710141850943426,0.08009548286036315,0.1802658716847375,0.5124174886751681,0.06919524780063781,0.016021236795412206,0.14081243640836674,0.15704336833940136,0.044389256411500204,0.016021236795412206,0.7151033505223908,0.08948960599542101,0.00024841377270792836,0.00911631154957828,0.06302665454416892,0.017833643370266557,0.021112243039104722,0.01764226350708661,0.02926501608213884,0.5691201240127162,0.2598016800683194,0.04771688714898639,0.11173870654975687,0.20835929979226833,0.017914398516480228,0.8300851429464147,0.6666417893945429,0.6279346101137271,0.6086370227959882
002481.XSHE,4,1,-0.08314257576149692,0.25826630920464705,0.14275463656468107,0.37461922696012123,0.2609058059144948,0.1470815698303783,0.6491395979666728,0.48660415976911064,0.9921610658807682,0.323270756433484,0.3003945158992211,0.00026659931798148003,0.010746271853870386,0.004825940851475424,0.00020737423115508368,0.0014021108733962234,0.0006072519632960039,0.0011348892007077326,0.6175705789046433,0.02224371713346996,0.15090126366141932,0.0037194761131698452,0.02298483729208485,0.6363636304132232,0.03353596629128634,0.7029509506122423,0.0038543802493147795,0.1176177986795695,0.0918345132971665,0.6352831232703157,0.20339532583916506,0.008032128514056224,0.1733155368396642,0.13585374792500554,0.10857273143848459,0.04901563405021537,0.31725819671001504,0.19581701204067506,0.14459505481506899,0.18999282712947263,0.5109126200359557,0.029300236222477648,0.11587964945575524,0.533646610323005,0.10575789809539177,0.011189200107589092,0.1457141396049573,0.16310153574662561,0.0367098495794762,0.011189200107589092,0.7715830175384476,0.07567005218068863,0.00033035275934306543,0.009112625720931113,0.04432683991707029,0.015669942027658892,0.0454073407316344,0.011840904562868432,0.029853676656340488,0.6018514309031616,0.3036024740254773,0.04040457066194421,0.06295822125903783,0.16071868508385267,0.01695893401926183,0.8186567084688472,0.6384724249259213,0.6123502493973008,0.7120877221232311
002482.XSHE,4,1,-0.1947086232881355,0.7371999161450737,0.21671587563557898,0.2592327114475652,0.27612042974081974,0.2850193180856764,0.689125618738298,0.37389001641855013,0.9152755811472164,0.4392822960031091,0.4662149738954525,0.001318620086380191,0.012014462473026552,0.0053716601445678155,0.0013113966747638425,0.0042480066281505675,0.00712977287384432,0.0012837400235378297,0.6238555862433782,0.0220269012201527,0.1516102737063343,0.004428269861424616,0.03535957553899138,0.4545454565289256,0.031346788413873006,0.7007724179820655,0.005357442193272351,0.08293388803472913,0.09118970887319032,0.2960594177622069,0.2110868279910029,0.25301204819277107,0.1355680406244935,0.17158317583736354,0.09596700652701923,0.04401961308782744,0.2943874437086671,0.182713915516984,0.14599760305934897,0.32975559343406585,0.551073315285096,0.0717090548160819,0.17320371168499668,0.526402660404071,0.12545951138745765,0.05334160717210967,0.15490315589921652,0.1714514063252528,0.050831571265854955,0.05334160717210967,0.7229173020541567,0.07212957194070663,0.0003690448171561351,0.00911553375309866,0.0412734374299179,0.01566360257783447,0.05873131256473328,0.015857706938401786,0.029510163619096978,0.5429337478918171,0.28336888873834865,0.03695660298898723,0.04976298696010804,0.10323036999037341,0.029956331877729257,0.8387112809078128,0.73429138472425,0.6877292303142484,0.6314177260748532
002483.XSHE,4,1,-0.2070647855143729,0.7199716116952128,0.5620156868806312,0.36403629072742055,0.3795417557919971,0.2760772463104734,0.4693196540741745,0.1250310790822249,0.9147289238359274,0.30240169226396374,0.22099576300856655,0.002409247526466413,0.011105420833382625,0.004906090850777965,0.0004181977628041813,0.0004176674699111684,0.0022544591958882513,0.0011309006916227593,0.6198098038056743,0.022786648448308945,0.15102584739427735,0.003958250569762905,0.002562715908590085,0.5454545434710744,0.0022391971148388802,0.6958059192062119,0.0017660328554992397,0.026906032377679297,0.09121063937135392,0.376968749273625,0.10003176813171846,0.8835341365461846,0.11839235998107914,0.5180725983703915,0.07980162366532413,0.035097492196779885,0.3078046247595017,0.18173564908826023,0.13963349165620279,0.32405312513410384,0.5318427242963106,0.07042624205519349,0.16181949087632053,0.5169192779729129,0.11251303533653231,0.020003412129911108,0.14592790747205753,0.16465223877439006,0.024174585036090906,0.020003412129911108,0.698395726924187,0.06928388737846267,0.00041133675381262126,0.009057121155230684,0.05342953059444387,0.020777364754530826,0.04918131675865582,0.02061654075453705,0.02922798582269445,0.5635010750208185,0.2809022994312109,0.04523809214286259,0.03359969339730098,0.1769756675279931,0.01967248908296943,0.910757019499794,0.6700527398169034,0.7142017834085441,0.4470709151096247
002484.XSHE,4,1,-0.2162701292792328,0.773653080246772,0.34463964531431446,0.3788140828874491,0.45780319956801896,0.23608685654287614,0.8346647574703315,0.34738489563016656,0.9278807523058401,0.549804225632617,0.229905687525157,0.0008516119961881918,0.010956105379771345,0.0048902383334523064,0.00032117123700338,0.0003073802861092683,0.0007067541819085843,0.0010907965410208123,0.6195667990009026,0.022756242670633652,0.15105271989025104,0.0038158862071136514,0.018427831899058607,0.5454545434710744,0.021202580849076513,0.6989888996265942,0.011966644822933891,0.3142353260378041,0.09155905841823041,0.5469904569347643,0.16042376354577512,0.07630522088353414,0.17051298436921486,0.1275445308947037,0.1304644978590742,0.06378305868309593,0.34851747729478744,0.19791895885103533,0.1471479785887167,0.3550593454596631,0.5358261933437023,0.11524391858913403,0.18371335097084177,0.5249742493364407,0.12009306938724214,0.02171960422484614,0.15669161164604417,0.17145509581335056,0.06895747367104062,0.02171960422484614,0.7188286200727526,0.064380708952049,0.0005281818004311691,0.009080085479772794,0.048984512154773965,0.04502540695145089,0.04514512819546413,0.04987077382708784,0.029579200500066655,0.5794240239154709,0.29630840873162106,0.03431375639700435,0.07767698564521291,0.16684209859654456,0.05347146617216008,0.8082322009345131,0.6151043739772679,0.6407992331924175,0.6720471987009768
002485.XSHE,4,1,-0.1516976304040981,0.5344076804523303,0.6705543340062734,0.3468209136498912,0.40076265370723757,0.30768561885485657,0.6601783822461315,0.08675997201096186,0.8299847462851453,0.3318902426055296,0.17621619814609601,0.0006998156922055416,0.011087860596207836,0.004912724662301456,0.00038080024956213613,0.000294777385444243,0.0007845687535013432,0.0011394937870223907,0.619988315924936,0.02402010343560591,0.15099303051357363,0.0039136569817897,0.014352778058070817,0.2727272717355372,0.008357862452465267,0.6994603245243378,0.008954623384718892,0.15989870670163697,0.09073860096232252,0.22058881612847225,0.09750877227482443,0.9759036144578311,0.08200792936566391,0.7951809826311289,0.05416472917020704,0.03230714185540175,0.3064258702529405,0.1770626637235594,0.1392981279425566,0.358744569724786,0.5244231670374616,0.0424354869342072,0.1750970688024814,0.5211226100943244,0.10857671618658507,0.019339460504984998,0.1473043856296098,0.16290230338934544,0.05474721786841126,0.019339460504984998,0.7110380391153304,0.10550349791870353,0.00020595682015821953,0.00903114845537279,0.04564550453564694,0.01945193785737176,0.04230212907156901,0.05196653294831231,0.02938531096063996,0.682799556020283,0.29374721265285764,0.031804167695154435,0.02697780078534986,0.083682059710189,0.016169169109289942,0.93447135390777,0.7589972800849147,0.7716648227021519,0.4650930951068615
002486.XSHE,4,1,-0.2439421706803706,0.4196809629902871,0.40911465142794223,0.3386877803616642,0.5151727464142988,0.060165188975928124,0.47171609322413466,0.36751369724091043,0.701138276637579,0.28937965145395095,0.12786100824946167,0.0007273443864409622,0.010708428854162786,0.004810475746276681,0.000258276251436312,0.0006093813265439525,0.0004238216059972541,0.0011082780293337447,0.6182922408906598,0.022107946416169068,0.1509154623272845,0.0036163238656591427,0.008411022446989441,0.5454545434710744,0.007227800939584877,0.6900109456779183,0.00875799932523788,0.056118296102016824,0.09115662910715347,0.34276484338354496,0.08641847582878473,0.34538152610441764,0.10060662677827684,0.7552969462036199,0.06491241812901019,0.04874711481573919,0.3064258702529405,0.17934077832415907,0.13903945593086828,0.14649032145554605,0.5194268830284049,0.03638228366756864,0.06456640990860368,0.5206687014535354,0.10337668088608434,0.010430974021514258,0.12417148636329903,0.14187823062548477,0.01923072335288771,0.010430974021514258,0.6946096938805321,0.059503626548577826,0.0007871456784621281,0.009134464337914068,0.049101392592154805,0.029743509929345335,0.06834934414072069,0.031777613312212655,0.029530989649505117,0.5938034669005581,0.27972750135145585,0.05504358486068168,0.06380758412865108,0.20992472893550185,0.015466291798767722,0.8992540228089361,0.7061579540931411,0.7417609112969452,0.3018497436341633
002487.XSHE,4,1,-0.2608708582758562,0.5778018203735702,0.5787508297066198,0.3418526034933287,0.2266203256741971,0.08506881548281472,0.5164825626320393,0.2941573524084846,0.7662322094878633,0.3246899997486353,0.15039941741932472,0.00026745743030161256,0.010583078105879029,0.004743265575209754,0.00011398516971729199,0.00024990822913227665,0.0005288460011686814,0.0010711484916900425,0.6205291665044943,0.022630511463611593,0.15089695521473004,0.0035939548381121954,0.008295762623211488,0.5454545434710744,0.008188065368990126,0.6999532864361528,0.004750687165076082,0.07398028398299719,0.0912208836705399,0.30439839668816715,0.12118659200690474,0.40963855421686746,0.11360614848652942,0.43456568582864774,0.0721488184988994,0.046684114296559304,0.3064258702529405,0.18097297525914793,0.14108153497791537,0.2917440493716351,0.5318427242963106,0.09731762033733485,0.11487553487297385,0.5251024807355809,0.10309904627725061,0.007288798866235036,0.1248212216438125,0.1429183029103828,0.01596476872317635,0.007288798866235036,0.7351050565743179,0.08458268093837587,0.00026966026381828744,0.009064025641146356,0.046273835825991136,0.06559123540221207,0.01728196314003969,0.10052060536245978,0.029622807257307534,0.5420045395928116,0.2894928278917894,0.05607280117168793,0.056081987771764055,0.21324780235091453,0.0217705030806963,0.904184892985471,0.7232790455972755,0.7272525632867106,0.6347941640878789
002488.XSHE,4,1,-0.19571905289323,0.5501459715022681,0.48848933582183557,0.3155204534198346,0.45601475823526405,0.24765402584856036,0.337865395857856,0.22001150269584133,0.5802809072140324,0.10283713312850337,0.09247293660685607,0.0009959359579021535,0.010941833040641086,0.00489312147970428,0.0002528785149076759,0.002611113909773301,0.0013834127510076821,0.0011771346110908813,0.6173840454458583,0.022785819364625752,0.1509309906738312,0.003587382930771886,0.0016931776664111287,0.4545454565289256,0.001795396367561049,0.6986447223740665,0.0014309619754840366,0.020394320340056074,0.09130463290117781,0.25337145138213407,0.06260069716571187,0.9799196787148593,0.10362263176410597,0.6701290115275756,0.06830703607391306,0.0344905164894025,0.3064258702529405,0.18086322451024095,0.13870799179528773,0.2910439115098526,0.49179396222333854,0.04071432243269769,0.14158874961171655,0.49662342717805485,0.11074296239783002,0.024432756929975905,0.13721782621964565,0.15409926864004153,0.035809134229118335,0.024432756929975905,0.6537146943654715,0.09469274122609753,0.00023116297211250237,0.009077213636937396,0.05131354615247012,0.01486923310583204,0.043882471140455015,0.009295226412399549,0.02941542009636771,0.60558600554642,0.2826480474310855,0.02705285481934338,0.02845459416477668,0.10496743109388458,0.010987766943829634,0.9244667026458935,0.7209046481800896,0.7372192134941236,0.3634261567374559
002489.XSHE,4,1,-0.192019459848465,0.5407940684994341,0.5099904616821103,0.4577614839271855,0.33509302051491663,0.26093299520356117,0.5174551838119376,0.2044977043162227,0.997814688001377,0.2221997497955245,0.31725484154989225,0.002205681096730569,0.014322647789366833,0.006302970778610879,0.0007720569081870274,0.0015764723934822693,0.003995912711593853,0.0011346124291150724,0.6220291702015875,0.02299815222785993,0.15309629064814864,0.004329290510000022,0.00694113933311835,0.6363636304132232,0.014463699427700127,0.7044348816361785,0.006898170623190863,0.06773989328027494,0.09163725625955266,0.86333159696996,0.21902014499516934,0.4538152610441767,0.19713328001412472,0.1366842589921558,0.13461250707616354,0.04880411214858946,0.4651113332925003,0.20558045701994415,0.16879323657180292,0.3723871939503451,0.5019893166014232,0.12094383920710214,0.18614054463297966,0.5616960445310633,0.18234901855730612,0.055465339906385545,0.15364396422681278,0.16944138997998198,0.05710768584808658,0.055465339906385545,0.7928747792941386,0.07989591002452166,0.0002968195327670267,0.00907557826295046,0.04804669835190667,0.02509008604496696,0.046184140173824224,0.019199655219532128,0.02943853863833167,0.5978396461468349,0.29178694477164246,0.02778082103630292,0.06492780137290882,0.1500713285960379,0.012755129508883174,0.8029729019613412,0.5286807306178409,0.5781145616865542,0.7120724480037545
002490.XSHE,4,1,-0.3243981331025435,0.8540404601980318,0.23959259420015216,0.3564625305871222,0.3241099378191481,0.4513999917564598,0.9922438898880959,0.5706284396550951,0.9530107425845606,0.44115070855819183,0.43155286933179854,0.0011966333536478683,0.01117244947775681,0.005011739093566915,0.0007543346713665073,0.006710991916355252,0.0038595418027948386,0.0012572611938575326,0.6174453525851397,0.022421299260697494,0.1510544327820567,0.004943461080119229,0.04320633712835258,0.7272727282644629,0.050151842862620186,0.6780591528434348,0.018796529354576447,0.24541014741792527,0.09061784483363725,0.2752449531364085,0.07622821534218693,0.5823293172690762,0.09112841276973084,0.8192770960651843,0.06844015527388615,0.032319993376124394,0.3069090619303157,0.18030241725662094,0.13840122498745636,0.12694088786594904,0.5519032567841209,0.03914821320114192,0.10191879699314177,0.51663663894663,0.10450079643708635,0.014575163127245092,0.15287968340950167,0.16879340965747547,0.055492335834819724,0.014575163127245092,0.6974889486396574,0.07882968601783713,0.0003043006307134838,0.009094696374305192,0.0440029782085263,0.015579112275275874,0.050936066884011616,0.00895733482538956,0.02941996425474573,0.5278568442622497,0.2800099590173588,0.030544738039899204,0.03257016639463717,0.15474442037797032,0.0336459891128791,0.92704797545838,0.7645836097474685,0.7701874506552455,0.5582933947314579
002491.XSHE,4,1,-0.159941716470412,0.710874646494419,0.3462087568321774,0.2506563648040786,0.6760151093033888,0.30339590469599775,0.5489248133789585,0.4265558000758907,0.9716993973158028,0.2624151886104757,0.26871443292122915,0.0021497987262337464,0.011540971066275935,0.005166319719094302,0.0009186776527673091,0.004709778346342241,0.0016762484500167246,0.0012196324088243656,0.6198434390268373,0.022189671407488374,0.15124158071557006,0.004047620985366208,0.010202940135798996,0.7272727282644629,0.015560038814684946,0.7020896164980285,0.010279859125324097,0.09053088541195621,0.09198311205153603,0.65798672459035,0.14441388755231274,0.06024096385542168,0.1696525862670976,0.22102168260104976,0.11775434832181278,0.05702715486797662,0.31442600328713993,0.1887961629434793,0.14357466522122306,0.30994892198011803,0.4851831268882752,0.027698969957203508,0.1767381412044334,0.48493024115532557,0.12519371323843625,0.04124106681454882,0.16468554835504073,0.18139016054332296,0.055910619773273135,0.04124106681454882,0.6295997672290796,0.06835384247311449,0.0004282628756012947,0.009109809532901976,0.047807528788733455,0.013918861767204308,0.05798236483283246,0.015089152719682052,0.029544070450735375,0.5780534971164604,0.28555185239474856,0.02783797218557402,0.08002318074736262,0.15466121687693166,0.02067880002392774,0.8260215023220805,0.623761664676485,0.6294278252925036,0.6607195230592686
002492.XSHE,4,1,-0.06244673523623186,0.6387515656612901,0.42868291815361026,0.4157389082006512,0.4821385732758584,0.1277696306532427,0.5451246508818225,0.29176666786982647,0.5843327575502376,0.1966566571985993,0.09355669206572648,0.00022556123379955572,0.010829423497781267,0.0048473421221411515,6.157093344494654e-05,0.00025158422658412186,0.00027081432192903245,0.0011119621799468842,0.6176705202235164,0.02216207918260807,0.15096828845269902,0.0036307910378126544,0.004429909868662287,0.6363636304132232,0.00600200064742257,0.6940466508094891,0.004604290914386122,0.0554399927647644,0.09105354877526568,0.22360562435022086,0.07043599333906644,0.8835341365461846,0.08775204196318338,0.7179064961569614,0.05906368286647338,0.03645853779897581,0.3067274794849394,0.17886111022198953,0.13789038026085576,0.36160767948822303,0.4760271845292552,0.06601722213747697,0.18785272568802014,0.527672408200129,0.12005338243375369,0.007034433767393438,0.157540183151213,0.1740819274869686,0.052662424981252766,0.007034433767393438,0.7285916775047706,0.06821120914013387,0.0004310257337162062,0.009091353521828627,0.05368545389976987,0.05238437309341314,0.034866784761613374,0.05136381455132712,0.029407661245611953,0.7777789482204774,0.29599917104153156,0.054371291045599526,0.03590663543739229,0.17556540381010285,0.02011545133696237,0.9383885330417123,0.7695314227588343,0.7701848101332669,0.39640991754765426
002493.XSHE,4,1,-0.2622808977569616,0.6529306178927509,0.5064438165551745,0.3680940922652275,0.3939054573539995,1.0,0.7355978523198518,0.09076374565740253,0.9245560220559761,0.5525827714689554,0.4584461774693609,0.0020964696976104873,0.011881539576290102,0.005173426358215718,0.005942710999001774,0.037288889821915215,0.019574771817010405,0.002047718887586404,0.6093784571589911,0.026389812012403355,0.1509536954860052,0.007451360273949515,0.012522427445910122,0.4545454565289256,0.009055153211097827,0.6884907958982376,0.005134521428621674,0.07701003888939134,0.09097832363277479,0.20648719113894087,0.018056306128299664,0.9999999999999998,0.05976999832663768,0.9871214322158219,0.05453594664165586,0.02586257004959616,0.27786193029208456,0.1761168204083214,0.12743951104490492,0.21788449673686325,0.5575555936167377,0.09202515698890681,0.17040815323579786,0.5279040597884318,0.10355910161966286,0.10350106256196862,0.18827636872584197,0.20824116484294616,0.04081714338577257,0.10350106256196862,0.7311215421774598,0.06884009339091227,0.0004191864867644623,0.008959531137855735,0.04021214722819229,0.015242521756895422,0.10503577397454898,0.006721480277713048,0.02830809342585847,0.4679256810775268,0.2661350778354828,0.05230628531017214,0.02145443727622507,0.13937583915995339,0.024639737991266373,0.9029981110905967,0.7928276060324628,0.8331995468864286,0.2636227695022579
002494.XSHE,4,1,-0.1697884052644691,0.5582314219469678,0.43781789540879784,0.3394217473443056,0.5373926839074551,0.07308223799100586,0.4437255265101938,0.2236882245411244,0.6782484836296991,0.16330927322754102,0.12060540323699098,0.00037885416818792683,0.010792759333773563,0.0048374020949806164,0.00018412969765442606,0.00022724911091092184,0.00024736329873045976,0.0010965009451702164,0.6190743432474658,0.022119939871417662,0.15097616341974165,0.0036270788766002552,0.004378882755185714,0.4545454565289256,0.0062758287434663195,0.7022271124704188,0.004008365240471405,0.06290132947454101,0.09132781504456744,0.6370211057816028,0.23373309794779532,0.41365461847389556,0.16225619308756425,0.14333142729845733,0.1177403666474728,0.03912986885634835,0.30864836799479584,0.18341662516729326,0.14766012317467248,0.5100440718105061,0.457889841825634,0.12599770834431612,0.23950201539494104,0.509875102456647,0.12240013465713692,0.018922038232672193,0.1594853428309021,0.17614748180837797,0.05282544438692377,0.018922038232672193,0.6738145568296414,0.056527364297773997,0.0011940414150261411,0.00910102786246182,0.04705572109953094,0.1358905189008876,0.035848661473592884,0.27912048472685047,0.02963368681155371,0.5933438525330906,0.3070673010381634,0.03276884724490673,0.040682850720646216,0.13324743818716117,0.01698540407967937,0.8389713610089333,0.6561187032860114,0.6446438331929454,0.7108932360434523
002495.XSHE,4,1,-0.2423708142630632,0.5899339181606512,0.5247095365182068,0.38644840194404745,0.18800266477424232,0.10908210349113925,0.48315490551176865,0.2394818033691283,0.6437357462948051,0.15690334256937177,0.11019972452101756,0.00034036541419209856,0.010750457594196046,0.004831065138185614,0.00012150890956545663,0.00021203551400031745,0.0002714914044480367,0.001093416514032651,0.6188471455124798,0.02214375456710477,0.15098278700129533,0.0036023768512334032,0.003140941712228418,0.363636358677686,0.003841875290725806,0.699652890663944,0.002324032488232622,0.046667269602966445,0.09121388168997198,0.24663649773227148,0.056547080725343306,0.9598393574297187,0.09414375895150015,0.8151224875500334,0.06762978867876428,0.03352209758844184,0.3047885729783394,0.18007542339336002,0.13538815100206156,0.214258449257436,0.5318427242963106,0.05883961313855875,0.1065923926260711,0.5255963362273857,0.10913738143740227,0.00543344555499496,0.12901594289576077,0.146398412558615,0.025555611220718463,0.00543344555499496,0.7329759972516205,0.0638521794033617,0.0005463335486856623,0.00911240090841321,0.052494091337708465,0.1120119745353724,0.022151024074593437,0.20325112928160477,0.029493154354808506,0.6845365545887699,0.3161814760330486,0.06038431669764182,0.028902829498428737,0.20659168059988853,0.015612998743793741,0.9272255045376434,0.7446099243730933,0.7579195855436704,0.2534637431213133
002496.XSHE,4,1,-0.2160886380815558,0.7749577734752122,0.33656266971271764,0.30904312839570397,0.5172193064064081,0.1948899451226082,0.7375654680742019,0.48496248798290764,0.9817253997623687,0.3000562670033663,0.28175925269210905,0.002275936925171017,0.01146486093844459,0.005128830783812185,0.0004431447292996824,0.0026200994067957567,0.0020401702108868,0.0011710266878780242,0.6190063075931618,0.022969943122065507,0.15129622027481948,0.003953379142257943,0.028232852627789153,0.6363636304132232,0.036428304016928495,0.7078531373890321,0.009122223137523271,0.18504115040245994,0.09184680054815175,0.689408443847243,0.2561994915349074,0.0,0.20840673508566426,0.05359311527883716,0.13534850562759781,0.06759510038160657,0.38171914445264743,0.2069390267382647,0.15048991699098155,0.6080113612987526,0.38773757163359057,0.09229723235451173,0.3012848372685337,0.5335580447417578,0.14825827364189242,0.058305419425093145,0.18654669979507366,0.20243240124099843,0.07834102970478642,0.058305419425093145,0.7289025061435398,0.07721279111048968,0.0003168313385228551,0.009063552986535547,0.0532411499346472,0.0166490550610987,0.047840554824544385,0.014189461357974848,0.029471895158224043,0.5942835948163927,0.2900110238302,0.02721941702577749,0.10276655746316365,0.14229041584333993,0.024569599808578094,0.7510811520927128,0.5855252974216092,0.5704953355179252,0.7323707757655805
002497.XSHE,4,1,-0.3302885605922107,0.7486660379508256,0.23067082640367298,0.37184980751295327,0.2517079882208285,0.23494017286848443,0.7133274168134404,0.5481349710719476,0.9951569235795032,0.36111273316485454,0.366528897058591,0.002337787272808862,0.011290126599362309,0.005037514448857802,0.000347964805416721,0.0003629836042804982,0.0008879348062123159,0.0010895432647709646,0.6190044661228119,0.023716613221284356,0.15128714779833086,0.0040473980820806095,0.03078316484782401,0.4545454565289256,0.056071073513068045,0.7163994866384371,0.00913773205690723,0.2317084200054264,0.09011192924973886,0.38034351647953174,0.12977844675792363,0.18473895582329317,0.09091364264623142,0.635645863510793,0.058659821399618714,0.058333053165459656,0.30760332981698724,0.16625458570471657,0.1396581889839519,0.18733132100056915,0.516341967257868,0.06524336664192074,0.1149391482896557,0.5240761076238023,0.11621279935581807,0.010392470432998221,0.14123550831239573,0.15940891717409472,0.02625142575711911,0.010392470432998221,0.7150881596490675,0.059172745280997044,0.0008167029793713302,0.00906576766399849,0.06225096947441795,0.03372258554718094,0.04984352234806453,0.03151344174786204,0.02964171536955133,0.7138432077423675,0.32913656915745276,0.03075290829799912,0.0746242354260122,0.14059420441303136,0.033798677992462764,0.9072472696027609,0.7294790146388928,0.7462115110915126,0.5237764141172249
002498.XSHE,4,1,-0.2370283725044364,0.6290927567660003,0.43117304371852533,0.3612581947103734,0.41858822133006335,0.5188672218763309,0.7161371422794596,0.2536818978751894,0.9894694921312084,0.4211768891501362,0.3807198142030241,0.0017563414442491561,0.011206977860053688,0.005197036538823644,0.0012565892445516173,0.00023536008466046196,0.0028023358374176413,0.0011135774129619007,0.6251143635369244,0.014453161525668213,0.15146366682504608,0.005300343347657732,0.00888872938999131,0.5454545434710744,0.009937390630544355,0.6837715807723945,0.006506260891246694,0.07795966356154471,0.09109144248404735,0.3797786265718518,0.047487603241740985,0.8393574297188754,0.10645153639694788,0.8774405886875974,0.06868010169771717,0.040397033400456424,0.32595579654293544,0.17739153798157875,0.13471222413734832,0.21964482495788587,0.5318427242963106,0.06381059911337968,0.1494636073875466,0.5065455424613748,0.10863729101033062,0.024660382289077618,0.1680318286231702,0.18422793590386488,0.06297797488546891,0.024660382289077618,0.6492053420458835,0.0655008365026452,0.000494255335731543,0.009278917072968958,0.044223415241103486,0.02347082779015196,0.04906579913438916,0.03898856207149626,0.029634866440197406,0.549371675557719,0.2840827221366025,0.046728929515261725,0.04384989662054638,0.1741575942392461,0.02494451755697793,0.8850614605672409,0.6761062093671226,0.7312423919960496,0.3839107809913485
002499.XSHE,4,1,-0.1884961755347394,0.8331990987752592,0.26415381569767865,0.3064831861356204,0.4351895642492283,0.2594865792996028,0.836328675109723,0.38518548784127676,0.7345594556786059,0.4647793695388619,0.13904370213394568,0.0006828201105045494,0.010618648324625531,0.004738201283095398,0.00012150087831330181,0.0003457828434658164,0.0008130289196026473,0.0011217282180283632,0.618210261148511,0.023222169426916756,0.15082215548204142,0.0035209731868376007,0.010540317985414514,0.363636358677686,0.009196380242288176,0.6914339408434089,0.00375887537517905,0.14488559283711677,0.09095782157538423,0.24195243775563058,0.039692470319503244,0.7389558232931726,0.0627952265693042,0.9185709050106816,0.03684220204797861,0.04073114569733871,0.30635198533804553,0.1798016955556435,0.1370727687264238,0.3429359141174958,0.4968846285828354,0.07689393399811581,0.16227436661545927,0.5245536230469001,0.09972635149307367,0.02180630890504326,0.14023814246817803,0.15731359539189643,0.0359946847721585,0.02180630890504326,0.7269674225878938,0.07422940933849019,0.0003446397592012651,0.008886586878159844,0.0541141913958057,0.02272132705930549,0.040565715810201165,0.022880756679994427,0.029167753929661082,0.5627143527199302,0.27999964181798404,0.039244363331809626,0.04448276978182183,0.18009417591325938,0.04582206735658312,0.9380325872377895,0.776441776126664,0.823915471610428,0.2948342222302748
002500.XSHE,4,1,-0.2758310332583167,0.756345156760274,0.2395652813697913,0.11094358051582376,0.3570220729904066,0.16023164347990201,0.6508287892554674,0.3559712421610631,0.7551058671038755,0.30033180129820153,0.5694531846102207,0.0,0.013684344003226122,0.005464788446758157,0.0029840589171838032,0.008062098247688082,0.0003137852003416621,0.0010854833999434487,0.6194366714067405,0.02335191450447258,0.15145259766979424,0.004281402177578924,0.06397669136258828,0.5454545434710744,0.0597785155933605,0.5450258031358166,0.07959327584069154,0.04910916161707516,0.09150313922274489,0.42058929812022916,0.11214043214075003,0.78714859437751,0.12113034965366669,0.5596176569322009,0.087608371887499,0.03639826538359176,0.31324783454934313,0.18466952575891182,0.1399480576201655,0.129126081254477,0.4673530545204321,0.11130498282278338,0.0718417585922178,0.5050682717779793,0.10665033235212562,0.0027154031805478067,0.11961190572944089,0.1369667393486505,0.01950957931185665,0.0027154031805478067,0.6204104573971958,0.05154028217855038,0.0010165370293848852,0.009061162571482389,0.05305644375124136,0.029247760156912796,0.06504798281099847,0.03229344616550119,0.02996043969994048,0.5661628465265018,0.29599917104153156,0.03425103963254264,0.038297031466565726,0.1736401650453463,0.03532451994975175,0.8932961469088636,0.6726952589447617,0.7082038377346433,0.5499418166777166
002501.XSHE,4,1,-0.2339644927092546,0.6389804213651213,0.2093924377336278,0.4592747485432659,0.3661829449433234,0.2939575934936774,0.8191850615330499,0.47030452095522585,0.9992017486008646,0.2608462866678139,0.3246690118670997,0.0004390275656647218,0.012331832029892676,0.0054886907770140365,0.0005840564307201839,0.008835673489358525,0.0006503372785577592,0.0012103956939236698,0.6168102292968994,0.022757466302178942,0.15153384072637519,0.003992887680819816,0.07075556000356835,0.6363636304132232,0.09371380063702657,0.7139742687293015,0.01668538553409614,0.2495251876639233,0.09249445408461696,0.6396293169106813,0.2134440671107928,0.008032128514056224,0.1764797727389515,0.10760302597579917,0.11708946345883184,0.06418708642487807,0.3204437911231227,0.20291842767222595,0.1454282646617636,0.2299980250250978,0.6457875116570746,0.1345208662824264,0.12280167873527852,0.551745825935471,0.13507820157525874,0.026158441939401613,0.1504148399224818,0.1678945161936524,0.03898814517580516,0.026158441939401613,0.7766824768602101,0.0701827413237534,0.0003965831182438924,0.009099017709557844,0.04222892840954482,0.021884562516602236,0.052017433784983684,0.007901636326316703,0.029830299304396967,0.6037442215551931,0.3056956975137302,0.026669737369587884,0.10021978828498135,0.16024733052135584,0.019791380032302446,0.8120002556418742,0.6373888815178455,0.6102299102486579,0.6092930934502654
002502.XSHE,4,1,-0.1620098950469345,0.6418698471922426,0.5341398734505526,0.33610021473625085,0.3265206056092327,0.04279482045352484,0.455532671163719,0.12431394700954645,0.4884459915748912,0.1950457967001626,0.06935402482563469,0.0004756547847489783,0.010543119381528012,0.004742505884952579,0.00013553039679900684,0.0002243217564725088,0.00022543802272656483,0.0010859383088330837,0.6190148448971668,0.022112620275463166,0.150865760887189,0.0036223491878709553,0.004357766997391812,0.5454545434710744,0.004916651905030065,0.7023133415227796,0.003176387414233789,0.061725603689970154,0.0911657703447844,0.24127460702136622,0.08654502131714548,0.9518072289156625,0.09593175316983571,0.6198589671070394,0.06809105536486307,0.027702188751823117,0.3056636934159568,0.18043608416999316,0.13929422836449096,0.34794154557365287,0.5318427242963106,0.13177482870782745,0.1737354067335337,0.5174090785582326,0.10492534240006154,0.007915842694305177,0.14951233699547528,0.16636527927845685,0.04432616922686655,0.007915842694305177,0.6972797819992825,0.056663512486074596,0.0011651095892056607,0.009117325947524913,0.05148345812012986,0.188094538930208,0.030925328964263712,0.4058891051351581,0.0296109564845591,0.5961181713446797,0.2919740170093632,0.03512669371420232,0.020561141488940386,0.11406250000000001,0.01831279535801878,0.9368253894987999,0.7498175666710898,0.7572383308732469,0.40659655024404234
002503.XSHE,4,1,-0.23053486601093,0.4741466594421216,0.2381560240141179,0.4015799856677231,0.36599286663005526,0.241683244136782,0.56581859071645,0.3471118944067913,0.995036615062802,0.4159193080898802,0.3668948169925989,0.0009137391914974328,0.011829799171604453,0.005291886491234471,0.0005777913189588266,0.0003864538713299299,0.0010493934954640158,0.0010661634480345437,0.6213560076323538,0.02216281549422639,0.15168860839533174,0.00403164062299961,0.014017053396588555,0.363636358677686,0.01616080999757563,0.7035529595962131,0.0017621363715116937,0.07556299176991951,0.0913896120398554,0.504546939457503,0.12662150481286152,0.7791164658634537,0.13104535075386947,0.5974238758072845,0.10097837208143447,0.030258051053667065,0.29395217029334836,0.19010483378670626,0.1397803757633424,0.38248903357545894,0.5387930055340824,0.15438047349930198,0.19634595419493553,0.4993731355459686,0.15013330812863657,0.030079711225541192,0.15980924461316853,0.17607251811839125,0.05682538395046118,0.030079711225541192,0.6143492989411962,0.07267699081931009,0.0003622152386034436,0.009081187335272122,0.04516492278239816,0.04515614739554948,0.04411766336067327,0.05198993597487426,0.029616057765472072,0.6645829706501021,0.32660126340919593,0.02864499451319717,0.027409089681495618,0.1359648914475351,0.02421875934677275,0.8502213787618411,0.7270023439918631,0.7152936392466063,0.5616162267729303
002504.XSHE,4,1,-0.2254891391108984,0.6577087406209854,0.5138165869336689,0.2748149455863971,0.31507277558638824,0.08770403665916793,0.3687236931348068,0.10563370088336971,0.2887259503714196,0.19496555337921057,0.026290217875956756,0.00044227696771371533,0.010531028649512898,0.004735110218137908,6.303463442734687e-05,0.000785323602349554,0.00033520834372317637,0.001116406879255031,0.6180653308082766,0.022165712805133825,0.15082004561186704,0.0035578676016614122,0.002158276657973252,0.5454545434710744,0.0028946261073612353,0.6976678357833807,0.00273973261870369,0.032377679298182145,0.0912103023581884,0.2934236625426682,0.08039432354940149,0.9397590361445782,0.10780142591550704,0.5488158801107484,0.07432692631543922,0.03420209855568691,0.3064258702529405,0.18122031442325168,0.1391005493205635,0.3522765873045586,0.5088979237290094,0.06564583270563759,0.17456847617780502,0.5203084169902027,0.09926995152795641,0.007598975755444192,0.1488988866502737,0.16316506761364272,0.06844614938886276,0.007598975755444192,0.7175911481612617,0.1044580587531036,0.00020794452563684487,0.013652647076212148,0.0693334490704707,0.025547297446493172,0.019015743652673747,0.02635506457729244,0.0293120023528497,0.562312398055981,0.2710100518721532,0.052951839797382355,0.030715108738609855,0.18056473881542282,0.016896871448226356,0.9302612517930438,0.7253659723143606,0.7318800780538295,0.5407768130572509
002505.XSHE,4,1,0.1328736552923282,0.5434148291044055,0.2946251949215073,0.2970758365851287,0.33271461755725124,0.17769493260905878,0.6620275018737718,0.21528674930847327,0.793646305255199,0.5399047134733369,0.16094739833185678,0.0005830887235588621,0.013684344003226122,0.004834704637756066,0.00025460768273402,0.0004411007639731757,0.0003587315897305275,0.001119937273898806,0.6183616103047413,0.022427865283564705,0.1509017902681584,0.0035282143184153496,0.01826695618865476,0.8181818152066116,0.025789908358073627,0.7096502932722181,0.01202266809434385,0.16998281631545625,0.09275673141113994,0.7048256949928281,0.3503472308875733,0.1686746987951807,0.22776437477518308,0.03531365908393294,0.1632171967651757,0.053832888173945034,0.32091668015476477,0.24977727680727613,0.15101636002984475,0.18595060984696885,0.5562670081719636,0.06400583905503432,0.09303592601339576,0.5250434236322198,0.1050287373578341,0.017614757521196255,0.12530495987134144,0.1429909187443073,0.02018842922717934,0.017614757521196255,0.7304636605096889,0.055549431876888614,0.0014596022228769885,0.009118698400530546,0.04761993964431409,0.053330236140865066,0.06644374213177637,0.04643605450125775,0.02874176087624625,0.49478068799114705,0.26162587771627044,0.04046823804973043,0.06531989905530826,0.18171834625322997,0.037154244182568644,0.7098819786681059,0.5837728318075275,0.5561903077000261,0.8402044634668085
002506.XSHE,4,0,-0.2669494318372604,,,,,,,,,,,,,,,,,,,,,,,,,,,,,,,,,,,,,,,,,,,,,,,,,,,,,,,,,,,,,,,,,,,,
002507.XSHE,4,1,-0.1878319548869662,0.5385698342296359,0.18345477662233445,0.3794336608059683,0.5544224971141364,0.17929862658281392,0.593114339232866,0.5514958176762247,0.9773903414215199,0.30627444762624784,0.2757491307142802,0.0003894175892862615,0.011097944100894574,0.0049260385891524375,0.00027057156207518804,0.00023323937321042222,0.0005345509770806368,0.0010932144487094272,0.6184955757504794,0.023750230831826237,0.15112269564902148,0.0037048739780479985,0.011797028650522297,0.5454545434710744,0.012722772528771178,0.7016748547826901,0.004628983974085169,0.07284977842090982,0.09124382999606838,0.46164122631342447,0.05648678585291975,0.28112449799196787,0.11984568173702911,0.849189866738391,0.07984903279095967,0.04593479902248388,0.3154851534742845,0.1812594000624381,0.13423127617591776,0.3307945284580357,0.5318427242963106,0.12774167937754344,0.17592102316071978,0.5270407260354224,0.13216521400232306,0.025716653155971592,0.15714992431458474,0.1731475087248707,0.057561224389717634,0.025716653155971592,0.711529989705262,0.06035065413015059,0.000721597309762549,0.009061833444935202,0.04519526420519455,0.04830313809833939,0.05788763206699042,0.044494062946532784,0.029626442856441507,0.6967892415863959,0.32151527344568964,0.029261916550872076,0.05498554089544398,0.1370922157622739,0.019842824669498115,0.8751580008805442,0.661870881429393,0.6985791351234312,0.3921294296968376
002508.XSHE,4,1,-0.006979795127614923,0.5058311139036606,0.1454463265831119,0.3673505633484335,0.4604701470891855,0.17166358980143914,0.6865684226052493,0.6327012225141362,0.9591763345244169,0.4980101589977899,0.4248398196782705,0.0020488065148113175,0.011601793953376799,0.005191325219708736,0.0006281687462431274,0.00021409259622419212,0.0016134513240447716,0.0010772003611544331,0.6208078259355256,0.021529534185192167,0.1514960434247696,0.004065994541855043,0.027422180628507948,0.5454545434710744,0.035469205467173255,0.7076479833011872,0.006656703653072976,0.1024690241475988,0.06768837408750425,0.589581050072082,0.2898521629889725,0.008032128514056224,0.22116052287960616,0.025342393329630758,0.16356505118022024,0.08619018601141809,0.32260065910678426,0.19175518592729088,0.15244620532058428,0.34606576223604835,0.5318427242963106,0.17207320517786964,0.19319908056237006,0.5262012800978445,0.14378426589841078,0.03611726621820966,0.1686265361025056,0.18327459453993214,0.07805819766275233,0.03611726621820966,0.7097234443085056,0.06589112031832652,0.00048367846551004834,0.009113181720670509,0.05034459941142916,0.034154610485891204,0.05517617800263607,0.03404752107279709,0.029492688496845294,0.7578979933314336,0.3048372286600898,0.04264466171378373,0.15087409188638795,0.14037879363631758,0.02789809774481067,0.6908286702361848,0.6245466808190705,0.5624694689646248,0.7192161547685384
002509.XSHE,4,1,-0.2123559728320367,0.6968705208163579,0.1463448975292474,0.35120063363750315,0.4112294990842973,0.12088247821066003,0.8184981154558311,0.7275550395201336,0.9846356364364444,0.45728561014894314,0.28622212062799085,0.00033060440716866166,0.011011323570724856,0.0049295937747047104,0.00016494931672553247,0.00021818102275218248,0.00037237460436706873,0.0011077139916579695,0.6184240936029838,0.02231216305665894,0.1511081220125486,0.0037214306845284335,0.03244423973069804,0.7272727282644629,0.03944697869036979,0.6998542085887961,0.00939267581800708,0.21203762322510625,0.09136041729949083,0.5448122444913209,0.1291155093852227,0.028112449799196783,0.15222721888501364,0.2683833984020105,0.10639587715136836,0.06651161651070882,0.34232620223355237,0.18743723434981793,0.14254127703382494,0.18795722621417277,0.5318427242963106,0.0442547268085352,0.11846825152388038,0.5206264260423599,0.12446768568141715,0.0128616102262094,0.14864207284192932,0.16696708509840633,0.029781922446764884,0.0128616102262094,0.6810722886920308,0.06754706542217587,0.0004445387132992086,0.009101496130486914,0.04738789371953654,0.03856943761091494,0.04030354946260517,0.0730944978027365,0.02955606969868261,0.6164631759630003,0.3532266457052322,0.03268814176215014,0.09418844397274798,0.14737849597203223,0.03159732607525274,0.8485446166082005,0.6521963867144316,0.6405232986456764,0.5808294949825711
002510.XSHE,4,1,-0.2222449103525533,0.5264687211908028,0.5554466335877942,0.4426902820469551,0.48740743712746026,0.2518209908012215,0.3559140961086452,0.26993243311332615,0.780154188097536,0.12789161157592077,0.15566414693898933,0.0009517222961460407,0.010794038268606494,0.004847305711305118,0.0002785808710809602,0.0003337414928703931,0.0033743943636015193,0.0011680091916225037,0.6184282827217544,0.022309780574061935,0.1509419015284887,0.0038635607374074227,0.003775791310191741,0.4545454565289256,0.002040857411541652,0.6991737874066022,0.0023720639815378686,0.02116306412227548,0.09121378387671011,0.14210487804529698,0.05069694906362338,0.8795180722891565,0.0830277580502562,0.9086006658460792,0.07096026368377126,0.038403551199717584,0.30369587530254377,0.18112154413216555,0.13629415297264835,0.3759532595177406,0.5518952659461444,0.08650320746908814,0.19639940923260474,0.5341030081143094,0.10887906810855635,0.01642832733966943,0.1620145594477631,0.1797904599955933,0.04395957436826004,0.01642832733966943,0.746218933203393,0.07881742379815379,0.0003043900872395041,0.009103613480579304,0.050887315121795736,0.01747135237962493,0.03144675177927626,0.012401530763312647,0.02964902743255289,0.602520616116109,0.29422530777860384,0.02586067567055913,0.03828340422180701,0.11726033275067133,0.012687683196745828,0.9067972333868288,0.7631434921056126,0.7617166561485873,0.2838622370822771
002511.XSHE,4,1,-0.3115991455086298,0.5266067798159075,0.3519484740279331,0.36745910900835127,0.4661740010649066,0.36596473644895766,0.5230008854063734,0.4290586166606601,0.9975775836253962,0.2666323135019538,0.31625782266797187,0.0016870027311562624,0.011672228726459224,0.005218897112522539,0.0008255837187374741,0.0034004318786080134,0.0013341651033354938,0.0011660190088084903,0.6206943714497373,0.022317310839913743,0.15139719109479938,0.00396466786754762,0.016609927148890664,0.6363636304132232,0.02684493908597043,0.7094530798819833,0.008111007902303912,0.09853486479153477,0.09105121000177493,0.39572016646659075,0.1550622049183234,0.21686746987951805,0.12830143184474357,0.36643092745193245,0.10111951065554048,0.04677350165083048,0.30143451109968705,0.1796908633583891,0.1411348292114793,0.6423812384308378,0.685115752565059,0.2247223022414121,0.29738264697376116,0.49237826126894646,0.14603267106600026,0.050976255213405326,0.17161111560539627,0.19145323933002137,0.030801920289077144,0.050976255213405326,0.6703662285852506,0.06390464292723361,0.0005444623734572729,0.009073817871270644,0.04727853267824002,0.026451225890038944,0.05962155114534731,0.020312125373093928,0.02973418000230265,0.6379525039280673,0.2906487435500471,0.027612227583448883,0.056674123511491516,0.15088760956579014,2.9909672788179694e-07,0.8616959708000171,0.750049754544249,0.7015800883518652,0.6445443499474247
002512.XSHE,4,1,-0.006725342201406095,0.7191330624325027,0.19668519634008064,0.3225521935519628,0.2888513301720484,0.2565194471621613,0.7887357001898838,0.39276631040312393,0.9643122787574678,0.4477037841976731,0.2606154050485205,0.0009557907952345545,0.010712289791675867,0.004789427819879699,0.0001346148588871605,0.0007827365259128814,0.0004397589046334318,0.0010960783653991323,0.6188462260166769,0.022803634266945042,0.15092298832193068,0.003554851676553749,0.016929630396320942,0.6363636304132232,0.02186193174072546,0.704057651490812,0.006546466174717394,0.19218594555485213,0.09125298786676034,0.40323684325355036,0.15039925771312532,0.2891566265060241,0.1341740112339268,0.257581621580558,0.09248502320610408,0.041251832968650176,0.3138105016639339,0.1809073559567124,0.14240999123894793,0.16653321697647525,0.509393003885658,0.07485719413280477,0.08501275590398125,0.5171893508038511,0.10492464613771964,0.005285221060415424,0.12397184090627342,0.1421674920824843,0.014460218891324903,0.005285221060415424,0.678821702382747,0.07651753935559386,0.0003227181749981086,0.009066590697143299,0.06581450362223819,0.044529066580907044,0.025620940717149668,0.03669488943228855,0.029707424499046932,0.6782305789366886,0.31106842775420074,0.03351036593798003,0.057418385482799254,0.15994697459086993,0.03347341030089131,0.8813546533922256,0.6856314404493391,0.6845988915088734,0.51368970911791
002513.XSHE,4,1,-0.25053486601093,0.6683759265763443,0.4081957546545614,0.3694224928210238,0.2406342965138099,0.3986234372525582,0.6870113329529857,0.29310712219882884,0.8254626389365781,0.4226077339092805,0.17422351564127014,0.001124498641662087,0.011057040737939833,0.004935605990912498,0.0004313856748536971,0.0028979396880038557,0.0016290855942165193,0.001189253846665931,0.6166859377827866,0.02283166902523824,0.15098073838637796,0.0038207737343573392,0.005333100048184446,0.6363636304132232,0.005355206022428589,0.6984483761746749,0.001661784561819782,0.07113140996653702,0.09113858021849719,0.29614999062621483,0.06971427346532738,0.8714859437751002,0.09874418770118228,0.7619441145099214,0.08067622962568217,0.03441837447268024,0.3064555845736498,0.1814866613288137,0.1392032382096257,0.27151645786922834,0.5163935810352387,0.030726846716098065,0.1562596727673132,0.5340502943300042,0.11210276275156611,0.03210896490999398,0.15608818534052588,0.17240362966248926,0.05383457426885796,0.03210896490999398,0.7464806836360408,0.0761886778373536,0.00032561835763052417,0.00906880784206071,0.048905228697814725,0.0142993251334406,0.0805244213772546,0.00686565387469427,0.029378985099876315,0.5701474646917479,0.27731210871291384,0.02648031957843674,0.03487053189754538,0.13225002533313068,0.030407070646647126,0.9231228075158711,0.7244925036486669,0.7504469083448417,0.41747162560912054
002514.XSHE,4,1,-0.1922325885782178,0.6485625528137976,0.28871334337626803,0.33107329346478986,0.346646170975192,0.13886243483806865,0.5216868627984725,0.3861413585676854,0.5293864529097537,0.4094584639301438,0.07933776623498656,0.00041456200393685393,0.010601631037728121,0.004764551836692902,0.00010800350726764582,0.0002066592099845943,0.00033698606681405695,0.0011055327838230306,0.6180870668129591,0.02222273298546041,0.15087587442350303,0.003506043441306324,0.0026429529813712226,0.4545454565289256,0.0022409680517371886,0.697950847940524,0.0012044970095261803,0.046260287600614985,0.09123361532345858,0.2617180112816955,0.05816235794280993,0.5783132530120481,0.09866579001806439,0.7798088284661004,0.07543195267955354,0.05154158050112188,0.30776093659991766,0.1814383510619001,0.1378552840582649,0.26052640287024315,0.5318427242963106,0.0758792254974693,0.13248590854372935,0.526309919473572,0.10811787930327116,0.012618006491639553,0.1383477495469669,0.15439758611328108,0.04445340388495123,0.012618006491639553,0.7364827519318702,0.06587843967385595,0.0004840131296827663,0.00908440462173259,0.055183924428222474,0.04222188164337129,0.03712429751797382,0.0683998780578113,0.02929134114353381,0.578744304718227,0.2844200750897451,0.03314918594955976,0.06088683882350491,0.16756710112985762,0.03999685948435724,0.9224464217238784,0.7171150103931714,0.7567894421369215,0.2865813994465254
002515.XSHE,4,1,-0.1874690341004764,0.563117206870064,0.32710332613107396,0.3456046002111062,0.30374715070602304,0.3681754876162502,0.47667449321153926,0.19369931498679613,0.7715007565385923,0.21466886578482797,0.15237041577991317,0.00020820434986420513,0.011083518753215824,0.004814851849589495,7.612226229986128e-05,0.00021059690967209597,0.00027818052315362654,0.0011165829817015827,0.6187020993346684,0.024827341163625463,0.15089748586107507,0.003602798750994188,0.002573622647264556,0.6363636304132232,0.00475457045877336,0.7022866964868141,0.001986392214336098,0.06516234059871574,0.09154426019327128,1.0000000000000002,0.16299504487972502,0.718875502008032,0.1879146348051455,0.1819691838303909,0.1263543918361582,0.0354645799133844,0.37383960201064936,0.1887480311265792,0.16028695695125786,0.339618874125824,0.5318427242963106,0.06351305766842852,0.16720145498737146,0.5338738858241111,0.1318315302749662,0.010295904578696577,0.14599919823345095,0.16331960685373842,0.03753634471261799,0.010295904578696577,0.7381198606646359,0.062125366677830446,0.0006182751251510517,0.009043388948649356,0.0513580029328283,0.08159832479181707,0.019187749903281124,0.1744576903597095,0.02955029959829613,0.7129555809603224,0.3302481013919849,0.0375569175559328,0.03351221926793451,0.17078971284896388,0.01663590955314949,0.8203503358850179,0.5254301003936139,0.5961915751505757,0.7493048565848656
002516.XSHE,4,1,-0.1911378122253869,0.5889990808511707,0.6214636501162911,0.4566195410873654,0.5091181586644031,0.10900689926466173,0.472224673628107,0.2633946950915297,0.796187712899971,0.03515372880077808,0.16196384259299001,0.0013880690531333504,0.01108007483648814,0.004951985014105268,0.00034735549313975764,0.0002709580878961057,0.0009548787503927093,0.0010956185158161273,0.6200240304936062,0.02298324311722771,0.1511415938337069,0.0039512790675081694,0.004484182559858071,0.363636358677686,0.003532043459456207,0.6937581740045957,0.0038781589565148526,0.03753278466130053,0.09118975995806927,0.33873563431494025,0.07536237439141114,0.5783132530120481,0.1147933134023145,0.5110096612356649,0.07911775908119893,0.04481384300116873,0.3080568468400302,0.18096412658083072,0.14023922611573425,0.3519745039032927,0.5177509680975594,0.09935337653434495,0.18653567812149277,0.5248980893601823,0.12106592194446576,0.021711011500522695,0.16042279937545012,0.17735567735773172,0.050886971356562664,0.021711011500522695,0.7161082852191635,0.06936424530211988,0.0004099572291806332,0.009094075398264888,0.05248063557629442,0.036204169606068946,0.0446777922009299,0.043973719682322845,0.029584936546508452,0.6144844501759176,0.3013365834458006,0.03040879077950625,0.05392832646507827,0.1505419706642347,0.013559550158521266,0.917227954438937,0.6813276723718542,0.7102924906195456,0.15632517408398133
002517.XSHE,4,1,0.0231597152698583,0.7238458818622148,0.3416475141619142,0.37955407034714955,0.2985357951567644,0.2176703176872386,0.6745286360805791,0.2614237728365982,0.5752828347847927,0.24747658925280897,0.09114387926629886,0.00040105464045215466,0.010580854134073813,0.004755012284129388,8.752932365221669e-05,0.0002300893485676439,0.0002975283326109363,0.0011113825394278762,0.6180537526148779,0.022238391220519477,0.150858021827834,0.003537832518094388,0.0040230870565794155,0.5454545434710744,0.003353450671283772,0.7001660043012272,0.002223893490375899,0.0948720267703717,0.09121946907628434,0.3617021273694715,0.08973612702353104,0.9357429718875501,0.10995110356268058,0.6157043585918884,0.06733638243919542,0.029280355980864436,0.3073115670297799,0.18113822064340154,0.13963739123426844,0.19285714458241357,0.5318427242963106,0.030771767568507122,0.10225871831896728,0.521089367890665,0.10301270974685467,0.008457941304777773,0.13183470807555692,0.1502448995552238,0.017699931372806295,0.008457941304777773,0.7115685511529289,0.06357013457896056,0.0005566727260204128,0.008940206308649178,0.05274632090460708,0.03291742187682882,0.03764456561862944,0.07832758275429508,0.02954441099018217,0.5879083166360443,0.3203893360648606,0.04332287864342639,0.024981007414169486,0.17015844289912346,0.02219372495064904,0.9059770490406329,0.6847386227942156,0.7301676995508473,0.5298526477360438
002518.XSHE,4,1,-0.2385511378462973,0.634811796089764,0.4369695038486741,0.38462827007080963,0.39289789183591073,0.2528935549254791,0.747400439430042,0.3548583499256393,0.8334794013377956,0.366702308880712,0.17777700477819158,0.001000780745024569,0.010852157981846484,0.004867803705911542,0.0002945081255282571,0.0002462424383286822,0.0008611787271015875,0.0010909753006725501,0.619563865895739,0.022119251545350136,0.1510355846414635,0.003764714817073038,0.009588926745766212,0.6363636304132232,0.008344419860096526,0.686626367453283,0.004175236795205412,0.12688794428868588,0.09113977021362944,0.3197847683194305,0.06371171518288798,0.5542168674698794,0.09230437801649907,0.751142337688469,0.05993445993727797,0.04274165590575039,0.30718700740815885,0.17772227975089816,0.1393774193632249,0.3441718635558839,0.5133856587475955,0.1260235387452553,0.17480780209632701,0.5154834797489137,0.11687181166242903,0.018046971554665857,0.15175299701166148,0.16970264486823927,0.035428225471477295,0.018046971554665857,0.6861144901066517,0.06929364901191765,0.00041116854671996634,0.00910192409675575,0.05159110421144224,0.0415203015847618,0.04019061839849802,0.04278107484771016,0.02971974657838973,0.6314946171340244,0.2935809694780257,0.038257892570464344,0.04793617336659123,0.10545485636114911,0.02688221570856015,0.9125145573844997,0.7093505373490783,0.7699973330728018,0.3981296401040755
002519.XSHE,4,1,-0.2145553198300415,0.5916033685520102,0.38085095346126596,0.4248714406806822,0.29590278422099237,0.27086646115665547,0.6416090862498504,0.33293671813319936,0.789946598825543,0.13619940561935273,0.15948010457178563,0.0009264655247919727,0.010925606394786234,0.0048964825830088935,0.0003597550908543881,0.00024204225516340463,0.0010757305192772482,0.0011146874941376235,0.6193743276641999,0.022427372098737082,0.1510748451801586,0.003892424475148842,0.008433415586868224,0.6363636304132232,0.01494195191864589,0.706525461158675,0.003710559995275259,0.15709505290766032,0.09124922271005573,0.32923821172154666,0.12407422768755372,0.5301204819277108,0.10611159350208378,0.4441211827545249,0.07088006592471947,0.04610086205209015,0.309339389608937,0.18117869803114925,0.1403432148641517,0.2492305608888466,0.5428724539632244,0.07114304478929588,0.1457061053560081,0.5083052915806973,0.11969968116406708,0.030048245487423412,0.16356818118159358,0.1789196569525147,0.06799393620825343,0.030048245487423412,0.647134709159045,0.07287255210423528,0.0003598604422481919,0.009108309046425782,0.04906366369250365,0.02343550034932296,0.04572881320860201,0.032681539321016105,0.02957855075080217,0.602423592576535,0.2926092060954014,0.024492371207195746,0.05765505835697485,0.11670941632466941,0.013370820123227852,0.9097823848546391,0.7521947282296231,0.7307103268174053,0.32947543669190665
002520.XSHE,4,1,0.09630496082889684,0.5531467855382806,0.28123386240473586,0.34069224507662205,0.3115311669086529,0.1673941229343243,0.5394844838437161,0.3196067463182854,0.7624477601979032,0.33536023450385455,0.14899898310398585,0.00040211089243156486,0.010672881840195212,0.004797465308194529,0.00010232924012504245,0.00037265779659712136,0.0005847558910249451,0.001108016780746504,0.6185182319657893,0.022138501748811004,0.1509286018645239,0.003595022647275787,0.005176769187420247,0.4545454565289256,0.003888657754772231,0.6981354522508494,0.0013373111027821986,0.047209912272768384,0.09133876598639601,0.2917798473812985,0.06561310556881392,0.7068273092369477,0.11570312180891781,0.6568346749149726,0.079166052105787,0.045411193234925595,0.30551761395746757,0.18152480302388915,0.13921363708446743,0.2698819708945219,0.4781638039363973,0.08802741971745622,0.1420692683940926,0.5194617444866119,0.11201747061468302,0.009156836675285919,0.14471309305866836,0.15864647886855474,0.06879471933757395,0.009156836675285919,0.7010997023757358,0.09635387693631461,0.0002264990856132222,0.009101059391046648,0.0554321964182346,0.03027636638756025,0.021572696936071684,0.035359009860097046,0.029285997398534717,0.653110907330877,0.31074431196252017,0.028209763405291997,0.053335860867686456,0.1476734686122511,0.02184094036011246,0.9023510175966822,0.6947945690150816,0.7053811197397502,0.5313603455394463
002521.XSHE,4,1,-0.1908523263283902,0.5616477846003056,0.4840875238590276,0.22913917979499565,0.4171446626360702,0.12077220278241174,0.5966321412042936,0.3773214036073906,0.9500025905848486,0.21720668165831036,0.2471486479710191,0.0012251861533450635,0.011357367628406776,0.0050877815127352444,0.0006304143280531114,0.0023519169477477083,0.0021110477226757222,0.0011211888895221393,0.6208495058642894,0.02223129514059412,0.15128133193519247,0.003963151918952681,0.01765235982425129,0.4545454565289256,0.020804523904239123,0.7029050024010276,0.008639237092140192,0.09428416387808627,0.09103249062323188,0.4559036683639288,0.19081976820221244,0.2248995983935743,0.13577885792363406,0.2517659909311066,0.09543772381652349,0.05675921437266907,0.30283374406157837,0.185230753802366,0.14220721317953397,0.32835451258416487,0.5343468831811857,0.10882748669433787,0.1452481271930087,0.5046111513300735,0.11831255251341131,0.020354281706452038,0.14182940655936088,0.16014251039087024,0.025324998402939967,0.020354281706452038,0.6469430704494279,0.06411154592661172,0.0005372352332204727,0.00910457935192146,0.046743072525498655,0.0271886902330431,0.04276900318036046,0.020203374158982462,0.02982982527348703,0.5669179668745004,0.28944065790249784,0.034875314782257694,0.09071368210421152,0.17429502647312156,0.018394747861458397,0.8656992515374018,0.7282572641634606,0.6976338282551695,0.5551051855440218
002522.XSHE,4,1,-0.1911575766336406,0.42801448752697197,0.28635215977794026,0.3834181541819384,0.35027387493114465,0.19918417876623126,0.5704478117784322,0.3877925579133619,0.9250376952049593,0.2494791918434114,0.2279098427492965,0.0004843067752046848,0.010896522653786423,0.004897150665741864,0.00016369306647544073,0.0005636700062737665,0.0005077072731564395,0.0010968229414624329,0.6184363338062075,0.022261042983050726,0.15105599479611184,0.003724001794280157,0.0063119592012841385,0.4545454565289256,0.009160475521105648,0.7017869649459508,0.0028116509546713964,0.06430315637152934,0.09090196370728118,0.2912730010071072,0.06722993473763336,0.6024096385542168,0.07770396244289815,0.8342334814017877,0.05925373319443424,0.04100801911646667,0.30510659138726504,0.17683565252232097,0.13535955409624678,0.36596920987558296,0.49705555210458563,0.11650082808476467,0.1859885258638095,0.5285564179614531,0.12195400456156273,0.013372877323454756,0.1553112178479906,0.17174597840905975,0.05218184907477872,0.013372877323454756,0.7310771380862071,0.07280592367065496,0.00036065783033858664,0.00910113834958952,0.051107620235143376,0.044533628414733406,0.032959058078252314,0.03203106623171919,0.02956233562450362,0.6563725615212405,0.3322031133414431,0.03151665695189212,0.044895380487723416,0.14423584194659778,0.013564186157803434,0.9318279459175414,0.7625519658573259,0.7804538001072052,0.14838092759456184
002523.XSHE,4,1,-0.2343032798512861,0.8023284842202326,0.5553570729114947,0.2984414224404074,0.324494608178717,0.08694711335084723,0.5872123206140586,0.17106861290277076,0.606543729511328,0.15947170891203588,0.09960973057902534,0.0006354217226417416,0.0107141341489222,0.004817313146664453,8.728543645252342e-05,0.00027440769607535177,0.0009113349452771842,0.0011299550160203215,0.6193456057459414,0.022054390009512398,0.15096617345045965,0.003643685248972448,0.009568893483190814,0.5454545434710744,0.008868964202644844,0.69775131941406,0.008946840954569378,0.08343131048204756,0.09115898534200145,0.3332962005384039,0.16495824875892845,0.6224899598393573,0.12173974340899477,0.22891513080292658,0.08403535500991857,0.04209922637053742,0.3099013727304813,0.1803383985021516,0.14226570685051876,0.22994528925009006,0.5272522252222206,0.019102036896523594,0.11741309795033014,0.5177881119456099,0.10905504841547227,0.00901080127952212,0.1342185500127402,0.15163013463193623,0.028769346626174235,0.00901080127952212,0.690758223228715,0.07275137051347069,0.0003613144968282107,0.009112549778165918,0.0508469478375536,0.014564082831851084,0.028919682503435504,0.036895032741352494,0.029564910102721387,0.5911932564759055,0.2764316428115498,0.04518940722866976,0.04649172665437534,0.15734130376956984,0.019043937309325836,0.9146102881652014,0.6921686347353062,0.6952111493400015,0.4670614481951749
002524.XSHE,4,1,-0.1087918291735535,0.7966135631225018,0.18463727396780255,0.30646583299586194,0.24042047930829546,0.2869677583572504,0.8432921870034609,0.5576566674319252,0.9478546005713337,0.5100864887649682,0.24531453077093002,0.0003042656701556013,0.013684344003226122,0.004686800261850571,0.00015383127739046495,0.000988734309126034,0.0009894758528158334,0.001144632775216565,0.6178756828125979,0.02249949331523742,0.15070081736522897,0.0034728194327521963,0.03774456603722809,0.7272727282644629,0.040239923959189634,0.7030658218649882,0.014793627417901882,0.30758795333273037,0.0916332965668022,0.5673825822488853,0.2530606917970018,0.012048192771084336,0.2003640551234533,0.05567093283126252,0.16974952340670696,0.09356307602648012,0.3211404390300223,0.20874281608479958,0.1482255619941922,0.09989097784284272,0.5405316912613602,0.046312087276006435,0.053799104711857025,0.5179085145649029,0.09200306146551734,0.001966158537277724,0.1200067067090506,0.13831214472430733,0.010759280774286511,0.001966158537277724,0.7063557445456001,0.08080779623175122,0.00029085363689938706,0.009184387247453553,0.04660073167681476,0.02065530892835049,0.04179109868576878,0.01393652676709672,0.02959813313115062,0.5424996368547519,0.2804319908710306,0.036303817264522066,0.15649443354883347,0.17422282705071693,0.03766285816833164,0.7156587749073298,0.6619620980938485,0.5847053045446022,0.7253835011697076
002526.XSHE,4,1,-0.2889274538152825,0.7069542914170484,0.4613526626304372,0.29375890787129566,0.324967881445966,0.09647509113089078,0.8039425650102483,0.21133885846279063,0.9438672953152567,0.5281338883979759,0.24201402331677957,0.0008504176914983558,0.010715678233080353,0.004813913325981344,0.0004787235587861402,0.0021529796638585035,0.0015889107838961154,0.0011618732820879536,0.6198861970138908,0.022226797494906,0.15086610359945615,0.003742554950963803,0.07139052131288243,0.363636358677686,0.028691859618697215,0.64404892449149,0.026746028959522522,0.09790178167676584,0.08828601641013593,0.29096072216109103,0.048354267039207206,0.7590361445783131,0.05098155216871707,0.9800584950810953,0.03260243608417191,0.041018295974339744,0.3113904449295329,0.14315362918031393,0.13856370740685856,0.20826822880498883,0.5060608747062738,0.029939402025125295,0.10173278883689689,0.5183729820215884,0.10099302675858025,0.010567741550329192,0.12633798414839087,0.14414681859494174,0.019715805486835585,0.010567741550329192,0.7019281892362146,0.07255948128697226,0.00036365127834795774,0.009046472718407118,0.04519223006291491,0.01574568346111858,0.03948116189760399,0.01927514538335644,0.029273878280702208,0.5675500059322964,0.27262206560843355,0.039176332826713386,0.04507401902907633,0.15118756966610933,0.044398217383501824,0.8989539986649813,0.7603793507584804,0.8134048738754678,0.3724637457592742
002527.XSHE,4,1,0.01515604839164096,0.7326255475524697,0.31694951678521627,0.3806942424584228,0.6013134963125308,0.0951808914737931,0.6257884032066876,0.3879832923251295,0.9528904340678592,0.30188446121927304,0.24968207882276777,0.001602505423988079,0.010768765569154098,0.004795063464626986,0.00022625129821259195,0.0002499474879786381,0.0005614799595999568,0.001088564690413515,0.6197135427121961,0.022484139805087556,0.15094099547976836,0.0037993675497825273,0.016902503711407012,0.5454545434710744,0.022812793350750954,0.7079665656309312,0.012560357900191738,0.12336076693497332,0.09113907499162087,0.13227235358037198,0.1483100437166989,0.2248995983935743,0.10258699178207814,0.38014103289296053,0.06940548542627609,0.05105393584623527,0.2942031164011431,0.1806707799499112,0.1410243411662858,0.37659051701268176,0.5201381681220043,0.11041913486955848,0.1896484525466699,0.5225121181482518,0.10993129457275688,0.01435492341928806,0.15523624638452596,0.17148053092069135,0.053938217500756114,0.01435492341928806,0.7154410553216551,0.06618525521635883,0.0004760799108361009,0.009066011941990505,0.06020041697030075,0.04665563074109732,0.03795832460369279,0.07219043487693687,0.02948618555556931,0.6869771124242247,0.31322316511042425,0.027107219098526335,0.06500135963206026,0.12994708542331662,0.02293593348088772,0.9016124966269474,0.7965923665472561,0.7499320065590565,0.6485955740248042
002528.XSHE,4,1,0.106848540960106,0.5938191702637411,0.5282233639032363,0.32133216158322964,0.2684743331586351,0.22564973920765113,0.9313314945717588,0.42662304265909795,0.9398211530473621,0.43111661964859216,0.23879076562647528,0.002769709415390796,0.009944182411671896,0.004450078575262922,0.0003210461093994613,0.0004205496989385441,0.0004900325873336246,0.0010373893273533151,0.6216464092755933,0.02263107182821033,0.15052552781173364,0.003611104794433356,0.05543554529685394,0.363636358677686,0.016036378748645122,0.6866506708733443,0.011298497956669889,0.24143076783937778,0.09062908810679897,0.30827193332719155,0.007234332696956891,0.8554216867469878,0.0312022778809172,0.9975074402088493,0.020917207559590784,0.04082572354285658,0.30737166283198264,0.15768759472439198,0.13851821232942593,0.4125617904270639,0.5318427242963106,0.15623191940244555,0.17046152590823183,0.5194482147491322,0.08554192099824524,0.008822088686285178,0.12605065444840646,0.14350778248600557,0.022858501541527406,0.008822088686285178,0.7263247317934463,0.05906913533368636,0.0008264925498103128,0.009246090881254334,0.075334982499595,0.09851603545628586,0.02457356860684544,0.11390276499179497,0.029317674377875504,0.7315264408550047,0.26826392486119965,0.031179405046298604,0.0444098712379991,0.12215271444495111,0.0312684692229467,0.8621282541080229,0.7423101587722791,0.8401678843873857,0.4015242615926686
002529.XSHE,4,1,-0.119394468892673,0.8782140547994689,0.4015367172306906,0.29838422790834634,0.3164220474125861,0.07722443616715874,0.8435221357808171,0.44269786771386765,0.7440251892663727,0.7028597559442897,0.1423536964012001,0.0004108023164201747,0.010516904741433047,0.004727457853171679,6.0749258619701884e-05,0.00020608590921615972,0.00040112967229970784,0.0011064120721294404,0.618626142601414,0.022256282187454516,0.15082392891873256,0.0035777739999567314,0.03663523270757571,0.6363636304132232,0.033454694021030455,0.6764145092214081,0.026968140445405353,0.29008772723161796,0.08971544383351593,0.29979224621360623,0.11707907673351611,0.3052208835341365,0.06787065304611233,0.6073951415615867,0.0359835906409388,0.05834492700442776,0.3111945853862775,0.17496691494424696,0.13966078870266235,0.3752201114761822,0.4599820844407428,0.06360963932271596,0.1723472779689963,0.5224194976605196,0.09979127795645609,0.006425005024186371,0.13915954013569365,0.153413694669872,0.06202742596069456,0.006425005024186371,0.7241664592528194,0.08198740573739285,0.00028366643812644877,0.008851152312914336,0.05714793791775521,0.04369074930133802,0.020792664293682473,0.07614800109204997,0.029164345810877564,0.6226699103946031,0.27342155122791223,0.03153980503609362,0.0703445590081345,0.18855029576430055,0.059010438475803076,0.9267541648321995,0.7754853832205568,0.8171530948237848,0.33964265920661446
002530.XSHE,4,1,-0.1947253422014061,0.7865160651017016,0.27843186242802587,0.3356984364289859,0.32504244162865514,0.09839894540534716,0.43171764278886854,0.2481689221636868,0.6549586867578963,0.25552393087859665,0.11351785034236106,0.0004904716902660077,0.01071237261679089,0.004783369166674591,0.0001295295278854876,0.0005014788007617938,0.0005950591735258275,0.0011122718320459133,0.6180619943980674,0.02242288038459621,0.1509016918166254,0.003542296651245198,0.0062559991660931305,0.4545454565289256,0.006045387401261068,0.7093768864939686,0.005386474830504322,0.08587320249615628,0.09076060009158413,0.3601666717268984,0.10940591677182784,0.8674698795180722,0.11197626724254924,0.4565850082999776,0.08474296031636415,0.03783646369717392,0.3073927763554858,0.18462082914619957,0.14093335101142054,0.10414478232644636,0.5254267459277383,0.04770558093682893,0.06515334457490671,0.520841416381244,0.10642335082866533,0.005301138059281246,0.12531775096364564,0.14333759087216172,0.01703035898463562,0.005301138059281246,0.6948691072557455,0.06608774978781878,0.0004785647228327376,0.009090707322920463,0.05576859045358579,0.0266276917577022,0.032691718610337296,0.02341607279571558,0.029508693850844616,0.639408965862129,0.31181087678090924,0.06313342185234397,0.03922908552941227,0.24063394576176725,0.02400475563797332,0.8866707616707616,0.7128969306974486,0.7231135450855926,0.41140284992923587
002531.XSHE,4,1,-0.2918572366858185,0.6849490408749623,0.3199340257523996,0.3744246238928298,0.6998703555567815,0.22934270059823514,0.6950688624081811,0.5157412688620485,0.9893408410531299,0.22100402763463955,0.29449281464257976,0.0007951668466157209,0.011202843638448893,0.0050241733836786035,0.00037806143364099606,0.0015352916912004177,0.0012947508448772128,0.0010997112707812403,0.6198459120935412,0.022152481539276146,0.15131275860416096,0.0037737955978616403,0.013036152403295339,0.6363636304132232,0.01911165267851577,0.6952886060488591,0.00802698851208177,0.10332820837478521,0.09157647942462954,0.5823794592047717,0.134380769952022,0.06827309236947791,0.14864991284022286,0.2920647695973407,0.10539600663854719,0.060655639389919615,0.3083185551338761,0.1861379833225175,0.14199273638592302,0.5443537254926589,0.48163655176143194,0.17822473884244172,0.24461678668288123,0.5222781781473782,0.13965125263687603,0.027592526711250766,0.15291711693269397,0.16963447319043257,0.04789563153055076,0.027592526711250766,0.7048319830984007,0.07599600391787185,0.00032735385541208433,0.009116853018752497,0.04634243382535687,0.027408718401189042,0.036744442683120146,0.022759360203306874,0.02979785951669536,0.5897528727284018,0.30628066325186837,0.04433852622834752,0.09057000847528035,0.19917358577798044,0.019741131782018306,0.8621282541080229,0.6694695059926588,0.6580550443211612,0.5923833839161438
002532.XSHE,4,1,-0.1002528502920211,0.5594259036025261,0.23534767221639377,0.37977381775980523,0.3797406943960332,0.23380144348727783,0.727578233338761,0.2987239849530521,0.9161388167086576,0.2023378843220019,0.22191372511462099,0.0009188495275885097,0.010966805714534733,0.004888156258173286,0.0003318559214950581,0.00029290153633937757,0.0008793289108260556,0.0011188449598046872,0.6182477111672207,0.023611577115974898,0.15104348148807975,0.003653231923459621,0.009101613715209306,0.7272727282644629,0.01049236074572959,0.698069274179995,0.0029920962796601684,0.11381929999095594,0.09148543957731657,0.6540661119459671,0.13293521788417909,0.5261044176706826,0.15365155326233182,0.257997390408983,0.11098802148576753,0.05461253519206339,0.3078391984144688,0.1842540778371778,0.14268036198483322,0.3079302287178741,0.4453543780846393,0.06123983665714245,0.16028455980751133,0.5135823308212719,0.12661669939970002,0.025534917036530595,0.14899633389021572,0.1657537186755822,0.044886266794643526,0.025534917036530595,0.6723550644618868,0.06483808929206525,0.0005136382693153831,0.009048396510404826,0.04999013244162969,0.0215817359936549,0.06819512049120995,0.022711331677002792,0.029711147276279284,0.5996614710099208,0.295390956643819,0.03457287844030175,0.07301193239484705,0.19065896222830217,0.0227768140216546,0.8625117169192313,0.6456287868736457,0.6605833441154647,0.6456017597609413
002533.XSHE,4,1,-0.1866862415171441,0.4910325628132426,0.6592557147862982,0.42281863507639716,0.26612869655928156,0.08523838655117033,0.4878562186228679,0.24119236673921662,0.7905832679832693,0.048958673722922674,0.15973127924253672,0.0010910197489534515,0.010748754454699064,0.004819486478266672,0.0008664762719942507,0.0002651091444950386,0.0011886984841728283,0.0011077491289131914,0.6206306537780444,0.022349438765689813,0.15097699303759576,0.004012960040087882,0.0069505617068156885,0.4545454565289256,0.009881087130350345,0.6956692472854218,0.005739168604763222,0.05860540833860903,0.09058011081797765,0.34933853261318315,0.047566917330072046,0.9477911646586344,0.0889965228321723,0.75612848386047,0.06066961476698481,0.037539631646612316,0.30685541225283264,0.17690689667090623,0.1385507088133064,0.25856310229991586,0.5327496202090403,0.07225885253198225,0.14563323957790122,0.5113639356456632,0.10734137272646412,0.03188240341199898,0.1517716093561776,0.171063479012305,0.02271191661252567,0.03188240341199898,0.6720944825579561,0.05679224066675148,0.0011391341523043703,0.00909304784056111,0.043876335748158794,0.028717911166703136,0.07451750491538807,0.04202650572217203,0.029473104754339056,0.5231143336478744,0.27783653390377716,0.025959174871954285,0.03540986979487182,0.1348132631605614,0.010043518573906802,0.9266920296544574,0.7222646057228781,0.7618539632914636,0.2066617784418298
002534.XSHE,4,1,-0.2175198154311125,0.7415515083198952,0.3690113708182521,0.3613545223433184,0.8637854004140931,0.40024484760658935,0.5219466427685667,0.17387264694474078,1.0,0.2681250326290612,0.334483797652601,0.003941090627914184,0.012409411801826562,0.005549844036367195,0.003212966647859023,0.0010301808718520267,0.010070150793189021,0.0013372671987154513,0.622036474865206,0.025571030826967114,0.15185415037969272,0.004947791339136646,0.0067423598249094045,0.5454545434710744,0.0069534878890426186,0.689082887300717,0.0052579384660605575,0.03554309487202677,0.09091951161291432,0.22663998743439995,0.061138833984993195,0.9317269076305219,0.08523870447499245,0.8388038587453637,0.06349578122462746,0.036813644525113424,0.3068244066012663,0.1804942848733582,0.13700257632124202,0.24790451781346046,0.5291259008287755,0.08791356921966359,0.18721085340981367,0.5301631244716577,0.14144552069195943,0.08236107851047415,0.19399354321323045,0.21198261323143786,0.06338910187440507,0.08236107851047415,0.7242482562630218,0.07561635814218513,0.0003308546011892666,0.00907901652366633,0.04326330708844234,0.015077364097027078,0.08292761289688455,0.013347363152733688,0.028872255592257753,0.513147521242611,0.27746141610763997,0.02854543093867797,0.03700660766750017,0.15535067386127577,0.02193560447448705,0.9300650821604579,0.7553209720932292,0.7874657062208057,0.35610729153787835
002535.XSHE,4,1,-0.3225445512409541,0.7392451056354394,0.43321833008508254,0.3998170483265464,0.30041083329362916,0.25361649170837247,0.5751385596754367,0.14199837994844494,0.9708862171226242,0.18271636209653558,0.2677716243999026,0.0009109751565049835,0.012018987753006154,0.005358259877376196,0.00022703024523667708,0.003400561061157258,0.004557912071176296,0.0012545167074396774,0.6163164690554938,0.02480358724963603,0.15155267486648186,0.003961315677670042,0.009802718201380166,0.6363636304132232,0.011194744941085143,0.6966466461819124,0.005863522799046445,0.0654788821561002,0.09101974723692483,0.37105668917414786,0.10788001112072093,0.9277108433734939,0.11716764323388465,0.5130864521983906,0.07821640312435942,0.03188721392087476,0.30709294413806854,0.18112936176862618,0.14010664046150206,0.2038914010172449,0.5245477034934737,0.02886851513484799,0.1090307055949661,0.5272649503197675,0.12239787180452574,0.01311143345648003,0.13469591879838705,0.15209224301618335,0.029234283272592036,0.01311143345648003,0.7260828463489906,0.11308835538561669,0.00019355777506090797,0.009060414658617953,0.04655798984644073,0.014505560714806378,0.036057526206473275,0.0071893843323847075,0.029795700496602687,0.637740715401683,0.32315103620694596,0.02324232591040058,0.026837528813582378,0.13417565992805391,0.017417897948196447,0.9161539035093949,0.7100830348060683,0.7272499227647322,0.49465217470079736
002536.XSHE,4,1,-0.1809316914077553,0.6064295705886494,0.6053446339286753,0.3664196913513899,0.39125606323907147,0.22681196990963198,0.43761903992449397,0.1827578290429695,0.6060783024029212,0.18638570547414132,0.09948098097261526,0.0016799358461930224,0.010894389693801467,0.004863350675745215,0.00028664762067496396,0.0019874795792089346,0.0013088312646102461,0.0011651855458861358,0.6176235239747893,0.02311697671460413,0.1509298863152357,0.0037127930996102352,0.004458160474174977,0.5454545434710744,0.004178229683871053,0.7044583707418424,0.002524959786771469,0.05417382653522655,0.09129689353457598,0.32694909004336514,0.14694809912207046,0.8433734939759034,0.1210519519705488,0.31989972271812206,0.06462170778124654,0.038094280494660335,0.3072369258514143,0.1807167778600466,0.14164437407872466,0.7103436432176037,0.4742221597697191,0.03451247595614107,0.3365602202160857,0.5292416570098333,0.1184443201616164,0.055873023757798436,0.1868259632756254,0.2029428642798604,0.07633628862333955,0.055873023757798436,0.7274348340747648,0.08680592771659995,0.0002593013216354405,0.009050073282794448,0.059464175750185075,0.01398324145021854,0.04785358000249049,0.010546442382022438,0.029312923171513832,0.585631867187526,0.27650288988647775,0.050449197958288595,0.03839130891025953,0.193077880376957,0.016768409403601126,0.8773833278891083,0.6954330856662687,0.7125963460456863,0.6212650937638245
002537.XSHE,4,1,-0.2246224339240011,0.5431622445743843,0.6004626242971973,0.16208346045688687,0.3699923684476687,0.20500256345175827,0.2856860822155959,0.20563514833952048,0.7009889886971465,0.22742581359959932,0.12781267067793212,0.0009254872621376459,0.01124427290419663,0.005018908186447122,0.00043399869762497623,0.0033080962471865377,0.0019282385862081795,0.001192159273442525,0.6187808138713625,0.024568321558503806,0.1511221804017379,0.003721063404232624,0.0022828303534501732,0.363636358677686,0.0021358152229108943,0.7020462878849798,0.0011852703718694857,0.017681106991046396,0.09132453379395859,0.38161055486683126,0.10561007915951812,0.9678714859437749,0.10597324464952282,0.6381384233019436,0.0727665754768206,0.03691169298951597,0.3059073851420716,0.1813646908165718,0.13739903342458346,0.5349062925534429,0.41239805148190334,0.04267867159749226,0.24948616447997035,0.5124949333742731,0.1331925490878006,0.10449937345741418,0.1609173447707626,0.18027135122833818,0.028257492199587706,0.10449937345741418,0.7006918858534409,0.06664404744701738,0.00046481837392351203,0.008990809138974515,0.043042738136635596,0.014267574341667947,0.07484281104402066,0.01309530874254531,0.02990953193640366,0.5211927131440839,0.2793062481543407,0.05214340372225093,0.0366865220364505,0.19098005965952272,0.0178261649817551,0.9167104571728848,0.7178475078501614,0.7351358416531779,0.43060765060995576
002538.XSHE,4,1,-0.2322355462830388,0.5724638150108555,0.30606291902169247,0.3873525359400346,0.38679933698277,0.1824168902907728,0.3641408761504172,0.3451864112816565,0.980870067680127,0.12570609288502774,0.2805187389405217,0.0009401026819770693,0.011683880891440283,0.005128662531544272,0.0006542672959557674,0.0030593444273555263,0.0015933369389949442,0.0011666254497408486,0.6188719098791269,0.02520120405429364,0.1512659927558448,0.0040603660661880795,0.004233429023530132,0.5454545434710744,0.005258519794477356,0.701661478422929,0.0018098278831754529,0.024192819028669623,0.09140166690173243,0.6378769956559353,0.1730111180961652,0.4337349397590361,0.15136945599913562,0.18446174362154155,0.10560896200254603,0.04835618316646226,0.30830997004076466,0.18253848855740915,0.14406341233878492,0.25009486401053876,0.5130769309633814,0.056674122022303985,0.15195943874571585,0.5225089464887239,0.1247881404242779,0.03160385593184709,0.16053215016251604,0.17723789324527678,0.05311410801745341,0.03160385593184709,0.7028676863248253,0.07264658601730878,0.00036258531479566784,0.009053439439007624,0.04483327783931076,0.019159851990123565,0.06513189424516229,0.014090255214454464,0.02955088941261798,0.5632582389617705,0.2907125933876875,0.021991354365237928,0.06385124903697023,0.164515408876729,0.012755877250702877,0.8687323358566132,0.6400535137764805,0.6549973198701919,0.5637931090446312
002539.XSHE,4,1,-0.2639392725496649,0.6323894947583808,0.6061392467375458,0.32321320651847674,0.3759924570505764,0.4607361626031075,0.4469139423951382,0.13813587069342864,0.9200501607479854,0.1415509583759525,0.22450452859799808,0.002048473279662038,0.012038309369816442,0.005328052383162939,0.0008179141063673712,0.0024714383956899654,0.00256404049753176,0.001238131735477825,0.6180509251289001,0.02536426535397081,0.1514245862801914,0.004208442722267194,0.0031449357196096195,0.5454545434710744,0.003328846067159744,0.6984810345744473,0.0018339241561901593,0.03296554219046757,0.0912140945094813,0.3230256549861487,0.06141431055800629,0.9678714859437749,0.11020803714600809,0.5928545250534083,0.07734268909839892,0.030244146179227455,0.3066621715027427,0.18114888870573634,0.13971538279558152,0.3524079839225932,0.39898721405615534,0.047243366131870496,0.19260138350532932,0.5323197726554451,0.12923708272345102,0.06884705546057299,0.16468930736992196,0.18338217665878337,0.03705762431157435,0.06884705546057299,0.7338956293520392,0.07674161579164307,0.00032078533756133454,0.00902950677566889,0.04571581748499682,0.015005199312623736,0.07038445891193759,0.01092513523389511,0.02923783967212688,0.5355028536009039,0.2787767616958595,0.031672096052930705,0.0219925588234142,0.11555580888686223,0.014421247831548724,0.9168862109613554,0.6986422537702888,0.7308647973531406,0.3731690040719369
002540.XSHE,4,1,-0.295025562951958,0.7030747263880041,0.46792552701588264,0.3406720587711888,0.48149277510157984,0.12586801224382657,0.7095896097955694,0.37688405198309743,0.9702895044430726,0.23640958511302704,0.2670890256094261,0.0018801438631947255,0.011072951226831449,0.004951008658000019,0.0005441334586991229,0.00027304621236830403,0.0003401449198104018,0.0011016512236984436,0.6214892754916027,0.02282033803717702,0.15115931816171,0.003991538561762508,0.019965520318237007,0.6363636304132232,0.03190537507058852,0.70970552382094,0.012472857943301236,0.16012480781405444,0.09179003730963334,0.6554591124364499,0.24651899186406687,0.004016064257028112,0.19074419824204722,0.07145782923501613,0.13212767828765182,0.059450172315591986,0.34368372278846687,0.19713805189139536,0.14996477381147358,0.6384816895350726,0.5318427242963106,0.06007743218271952,0.2993737167153161,0.5350719300262854,0.1282442126238977,0.04386767851042096,0.17430567666849162,0.19058355431363908,0.0664106599317121,0.04386767851042096,0.7427378861549213,0.057033624740138865,0.0010937081489796594,0.009094146131959545,0.05088916199100943,0.06102056703851467,0.05339348378984272,0.23707249281606302,0.029389908243171683,0.5522862626865208,0.2831308144961713,0.05501328678908203,0.08628249793787418,0.21629118217054263,0.0206892684094036,0.7836559628467143,0.6185346733890587,0.594396020205274,0.7167310110208905
002541.XSHE,4,1,-0.2973835162990706,0.7528270150921218,0.5346387031275307,0.3660407554423784,0.3727405631634247,0.3869488849888748,0.5795744994678033,0.22369280509856357,0.9309494976460804,0.2214327009901832,0.23210888693028864,0.0015717346854094605,0.01149109687435915,0.0050767117145747095,0.0012857055285696018,0.005115382361260085,0.005845567971085427,0.0013034514047841892,0.6189356764263063,0.02426906926807669,0.15112695703545143,0.004190570375275075,0.004488413171636949,0.363636358677686,0.006962578492710125,0.6999208049611868,0.0025324511334909663,0.06362485303427692,0.09102039702920692,0.18529443456696537,0.08329648507808146,0.9036144578313252,0.08907030888687148,0.7486497778973183,0.06119703727195774,0.039522212847132,0.3058954191784996,0.18117998744725683,0.13658922104628277,0.400442706767111,0.4932090441409869,0.05506877535518896,0.21925636602275902,0.5233250666771158,0.11870837765478304,0.06604985772801289,0.1757713792209332,0.19361033208719008,0.052589530125058404,0.06604985772801289,0.7196372419450395,0.07512926597959457,0.0003355111788124277,0.009049873967306015,0.0436196209274555,0.01429933584197071,0.05634775118917103,0.01068523709701074,0.029343513148940455,0.5308889684789925,0.27866074186892764,0.026677642980654243,0.04209826995839876,0.1460528607437807,0.024253454567207032,0.9361134978909544,0.7684451152094116,0.7736003253123078,0.36078897742245225
002542.XSHE,4,1,-0.2868119222879862,0.9557977072462933,0.23153784997210483,0.29646404987221536,0.3242756085389798,0.19500311302110562,0.7892018125764166,0.43256054443406394,0.8785309891028585,0.2585743372191725,0.19977827962517147,0.00041526180481939385,0.01080766207400243,0.004850366952146246,0.00012426087746909885,0.00021017717145137635,0.0005033430485048652,0.001100662713968685,0.6186897985204931,0.022274601033841653,0.1510010679130236,0.0035500544925734035,0.010661463078492944,0.5454545434710744,0.009662963478104135,0.6963793111122014,0.0025355984245989723,0.11101564619697929,0.09119698569208742,0.2237304854397023,0.047566917330072046,0.8674698795180722,0.08433811932522652,0.8658083007989946,0.06334254930576186,0.03822185192117141,0.2983331087673995,0.17685825695842905,0.13540374931432417,0.22611667198452612,0.5318427242963106,0.07270423567934702,0.11243977522637123,0.5215214362430592,0.11469024767966222,0.012610641299362312,0.13073128058229438,0.14696187006288144,0.03763018027295545,0.012610641299362312,0.6993527519435554,0.06418779769077619,0.000534631317425671,0.009099007017255164,0.048410135829315505,0.047560758540015284,0.03829887296183678,0.05579565146143442,0.02947364825529614,0.6039720882681354,0.30659212587450435,0.03577747256720459,0.040654297416575384,0.18472087639965545,0.03178994436800862,0.938736490037068,0.7594588916898859,0.7721005088285853,0.34562108201059044
002543.XSHE,4,1,-0.2721197442370294,0.43180717759732107,0.4185763240106244,0.4344801220669431,0.5323961486154959,0.2690122069475689,0.5090090202069042,0.3864095960113239,0.9904504017162845,0.16725975826457862,0.29670595261382027,0.0021895307616736025,0.01195196408574156,0.00526844112156304,0.0007850196074364762,0.0002736489067629435,0.0020740677520379716,0.0011093555569579524,0.620737927078148,0.02261174911325048,0.15154756848676934,0.004211524180219939,0.005988361648129503,0.7272727282644629,0.009826413118420594,0.7001311392011191,0.004119593712409,0.05914805100841096,0.09120640109563037,0.6764581161622155,0.14592694429611214,0.01606425702811245,0.17025012154934901,0.23348550814650254,0.121532080214521,0.05017595946938985,0.31073710933690185,0.18330812902258614,0.14337578673987472,0.6462219325914417,0.5107357159499337,0.1601221818039799,0.3280937055004657,0.5626771311624943,0.16674020937653014,0.08774104458598933,0.19975345039062298,0.21905019104141418,0.054851656316922445,0.08774104458598933,0.7754613643507596,0.0663876348035152,0.0004710264921222514,0.00909422015559349,0.047027094626718696,0.025299266472112666,0.07205699337508041,0.02713765278812099,0.029500737487209716,0.6164398903135024,0.28657267114043794,0.02847917980544559,0.06972083939704492,0.168156254749962,0.012128222767242926,0.8313322847282385,0.6245411525363762,0.6267991856630217,0.7148739516588557
002544.XSHE,4,1,-0.01590408616275873,0.8074907786055412,0.2765214463943358,0.3315409428739951,0.3485228808650318,0.1457683883372707,0.7372559694495442,0.45186466248345736,0.9022884084939569,0.38396177710919077,0.21323103235951946,0.0020792016981778572,0.010804089704971665,0.004823484076699248,0.0004540148974720791,0.0011210784006184544,0.0016086234861193878,0.0011341319119300374,0.6192467904557429,0.02301677115474144,0.15092335734043824,0.0037348673407408763,0.04172694606303585,0.5454545434710744,0.04979528154624658,0.7121980673965288,0.014925942813189458,0.26906032377679295,0.09186297091832525,0.5069146643104838,0.21591839002358174,0.01606425702811245,0.16540066486505714,0.10095585766949765,0.12399657129167958,0.05842165232057021,0.335659013816341,0.1963616784050051,0.1460080019341907,0.30329946408375696,0.5173463502576265,0.10321682486663918,0.1653104315515518,0.4600011980040546,0.10952067385661973,0.04197036406206803,0.15631208166438945,0.17059130838779124,0.07329538029511548,0.04197036406206803,0.5404375205222857,0.07437493926687279,0.00034311467469839936,0.009055535130333045,0.05474331420152719,0.019926871876228068,0.05200039020107548,0.01914246303426919,0.029533011091661288,0.6018026419232616,0.28239109076741087,0.03284997522691866,0.07794256229722772,0.14722982216142272,0.028628491954298018,0.7976319396117084,0.6689664322674806,0.6257192121738624,0.6781924426805014
002545.XSHE,4,1,-0.05342170448796897,0.5397515689950921,0.6484421629644371,0.2860971425222222,0.3215904389103848,0.2589536416561995,0.41298758980949885,0.23171226184078683,0.9477584415744083,0.1477411021758508,0.24523321523003933,0.000626481032069434,0.01134963706553967,0.005087160218729744,0.0004919056497920411,0.0010321688365166261,0.0016828742555253008,0.0011107508157609783,0.6224088448545425,0.021992300438992293,0.15133089300823863,0.0045574861441639615,0.003123450864219723,0.363636358677686,0.002718844032137045,0.7002612258474689,0.0015306592512078542,0.030297549063941394,0.0912054764315798,0.2880810787717254,0.03805270768431734,0.9277108433734939,0.08193677852720399,0.7860412545336768,0.0497264917320554,0.03590506095828184,0.3068536740246572,0.18057827543434116,0.1386832944675386,0.5140684152883508,0.46699698479047014,0.12452486544055207,0.2915271651253294,0.5233429323542033,0.13241621657657904,0.030299316708607686,0.20708705348548256,0.22134955269568674,0.10751302100935783,0.030299316708607686,0.7143589977295488,0.07191356673713377,0.00037184071962645805,0.009095331880910676,0.043430316833051985,0.024439093082591533,0.03158744217652386,0.0351934772117112,0.02942364071861332,0.6037619630024295,0.29795215272258246,0.029872346724988893,0.03223688645701325,0.15081517264528552,0.011976431177842915,0.9304343426453254,0.7335340099951355,0.7714852672076216,0.22983658005712604
002546.XSHE,4,1,-0.1817480488317422,0.33047979490449936,0.27309739141297307,0.4236785008587148,0.4414452638820277,0.18718964698123725,0.6015890910642734,0.3057789595208811,0.9096232762731408,0.1781691761234548,0.21773907559589611,0.0007125496718588668,0.010901036910971138,0.004858976946176259,0.00019176240947543538,0.00020835858978588995,0.00059408148826797,0.0011094895537021837,0.6197226719783618,0.02247206424122982,0.15102634840064183,0.0038365182926215803,0.0077514063804062705,0.5454545434710744,0.009134418453826208,0.7010667287185759,0.0024540627376781455,0.07678393777697386,0.09121267815331476,0.32614769012114575,0.08795031222553115,0.7630522088353412,0.11470766887453865,0.5538009996930497,0.08248010667888954,0.03532777832358451,0.3057763648574096,0.18063791578163052,0.1392552325838344,0.30976712445345,0.3988001580879241,0.06536118824507636,0.1822385190686776,0.5175550953392825,0.12150909292508687,0.012035153817232875,0.16997424735450845,0.1863913734625351,0.06218487885007436,0.012035153817232875,0.6874653093037089,0.08085433280367396,0.00029055922301628233,0.009095698160817893,0.05232470704696693,0.028262091874091073,0.030346586128573466,0.07111737725870503,0.029480809118783327,0.7009584816869455,0.3665076065985693,0.1697932776143482,0.04528582888180106,0.37478696420428637,0.01109020757312915,0.9235391132067432,0.7111969837689625,0.7197323566922709,0.4576190135886795
002547.XSHE,4,1,-0.2648830315066363,0.7161755878228371,0.1355067853327983,0.3151666618561874,0.0,0.26660892572931827,0.7710464243793766,0.46208297001878584,0.9816261671901991,0.4597787604630522,0.28161378822451577,0.0011399345311154504,0.010980729015069211,0.004925663318783566,0.0002944312897392434,0.001703292555219776,0.0011479724839843345,0.001157454041664442,0.617746579284678,0.022256750675532053,0.15101450020523113,0.0034969195313902172,0.026095685852536306,0.5454545434710744,0.045631409927449476,0.7131279570995875,0.014701410772183246,0.23143709867052548,0.09283100841598937,0.6873725502074436,0.26251570855995127,0.03614457831325301,0.20233387926229754,0.04362287611423478,0.14457989003967578,0.04178502548578422,0.34870850375248735,0.20995729908517813,0.15315072909111233,0.1509434752199424,0.5328805392840651,0.03273276497464668,0.07672555030547344,0.5183657554555755,0.11098195444668815,0.017085384326269343,0.12121585649584789,0.14031282554666402,0.004063821964784097,0.017085384326269343,0.6915458115840927,0.07876626565413275,0.0003047640752245808,0.009097791110527241,0.05235386119669737,0.015609470958134381,0.05776550947660216,0.011562992399972258,0.02883826022036319,0.5129113382262767,0.2519061025844974,0.03900938062096665,0.04588788096756324,0.14742844973906877,0.03755024825028414,0.7648565209981395,0.6003466233249308,0.5823248739810885,0.7749565732466274
002548.XSHE,4,1,-0.2473757487054712,0.6805835251740294,0.38879962227837694,0.3587720918306907,0.45334964964237023,0.20267340178364177,0.6085637896552882,0.25676131503040306,0.6437054496245409,0.23546174713879384,0.11019068946091859,0.0010136079419208973,0.010602173237681917,0.004754073047309553,0.0005626753103808609,0.0002573374705840727,0.0005183136335028455,0.0011138902788497278,0.618573325870561,0.022518886875531288,0.15087038048082704,0.0036127245277712628,0.0032290552099288605,0.6363636304132232,0.002491224204412093,0.6965550275382355,0.00169462665714184,0.05299810075065569,0.09129410598108312,0.6250375703882236,0.07053653062254164,0.9236947791164657,0.12979032901992354,0.7295387840455642,0.09051555170186326,0.03330683930799921,0.3086200227958684,0.18178609635686352,0.13602638194547348,0.3110138625847405,0.3998819868821599,0.04838897538085906,0.1595890677611652,0.5072944957334354,0.10590428725277683,0.05821447975933662,0.14803488752152982,0.1659318203283024,0.03343435235040848,0.05821447975933662,0.654265071391262,0.05489812380810175,0.0017222828188273515,0.009020635728544788,0.04554300329428699,0.024484068909048577,0.12514521687752675,0.04690407591335471,0.029400072664579592,0.5272852370091025,0.2747697950556477,0.04876115093347148,0.03467226682516327,0.21347112973096216,0.02929039301310044,0.8747044140830267,0.6417534607049666,0.7006625069643768,0.5286730666783271
002549.XSHE,4,1,-0.1140082553666723,0.5595129746672228,0.18619368184363716,0.3259204733936526,0.25386170757864135,0.2693101313832299,0.7410008199434782,0.4028134883125245,0.9160751497928851,0.46643431552447223,0.22187216383816577,0.0002882138187859782,0.010690632878358104,0.004781096761238547,5.4000679261385215e-05,0.0004040640450270429,0.00034389861415760187,0.0011147530148765614,0.6180750968751308,0.022273704503800954,0.15090865157394046,0.003560603385808503,0.01023916910948792,0.7272727282644629,0.008008263237859614,0.695709871849715,0.0025665265948255156,0.09111874830424166,0.09145437270955314,0.7168755264093938,0.1289924448508358,0.2650602409638554,0.14799242638852836,0.5267965576394186,0.10334857122897098,0.06569861752918321,0.31233977484837716,0.1826790692851942,0.1395684986884419,0.1362731072264839,0.5212446227691239,0.0334568905727671,0.07760628176586891,0.5234277642096771,0.10498852820758922,0.0029383843767413695,0.1266308218493471,0.14468649008124448,0.01757137135369989,0.0029383843767413695,0.7192492904109365,0.10210501502360644,0.00021271907469708223,0.009093793285971081,0.06207907871831497,0.03555165603241806,0.019336569489601475,0.040806565506391626,0.02931843446192075,0.7985880025680745,0.3661819334937756,0.02836606375481263,0.09137084103602519,0.18762706148350813,0.032780253634025244,0.8395900498501654,0.6149108840829687,0.6511104715180096,0.549717318603249
002550.XSHE,4,1,-0.06026069573675968,0.7016725684767839,0.23960169847693913,0.3656584551491281,0.32511549723366673,0.04566342782310523,0.6755532546867083,0.6013363135050774,0.9991433506712251,0.38608561478952075,0.3496586328418109,0.0010564999264373628,0.011161702629561607,0.0050061451573784445,0.00027418459742538164,0.00024129012009188093,0.0002884263428279525,0.0010521961959523553,0.6215983486685235,0.021738303321520585,0.15132058751432256,0.00402593449713135,0.04338057070908445,0.7272727282644629,0.04303702937738536,0.7093178555000059,0.012943927376069668,0.15668807090530884,0.091228397688434,0.4581519383433146,0.17520160264704154,0.028112449799196783,0.16556931870436956,0.14873231570918355,0.14723633986298817,0.08298344312959749,0.31796373554125285,0.21725249130236557,0.14489142274805863,0.6363310360663589,0.5318427242963106,0.24670783524954956,0.32263467498431075,0.5372412247005953,0.15193506100389542,0.030121876951328418,0.1975823321497396,0.21062876675422398,0.11267053088926157,0.030121876951328418,0.7359195210901907,0.055443367053620435,0.0014964036494393236,0.009116624916295307,0.05406749198854518,0.15683247376319104,0.026078438545362903,0.38172804740363714,0.029561409357208343,0.7007999175022703,0.33460332217713157,0.031115502033927663,0.1422600857588695,0.14420362137102904,0.027066160196207455,0.7741288648080555,0.6896173322719035,0.6421366575744691,0.5629643876468176
002551.XSHE,4,1,-0.1640447705521208,0.6487863097615881,0.1704064424403272,0.312419553588709,0.34632385700159396,0.12700222214026888,0.6879584733224202,0.6922374758856554,0.9998190981427701,0.3901289113785028,0.3303037270978167,0.0006271252819786727,0.010857196752786282,0.004869767300817677,0.0001541434494796722,0.00025888054746840694,0.0009212313054241022,0.0010839727448324933,0.6199443599947714,0.022359306727624553,0.15106152251181384,0.0036684463692913468,0.028604516375763313,0.4545454565289256,0.036919394814532706,0.7030672418171071,0.004980359879907588,0.11852220312923939,0.09122297043545255,0.4046980997761319,0.14251955281636258,0.08032128514056225,0.11170220475366656,0.4744497222561566,0.09051555170186326,0.06155387345379419,0.3064258702529405,0.18395534881189035,0.1405420933455,0.3939536300368804,0.5284920112728108,0.1679704704233348,0.18547791631549332,0.5179150184743145,0.12139386150750196,0.016640015241037885,0.14575880401094196,0.16453129623651808,0.02360414965234455,0.016640015241037885,0.6937683532041642,0.0834977415059147,0.00027523878925161835,0.00910067858057425,0.05468104832517984,0.04711920300950817,0.020440153094800753,0.0448050014448655,0.029755436474571538,0.6615658157794649,0.31191988869883186,0.028058386797093268,0.08958806344069994,0.11789603599837868,0.02290243464736496,0.8836367897061539,0.7538117509176954,0.7127706204962598,0.48765330610378677
002552.XSHE,4,1,-0.2218768573529212,0.507462127518712,0.3283277454952355,0.35785149005921846,0.26940232323510943,0.2065187602004771,0.552902720066159,0.39783295659775253,0.7378271052453635,0.1951975822590718,0.14017850568237522,0.00040082481965455103,0.010612605538960217,0.004768884269528929,7.913357473874968e-05,0.00023073870912743158,0.0003474952748092089,0.0011068921300569595,0.6181996078249559,0.02225481752430097,0.15088434318122948,0.0035804261090158483,0.00389426924637006,0.4545454565289256,0.0036914709007055627,0.7007138942037362,0.0020465077478084683,0.06543366193361672,0.09119197133723585,0.32363818674523837,0.14078582317228772,0.20080321285140562,0.10880149047830491,0.38387987257968637,0.07219147867652637,0.05402745895061194,0.30637343504048703,0.18143777639751588,0.1412375181005415,0.304424225575144,0.5318427242963106,0.056809321765442684,0.1503231435274076,0.5223599587860911,0.10656695493668276,0.006254521281835609,0.14136143531091713,0.15807466411473345,0.04018362081739255,0.006254521281835609,0.7172031966271588,0.07942275861550349,0.0003000687914405639,0.00908189988128923,0.05552493563660789,0.03792516960544785,0.02953505287852737,0.06646309912872675,0.029376658534375818,0.5925338445827045,0.30066324018848944,0.06417688938823245,0.07643348409890205,0.11740235661448042,0.016237512711610936,0.9173433483404583,0.7237931758878422,0.7216731403463836,0.5614265107018763
002553.XSHE,4,1,-0.1255849913242132,0.49617956093042886,0.3744845232587805,0.38754589949734325,0.4788042619670347,0.12543956508817333,0.49804916429156515,0.1738997638447807,0.413816511070579,0.2561811526808036,0.05228047175662798,0.00023860720609847813,0.010716015907423241,0.004809137023755983,8.736284031479944e-05,0.00021986038822550014,0.0003013512668249179,0.0010949574751973163,0.6182958557327494,0.0223596714178106,0.15095431049599295,0.0035763099925431186,0.004027266339783902,0.4545454565289256,0.003816691433013559,0.7040447422370986,0.003127995700902605,0.12227548159536945,0.09114696844084505,0.3806394113553979,0.12738816461483418,0.9437751004016063,0.11406533491621987,0.4707108825694307,0.09194027628166161,0.035314526044148864,0.3064258702529405,0.18336928369185962,0.14042770572224084,0.33505863855874013,0.5318427242963106,0.15708836660312048,0.18235023378273818,0.5329371221308927,0.12510789890479673,0.014430498475599556,0.161880305187109,0.17885268715340646,0.05148974554923888,0.014430498475599556,0.7456650505914508,0.06458345612596697,0.0005216090619618154,0.009092819189780707,0.05026610746984721,0.10407064640050216,0.029226051316614546,0.10014158977766754,0.029424463461916774,0.6352896235819316,0.3164633497065341,0.05850256188923467,0.03267161824253073,0.16442080546688959,0.01606538254471496,0.8915829912939739,0.7084881252487731,0.7273264979021052,0.39701333754133333
002554.XSHE,4,1,-0.3160586755347395,0.7814241727709563,0.1480770391198069,0.3228904027043983,0.3717500495256818,0.15409382161123608,0.918574723616071,0.5846083009594802,0.9985022906917214,0.5206291076362637,0.35352925258820583,0.0009167118224564355,0.010767920757843052,0.004837554095546737,0.00019979534039539946,0.000582995190219571,0.0008855449764025775,0.001107928896295549,0.6190167392182506,0.02298584020187133,0.15097871579891664,0.0036711292610909557,0.06276450711354115,0.7272727282644629,0.09848053044901546,0.7132132551937762,0.02141848738286601,0.3593198878538482,0.09281767177365396,0.6547777877732552,0.37097093742986276,0.004016064257028112,0.26207686662248286,0.007062937134726555,0.20826088827208278,0.0753745086540781,0.41502662853052597,0.2355014048516378,0.16172200167941828,0.22379903531372675,0.5077891070102867,0.06578744450881198,0.11339471776371578,0.5093091418950689,0.10826444252624169,0.011558257617281327,0.13255730037366434,0.15052365156127814,0.022393829967313945,0.011558257617281327,0.6436361341798156,0.07610929975437457,0.00032633009804583393,0.009020681239371582,0.05551240330980069,0.03132073720348321,0.0319787979663725,0.028496612653954853,0.02930945920426104,0.6596514027386142,0.3162628456432122,0.0274510197425777,0.11400107657295203,0.15249943000455995,0.03281823891846623,0.6344117041371378,0.5672377382689842,0.509273513188087,0.7197203418367479
002555.XSHE,4,1,-0.0869336755347394,0.27604155329288455,0.4058057761343028,0.3428578460893371,0.43053741007013835,0.21417982921409412,0.5127536635397777,0.2938460577249178,0.5874282869033203,0.07950450232705628,0.09438927285384568,0.00041492124141870524,0.010513397940971336,0.004725508858506216,0.00012993772360222875,0.0002256354574929995,0.000333326329371532,0.001097868469584204,0.6182556997790928,0.022269762407494842,0.1508254578511945,0.0034837905261163402,0.002524011447165116,0.363636358677686,0.0022741010655037215,0.7006514154825999,0.001099453635472817,0.05394772542280908,0.09126662060085512,0.22261104083655392,0.055656843932563906,0.8915662650602408,0.10499096779633993,0.6746993888711517,0.07086364951053754,0.037086028478054596,0.30466507876822885,0.1814094573944236,0.137688902060797,0.3700882362105408,0.5318427242963106,0.09772813790825559,0.1606241791274743,0.5279517149765282,0.10001738915198902,0.008718955535536326,0.12986566298880997,0.14631061951228824,0.03501656833813246,0.008718955535536326,0.7492232205352564,0.06615543658997854,0.00047683622510154495,0.008990929221758467,0.05559999767822155,0.06902436873803977,0.03296700251302795,0.07655863472317516,0.029471162317334543,0.581732629737105,0.2765250815983406,0.033540030260696664,0.03210900476376315,0.13793770899832802,0.007763653765627805,0.9261230489554189,0.7141048604661453,0.7286956085478979,0.32731135341584405
002556.XSHE,4,1,-0.3121969044764241,0.6083253273058193,0.42477189022782913,0.5043137603492444,0.3129891026782318,0.23779666801889648,0.9279959943337308,0.2601670510975841,0.9568742266665144,0.5726014497937842,0.2533168835005798,0.0012091222963674247,0.011416177203955402,0.004925239726603369,0.003528074559553126,0.011347114900311804,0.006619420243702432,0.001390766315590621,0.6192674089993603,0.026082251557028754,0.15080102498346237,0.003844183625531905,0.10700526229222689,0.4545454565289256,0.05585554008535368,0.7004849272897592,0.026457022696531066,0.3016188839649091,0.08949766347660824,0.32221531231022327,0.13070657824474177,0.610441767068273,0.06948933462107566,0.4470295113741005,0.05503897353553904,0.05643881625688108,0.31341966422545425,0.170569350325213,0.14131161008378892,0.21709305754857872,0.4998834543819644,0.051924352118714046,0.11133059005850512,0.4796513149780698,0.10596399174859499,0.11534885407121538,0.13247444542065712,0.15004399015789918,0.026101394889460915,0.11534885407121538,0.6361587189185969,0.06467168852282562,0.0005188121300723209,0.008906510202154914,0.04042968203771939,0.014492624810434923,0.10517965138342168,0.010249596554511176,0.02924014171878721,0.4835858347849903,0.2700447124061208,0.03420867595720862,0.06781409716823379,0.18070890016213204,0.045420529999401806,0.9134971808382213,0.7546327008977936,0.7820962047777604,0.2532121489542987
002557.XSHE,4,1,-0.1733920088680728,0.28828896140888827,0.29872614229561156,0.41574935549907716,0.3714427813288597,0.25290277467439826,0.6633877213982047,0.43519454818389147,0.991672367416941,0.3749694978701682,0.3758092590392388,0.0020512678176173456,0.011715091983231382,0.005209069210629484,0.0010291323427692855,0.0007523202850472035,0.0011242098974654784,0.001087191612836076,0.622064734111982,0.026293800922852995,0.15162648844308965,0.004053367100262123,0.023904884737450595,0.2727272717355372,0.02818452931773347,0.7086165226107421,0.007952000904400172,0.15402007777878268,0.09142865141572833,0.25043157606672045,0.04500526434397808,0.8353413654618472,0.07670192146792085,0.9742418378419442,0.05883458429342337,0.038108990518780146,0.3060279965226434,0.17912431007671323,0.12424315689042445,0.4598681959880393,0.582408104860701,0.11391913598073936,0.21664604698760956,0.5344292474222035,0.13957153059872818,0.03801073439948448,0.1540277753087489,0.1700004592294655,0.05570306823727248,0.03801073439948448,0.7399696416239278,0.06043257704455607,0.0007159198571468181,0.009025356791420736,0.04733644522001224,0.032712085811992184,0.05947134590179865,0.04771847776622504,0.029517812135071975,0.631383733088797,0.29954197474699995,0.04814743826514005,0.03893567713696741,0.18469760158585397,0.01831115032601543,0.8511782604990696,0.7028437486179295,0.7661276481134791,0.26648215631659794
002558.XSHE,4,1,-0.08528480618800573,0.46458453080560547,0.321737942920419,0.3187484915606192,0.5415419747916368,0.2031701835489308,0.5540439703494517,0.3377849633491278,0.5526349760568489,0.1548005808456292,0.08523133593753884,0.000228726546519982,0.013684344003226122,0.004616145176904393,0.0001164780465456983,0.00020117411299784278,0.00024250485224484018,0.0011099081899922025,0.6176048587124254,0.022161996540826144,0.1506681499877247,0.0035194133331638198,0.0037695296335499336,0.363636358677686,0.0025180644684921183,0.7018191038804359,0.0011211813794123685,0.05390250520032558,0.09128316145684373,0.29975888174885484,0.04279474191382308,0.9116465863453814,0.0921607587314596,0.8246779844759106,0.07248268722188145,0.0359123145699121,0.3064258702529405,0.18162050558858275,0.13924093413092703,0.5962746321357643,0.5318427242963106,0.06305772854157658,0.27485915956600543,0.5124502491077599,0.05612518518402475,0.013477933607742666,0.1651447485687616,0.17871011079896115,0.08598995323331099,0.013477933607742666,0.7248558911959542,0.05382346654945584,0.0024833495008195166,0.009149997786254686,0.04653437630435137,0.07654837474603918,0.07781994178761606,0.08802392706658506,0.029278001532323992,0.5713488933217866,0.29574836000329374,0.040286018995891515,0.03314011920643667,0.12254355715154279,0.014172249805587128,0.8804030975273751,0.7021997036840477,0.7416843361595722,0.21850458380450694
002559.XSHE,4,1,-0.2096699829552341,0.6499421585348372,0.5718950975586775,0.4444479072024915,0.07558379703581475,0.1242447940958897,0.34311340700809295,0.13388126572161832,0.6617552397871682,0.19626820218223157,0.11555751515970136,0.0008429073295073252,0.01081094786141656,0.004856207892703553,0.0002788599434347483,0.0004030608244880215,0.0008539729783120682,0.0010991363837802848,0.6192200862558008,0.022183559114662577,0.1510027579921057,0.0037099520038481894,0.0021840230673427293,0.5454545434710744,0.002383190709858533,0.6996071687569007,0.0012760915337013481,0.025820747038075423,0.09122157346612145,0.20831012554954692,0.06260069716571187,0.9718875502008031,0.09806034908709521,0.7083509992310844,0.06993697386643064,0.030371554154299693,0.30657171791808985,0.18122014143534085,0.13753681851623653,0.38775681416661656,0.5447029589419687,0.12804639795787545,0.19029683167846018,0.5268693359781494,0.11679452654247784,0.018930058108707414,0.1523243150650692,0.16887768091970887,0.04905346691912143,0.018930058108707414,0.728245793004486,0.06906999334477208,0.00041507045714835804,0.009106371272186107,0.0522174567133432,0.034471636519762844,0.036384033238037065,0.03461969719984793,0.02947900834618868,0.5979582920752282,0.29215777995671843,0.04720749929678249,0.025080480116076907,0.19139963963621626,0.018606059699706884,0.9319051710670208,0.7375226659590468,0.7619939109563179,0.4599713039787192
002560.XSHE,4,1,-0.2008151767167727,0.511059103799495,0.4939669345370739,0.1015946650073759,0.5345943366024463,0.22182842444976175,0.5124280063523868,0.22130358633828595,0.5555425782378579,0.24798434578490533,0.08598034241974262,0.0003627150434705351,0.010771735928932774,0.004836967346763667,0.0003321696866727803,0.0013992252265125837,0.0008187040381260544,0.001135346882250566,0.6184688075763104,0.022824958645839055,0.1509197220003988,0.0036791165261990657,0.002752879824994031,0.5454545434710744,0.004003749621891512,0.700697484734612,0.002138832930705096,0.06023333634801483,0.09127926642204644,0.3177440786230408,0.08348526694042394,0.9678714859437749,0.11491782736961936,0.4823431704580335,0.07780742709674764,0.0340207407090352,0.30709177554433836,0.18038612477992008,0.140088442430529,0.46287010953180213,0.5256149578033498,0.07135409628808395,0.23941424150925616,0.5176671874076605,0.11545683251809716,0.03758899530614251,0.17469624875635995,0.19102679599738615,0.06617368538102936,0.03945539640579845,0.7101464517041239,0.0771811902230672,0.00031709198745712825,0.009021945946865588,0.04330037639194574,0.017886447132233148,0.051286730539922255,0.01817979963410302,0.029434043517633984,0.5304626193250932,0.2812822838308268,0.06092670011669104,0.03574708740836399,0.16904639762881896,0.01674373392355088,0.9186330971013053,0.691096147892619,0.7193257163075997,0.266377983999258
002561.XSHE,4,1,-0.188418161982671,0.5596222057100969,0.35698652672899206,0.47264481150860227,0.4956000297572029,0.08508617030430957,0.20303109777546308,0.10271185490406393,0.9695948764378843,0.0258922960611164,0.2663034271338214,0.0021791210630194135,0.012330065585295855,0.0054754559108310275,0.0007625187507500308,0.0002361864717908993,0.0011190267815376492,0.0011000807611945347,0.6188824562875552,0.023825310090946735,0.15184727751277863,0.004360529229534859,0.0027068807476308813,0.5454545434710744,0.00313025064187727,0.6967993914553156,0.0034152700255490553,0.01049109161617075,0.09147380282493552,0.6319634783324408,0.16491626066299944,0.8313253012048192,0.14639087371912018,0.2368096055945032,0.09901224734004571,0.036986216554239684,0.30700792373394487,0.18199100793864043,0.14288833948166807,0.1425971330578352,0.5318427242963106,0.06891408885155159,0.11633510175154066,0.5259112539151929,0.14199243476152407,0.028551331533675877,0.16151393175753864,0.1751514877259815,0.08287031846039701,0.028551331533675877,0.7020041436028311,0.05973487026719547,0.0007679058341431537,0.009064654019550053,0.05082781954926892,0.03221486734197941,0.1135732700439013,0.026418007276395088,0.02949935762137131,0.6227486380667145,0.30579770152264346,0.027585837629961175,0.03339219231031689,0.12030015009879921,0.00926422204941078,0.8902888043061454,0.6544574543363852,0.6642048200088193,0.6506681971327145
002562.XSHE,4,1,-0.2967253422014061,0.5338605447079521,0.256038940897364,0.30384710254802527,0.0,0.3179970945136347,0.7767443893534132,0.14460325135295932,0.815241244920917,0.4342252265665333,0.16982163436105635,0.0006252773844481394,0.010555490723110933,0.00474415951889228,0.00029612209927220976,0.0019498376781862245,0.0006661634118543363,0.001121033524630749,0.618170820317687,0.017787637812395854,0.15065767576690361,0.0035110889797761486,0.017643402248228628,0.5454545434710744,0.009084112375715924,0.6989822240393947,0.005236984396937251,0.19295468933707155,0.09092830068340838,0.2749349342658859,0.0860925681278521,0.9879518072289155,0.08731261965528736,0.9310347305561344,0.0718284694121685,0.028451175912269464,0.3070352386073779,0.18069698533519118,0.1391577431321931,0.20160025300289983,0.56826346727586,0.09006186435673176,0.09884640898830946,0.5141273343414126,0.08666359963105058,0.01795832328206225,0.12576115809401134,0.1430751061545385,0.02402216851859362,0.01795832328206225,0.6966943491119767,0.07005715674974995,0.0003985583677505402,0.008859557285306203,0.04812439877811132,0.0204303655448846,0.032606916387964806,0.01508724566152092,0.028879436888111745,0.5281124319864988,0.24838638028457177,0.04952437958828097,0.028051631795557513,0.15688506991944065,0.028677244720942754,0.9169163909048301,0.7375088452523113,0.7555840438537889,0.4594181897914754
002563.XSHE,4,1,-0.2086861265151315,0.4728682444178917,0.4298014738342026,0.4651597648684977,0.45338258317597957,0.6913672779179421,0.4354307976405184,0.03899355259057097,0.8447725949493256,0.18092509914400676,0.5166536486509073,0.002733725250367678,0.013610296406622802,0.006092997405175459,0.002696246314415125,0.0003565769658186404,0.002801120279009683,0.0008646144123775955,0.6317800387541993,0.022110274515141838,0.15290061533084273,0.006928242977664383,0.003681967604382035,0.7272727282644629,0.006183565399986066,0.7027959307916594,0.0023157037773597782,0.029167043501854027,0.09135000633117328,0.5270764953948501,0.13477124507869975,0.8795180722891565,0.13931663572483596,0.3311172683679995,0.09953288391169675,0.0404933280914578,0.3064258702529405,0.18265717514635682,0.14142339798833764,0.5778521338786615,0.5318427242963106,0.291030835924601,0.3289349840131824,0.5436554443984799,0.15170616475899487,0.04279876406345105,0.22253305446663768,0.23313224039329272,0.1526155867227453,0.04279876406345105,0.7536238996841468,0.06531625051746956,0.000499466358520579,0.009062676217715728,0.04349324230554709,0.05925585481923155,0.05331505559072045,0.06315504758393727,0.029364745102369173,0.6474702359501598,0.30212263723967814,0.03347469725084609,0.043393126219829097,0.09882858020469171,0.011007058682778011,0.8893363607958984,0.6891695413736683,0.6827742908218095,0.6876357891747268
002564.XSHE,4,1,-0.283255954446304,0.7528164253680372,0.4750118302666388,0.29639339780319873,0.45093246201568266,0.3341231584907379,0.7345581109562929,0.27900633417804926,0.9599728295948413,0.2833231176173727,0.2562690893879153,0.0013336937575677697,0.011538624222078579,0.005071699575507268,0.0005395775781864043,0.0053289751170872484,0.0035178040922967486,0.0012879500382000871,0.6189515311733473,0.025060065220083874,0.15100622867090455,0.003966929380224761,0.01875997292459575,0.6363636304132232,0.012448732602682302,0.6707324832485542,0.007536185159011813,0.06348919236682644,0.09113224352256637,0.48542236895042107,0.07428360571503065,0.7349397590361445,0.11410881598416761,0.8799341750684477,0.07867695867357366,0.03730536699071121,0.3105512107925884,0.18087458545189672,0.13661911781145278,0.4095619702117748,0.5606072896143028,0.054556429899042476,0.19841851060921883,0.523568521656573,0.10978264256276066,0.023635638536903734,0.15285431005905334,0.16996722588591806,0.04410244828640097,0.023635638536903734,0.722050253746011,0.07634024723527522,0.00032427218617969895,0.008992459866011453,0.047328002389321076,0.014834119835605217,0.03257347586018829,0.011419747882607995,0.029346030416531155,0.5878850309865464,0.2841925127110817,0.03314070346451014,0.03862771377508283,0.16896073998074682,0.02566593886462882,0.8661253213276334,0.6612682986157186,0.7070103218004133,0.40247984394300773
002565.XSHE,4,1,-0.1634519917301122,0.6012962998915731,0.3753483709167053,0.452788215730692,0.36943249837630987,0.13586746267447922,0.5598179634327582,0.3933861514357941,0.954764436802463,0.21997575298205446,0.2513702798022586,0.001391512424100466,0.011704371014016975,0.005197578195922415,0.0004431868970985658,0.001243862896007858,0.0017345439956635929,0.0011246462206545296,0.6193181972123891,0.024190656079521467,0.15145702135799394,0.0039645260937289945,0.017866842361502926,0.4545454565289256,0.023005230531138936,0.7057729587052742,0.00844723207237714,0.10310210726236772,0.09122336429036673,0.5797026426507015,0.1475279414779768,0.04016064257028112,0.14524257824286416,0.2675528873348602,0.10811141653971568,0.05027416048846865,0.3074143173868648,0.18992259053084462,0.14238919348926446,0.24340281493100352,0.48821145345402206,0.08461696885381913,0.13661372467289606,0.5359804699644646,0.1308033248615613,0.025437000896978125,0.14813967006134426,0.16566592562925547,0.037019718986353284,0.025437000896978125,0.7511758320216599,0.07270719402729629,0.00036184866243640305,0.009075103963370008,0.049245316471593296,0.024245000974369157,0.05105606479998315,0.01851338811551867,0.029820662038052694,0.6096266201545059,0.3041477282792294,0.046528193619058744,0.0635488726392757,0.1875583453665704,0.017584494825626608,0.8593747780886509,0.6830524965724654,0.6576946130711119,0.5785659942323318
002566.XSHE,4,1,-0.1817699054812635,0.4635030062069511,0.3201995318707912,0.34532588753784266,0.18393345085756746,0.06576157656983397,0.685086392377136,0.3895108166199481,0.9717305721504226,0.23215572231557083,0.2687501214086201,0.0007060255605518339,0.01074884856008378,0.004821264119346177,0.0002319471844231093,0.00023849559395701077,0.0003328828191284378,0.0010632069671307632,0.6206222686699592,0.022454656149746722,0.15100394745759127,0.0038972722136103814,0.038490912861281645,0.5454545434710744,0.025138230326146947,0.7076258022905989,0.008581739068322644,0.12498869494437911,0.09129831269224267,0.40918666164645334,0.12828580286151497,0.3614457831325301,0.10479200897027606,0.5184873406091167,0.061765545007333125,0.04193509751629074,0.3049822892812078,0.17768967919504888,0.1404628019248317,0.38426192176732316,0.5318427242963106,0.15863228864966644,0.19905321711195964,0.5313341894940504,0.11344428621882724,0.013150468975549424,0.16180797025491522,0.17605189052584455,0.07731705577940903,0.013150468975549424,0.7475101574358741,0.0627004768971313,0.0005918426261375288,0.009093907337199676,0.051961137650328545,0.1943346028866899,0.02507623886070154,0.22167442601363468,0.029440772577102637,0.8511437134844979,0.31237949073135907,0.0252290230338469,0.04678674310293393,0.1394241304402898,0.014849105700783634,0.8911285168510603,0.6901701605413297,0.7228877804564406,0.16191476361758586
002567.XSHE,4,1,-0.2548237762058805,0.6563605118601968,0.33487096804928157,0.42362661851229405,0.21623907404946213,0.13474590733537686,0.6540165836572297,0.36638065055275426,0.9710807305273641,0.3023402046108005,0.2679956938903568,0.002427754495220859,0.01109533574627561,0.004952659866339664,0.002110576692836654,0.0014531505417814201,0.0016962776166413746,0.0011542745430805407,0.6178375076018002,0.022083154681350477,0.1510818797211085,0.004013359619983894,0.021708581807665144,0.6363636304132232,0.021856531403330656,0.6966865711105399,0.007725257354117188,0.08198426336257573,0.09179373193610516,0.7003515502663222,0.12958290713693887,0.5903614457831324,0.14679933223620495,0.39177434737126304,0.09859949867099566,0.039222663265055774,0.33117579364863936,0.18247515180610516,0.14083196198171358,0.2901610099697989,0.5326530768143675,0.04210927337989193,0.16564321455699005,0.5233312092582267,0.11736076189203025,0.10578386299056552,0.1605210297434924,0.17130491687737043,0.10926726885770048,0.1058029715727515,0.7166750216469946,0.05533999181096981,0.0015342489070417572,0.00910271752044698,0.04324167233479622,0.016334127899128387,0.30059002208552865,0.011449879401553807,0.029560722829683604,0.5165317023029508,0.27442309822382605,0.02590106497437298,0.041491806026375824,0.13276745452703045,0.02283573607704732,0.8560336808169178,0.6104080978284907,0.6691016680177337,0.6355334119300947
002568.XSHE,4,1,-0.3309117073949656,0.42628836250115953,0.1568220145647255,0.3484080176463724,0.30273273100073633,0.08313519912126754,0.8826117706428748,0.8284746139093941,0.9196396189117964,0.8675449604294081,0.22422941101798466,0.00045187175185129407,0.010634592978103563,0.0047799975002778385,6.594607229178554e-05,0.00020097372277487618,0.00022521122230761644,0.0010860174090335966,0.618528222186712,0.022189641416519128,0.15092189312717944,0.0035037721391269826,0.049662308777707685,0.5454545434710744,0.06210297288694476,0.7042964699774681,0.013651748689173255,0.34340236953965814,0.09144262218141187,0.3361760177720383,0.05171099824385767,0.4216867469879518,0.0,0.9983389778656995,0.003614278887773395,0.04072900508886562,0.27974349203346754,0.15823801609765828,0.12068024239777254,0.2309276238926393,0.5318427242963106,0.11606502659529412,0.11279855819106616,0.5237895341338012,0.1100729839593341,0.003705510070151206,0.12951255052840394,0.14415841812191582,0.051841761436606515,0.003705510070151206,0.7185306452498724,0.061317159129825154,0.0006606767978912406,0.009105953449896736,0.07100565722423999,0.32536084694535644,0.018243239747891677,0.42462928647506926,0.029515587731405515,0.8740800782397824,0.4803890479619347,0.029050155049101724,0.04442834326720305,0.1318447744084714,0.04614314769396423,0.9368245018534036,0.8679652602715495,0.9263862080256025,0.24538401616915895
002569.XSHE,4,1,-0.131263887261124,0.4253950996640116,0.36960526608307537,0.3466043535486196,0.4245746015585753,0.22424363710779005,0.561639530639328,0.2882414708646316,0.490265548119455,0.21806654201559617,0.06978770771038478,0.0006765650826925808,0.010737970705833216,0.004819904705144727,0.0002489531323899581,0.0006064614450185391,0.0006734791319602595,0.0011167196194299838,0.618291033279418,0.022336458407613186,0.1509347980970936,0.003604531760712072,0.0035318973000565434,0.363636358677686,0.002073690897109435,0.6966406546495733,0.0017079155572048456,0.04748123360766935,0.09124121884506017,0.33164807506178307,0.1475374969153665,0.5341365461847388,0.11689292194094215,0.46780255394985515,0.07433370019559357,0.04886164160667951,0.30631117096009514,0.1816834223097887,0.14088135663721185,0.3323191156878786,0.48287905168152356,0.10116070309258393,0.1844614194923479,0.4870198428655486,0.11986469533909803,0.03724798690370611,0.1647758169207304,0.1797043719399784,0.07281480438864144,0.03724798690370611,0.6067865810836235,0.07462294517623097,0.00034055996514000453,0.009044010198851267,0.05021822078952075,0.021474522190205382,0.0482167145734559,0.023763910424519755,0.029728359502078045,0.6745431300126519,0.28719618037812733,0.05298435599007256,0.06409779702497248,0.1888093270253838,0.014459532212717592,0.9205193435684764,0.7196994825527403,0.7149596132163405,0.6034198308420036
002570.XSHE,4,1,-0.05515739795053493,0.5851136326420794,0.13771023204260796,0.39499393791082005,0.5948013497733521,0.10455683378636649,0.7398193804144133,0.7363682152554184,0.7701185258430598,0.5714805569466546,0.5611386705541518,0.005881794548101566,0.013027245075471695,0.00574069331035394,0.0020666830041890048,0.0005764617071025286,0.0037137616990190504,0.0010397729661179717,0.6226295161950073,0.024338397192347934,0.1522242682855166,0.0050446997915817695,0.11853193569939968,0.4545454565289256,0.15889370085978435,0.7159795445436239,0.035582218395979165,0.11363841910102197,0.09302460379678465,0.33787202200549393,0.15235366234063177,0.056224899598393566,0.12572155514651143,0.23888639655722876,0.10381926750980422,0.0943983540444952,0.2621854092871702,0.1875721738691369,0.1458260216244602,0.37744588323204437,0.5318427242963106,0.23491081061299404,0.23038050487363335,0.5629630221434829,0.15487555093933622,0.08140532205929711,0.1938043655684783,0.21046243233248235,0.07588513573154759,0.08140532205929711,0.7998672551377287,0.06917804407419947,0.0004131730317310904,0.0090658861018128,0.05064102192022685,0.036852239139724664,0.08759081135588591,0.023266001988113027,0.029453138245494625,0.8176090516863801,0.2986317252323463,0.028904725930420545,0.15951382691172616,0.14865053579571363,0.0332558174313573,0.8561517376546279,0.7608796603423116,0.6923501437764217,0.44121546687951574
002571.XSHE,4,1,-0.1234467254362496,0.41124154121275486,0.1615841865064031,0.31717342851825614,0.24036514428481986,0.16579097129874082,0.6170971680668683,0.8020151154731048,0.9922765444935144,0.34526960789052874,0.30065743614810087,0.0008940686802146123,0.01114299478849162,0.0049869734577208565,0.00014663807050436064,0.0013652537767483298,0.0007145432471551226,0.0011443373369095457,0.6180713629813249,0.022507725503062813,0.15114090712742867,0.0036475617341505777,0.017388968449737037,0.363636358677686,0.02070124505549771,0.7005116959432691,0.0038357028256640843,0.09659039522474451,0.09105149207335637,0.39022710684621814,0.13535190194867178,0.19277108433734938,0.10794240998430728,0.6098877013527372,0.07725253944068618,0.07165861151339538,0.306981792097859,0.18194530810096637,0.13824134228676455,0.14478755976754715,0.5081822160332595,0.01062310759979579,0.0827419738235595,0.524752594497789,0.11546327294475976,0.011057240412621804,0.1288635983759907,0.14697517458056739,0.01853861982734787,0.011057240412621804,0.716243834550356,0.08360633050308307,0.0002746634468765582,0.009105983059350314,0.05232774118924657,0.012489422917098265,0.04686311221569547,0.015822568169309836,0.02996585852306119,0.6360247848017893,0.30742334174866415,0.04358887442460882,0.13543959821687193,0.22252123233014137,0.018066937847699947,0.9133294158583176,0.7239341470965459,0.733975332243678,0.4847903585849773
002572.XSHE,4,1,-0.2296920510088229,0.5462489530390842,0.14551619661426762,0.3511533551853041,0.23714401065240992,0.23152127303400605,0.4799592389897004,0.6758773737135735,0.9783932051154831,0.49601258369958434,0.4001533249698793,0.0014887468802139826,0.010943431117155946,0.004899450062328261,0.00048222208050016706,0.00024246243862969112,0.0005674217204550278,0.0010581796788804942,0.6201824275114461,0.02266238240010451,0.15111965548647713,0.0038385833344199856,0.009084804283883663,0.8181818152066116,0.013505231395947314,0.7036438398571797,0.0009189926653670396,0.05946459256579542,0.09133836612839806,0.6336443632275837,0.25435474633178073,0.012048192771084336,0.18623336684449981,0.10926404811009967,0.14881688779267205,0.09105845817221503,0.30131090092145596,0.18608418571369062,0.15016755187088754,0.3947536035643265,0.5109499106131796,0.18485058278885777,0.19695921828143617,0.5208574352692393,0.12232963809501926,0.022040071924376008,0.15641587224194356,0.17314720126752922,0.05011004472563303,0.022040071924376008,0.7024470159866414,0.060688980604606986,0.0006988077193138194,0.009083232580861819,0.0518578448935913,0.07294727811545462,0.051179573047599715,0.08383235014542346,0.029549713870447646,0.6568998151562966,0.30856037498542455,0.028305630111326925,0.14994595488330564,0.1912014078887369,0.03159089549560328,0.7681558989362458,0.6728085887399939,0.6089822636138711,0.681787733748714
002573.XSHE,4,1,-0.04761535059771182,0.512645209140187,0.2178081771226462,0.3384758241546143,0.317718491844771,0.14907592806715736,0.705512887282424,0.5344594420038218,0.9840354110994707,0.3109109647180752,0.3910626992513097,0.0005181339601450769,0.011105369327922266,0.00497762040211338,0.0001403263171343621,0.0013411452388204681,0.0006033890922508342,0.0010928898306954973,0.6199732850671985,0.022290732709673588,0.1511651682879067,0.003916123866258342,0.04253404879448971,0.7272727282644629,0.053845549851913796,0.6963136517493518,0.010347438700788995,0.11083476530704531,0.09101538529414872,0.3070614284143406,0.13437152490490287,0.1566265060240964,0.11355080894550502,0.3622763189367815,0.08918297358786585,0.060003074049371524,0.3078235321735914,0.17787977809017044,0.14121412063214758,0.42346368409225743,0.466003909580301,0.13746174304492775,0.20038868703610183,0.5308867446150842,0.11906973781023056,0.00825949029064092,0.15036806107062642,0.1675873104081773,0.04142601423914867,0.00825949029064092,0.7371464762432269,0.0903048436951821,0.000245404986352899,0.009119215743483329,0.052946310456604105,0.05484066360418412,0.01707817915032977,0.03450368938493874,0.02950608123220881,0.6884197138526329,0.35263564537878045,0.04431756376529386,0.08717521647424625,0.21168696483761462,0.0212282407130466,0.9087438397409495,0.7204706779885899,0.7172212202908272,0.4679354057378776
002574.XSHE,4,1,-0.2455381275895341,0.5754322715566091,0.6503218785298921,0.2123808277553908,0.502000001671753,0.489722149307868,0.5543911722871535,0.0777677880909538,0.9536935153709498,0.272866156074226,0.2504012696066451,0.00059664544670478,0.011495741162952098,0.005019179812606798,0.002487624442268888,0.001699653242045572,0.00034962336731035577,0.0011379456370329169,0.626596126844859,0.023526923406538697,0.15095782350685844,0.0041833463083690865,0.006056500858728139,0.4545454565289256,0.0054785944948832505,0.6952162445293396,0.00437587721249577,0.05177715474360134,0.0911411304000557,0.4322865494988338,0.06595290375514315,0.9999999999999998,0.09570512457325966,0.8234317045803352,0.05816673836895147,0.02758596388204597,0.3034745989753967,0.18046975584977612,0.13432746576820387,0.6916046497978208,0.30789231446229093,0.16478728336937143,0.3257375655812594,0.5194558829386237,0.12012387899587133,0.20511090741808047,0.1826228625530044,0.19844171675123468,0.07634318050065247,0.20511090741808047,0.7147446122062173,0.05208629004555523,0.010049204057126622,0.009020474521519757,0.04017125226703195,0.036800763235491564,0.0824484988159097,0.10041690051763624,0.02908847225997405,0.49470029705835716,0.2710264036598416,0.023414234357411943,0.017948854332175322,0.10179192316461469,0.015262457378716275,0.9010807970345542,0.7102571757109373,0.7492903597183092,0.3774466802689196
002575.XSHE,4,1,-0.1961280396965892,0.3155978987634144,0.33541595429229587,0.35098035500628344,0.4908107918341554,0.2299515655856782,0.4604502604221694,0.42329059551094383,0.7767210045497696,0.2124874075993325,0.1543490939415857,0.0006237232649704728,0.01070376947677345,0.004808150440187623,0.00018263846498584515,0.0005426639282393815,0.0002994957592184692,0.0011002729984829539,0.6183631654544277,0.022232293240050674,0.15093193474443609,0.0035557135156923892,0.003107896588907991,0.6363636304132232,0.003181895852783006,0.7012081270361193,0.0020092434815840014,0.04784299538753731,0.09136955289260859,0.586174665365889,0.11434894224203684,0.12449799196787148,0.13983774973614896,0.6032405330464357,0.1065864417478107,0.050783957050947834,0.30604344295132224,0.18246939775683552,0.13997405480726985,0.40745680638104487,0.4940609478802367,0.10367310122963275,0.18517733811703296,0.531378512432263,0.11338214480481243,0.0177691605937417,0.1411047781281928,0.15804794327669194,0.03783083993164318,0.0177691605937417,0.7483012513774033,0.0672875279249319,0.000450129077053014,0.009103193739158683,0.052807927184806695,0.062420353968749384,0.04034604295093997,0.04647103679378263,0.029238981160352534,0.587182580560031,0.2869584954642283,0.07528904230306294,0.07346367246618288,0.04658596481228151,0.01070093318179099,0.8469761471929103,0.6744698376896201,0.6690145307924469,0.3954483536480388
002576.XSHE,4,1,-0.2503527931817983,0.6705781969739668,0.6048688825347153,0.3479573672312162,0.17451462742059376,0.09567839635664446,0.45857524566194385,0.17787440514590822,0.3664549119684142,0.13247205502178167,0.042092086236034554,0.0006765112872007264,0.01050378492418694,0.0047246963954979005,0.00015495505668084895,0.0005401342008088042,0.0005703832880483483,0.0011063695081834175,0.6187531526087584,0.022241224436140346,0.15082763034606114,0.003549447448320346,0.003554126491228574,0.5454545434710744,0.003538778471871673,0.6948476240761686,0.004006241706061851,0.04662204938048295,0.09116231306271617,0.2978516379809819,0.08765584143448468,0.9116465863453814,0.10889965228321721,0.6913167963420555,0.07403908863927128,0.03684106562279362,0.30660078286545944,0.18145879385687724,0.13931372625481922,0.30799455831212025,0.5089151115691855,0.08716109940161272,0.14456770798471102,0.5232407165927094,0.10016221171910479,0.02272452333447378,0.13473155112694873,0.15208369011195666,0.02967721892604936,0.02272452333447378,0.7277363144837966,0.065031344112906,0.0005077895213494824,0.008862848595400614,0.04928225385586715,0.030933366835326728,0.0468995088122257,0.03560599834142664,0.02909587831186293,0.5201714710875397,0.2710464540661738,0.023264182121879008,0.03449550434927638,0.11278856019151846,0.012396063887061076,0.9184014216528666,0.7117912741585957,0.7290428371880553,0.48389677374446816
002577.XSHE,4,1,-0.06967368047057368,0.5657879745054354,0.39424546188854453,0.3609824922756394,0.08191923928552619,0.2170551254211256,0.5518542779380514,0.32149998231904836,0.891973050892259,0.36164330587013727,0.2071924499423789,0.0005562158253522634,0.010802183995788282,0.00485025930049622,0.00015561541235818035,0.00021677341552302115,0.0004511477208253591,0.0010572717267715193,0.619924018782513,0.022230489516513543,0.15104917555998923,0.003639769085147199,0.005213432965867311,0.5454545434710744,0.00420401979900114,0.6992723117091715,0.0017760563394640875,0.05023966717916252,0.09121741341777949,0.31246518832432035,0.07802792062558345,0.791164658634538,0.09241308068636842,0.8795184062400228,0.07115303400987241,0.03789704727566746,0.30658577462464426,0.18141900363043673,0.13895236535406869,0.33241758263877097,0.5318427242963106,0.14118838861907435,0.1434740074810696,0.5266844161833968,0.1130858851783328,0.007745604458363658,0.1317865195931211,0.1492785611309466,0.026374684332138652,0.007745604458363658,0.732662831555417,0.06636924799356407,0.00047147984832546577,0.009100408257229553,0.05276967060823734,0.13974397275201667,0.022779188684760022,0.1110266572306081,0.029514319562505654,0.6434656586567729,0.3119461683576168,0.045760236222583656,0.03949466218142707,0.13988899338805288,0.025315696596279236,0.8951255840706709,0.7069263853876437,0.7454919688524027,0.2600583632029939
002578.XSHE,4,1,-0.2781539136299775,0.7030619794979021,0.3587415348752025,0.36904656715054185,0.6704809382546397,0.25907313683336697,0.6576767052773452,0.2687380069554849,0.7579752691354209,0.1534399248226429,0.14735957144902934,0.00036671143232954926,0.010701873242772617,0.0047895860433406,0.00039784036139289776,0.0003304607486157089,0.0007592042208988385,0.0011100719398816055,0.6185531518141121,0.022763943818363573,0.1509267871289389,0.0035738044281518207,0.0039019922423154936,0.6363636304132232,0.002852955768402617,0.6920120195054894,0.002928694329049817,0.053133761418106176,0.0914689737943248,0.32048568454996873,0.1119408782778098,0.899598393574297,0.12046232233701515,0.5338594947741452,0.08286274653543853,0.037244439558820404,0.3071986743170316,0.18198697374795958,0.13981677182528848,0.31286090291215,0.4481276009172476,0.0777781060720132,0.14839110220443963,0.5192639774633918,0.11044774716486326,0.029035122371953624,0.13678903748048477,0.1537614848244227,0.03465819071786059,0.029035122371953624,0.7003974166167122,0.062215458105545185,0.0006139463145921582,0.009054191738457774,0.0429401049760461,0.028210776597809607,0.07143825123406632,0.02967263185331668,0.028955321336277557,0.4980273728354049,0.2772574080898134,0.030198922399399267,0.036776593794923776,0.12154962760297917,0.017163217084405095,0.9110028972745736,0.6897361903498296,0.7022732253711914,0.5400214769100853
002579.XSHE,4,1,-0.2545433552004777,0.7481742040988901,0.39109305311922044,0.32812626994437966,0.197269860216375,0.12657070173497595,0.657207692635963,0.20843460182405132,0.42041635528422233,0.3306144704810925,0.05373737519758548,0.00045771795277597656,0.010528936511301662,0.0047315636200776275,0.0001682819386965318,0.0003481082185371695,0.0004932847470116502,0.00111896216830425,0.6181044536604514,0.022287406977770458,0.1508297975382122,0.00350311969796606,0.011334344027159233,0.7272727282644629,0.014337668437582073,0.7135565057185767,0.0111771364021339,0.20041602604684816,0.09173470947830394,0.4328162649161409,0.21382240576957603,0.35341365461847385,0.139933276324822,0.0955539426690716,0.09458756971537036,0.047814189697410275,0.30286265337445034,0.1839050794974728,0.14622897802457774,0.21493081026062666,0.5370029070568044,0.028438979976775955,0.1077622260621505,0.5255814414718812,0.10042870613046807,0.012307072624335237,0.12991108441862487,0.147745271368977,0.021872167869166723,0.012307072624335237,0.7414793807265211,0.07000149013724956,0.0003994425358771088,0.009007388513846594,0.05105617173561908,0.01749123812003701,0.0424466531204816,0.03185230153363075,0.02915912738439489,0.5277454057967961,0.2732048900410411,0.030896582419773482,0.0579386534839051,0.156088817956123,0.024671143147693964,0.8771569783130477,0.702418070850471,0.6743074570981191,0.6503276396329987
002580.XSHE,4,1,-0.07656983172135198,0.6548903051664323,0.4231204167641494,0.3026860358398999,0.3954230747047893,0.3602624121321772,0.5588799381499938,0.34346815257507035,0.5816416228828556,0.11955790764090433,0.0928361460228343,0.0006780097496692995,0.010730790088159943,0.004810766906196961,0.0003369731055751985,0.0007327415125251135,0.0006957983347431499,0.0011390722859488717,0.6189716685320404,0.02248992219725163,0.1509065822689055,0.003621072835527653,0.003802715666148879,0.5454545434710744,0.003525673041610639,0.6975799414912603,0.0018965285502988225,0.05779144433390612,0.09127951751382599,0.2968562755768168,0.06430782490539033,0.8072289156626504,0.10689557033326261,0.6884084677224799,0.08026150423715646,0.03716436348818176,0.30697718444277733,0.18157952200866628,0.13840772428423243,0.40796894724337224,0.497920472366074,0.07065671189488507,0.20540162743821,0.48796559961869423,0.11256856225829905,0.0404527048167396,0.16015909403982348,0.17752212358214298,0.04663044189922113,0.0404527048167396,0.6388463349681051,0.06694175873422362,0.00045786969157265533,0.009068868431775899,0.045777423765196425,0.018054292633158806,0.05895098542399448,0.030431220470671348,0.029595427885785286,0.5608725687287034,0.27926030741750185,0.026861227032087355,0.035960237307850175,0.10820017606525814,0.014534455943051982,0.9107641206629646,0.7106994383264782,0.7312041044273634,0.3999643799283393
002581.XSHE,4,1,-0.2805650046486636,0.5406212991120517,0.30146441233481286,0.3859680032893053,0.5678653971374573,0.040096326490471845,0.4196445033334287,0.2960335487355738,0.7219591144239375,0.14849770968159834,0.13473894774979567,0.0003301978777235375,0.010934340298303178,0.004909056441957274,8.382302991854438e-05,0.0002194526971912732,0.00026024370717378856,0.001086355785447184,0.6186313391805494,0.02216252224919375,0.15109362246970795,0.0035563937446719466,0.004806644237182637,0.6363636304132232,0.005097502127675325,0.7013517584606206,0.0029660896660510705,0.048430858279822735,0.09118075501128375,0.36585909152332524,0.05022681612784514,0.9036144578313252,0.09592714154141702,0.7170749585001114,0.07138353878580143,0.03472295412144281,0.30677124648840487,0.18119804156796546,0.1392175366625331,0.388431429523548,0.5318427242963106,0.1699764251140427,0.18613584981457112,0.5246558388083938,0.14170313775846347,0.014079015133035524,0.14817480640877578,0.16323933253694428,0.060389279737854185,0.014079015133035524,0.6987871840444415,0.05959993442662393,0.0007789985463115844,0.009109129886277732,0.05211152557201496,0.196940877070165,0.026904151687712024,0.19250028938385125,0.029336473517496325,0.7014430449645892,0.3728127780655563,0.0298353374152178,0.03105366639886347,0.13319123030349092,0.014911616916910928,0.9140324310121999,0.7019205254079877,0.7481958633582686,0.0
002582.XSHE,4,1,-0.3062369417130056,0.5921661927765139,0.4271104189978731,0.3700978486887666,0.15451728550782423,0.203617612540594,0.6790273456743321,0.25325847114551137,0.8433995849795257,0.32870603294423373,0.18230808741782056,0.0010833638705104072,0.011210784999145833,0.005013592624149223,0.00032924171166795653,0.0011876762391300124,0.0003254656834762533,0.0011100026822261032,0.619179349442906,0.02249569925768784,0.15116743180500106,0.0037725549017338456,0.011700453145571948,0.4545454565289256,0.0138503276575823,0.7031908726170832,0.0040074495748119035,0.12417473093967622,0.09119829566548805,0.11762157499819176,0.07004500992228119,0.8554216867469878,0.08205141043361164,0.8408806497080892,0.06719368097103243,0.032221516911102366,0.29616359693426736,0.18105380326267898,0.13316279178592874,0.4969558575799142,0.43311306764349883,0.12383320089636228,0.24504022635723766,0.538838616970161,0.13906412941706653,0.03282960805658743,0.16899463241389656,0.18483617037731806,0.0669863967595453,0.03282960805658743,0.7431223321028726,0.05976894800666721,0.0007651619173410013,0.00912529637376937,0.05276993444669644,0.04810238528438933,0.04422870069323507,0.0365987443616114,0.02974915011638372,0.6513350993465603,0.29408904288120064,0.041955126679089225,0.030268790702631866,0.19066798715610275,0.024594873482084105,0.930197341324509,0.7818981911459031,0.787591131014779,0.3353245234195186
002583.XSHE,4,1,-0.142622778098842,0.3484191797160503,0.2677385717506994,0.27294275429388387,0.36185042993307137,0.21227079884966457,0.5264987999159755,0.40635572499139316,0.9993822113759168,0.2721435794708581,0.326005297255736,0.003764703905058478,0.010116141548039536,0.004531713821380903,0.00037101073429641264,0.0016414085329977375,0.0007879413446100798,0.0011334460853453022,0.6197849748939691,0.02286432372572749,0.1504406547586129,0.003705947929742503,0.009789078821637017,0.6363636304132232,0.012377607257347894,0.6987202881810832,0.0067300212590221615,0.05010400651171204,0.09165808912710456,0.837415832487726,0.1161930062530932,0.13654618473895583,0.1488982819707728,0.45118411988925144,0.09454670947742853,0.04982625087836382,0.3169061811774329,0.18314152357476512,0.13927863005222835,0.4098719438511334,0.4698615243061188,0.0621236444094469,0.18203768517008995,0.5039294051219331,0.07656414029616562,0.013629329226774903,0.1371050296689386,0.1551777730926248,0.024435416085164516,0.013629329226774903,0.6793089788578099,0.08592777202659224,0.00026323287933597704,0.009150946659577198,0.07615459667278596,0.020078461828448534,0.0371387545417225,0.02669937170355217,0.029610620031585665,0.7414638689882829,0.26935929997218255,0.030630651638476485,0.0667489249217155,0.14488627007650606,0.013812735538673206,0.8796308460325801,0.6210500420149487,0.6471972179460435,0.7048127143811415
002584.XSHE,4,1,-0.1989627851237806,0.6468517240561076,0.44225188993141085,0.38598393984622636,0.5570108722454735,0.19376965523923984,0.6193042620073659,0.21804442810915878,0.6910227014267536,0.28093824744719886,0.12461742167393464,0.0009247634029120558,0.010730712383809984,0.0048031599239447085,0.0005178753567637112,0.0007191888650156074,0.0010429333776022767,0.0011316341725111055,0.618881759030194,0.02271096457124842,0.15091483053683163,0.003694301838812659,0.004774702941064882,0.4545454565289256,0.0037777001311838517,0.6839427240845084,0.004604067675703061,0.05137017274124988,0.09099301127066284,0.24963918707243032,0.09005758718602305,0.9156626506024095,0.10051768823020193,0.48358945035360873,0.0630948928724313,0.037287033187654764,0.30678029994410594,0.18045959442745452,0.14037181176996646,0.2761172718036464,0.4764239623017392,0.04302765525136605,0.1460425673419536,0.5368942290892086,0.1073887185657135,0.04283951812738514,0.1458128398498597,0.1629792515767181,0.038871778478098536,0.04283951812738514,0.772889432644252,0.060408543111557585,0.0007175745455234002,0.009066904338021934,0.04539828789947121,0.018244272665819395,0.07858930486934729,0.023232134591128495,0.029264172906468575,0.5462048272260249,0.2771273724448629,0.04990590454084324,0.03907227944221893,0.14509716838931955,0.030738170724412275,0.9272263921830397,0.7190803148909826,0.7445730672039248,0.4101929160370797
002585.XSHE,4,1,-0.2676572418429832,0.7619935979234729,0.6969531373231943,0.36373686053015963,0.08846632546188443,0.235230685349132,0.5316341154492019,0.04467106192528897,0.9834466018991184,0.24937091169947614,0.2843500561754861,0.0010566766409757608,0.010886880886361599,0.00482016691970708,0.0007421810574454574,0.0003447189986111669,0.0015323816198612884,0.001138397298044275,0.6215689303980053,0.024009453575779594,0.15095876405960035,0.0041812713844549335,0.005397284661481932,0.5454545434710744,0.004980098732696329,0.6993377260813343,0.002731332668591714,0.040200777787826714,0.09136405960466192,0.6059193111098389,0.10390886341707356,0.8915662650602408,0.13627757259691337,0.49272917845106085,0.09695678853861406,0.03224587178086508,0.3116622094471974,0.1821049452732922,0.13821924467772587,0.5386384556839544,0.5169167547669117,0.02620743735572182,0.24190318164274385,0.5280308860219585,0.10551176935752915,0.022689129493808136,0.15249738637522606,0.16852407702633743,0.05416432409106078,0.022689129493808136,0.7358774540563722,0.08847558326458001,0.00025234162449944673,0.009025189004517131,0.04497060575727178,0.016433674395019984,0.046909716487140915,0.039534234980000145,0.028648534797291896,0.5051721862896313,0.275834023904367,0.04609668375459488,0.028834074791514487,0.18487113353093176,0.020189926422204938,0.8872823493488233,0.6437740480297203,0.6843955713165377,0.5598843240018305
002586.XSHE,4,1,-0.1843050288572678,0.5721810301565926,0.1442958000700817,0.3080192931499543,0.16767999973251946,0.3241750494070074,0.828951255416744,0.5073465728544074,0.9885794725569248,0.3087442016949709,0.29304178399068664,0.0006360506091428817,0.010890993674018303,0.004881962947124967,0.00030315739513955234,0.0027783471690155676,0.0014721823288786596,0.0011648708711015697,0.6175250915425684,0.022682000092908557,0.15095659632183828,0.0036955157370855427,0.02520580351525775,0.5454545434710744,0.033056599956642264,0.7042097599028975,0.008314469081148312,0.23130143800307498,0.09169663858613658,0.7266795131445579,0.261956504032303,0.01606425702811245,0.17578671086802702,0.08184486381774336,0.11532481544822662,0.04877525752125307,0.33742980577082254,0.18827138728590018,0.15268277972323394,0.18546793660853897,0.5102982803917702,0.07713948675175494,0.11939985724457428,0.49256053132282773,0.11071197872361535,0.022943003579831246,0.14538305914843852,0.16240159513340865,0.039985876952952595,0.022943003579831246,0.6343288029474969,0.07147665155932056,0.000377681129297068,0.009031785881109526,0.04420784877201665,0.017097185629092626,0.06275387549851327,0.009763511878703435,0.029606499504279456,0.5596173613367293,0.29599917104153156,0.0259598898706941,0.06126425783984049,0.14724430954552364,0.019822785188730034,0.8284705159705159,0.6042523550484282,0.6187865217196136,0.6662040066761905
002587.XSHE,4,1,-0.2434485060432141,0.5602562164131702,0.24915526073695937,0.39252678182658796,0.46929850737535617,0.09176886125615644,0.6702832844640392,0.5088552252525766,0.6407293506238041,0.41238396139039435,0.1093210649263936,0.0005014868179477748,0.010633090797141611,0.004776129092563744,0.00011589588382475928,0.00024816959289848656,0.0004378939388717881,0.0010943042860571631,0.6184130318214751,0.022267718572925584,0.15091274302263288,0.003542474141352983,0.013761078957448629,0.6363636304132232,0.01468475723897572,0.7007769225849382,0.007158564592551197,0.14461427150221579,0.09124180619706336,0.3957892388850103,0.0762143061083847,0.2650602409638554,0.11729083959306989,0.7818866460185259,0.08890201023491506,0.056897769130494436,0.3064258702529405,0.1806859524635768,0.13831933384807762,0.24819307509228158,0.5453246360851769,0.15355324489038055,0.13519426966388998,0.527765189278217,0.11353149307715056,0.010026686342095872,0.14520847379062113,0.1617553477522814,0.04434180848692279,0.010026686342095872,0.7366101215620425,0.06675485222026482,0.00046220035508605796,0.009088607519170934,0.057587624709843646,0.07002602322735865,0.03056745989076587,0.053013341622418685,0.02967817079840953,0.7217132028523812,0.3221014071686627,0.0352098854425769,0.08204815633274144,0.09061771672493288,0.02878312496261291,0.888545468747781,0.7137786917871836,0.7164290636973116,0.31274102671806076
002588.XSHE,4,1,-0.1628656930785991,0.7292393852233736,0.22980147383420257,0.4224970707723015,0.3738967475209993,0.32682744462546487,0.7084618249812209,0.524518166582415,0.9771027425950987,0.28517973537106245,0.4020701129698739,0.001788461924207062,0.012165435410215662,0.005427656316352195,0.0016059462497732076,0.00048475315104189035,0.003820164360457018,0.0011260342773264447,0.6211233744691194,0.022432259693672015,0.15187136731606013,0.004637809232493597,0.035413662707123796,0.6363636304132232,0.030498329442596336,0.7042623779080595,0.005613644902757693,0.11626119200506467,0.091603513235053,0.6593660016097367,0.3223761950077496,0.004016064257028112,0.1855844448455829,0.029912770673206725,0.12424642943694644,0.07015986533848595,0.31358291104222596,0.19020405126645662,0.14756653330109681,0.6136135108572495,0.5405720475059841,0.33677261417902477,0.3895002829794932,0.5605305600235361,0.2040344573270384,0.17847980426428675,0.2685237400976388,0.2802423356405025,0.17284960836907168,0.17847980426428675,0.7477812560982593,0.06772382030030448,0.00044083403958411363,0.009094310628923864,0.04306107490954297,0.02343671041322526,0.0833905147882882,0.01905119807652745,0.02982973809538865,0.5440021156675829,0.2842592825108093,0.03832521620180644,0.1132145928206067,0.20557495123372346,0.022597804630017346,0.7898712559117183,0.6387958294635356,0.5938230269359646,0.6886964014511042
002589.XSHE,4,1,0.03271127751690385,0.5607007887187277,0.2062944428976583,0.24138624671596257,0.6659090282183543,0.2792233500445802,0.4823774300510321,0.5001411727802757,0.9522081003636478,0.2911993379442627,0.24907627804313243,0.0008205436151411725,0.011509286026350929,0.005154833642745062,0.0013661520831238293,0.003896433347346253,0.004897697756449027,0.0012503940186171358,0.6190407360124558,0.022232220195378904,0.15124731058148763,0.003729588561311179,0.00803938586501934,0.4545454565289256,0.005869088138394924,0.7003378086571079,0.001749650493577634,0.03255856018811612,0.09128824954381466,0.38793634728232823,0.06962213755071911,0.542168674698795,0.11876919590329282,0.8338187391630624,0.09280485400663098,0.039368813066405856,0.3064258702529405,0.18165141617146216,0.1393709200664488,0.5246228164269282,0.6054873034128215,0.18145576132155763,0.27901088906846944,0.4316462004964169,0.17571711975068238,0.2934851744101059,0.19232357474797174,0.20974368092010018,0.06766471653045932,0.2934851744101059,0.6450021442501961,0.0694994951077891,0.00040766316855651147,0.009079079854997592,0.04105854100498179,0.015244470709375227,0.08326649846635457,0.011332121005050558,0.02947003445068676,0.505765970351824,0.27477290968187407,0.03641294394718629,0.04197234679503077,0.12152817360794448,0.024005503379793024,0.8971192356307964,0.6998667683870683,0.7107057323091628,0.35315496816572794
002590.XSHE,4,1,-0.1667253422014061,0.7664365754950255,0.42056105635018004,0.3823824550549253,0.2810785147143517,0.3793595853933145,0.7473227540322865,0.29093960241860767,0.42549785332723306,0.3751802574360421,0.054866305956950634,0.0013453396450496707,0.010760488158526147,0.004835806111525003,0.000216779764904479,0.0018386833559262121,0.0017234143502567638,0.0011632410239649372,0.617493453140103,0.022308653446791022,0.15090709158496896,0.0036557782503268427,0.010574755276874117,0.5454545434710744,0.020286533434128073,0.720353173989218,0.012028761251349414,0.4436103825630822,0.09085752740853058,0.3112379670919822,0.1161471184887985,0.6345381526104417,0.09672890608221082,0.5429992228715972,0.08290623034618035,0.04797779126942277,0.2919039250655578,0.19104841400805403,0.13871839067012948,0.23734005259568303,0.490454667624361,0.07993059090740012,0.1484482636776945,0.5207266344244056,0.11135793611131564,0.04204129495547138,0.1613287480660978,0.17940940854682774,0.04060959184977191,0.04204129495547138,0.7167474704274596,0.08498992092043439,0.00026765979354193307,0.009094195206887234,0.053883200824864544,0.01586411980412214,0.0512960606319262,0.009768450670351484,0.02937677840426109,0.5930483465525596,0.27277682359905575,0.04423181266643017,0.054669660949614854,0.17541380085625982,0.04517915894000119,0.8895706991805257,0.8195623811419224,0.7624942898712217,0.6474834509474909
002591.XSHE,4,1,-0.2211762092534293,0.584561594247662,0.39120717417010803,0.28257693417121843,0.1823701946505576,0.19180548716068613,0.5786128578241212,0.3463357647542962,0.5657824137049843,0.23896615665429818,0.08864207112489653,0.0003629049064471523,0.010637046203598259,0.004773327472265662,8.775448678467613e-05,0.0004946906220598649,0.0002867053208936318,0.0011119999956973755,0.6185685940199572,0.02240126196091038,0.1508851412000856,0.003632843939727226,0.0030460013710433102,0.5454545434710744,0.004035765620081101,0.703112321478586,0.002400379747345002,0.10988514063489192,0.0914060314844117,0.6089104585540386,0.18227247007869038,0.17670682730923692,0.15066519445919432,0.20648106609287142,0.10914075704715862,0.04639719951070534,0.3066167126613585,0.18278659720622417,0.144040014870391,0.3735907773100262,0.4317796530951078,0.06366457901893077,0.20102572722050768,0.5117125371606084,0.1103321676161074,0.0158250362566934,0.16714381356601843,0.18296358746368963,0.06595102472938116,0.0158250362566934,0.678644086017736,0.06438010680713463,0.0005282016682211829,0.009075938237140712,0.05551992270588501,0.03583923360849044,0.021942759793178647,0.06012915262892565,0.029209647092405693,0.6240648316835635,0.2969825306454888,0.05211179752795685,0.05737261773186983,0.19146463494958707,0.01746171561883113,0.8676307679197852,0.6644581177303088,0.6615062065469102,0.5453911386636783
002592.XSHE,4,1,-0.1595126004494151,0.6564532699989392,0.30530387641050116,0.4064941115307541,0.2900412839397199,0.19950072347912107,0.6548224401832796,0.3921065269095841,0.6733153953627653,0.16812657948826026,0.1190807368452913,0.0005517644310185073,0.010956658003587213,0.004885386683946442,0.0001312216461599152,0.0002169123750174906,0.0006303916157185432,0.001114018723951228,0.6183601841937447,0.02234384471681261,0.15104419923663254,0.003785784571675391,0.00728790987302395,0.6363636304132232,0.011132260221309241,0.7018022981295098,0.004405135039347431,0.1503120195351361,0.0914566130431028,0.6124465583543928,0.16705341849886848,0.020080321285140562,0.15803852949663416,0.1985876178909946,0.10558850777724006,0.05431867372005876,0.3076513756748129,0.1827453746853064,0.14370725087545527,0.24046321816564684,0.5318427242963106,0.08624810948971406,0.1908941169093247,0.5176465515469347,0.14401420653682417,0.030408771649394505,0.20067276446751503,0.20837311994377666,0.16544322590752106,0.030408771649394505,0.6792248447901732,0.07361767112752185,0.00035127035102806804,0.009104097649977614,0.05002997204895363,0.026467866945828054,0.04740531988913264,0.03449921024320645,0.02996043969994048,0.5990455101386827,0.30567506311498055,0.023294845817834243,0.0781728441791564,0.12426945584435324,0.015522521983609499,0.8502906151027538,0.6550102826058115,0.6428020691130223,0.6741285173097405
002593.XSHE,4,1,-0.2108920088680728,0.6842967923137431,0.5740354495130799,0.2460655739736901,0.34418401319347447,0.27786551604200155,0.5856586126589496,0.19891986791138128,0.6524128882913469,0.23030799900227578,0.1127598088000582,0.00040453461733105115,0.01089034150027532,0.004890405208809692,0.00036283270442749924,0.002622937405801839,0.0016141827923470472,0.001176701387291851,0.6186239385350202,0.02217839160401467,0.15098327050096097,0.0037201593308135877,0.003435651282221735,0.4545454565289256,0.002965558482468051,0.6871569143896936,0.0039797821496841915,0.04865695939224021,0.09123856237811846,0.34319328769689494,0.07146651195204609,0.9518072289156625,0.10345858955321224,0.7806403661229505,0.07479403075234718,0.03548779001769954,0.3049547193967433,0.182245178417814,0.13822054453708107,0.3100480330320792,0.5166880861329912,0.04244412135595979,0.15651382442817796,0.5281280431872432,0.11236960529410034,0.025310053624532848,0.14642383639368048,0.1669102334408996,0.0077963036741393165,0.025310053624532848,0.7333569376134204,0.0854612606204474,0.0002654043361367499,0.00910488476795188,0.04346923300576908,0.014871910238359244,0.03401945536650264,0.013656492390759702,0.029067909126018837,0.5297113799186777,0.276478167540806,0.045864520413782764,0.035775269622562424,0.12743134721588895,0.02546509541185619,0.9173460112766472,0.7316488655963913,0.7451222957754287,0.313802116649916
002594.XSHE,4,1,-0.1768483650485063,0.7361346683445497,0.2523783864469077,0.35200702341770795,0.3384806607436458,0.9882827838001419,0.7745250729103355,0.43839086116495307,0.3030373948727496,0.5244827206159592,0.7921683195556195,0.036938357835401774,0.018085980293621854,0.0075705525737485785,0.01639658082021679,0.0656652193417406,0.060448135079297846,0.0037508716504889477,0.580261171431441,0.050991713326181194,0.15218615504777983,0.018458720662469577,0.05830371480674844,0.7272727282644629,0.0921462240112601,0.7171560287504857,0.032921138500960616,0.07153839196888849,0.09218179643248525,0.6687978457136412,0.24346600149545614,0.1325301204819277,0.20475696059429394,0.12131313141682722,0.15008670908104002,0.08328822618459505,0.30742590846782447,0.18847046474222276,0.14921475496351294,0.2812955223462412,0.505189270284717,0.06559267818522817,0.25067601266821243,0.5353937530993939,0.10934817486141332,0.11196448684321945,0.24538019028916458,0.25214543034119297,0.20430042541438073,0.11196448684321945,0.7357477473687655,0.07668988040894499,0.00032122860545666636,0.008947162062785396,0.04781676313480192,0.01416920578408832,0.10516602575400999,0.004860983675073592,0.02923002497290185,0.5387428854024481,0.26981656603504,0.023385000658936336,0.13823470898410642,0.15396946407762072,0.030298199437698153,0.7482460126968797,0.6108227190305606,0.5908524397102819,0.7480937719772406
002595.XSHE,4,1,-0.1058079110087455,0.2860058953386192,0.2638167457291943,0.359667903402508,0.4751238977923666,0.1326823105920091,0.3803209836338619,0.5082623178976488,0.9981211673614412,0.2502377329231578,0.355458689672339,0.0007406961188372578,0.011702259774739418,0.00523664906147967,0.00021452087217564835,0.0003145810177679982,0.0005218582237572174,0.0010641281677545684,0.6211911994095993,0.022188051628562626,0.1515470023204647,0.004285031917740834,0.007203606616772256,0.7272727282644629,0.014461273540763115,0.7071177563082776,0.00386957950037226,0.051505833408700366,0.09154533393725438,0.57923811031239,0.24231588680312646,0.008032128514056224,0.1630592752364777,0.13876207654458117,0.11511385287459347,0.06345496563679281,0.30929344965666794,0.18506553223383976,0.14669822725181134,0.5135392057477003,0.5318427242963106,0.18487921846606256,0.29140331526661045,0.5303232330564327,0.16046845226625558,0.021319408318915115,0.20741951746831183,0.2207152682002098,0.11690452920923394,0.021319408318915115,0.7140656970215372,0.06419990666384628,0.0005342206821180819,0.009107292181024684,0.049858872808227955,0.10758183421229306,0.026677273410863626,0.11028612209717878,0.029332126871997447,0.6907543774248955,0.3625763643084859,0.04178187760944071,0.11574142622619948,0.21504914627349647,0.011215080457019801,0.8361078169604181,0.6629488965547745,0.6344210523536293,0.7540121404607159
002596.XSHE,4,1,-0.2310134494040861,0.6454338776647619,0.26138209273446944,0.33840074526423075,0.6618120632022929,0.1637490680822416,1.0000000000000002,0.3719681977393667,0.8688523006588867,0.7197439174595931,0.19471458019270882,0.0006886274552023077,0.010801077212148034,0.004852621120680152,0.00029257354241024987,0.0010190074252644913,0.0009484577037429655,0.001131630386931493,0.6183351092589678,0.022482495900093213,0.15096940138371465,0.003702959250539073,0.11898295263564927,0.4545454565289256,0.10269115212726335,0.7624181329780636,0.054720197372315954,0.9001085285339604,0.08989386993026124,0.2030735237213726,0.18363295438083785,0.393574297188755,0.10363646664936207,0.30369705748594333,0.07947785147901346,0.04585721225672118,0.29522160141427883,0.19656703409651574,0.14214741964919395,0.32731750986340147,0.5161404373189622,0.07065478099044249,0.18191929887197514,0.5235078586496535,0.1180563279715911,0.03442456090309205,0.16398041981356903,0.18193564576844642,0.043577870394005964,0.03442456090309205,0.720318494187154,0.06868237156633997,0.00042207411048298315,0.00902786016105606,0.046018704036042433,0.01900727685313309,0.06564116946514,0.0177995224569888,0.02944126704037938,0.5567798386193606,0.2870548542131063,0.03125176616876212,0.0512217618646194,0.16929814561483508,0.045901776634563615,0.8688104486514892,0.7889439874397421,0.7298508369134411,0.5496854568117324
002597.XSHE,4,1,-0.2683691778178445,0.6488976979704795,0.5093076409230889,0.4815216507864779,0.26636876028650497,0.38095622897083736,0.6422579146919039,0.12611612152841847,0.8837885590991439,0.2532728640291428,0.2026220647913195,0.000714961750493855,0.011279974220854895,0.004996271980565782,0.0009976745091898416,0.0007531253904049999,0.001152051279960958,0.001129474144507468,0.6198876717535281,0.023464721603147005,0.15118525859113882,0.004159535355481759,0.006406587345440857,0.6363636304132232,0.009785152894774104,0.7010230318158572,0.0039528120658983675,0.09500768743782219,0.09123414510657858,0.4622154049589924,0.08778688029072193,0.9277108433734939,0.12645414526102475,0.6626503055644242,0.09679324312606148,0.034035290913970374,0.3064258702529405,0.18383692243655472,0.13884707674629604,0.35011047541019374,0.5226855367038789,0.10202596687580791,0.22387356892462904,0.5336760786533021,0.1284798974266318,0.06592958004635202,0.18906805902666207,0.20513796994470324,0.07828562961407873,0.06592958004635202,0.7350968768732976,0.06003305213578006,0.0007446432255850304,0.009071633625746098,0.04212431646051208,0.0255388377077072,0.09491170037878324,0.029694030023863068,0.02913148102994636,0.520816816230763,0.2789073813332275,0.04168200528546568,0.03278263596269062,0.16749791001671988,0.02378028354369803,0.8894340017894931,0.7007374729114151,0.7051777995474144,0.4431241890237746
002598.XSHE,4,1,-0.2545557169548578,0.6864908262592997,0.23377517306065662,0.3836644625227959,0.05794345964262937,0.1524402325256833,0.8607732659479836,0.4363481157693752,0.8263667091405493,0.49077143801831863,0.17461925127360467,0.0007208469725900271,0.010715718169301626,0.0047918545634926864,0.00021486942951251997,0.00022094526056850406,0.0007315955843988584,0.001123374531523878,0.6183834646000321,0.02258334753208009,0.15093517466237202,0.003601835908022053,0.02734972072929309,0.5454545434710744,0.021230194880047844,0.6616694957710366,0.014694718787259154,0.20792258297910823,0.08989047300198669,0.3070414976802375,0.0494984134890862,0.7469879518072288,0.07308640478766085,0.9422522762060119,0.05251007033107628,0.0390595429667243,0.30871825910570794,0.1767908823697109,0.1377538950285579,0.09584578159289575,0.52695852423395,0.02357831058029617,0.06443462553222355,0.5246022819247204,0.10640751086038704,0.007562149794057972,0.12737241805602076,0.1446151320273533,0.025778271872366674,0.007562149794057972,0.7286384186534577,0.07297153754930209,0.0003586848455541165,0.009081966776721385,0.05267482068219126,0.017750630844862975,0.04712855795206512,0.03005851284748898,0.029525949665692566,0.6376581067879886,0.30415687749376935,0.03701200726633719,0.041834321978601714,0.18728553921568628,0.03200260214153257,0.9087420644501569,0.7307726327893507,0.7780720492827022,0.3409693147282038
002599.XSHE,4,1,-0.178825195358528,0.502947375150585,0.37067448928712443,0.41432197121751574,0.49582671946062556,0.2428028109025881,0.576595937737329,0.20108757091390006,0.42272153671736895,0.253406280635063,0.054248759599186624,0.00043314510049914407,0.010635739965109452,0.004775962738716418,0.00019743827467331445,0.0003922258526113388,0.0009511612331286012,0.0011273799074240662,0.6175394398714161,0.022306078355524853,0.15088118570248776,0.0035781037667599602,0.005081195414599945,0.363636358677686,0.0025673245982484336,0.6994623588281982,0.0037403883353519453,0.07841186578637967,0.09118921789168763,0.2948053307729277,0.12019266194904007,0.7951807228915662,0.10915395065030548,0.4885745699359099,0.0680387807772661,0.04126700549980433,0.30685255338557627,0.18149964067629892,0.14083066212235834,0.20688123766596775,0.5126139146723243,0.046533157618600246,0.12093404702626633,0.5298121943965528,0.10711352087507643,0.01905731226416424,0.14504422572372716,0.1622268755114448,0.03820220608992786,0.01905731226416424,0.7497864513769359,0.08447563349079124,0.00027019432648456266,0.00905160420120904,0.04852345444749851,0.017213673019616377,0.05950714204686329,0.012383408820889216,0.02996043969994048,0.5639939546018542,0.2836554343511738,0.04217832816069661,0.04514854624511681,0.17397052490246745,0.02019874977567745,0.9106407379528767,0.6961130644376632,0.7261263806629294,0.3710156463325075
002600.XSHE,4,1,-0.2943542081807876,0.9526103964027884,0.2557207146645549,0.29817032389989506,0.537472092173772,0.22995030012994422,0.8307585285101268,0.09953203192978338,0.9731637363785732,0.37161648719877327,0.27044735744820986,0.0011829400328382273,0.010704031385561849,0.00480089681339175,0.0003233543468964788,0.0010279483651464616,0.0007448356686548939,0.001126601289024125,0.6185998255586821,0.02217304601365603,0.15088879159775442,0.0036260639322503885,0.02396283316150482,0.5454545434710744,0.03723274605927071,0.7227359917327691,0.026828510707413097,0.22795514153929639,0.09285641358402116,0.5989751580391831,0.18647905192729233,0.755020080321285,0.16849506753400414,0.12463620227512807,0.11481629230994773,0.03869682485191809,0.313233663642131,0.2142008955786824,0.14576102865669932,0.23638943993077202,0.5002973194809393,0.03596418820751481,0.11378090089666638,0.5211073138629303,0.10369609123543223,0.01951624557850629,0.128675830361819,0.1467809174420857,0.018474737426101184,0.01951624557850629,0.7145132435202162,0.061967248111548134,0.0006260534164123771,0.009032577659831113,0.0505510530056741,0.018873548729134135,0.061806409274370096,0.022137502766212312,0.029192741352109045,0.5506396346148942,0.28087952372693065,0.03637275776801443,0.04146648945063648,0.176291831332016,0.034248669019560925,0.8033927582337987,0.6611217991243201,0.6470638715861352,0.6686249383295214
002601.XSHE,4,1,-0.301535721442923,0.9061379805749161,0.4561469218546046,0.18140387963083138,0.023872966834928566,0.1763222746964533,0.6850555253790944,0.0123489996337387,0.9658038409152581,0.5357192991954398,0.2621735011625863,0.0012039067256435743,0.010701249903998032,0.00477792001956367,0.00038940926016279393,0.0022388672293073624,0.0013681134962947126,0.0011602800761988715,0.619873862782953,0.022971246063062806,0.15085443598178472,0.004285804705199649,0.024594484197215417,0.5454545434710744,0.022414661223821238,0.692187341299649,0.005609824553421842,0.08175816225015826,0.09075665046279577,0.25964189655466335,0.03544711885126769,0.9919678714859437,0.038622388006603836,0.9705029981552182,0.03509869127550633,0.02304332088845558,0.3037138921184718,0.16927813924115254,0.13456923960827438,0.5632939199838074,0.36039553743360814,0.1020690661202523,0.31467355335210856,0.48877421220795036,0.10304160463404365,0.04155836338962598,0.21361737598363825,0.22768359319022236,0.1137549412772292,0.04155836338962598,0.6680502046678048,0.07798378537025012,0.0003106651176844037,0.008982647896251448,0.04809972988218557,0.02029406737365953,0.04181257637280756,0.01998858073132688,0.02888671489716863,0.5605094234805836,0.28267763638023596,0.023707887589848122,0.02508324267401589,0.14836070894766176,0.0354691332176826,0.9300553180610984,0.815441046393349,0.8713484881691411,0.12965422747949137
002602.XSHE,4,1,-0.1761130973034469,0.6010033175252286,0.6296395023983417,0.4068487884586746,0.17205297116476875,0.1059528122403556,0.35949777529736937,0.1450744991023024,0.7672587836194247,0.18804239167635062,0.1507816004615109,0.0008921256450150635,0.010908717783410408,0.004907280970220528,0.0003457492476755532,0.0007143474262223548,0.0008088132959138929,0.0011094316355506892,0.6191530116445487,0.02206176592184248,0.15107321201352328,0.0039425308469476115,0.0032392282519493605,0.5454545434710744,0.00342518630317876,0.7015102440601212,0.0031061446320982955,0.035678755539477254,0.09109504844271168,0.36536740880069163,0.09959841956773591,0.8433734939759034,0.11834822010907159,0.43331940593307244,0.07407941452011907,0.03864577230843596,0.30974097565784964,0.18103383355137115,0.1403601130357695,0.3113367182454751,0.5187469582046004,0.07077136390018215,0.16955495921905017,0.5276135116871237,0.11566919253237751,0.020366925286527972,0.15740579836920882,0.17381211969448465,0.05385657526181844,0.020366925286527972,0.7331384227433082,0.0660623624205821,0.0004792172716456749,0.009111885758753284,0.049599387683704116,0.029176718139215563,0.04424639091718314,0.02999906153178902,0.029353821959073805,0.5969353867580056,0.2912868525981726,0.030313882821781525,0.039069413803759834,0.14086439808481532,0.013942094873482086,0.9104063995682492,0.6831713546503919,0.7155920182301636,0.6260279702237825
002603.XSHE,4,1,-0.1506355986116626,0.2400749281810796,0.1975420569948899,0.3273912405246102,0.2180953885530058,0.45419411801712484,0.9469820983841024,0.41375259236648276,0.8401521331929442,0.5062690336190511,0.5196022405142033,0.0028051660405665033,0.011807812210944332,0.005284462959424498,0.0006729201646740946,0.00026575555942010416,0.0007312234009284043,0.0010418828580025478,0.6238169205086533,0.022109248690700384,0.15168927162900125,0.005043579448009539,0.10953142822332144,0.4545454565289256,0.05816030824343682,0.7134265258594904,0.020984366324106753,0.2378131500406982,0.09031359483845788,0.22822624991668689,0.06239533338019045,0.8112449799196786,0.06695228018673141,0.9119237367043801,0.04191650522553628,0.034035290913970374,0.3038922366773645,0.17111516859341694,0.13850911331393942,0.33593783651764825,0.5061120864289035,0.11509389095716281,0.19641039126396975,0.5314124371449347,0.12596621630677737,0.021487416538306027,0.17496248620617744,0.19066930696124507,0.07226716521446859,0.021487416538306027,0.7388560337564576,0.09853266652041881,0.00022088175107711842,0.009106287652895912,0.0567669551828163,0.08575622215393988,0.03290862015514188,0.12443302182891142,0.02996043969994048,0.84068956570046,0.29314550579875276,0.047758747075208274,0.03979778075886641,0.1859834954653696,0.021738948375904767,0.9073493488233373,0.7510835434080758,0.7807442575248276,0.25470877383526613
002604.XSHE,4,1,-0.1580073934834574,0.5865799172158126,0.35027434573596955,0.3481347942316039,0.34035720345818815,0.10486488186789941,0.556474798235485,0.30925120528207906,0.9728735030590856,0.3862861264132008,0.2700995076343999,0.0006828742123220255,0.01111659939500291,0.004971283790320829,0.00032349055534366126,0.003312303399036023,0.00037193801359996506,0.001065641869375094,0.6201336661088905,0.022633029105510006,0.1510569975483567,0.003778953461545286,0.013943605638973166,0.7272727282644629,0.017349075823111817,0.690796744655344,0.009189776645777168,0.05073708962648096,0.09179205750552343,0.757760114154737,0.23547407905852671,0.2610441767068273,0.1685161492639182,0.1416704051641568,0.10267205104159677,0.05365717000730897,0.3119149230779227,0.18421053081969868,0.14908346916863593,0.5651812971406502,0.6608566238619087,0.3256188721791171,0.25779371429158177,0.5257871577177156,0.12076444035042187,0.024120227271011516,0.15777679225457072,0.17483676321097377,0.04790676456313317,0.024120227271011516,0.7226345181045998,0.056381768441116094,0.0012267812682465547,0.00908846495513519,0.04728103914360146,0.04225120159880925,0.029551773142415628,0.023395672163284236,0.02996043969994048,0.5834485603369988,0.2879051471729025,0.03543511817060422,0.06936308814394658,0.17605433323200081,0.02584719148172519,0.8400800301089317,0.6166495289903144,0.6270645581218495,0.734063554210743
002605.XSHE,4,1,-0.08423538236204871,0.6920594522798598,0.17761597101875792,0.3801635551129521,0.45047072384396186,0.18791023363205317,0.9477077835796688,0.5151619199571407,0.9341749953237748,0.6015627145058654,0.23448149371227583,0.0004150010215704994,0.011383998333979134,0.005089481234663431,0.00024954674721952796,0.00022903792927325882,0.0005077198150076554,0.001099062940595744,0.6183766708045564,0.02294419300916297,0.15133324806707077,0.0037319756003871595,0.06007569551396513,0.6363636304132232,0.10993328721424353,0.7475482252376793,0.029483084620360034,1.0,0.09210510106416799,0.5944516517664915,0.2216797375689842,0.004016064257028112,0.23485442406690282,0.02284983353848017,0.190455559471094,0.08336756793451033,0.5509690095039456,0.2386344867262375,0.17146444754677542,0.23159885771895952,0.5318427242963106,0.08302102168380186,0.12336011503018933,0.5369515598462443,0.14543667050133152,0.024098827295672635,0.15238897534188045,0.17006675821255593,0.03843334905211505,0.024098827295672635,0.7597504957483083,0.06592544184590957,0.00048277587078030643,0.009066103511967308,0.04617647943458362,0.032685807079105136,0.05450016202951856,0.0440365939229274,0.02996043969994048,0.6046806373171384,0.3201966185671046,0.04523349340096788,0.13296904677525992,0.2214146495161372,0.03417000658012801,0.6589710769624064,0.5559213435938264,0.5410984043325684,0.6344644623944719
002606.XSHE,4,1,0.1498341269154901,0.7012211324611716,0.20096674715835403,0.28406186713055026,0.03214680665926084,0.3793158367807963,0.9230798552027051,0.4487163537443584,0.8830258733564058,0.5162161116987027,0.20220509676775245,0.0011678872624834452,0.010553410882762874,0.004717216751579143,0.00019315541203301315,0.001765266642608755,0.0007119074169606533,0.0011465991100955962,0.617932257751577,0.022968395254819356,0.15074510315855036,0.003634772759513674,0.02560211788235301,0.4545454565289256,0.03813589027264124,0.7100402096944267,0.01197272077826449,0.35837026318169485,0.09129133438442773,0.22272171998328932,0.14970979134649423,0.3373493975903614,0.09568009001898672,0.6231820379653402,0.0665000854629844,0.052154619046128795,0.29490080061282603,0.1813495081144453,0.13864299882752684,0.16354563468149322,0.5151523375362125,0.03844795066735883,0.10043534419635608,0.5114359604202585,0.09313692468930598,0.011064257804152622,0.13960459183506987,0.15762409935612562,0.02661696032690825,0.011064257804152622,0.6810442440028186,0.07269284979267907,0.0003620226342764195,0.009366794641247313,0.06023154990847443,0.016142905676975176,0.040150341961728515,0.013684726631329826,0.02996043969994048,0.6480241017560706,0.28462486176412827,0.030307854082407177,0.0599818537052396,0.16655330090692608,0.05142474726326494,0.9317888895201034,0.7966448852328516,0.7511294832762541,0.7305139009522528
002607.XSHE,4,1,-0.2134457723089331,0.7931566065268392,0.38879962227837694,0.5008082490451788,0.12058070011342836,0.34672691682195617,0.6764827863659848,0.12331648482159005,0.6917599204031828,0.5033474033067982,0.12485142973049779,0.0007053634141572411,0.011354732770458231,0.005015204284050568,5.5952311406558745e-05,0.0028882176552150708,0.001999364289190145,0.0011774314871121716,0.6179094485329555,0.024036475838951004,0.15107658085692946,0.0037661177395948825,0.009966405244892519,0.7272727282644629,0.017714410212401267,0.7031528258446197,0.00911479284704124,0.1739621958940038,0.09199983420678612,0.77941548225629,0.28451062140923766,0.4457831325301204,0.19663258892866597,0.09887804011707228,0.12303997165030713,0.0472042561243656,0.29390107374214836,0.19583678629187803,0.1566837468185942,0.21576427704365017,0.5944047649919679,0.12891621576101117,0.13862066344977342,0.5278315532427689,0.12388265124863336,0.1264380716936409,0.15898053845747623,0.17614622402834465,0.047711406348532305,0.1264380716936409,0.7245509052007708,0.062486837346583377,0.0006013373709257381,0.0090174518898004,0.04106065171265458,0.018207124774871894,0.14512953493278824,0.010718234093090962,0.02996043969994048,0.4990591488762457,0.2736602094625071,0.036033572115829145,0.05395469446212275,0.16237776764452552,0.03721361488305318,0.7813276689721778,0.5978091415682636,0.5966642285847066,0.8359885133844981
002608.XSHE,4,1,-0.1752568107328747,0.6773218901559298,0.5201730659498989,0.0009976284632572385,0.39890266134714863,0.7252064681419712,0.8912561873829801,0.3019639048409347,0.9287185211009723,0.5842910647611939,0.23050200149168842,0.000783514361351201,0.011209257903904831,0.004950296880676373,0.0005494091904746704,0.010294551085727502,0.005387112284292728,0.001427091204665839,0.6205048731249506,0.024311253365781174,0.15088364342509894,0.004809455946115679,0.021780245681031363,0.5454545434710744,0.02303035163709353,0.6876551408961178,0.010209732914469992,0.18228271683096678,0.09131230785665706,0.41246692233568316,0.14724388230150928,0.4257028112449799,0.12159480651583565,0.27627787319358704,0.07581016098817235,0.05241180504213643,0.3076812393950128,0.18100811646847415,0.14200443512011998,0.45077960785677706,0.4540140843796305,0.05816397874445817,0.38452135941953813,0.47887413795096984,0.11698356176830443,0.07909453390004668,0.31635441130446457,0.3411664892404884,0.08076087385823462,0.07909453390004668,0.6982648517078632,0.08550707344641467,0.00026518846693644553,0.008894596783675737,0.04255147092579331,0.013666354627238315,0.029077693616036966,0.011642717210892821,0.02996043969994048,0.5085935135051223,0.2765297535376801,0.03885673651500189,0.06116876404600936,0.17755698371079698,0.04535039181671353,0.8963531976537757,0.7152519791252052,0.7195607227636758,0.5713632101696151
002609.XSHE,4,1,-0.2173636400737466,0.8118994376268194,0.29968886663398997,0.3965605014561586,0.48502284868378703,0.2510228497918506,0.7061117899088534,0.39356515962051736,0.6673434386632934,0.2846118446876021,0.1172520406812616,0.0007936371153702354,0.013684344003226122,0.004681066787440218,0.00016735122236379173,0.0002417680230803588,0.000408706180915117,0.0010912952794758996,0.6186071599260895,0.022288433402031294,0.15076245888498868,0.00355413618684356,0.004466455137667895,0.5454545434710744,0.0037376213036740672,0.6961723476678832,0.0030482399251604573,0.08949082029483585,0.09116982622831178,0.27175002715805396,0.10252785794341404,0.3052208835341365,0.12597058308112116,0.3643541364892069,0.0956664768654375,0.0484874395148556,0.3059748875759486,0.18266492749349636,0.14125441627215934,0.29373383859841673,0.5444125246484685,0.14904505663506676,0.14889718166481775,0.5054842409472005,0.09143943709974706,0.009019128038568892,0.14347157397706045,0.15871962576516,0.055494191340250125,0.009019128038568892,0.6524187960181216,0.06381234495339833,0.0005477650589858211,0.009175066575293647,0.06046887260243395,0.06044681470381416,0.03447755364618148,0.06732107970552519,0.02996043969994048,0.7364690971710154,0.30510625450039164,0.04085974048470739,0.05700158970778115,0.08566295219638242,0.03129284560626907,0.9050112908494412,0.7040544425279736,0.713204986361704,0.5016659917430953
002610.XSHE,4,1,-0.2424396279156918,0.704004857153447,0.49565122574266013,0.6996116615224051,0.05088531858178513,0.304407546165633,0.7309572373995321,0.037053594903928344,0.7509205357856366,0.457210587477788,0.14480852223008778,0.0015495161576061904,0.010666592643403463,0.004704975301282975,0.0003998465801013991,0.0041285992877308315,0.002880297695236464,0.0012170330254776443,0.6166407468826273,0.023249633552876327,0.15072672681158183,0.0035020256603957153,0.021112498523199588,0.5454545434710744,0.019858006738987546,0.6960580885274628,0.020700656926489498,0.159536944921769,0.09148068762445638,0.36504400051276564,0.14449732837303292,0.6184738955823292,0.13348951381577992,0.2879101610821898,0.09609572230311973,0.040887904707820846,0.3302781562769594,0.19007653536046637,0.1418809484813743,0.26231056283081133,0.5060985170813961,0.11121776423343441,0.11461174647958629,0.5349707581021046,0.09438253801897001,0.021313945801309492,0.12106137142593713,0.13762673845814222,0.027968828569058066,0.021313945801309492,0.7531658364270132,0.08728184840619513,0.00025725123335501045,0.008951063108294214,0.05154585591570677,0.01875962067730639,0.046417900548239896,0.007479736382362697,0.02996043969994048,0.5050529859410119,0.2650831128275298,0.04582977797501631,0.04445858709180371,0.1593586917971323,0.0344101812526171,0.8809756288079986,0.7034629162796868,0.688961033817165,0.611928546692066
002611.XSHE,4,1,-0.260397658585587,0.8347808897839167,0.3916647170104942,0.39016321336234255,0.2349762485696063,0.13182306614862524,0.6298054633343568,0.17410808759711474,0.6142500608128816,0.2497083203622744,0.10175555735252861,0.000388632847843379,0.01081986417865211,0.004855070851631087,8.992670705480066e-05,0.0002052570477852314,0.00047795382708189324,0.0010862257927593748,0.6188898538680814,0.022309968517469216,0.15103012570168925,0.003585591897415415,0.004931784736771058,0.5454545434710744,0.0051545177574469445,0.6898892480499157,0.004673901730890577,0.0797684724608845,0.0911344456296645,0.36297879877448525,0.05142278733712687,0.9196787148594376,0.10534145155616105,0.7220611046721124,0.07248731162049217,0.03808159968988492,0.30774846903793507,0.1790710271371105,0.13911614763282612,0.23602946794594803,0.5318427242963106,0.1254120978158301,0.12290652967973596,0.5233503596581609,0.11935973107563305,0.008898973110112632,0.1374690537142082,0.1554933081769873,0.025139712932104142,0.008898973110112632,0.706019208275053,0.07161832453709104,0.0003757595125292655,0.009101473375073516,0.052281701378133795,0.07183557206220739,0.025154713248398086,0.06747734111731234,0.02996043969994048,0.6577586120865827,0.3275860692891431,0.03748350018533092,0.04025617983180145,0.18651216623600345,0.032240234491834656,0.9030540327505645,0.6853080359117247,0.7352757893180324,0.29307093532313605
002612.XSHE,4,1,-0.2743682989657017,0.6420173189054226,0.3400999988354994,0.3444943534122736,0.5934567588554844,0.1857558856346188,0.769474279089867,0.10028470912818988,0.9990629986326982,0.4807750538016965,0.32373343139385224,0.002042671001118791,0.012290392456312287,0.0054685848188826755,0.00042319688698096966,0.00020789808092837642,0.0008898954458010234,0.001103143968273185,0.622188961528445,0.022763003834740766,0.15194041221881344,0.0040110407645028885,0.025550132470630496,0.5454545434710744,0.02022350152245519,0.6816607505319068,0.008410245272017475,0.10681016550601428,0.09148856688122758,0.6358151020718273,0.13661938166008467,0.8393574297188754,0.14285704874227714,0.4428749028589496,0.10264304710278635,0.03196551321383566,0.3027904466692081,0.18389846612269906,0.14072277379587528,0.7061496596207647,0.5318427242963106,0.09211244844257438,0.3267314394197929,0.5285825540418665,0.19349757117585306,0.03783603613044173,0.17884523532725316,0.19829640123138342,0.03936189698392894,0.03783603613044173,0.7007479752318654,0.0957088779104591,0.00022826834834361397,0.009083245740618964,0.05874666706066542,0.029404263695497892,0.028023162276719808,0.08032483987655095,0.02996043969994048,0.8001913858620625,0.3354431032734138,0.03308520168733202,0.0313887193214333,0.142624971500228,0.0302760662798349,0.8519860178097172,0.6768276502587236,0.6698014063420057,0.6660651500576937
002613.XSHE,4,1,-0.2797280970223427,0.7049087097146796,0.49446745803298914,0.3797523919443892,0.09759744021184458,0.2088636496755733,0.64343666112718,0.2014609779563422,0.8220066231155692,0.320871191100919,0.1727196298877981,0.0012437188534517233,0.010469559999156148,0.004705727325742917,0.00020806570731366994,0.00023177177198069993,0.001015717708147798,0.0010874115495369675,0.6196652217238517,0.022081001213126974,0.15083703042312835,0.0037058471862281657,0.005042399255776539,0.5454545434710744,0.004314741589139658,0.6821965256021213,0.005108094286600213,0.05824364655874107,0.09100176204798531,0.32079759355082493,0.042637117818438854,0.8955823293172689,0.10368982977820701,0.8018281509374304,0.07451577132664663,0.031228640226510087,0.30708240119261093,0.18030154522353095,0.13848311612683506,0.19345978164490693,0.5318427242963106,0.08076984212888846,0.09981719310589802,0.5226932640696422,0.1002337526747353,0.005440483405393216,0.12931791709121998,0.1452870381211606,0.039161767469649895,0.005440483405393216,0.7250767431235007,0.06558294416272879,0.0004919813487812694,0.009019764168795507,0.05929030620563885,0.03841312519691649,0.028680287122958045,0.0380661424884226,0.02996043969994048,0.6269683304078426,0.2901484567124381,0.031001232235328184,0.029452331135038156,0.10589098203881037,0.027063318777292573,0.9049589197710586,0.6952644730440936,0.7381711216673312,0.29075487075874906
002614.XSHE,4,1,0.1766648739533151,0.33236103977755305,0.4718187698428241,0.3417300690778913,0.0,0.21579003124590984,0.6462905118991242,0.2373580737180257,0.9435814528175466,0.44397275980950424,0.24178227402524122,0.002131488041512217,0.010229834214946864,0.004584502799052312,0.0005880425542386607,0.001000443440650393,0.001372213151121093,0.001125890461798457,0.6211603824279786,0.02273640651028029,0.1507176894689373,0.0038711853954492325,0.013270232277793797,0.8181818152066116,0.01621544148918855,0.704438707493277,0.006160198270192021,0.1527991317717283,0.09178011263729202,0.5936232037212846,0.25832844173543407,0.028112449799196783,0.196242576925256,0.03905249877065882,0.14534161406835108,0.06532476050150796,0.313172501608616,0.1892317851854481,0.14893138562407546,0.49051162638659856,0.5231212635293933,0.07896790753022494,0.2286149511461589,0.5236396230366223,0.09428210217615055,0.030745442771934303,0.15549371279962057,0.17524271870439934,0.02087337580320191,0.030745442771934303,0.7320505225076159,0.0698627414447567,0.00040166968425507036,0.009294695347624804,0.052355971904370156,0.02077933512407085,0.042765677603012524,0.03284098894285723,0.02996043969994048,0.5568923859252664,0.2731610906097329,0.05073793557438855,0.10323433686342881,0.2106585980645488,0.019909373691451817,0.7531697817102441,0.6420132899915973,0.5917687008367813,0.7277728098592606
002615.XSHE,4,1,-0.01885726210717761,0.6630818489579811,0.35870278876701617,0.41325085751956697,0.42657769597333217,0.15342005682257803,0.626915566537854,0.21596815303312608,0.45012026460848364,0.27855666435282306,0.06041835038776222,0.0006552753930827682,0.010785068756854626,0.0048376816775136475,0.00019308499826566688,0.00029710331566594223,0.00041777453652965576,0.0011024727041055772,0.6181068319383332,0.02217336351805046,0.15097657194242237,0.003539762316580749,0.003978909416581834,0.6363636304132232,0.004217117170976184,0.6988381921873748,0.003288565364510359,0.07759790178167676,0.09144894353729299,0.5960510190388006,0.0757978561073202,0.8473895582329316,0.1393225649613743,0.542584480632872,0.10208923619635797,0.03727439173229981,0.30884891873771314,0.18256267983431115,0.13892636816696433,0.3450996106328526,0.5318427242963106,0.12783046454974203,0.17455082256238574,0.5118814380673657,0.13008130081300812,0.028102750406256847,0.15120906233749276,0.16743388919477786,0.05142109184831401,0.028102750406256847,0.6595620120662276,0.06299360382508798,0.0005793914924301296,0.009116809152895344,0.052551476202562494,0.040302805962569535,0.05576609847330134,0.04064797650566937,0.02996043969994048,0.6235586460171005,0.2886211218766869,0.04753446497050548,0.03791476766578491,0.14102819260779248,0.020790662200155532,0.8802140290579596,0.6507230993764099,0.674170149955243,0.558516611820781
002616.XSHE,4,1,-0.1139223118983759,0.44611938580384736,0.33123539742814756,0.3620288157739332,0.339977046831652,0.48432516138176196,0.7099417835987274,0.38725168569094326,0.8646120840684302,0.35961537346014993,0.19256107361812136,0.001006694337586003,0.010843146849789188,0.004825916836991705,0.00036713436625729096,0.001259393703692848,0.0008457385409527357,0.0011546858837151535,0.617587304935399,0.022899987186898226,0.15087852480338151,0.0038050553356654576,0.0,0.0,0.0,0.6808926879914764,0.00013179433440068167,0.0,0.09134051696217903,0.6980619377337348,0.21962139386396348,0.12449799196787148,0.13305799715660166,0.3190692116509718,0.077270313845077,0.05375770474970897,0.2895110436352005,0.17918447946423482,0.14208910423830812,0.3616361809605173,0.48983002532743836,0.0588851533376758,0.20311590979513183,0.5184099579510212,0.10605172080367473,0.0332371691547957,0.1734200109956406,0.19122527368664635,0.05133176251545039,0.0332371691547957,0.7125571264476611,0.06412123459944204,0.0005369026278860983,0.008952179494358725,0.049622341629645725,0.01724759764300112,0.08136357539471831,0.011584556826871158,0.02996043969994048,0.5703842021283084,0.283352147622382,0.040271686521152504,0.06960392547113467,0.17670096139230887,0.024254800502482503,0.8457458706736163,0.6433760116757332,0.6359723590159303,0.49392819012225186
002617.XSHE,4,1,-0.228834185738821,0.4849317051044235,0.4325528709701665,0.15625298257089593,0.34810427392006843,0.5972365339239758,0.6820622552133118,0.2607720511241513,0.6306502192337313,0.43576705847321123,0.1064049992794539,0.0004895346284077857,0.011097753361788828,0.004984704529673674,0.0005745682885640773,0.002749804291915808,0.0013914180105816377,0.001190727695784642,0.6184910511887128,0.022516740255245766,0.15094480559738324,0.0035836499565421514,0.007523175898768792,0.2727272717355372,0.012897535059386251,0.707598190456036,0.010239406817073816,0.2075156009767568,0.09003934666704604,0.4481549469740383,0.19453392317761642,0.3293172690763052,0.12981536357419649,0.1545489729483348,0.11253046935287496,0.040047105058051514,0.21010374085306915,0.1675558632600809,0.15392804498553256,0.4339997283503742,0.43483637477693493,0.05730698506139383,0.2029069766484125,0.49220133084439693,0.1167668501143872,0.12440227117160835,0.14934636604676071,0.16648415346694068,0.041513488066581894,0.12440227117160835,0.6736229181200243,0.059646682262042186,0.0007751137242414429,0.009063210284526549,0.041198771145992893,0.015101865213916061,0.09667938330493658,0.013433894694321658,0.02996043969994048,0.4992276926249913,0.2721494210785834,0.04678648691381681,0.046168486759410265,0.13017801274256474,0.025013758449482563,0.8378839953984463,0.7773539427712177,0.691007438350413,0.41562223044633984
002618.XSHE,4,1,-0.01378130327196565,0.7046906398409345,0.26969514435042563,0.37079746353760046,0.37203742386210037,0.24126003958345535,0.710942785843939,0.42093069231827696,0.862963330491008,0.5396661104418796,0.19173391386606153,0.0005395908033993671,0.010795647216525477,0.004841705577847595,8.95574159751212e-05,0.003123580900323976,0.0002539366269676493,0.001133386568409917,0.6172666325393554,0.022403949418341333,0.15090303343714945,0.0036312451445600965,0.01615714532702524,0.5454545434710744,0.015608919519196057,0.7022815652184933,0.011067946242368785,0.13787645835217507,0.09099781650622414,0.3368568328329159,0.12890848115791484,0.2690763052208835,0.12413581377453879,0.41794725176804404,0.10191956777469788,0.05299715249190122,0.3102932777239901,0.18737553261457365,0.14110363258695408,0.30234949551991475,0.6291933053060973,0.1161167966936504,0.15465113463328004,0.5310100780083712,0.10809403231806099,0.006331569376602557,0.14613011114754396,0.16364992784115948,0.03573332357867621,0.006331569376602557,0.7433981048801266,0.11140217513519446,0.00019604258705754472,0.009074407592887726,0.06372938827997904,0.025663003114318978,0.02696355019423219,0.008927457580865234,0.02996043969994048,0.7513292224921633,0.33487877193402527,0.026296386152619405,0.06775519695904218,0.1660921587627299,0.038130645450738763,0.8637171393674283,0.7072221485117862,0.7100997325151235,0.6249765311037359
002619.XSHE,4,1,-0.1554432909193549,0.762440131289046,0.37558084756582333,0.3186112600982436,0.18905653784974114,0.15685070731744355,0.70262568357971,0.29826153187399224,0.4617603331404299,0.26775320634908356,0.06309317993005958,0.00039826205237724607,0.010647357964674871,0.004782430032206491,0.00012651857817534622,0.0008809637623078788,0.00048468861197201304,0.001126744728680757,0.6178836117906167,0.022338377829645015,0.15087467296974594,0.0035397219157982714,0.006594948619865137,0.363636358677686,0.005671070766530097,0.6903333914982596,0.004406167790708893,0.08456181604413494,0.09106377604656152,0.12714230124537296,0.056111682335681375,0.9799196787148593,0.0671005111001896,0.9243875622498329,0.04926215148823533,0.030851525066820647,0.2837879524166659,0.1777232440479393,0.1269390651931461,0.2718769934424875,0.507802425073581,0.03026809296627253,0.13918912084830481,0.5272982326710158,0.10685851479235454,0.011284497512109654,0.14132783911541608,0.1592490673071916,0.02870493408051886,0.011284497512109654,0.738588440680224,0.07466378920785005,0.0003401444915623085,0.009045855580629316,0.05297810299092553,0.01590197445805682,0.03414070037397964,0.01841066124923928,0.02996043969994048,0.6639758805024822,0.2884134152402166,0.028142789148334124,0.02763551635197214,0.13882816854131833,0.022786534665310762,0.935611978242036,0.7983586528680733,0.8121545867187026,0.1790599030231282
002620.XSHE,4,1,-0.2422150097665454,0.830623834762652,0.3907964230778595,0.30309100145854906,0.20673866906730393,0.19931253213353667,0.661350913849587,0.17429882200888228,0.7174576439377242,0.33095265257349027,0.13322828570124945,0.00039811713679472103,0.010846256566426328,0.004871181501771212,0.00031361786421880923,0.0002119446952629789,0.0021229087920664525,0.0011463250519747712,0.6189904666694906,0.022168161351171424,0.15103809327841888,0.0036462387896840425,0.014093544678218368,0.6363636304132232,0.013886013604877154,0.7061605888519499,0.006127190475333317,0.1463326399565886,0.09114214733741861,0.3345409050502385,0.16971301940530806,0.8152610441767068,0.1181070978231796,0.1869543034126921,0.07368356439195231,0.03479210739833711,0.30926806733453954,0.18017598886886968,0.14312751360302814,0.4187817939358045,0.5318427242963106,0.07990053437598288,0.21273078807551266,0.48663013021950774,0.12982176902506387,0.05161125754090838,0.1602252422600252,0.17758783560121788,0.04667895011261592,0.05161125754090838,0.6387575267855996,0.08343155508479341,0.00027559136531792375,0.009081153339232829,0.04245516988822219,0.016021395985830387,0.04674514659699212,0.017897975557030175,0.02996043969994048,0.5415554592096408,0.28454913741399984,0.039098373589116546,0.03519985354319702,0.17623807759537924,0.028576299575282647,0.8676547343454857,0.7098840166290747,0.7171274817605944,0.5173277720629798
002621.XSHE,4,1,-0.01637925841269941,0.6172434438331821,0.4354503599894559,0.3769974924713049,0.05298988840213015,0.2120301814808146,0.7197340797760672,0.279213925041193,0.705752591243472,0.3720948534060872,0.12936127997889402,0.0002229833888217031,0.010795224449521188,0.004848092473596219,6.718279323855462e-05,0.00020109926929071353,0.00032521415321243004,0.0010695006972664563,0.6193113738056917,0.022249063390294584,0.15101844028049263,0.0037118700078742155,0.005565831679693395,0.6363636304132232,0.004357097825384267,0.6921094519564039,0.0026653686138590994,0.07696481866690784,0.09112981780485699,0.31365669648992367,0.049733176857751395,0.8393574297188754,0.0970958599435273,0.7532201552408944,0.07203402814902371,0.040559050704263584,0.3073905853936042,0.18089628864106252,0.13860400304687032,0.35411622046967683,0.5318427242963106,0.19538989642227816,0.18643876169469656,0.527073767501137,0.12157941542161904,0.006784487783918189,0.15963896645990255,0.17671429339273334,0.0490102601498135,0.006784487783918189,0.7258234329737772,0.057923849553236956,0.000955874995462848,0.009102687362670189,0.05280885061941354,0.20476934800621838,0.014433652330102718,0.16897071239829953,0.02996043969994048,0.7143017132693829,0.394400641768734,0.03791266192893335,0.04401140317945679,0.13209058494198714,0.02680280552730753,0.916814311684254,0.7049914864446509,0.752159286847824,0.32470736030072667
002622.XSHE,4,1,-0.208426022473515,0.6735639108478585,0.5549096929847311,0.357284325705684,0.17536538250961886,0.1802363292817056,0.5087631200278756,0.09341955286064058,0.6451807657417548,0.18133714376316035,0.1106234688396589,0.0005300718643075204,0.01051134141419316,0.004722248717326669,9.445297946491683e-05,0.00021637604379309654,0.0003275263099660846,0.0011148528800685635,0.6196702150151103,0.022120422126203156,0.15087781841569853,0.0037445186435052136,0.0025302863198305536,0.4545454565289256,0.0027101800032590857,0.6979009022035861,0.0023811795037531015,0.05046576829158,0.09112372606148779,0.29857784684826466,0.05185546304166382,0.9477911646586344,0.10123776106757879,0.7066889505070839,0.07265900899202056,0.03519115047661035,0.3057097119939948,0.18059496663647412,0.13819064777191106,0.41190746425379965,0.5318427242963106,0.023393708829155285,0.21097344341648358,0.5249582304484454,0.1058364016744413,0.0038520160198660513,0.16417883836990424,0.18405234981121138,0.025518501112110435,0.0038520160198660513,0.729285783562774,0.07191606527226024,0.0003718079840967981,0.009096776712580608,0.06364548764998557,0.021600829302838923,0.015242414265692197,0.18170245761705045,0.02996043969994048,0.7184099671450574,0.33811253261354324,0.028094900482737897,0.032588370414488824,0.14658335233318134,0.015712747502542323,0.93032960048856,0.7183782229888114,0.7496719151441857,0.27698635391493975
002623.XSHE,4,1,-0.2272857497705473,0.4272024125744737,0.5427870308518532,0.3414979265654081,0.40040339399289,0.09386011724628154,0.33352723608613094,0.09627232403376351,0.914944074103021,0.16021497475719143,0.2211353546870955,0.0006542478237851188,0.010504578423973395,0.0047248457292495,0.00019914596870949686,0.00020097371004085295,0.0008984771844364262,0.001067854154395637,0.6204301555889269,0.023026352403010174,0.15092640111989478,0.0038457947458099616,0.0037560511995390275,0.2727272717355372,0.0036995363018191047,0.7018133601270671,0.001900257469048899,0.021208284344758976,0.09125469803831365,0.2773485131012774,0.11306199960245047,0.9999999999999998,0.11069225812997148,0.5695889226865031,0.07239048852568784,0.03799258222016608,0.30630271702024164,0.18169400480984443,0.14008324299310812,0.7893396603381322,0.5318427242963106,0.24136043220490672,0.3501126783873128,0.543938806081364,0.11054661641741345,0.013143983514571961,0.17409908747564373,0.19005741095036155,0.06930286275329968,0.013143983514571961,0.7643030836304319,0.08217549646968327,0.0002825716508373514,0.009020986107078787,0.05210756799512847,0.06503162903578533,0.020292580599985885,0.05466706422146473,0.02996043969994048,0.5662260504322815,0.28982687155456643,0.02744569787695749,0.037107812122145464,0.16535916046004964,0.011908237123885865,0.9280545653378025,0.7182483083454958,0.7259903937810426,0.4906894580122543
002624.XSHE,4,1,-0.2143570507193776,0.7432988127938771,0.28160163284145534,0.29823654914754466,0.009459112683673387,0.18546700016848638,0.615563761895706,0.1619630143805685,0.5152216618557897,0.3192535630934863,0.07582900064555509,0.00048349563084957144,0.010636696801443628,0.004780721907684644,7.632669044782263e-05,0.0006401606889505332,0.000450064781875765,0.0011227284532716202,0.6176689523818372,0.022202014890671383,0.1508826496947008,0.003510441887673319,0.004424574913893205,0.4545454565289256,0.003157733339935218,0.6962765979369234,0.002521174632193782,0.05127973229628289,0.09109979511950934,0.29957123731302854,0.07858239222239474,0.9799196787148593,0.09069360209025351,0.7548822039648947,0.061284442825195136,0.029664451122368006,0.30666587495396,0.1811017717363181,0.13976347759172456,0.1142474270778962,0.4971941604765313,0.024074188700441927,0.06998716804545155,0.5200442458548418,0.10468617628561795,0.010278760047784549,0.1266382354620295,0.14473450932785045,0.017191522884876225,0.010278760047784549,0.6944834927790768,0.07386482348547585,0.0003485477432027698,0.009111557038986254,0.05188805439715813,0.016354399146624385,0.05173171126450644,0.017521620073878065,0.02996043969994048,0.6336790328250039,0.2807954288188189,0.02689137072895909,0.025166758511410082,0.09994260462582966,0.021284321349524436,0.9216777208106688,0.7150197912520455,0.7593349053240845,0.24408600912041883
002625.XSHE,4,1,-0.07403925805901133,0.6863906160924977,0.3040659064948428,0.36131910777238274,0.20056739295974668,0.14602021402833607,0.7399836591355335,0.18831844255183958,0.31121354410448754,0.32062311355686735,0.030753537564843447,0.0003815770730747993,0.010642645190546517,0.004784606565210728,9.174031726426796e-05,0.00031443402224573926,0.00029815412666898023,0.001110381178851633,0.6177942681829763,0.02216863160956922,0.15089128067064292,0.0035018122800354874,0.007699766230301378,0.5454545434710744,0.003875437622527949,0.6962540441885219,0.00353130097628264,0.10884507551777155,0.09135048371425414,0.36911236885507936,0.12446412369681395,0.8433734939759034,0.12186425737629963,0.4702951137410057,0.09485903517230398,0.033416799750038924,0.3099966437116372,0.18332524982749196,0.14080986437267487,0.1760523866722285,0.517467418991498,0.051397506663168696,0.10083325064778885,0.5232959998227082,0.10960788071494305,0.010854984049141708,0.13592856242819204,0.15370044056680487,0.026499533340384254,0.010854984049141708,0.7160358364386985,0.06583343908424033,0.000485205300025506,0.009107844068339973,0.05617951885363244,0.032543073081284665,0.042396353763093995,0.04267171728690132,0.02996043969994048,0.6419703873068816,0.3076544080818322,0.033934262690862,0.031844293988117285,0.086656406748746,0.023822007537237542,0.8780375225461932,0.6703291539516165,0.6935014113589972,0.4775156113822391
002626.XSHE,4,1,-0.2575653068344742,0.504709191468683,0.42616675012253713,0.39027246731367904,0.08870739224089286,0.03217403125747975,0.5384381133262153,0.19045756287593785,0.8377635261460266,0.46316638210902644,0.17971502516941862,0.0013856484209444667,0.010843045287580422,0.0048697920722809195,0.00021473739314437903,0.0002240163863052114,0.00034030197342463115,0.0010781093392426711,0.6193932101200925,0.022169476955022405,0.15103473085091976,0.003918961310042962,0.009479616778707057,0.4545454565289256,0.006298488043103156,0.6936156454359003,0.0025711413691160826,0.0318802568508637,0.09108655389988539,0.25168934446404334,0.0528032053607441,0.9477911646586344,0.055274978226525814,0.9808890061482458,0.041595095460062355,0.03438182430945303,0.30099679339618574,0.17892524038569327,0.13166405394936267,0.3387636689317286,0.5318427242963106,0.14116146525335635,0.19808545305299646,0.5272268101102549,0.11943806058909712,0.018169070075528614,0.17564004863852004,0.19166957749575492,0.06966124037357155,0.018169070075528614,0.7284035443813051,0.060615705721833085,0.000703599356732307,0.009105356874239474,0.06271361021244799,0.08783628987639765,0.03639350189576383,0.1456507651136902,0.02996043969994048,0.645591860224008,0.3010000091492146,0.03140436964979849,0.03382599637115337,0.14084832738004763,0.025605969970688522,0.915075414352871,0.7781970058820926,0.8182673950986632,0.17295701839982092
002627.XSHE,4,1,-0.1062351461229748,0.5759729358029355,0.49461058573317473,0.43023603988601467,0.4422674319951786,0.22349159484301478,0.36429997584502033,0.15171722350060496,0.5145072751526031,0.09499126991339518,0.07565372047963514,0.000783624025923733,0.011001038371545055,0.004932722226543732,0.0003908904276906873,0.0010229553859027747,0.0006173887625771266,0.0011234897858979174,0.6180310430911408,0.022253946453260832,0.15105774767229244,0.0037319358766848007,0.002352376388323795,0.363636358677686,0.002241526730978636,0.7009790972121887,0.0022729737316646817,0.02812697838473365,0.0912198169752042,0.18869219182523372,0.06584262355022225,0.9477911646586344,0.09751024769715039,0.6834233481401787,0.06710400942229855,0.03485501440876496,0.3060275041752081,0.18148529541127972,0.13756671528140654,0.2916596721316227,0.5237019813458661,0.13147462771524784,0.1760008625287434,0.5253227705562079,0.13033456623987527,0.04438469454941606,0.16870362201184094,0.18448639572538145,0.06734848539067799,0.04438469454941606,0.7187105986723177,0.06044903274207012,0.0007147920255023094,0.009081476027444501,0.047150834864036116,0.027760461489673476,0.08614298430660049,0.017729420954942846,0.02996043969994048,0.5596389837255487,0.2875860926488398,0.026932434406584355,0.029186672018607265,0.14248421429295233,0.011075103188371118,0.932762636519862,0.7282738490115435,0.7465811841684864,0.2336301958507957
002628.XSHE,4,1,-0.2033239816571884,0.7697692008856931,0.38662094767052246,0.06828779226095999,0.25355828441366185,0.2893556733273025,0.7552286415910634,0.2601223448569776,0.9485391296864341,0.3284349458695959,0.24589458162928335,0.000873151977394359,0.012209584370203577,0.005225097397397794,0.000684237301581134,0.006317088575567656,0.005943850127248477,0.0013083633190304254,0.6154615699836827,0.022634761917066516,0.1512262738239518,0.004321852220451143,0.03222241828131476,0.363636358677686,0.06749297835950172,0.7258279373510788,0.023319592277472965,0.23627566247625936,0.0863089974823134,0.4535660066389491,0.07375205716880492,0.8152610441767068,0.12342694060617877,0.48940610759276,0.09731085435266136,0.03323383584165669,0.29043790316066126,0.17119907314427643,0.1398544677465898,0.17691749492025668,0.5765706720767152,0.11117670518991048,0.13955419102595618,0.4693552650511705,0.13449577812625707,0.059463534534087446,0.17130162338017457,0.18845388116119705,0.05610385741023926,0.059463534534087446,0.6229613555867943,0.06708397056576418,0.0004546444183658187,0.009070725602503058,0.041408786559435674,0.016376319507757142,0.0808204439497956,0.006747494506987912,0.02996043969994048,0.5414617621914236,0.29599917104153156,0.03967060820555303,0.03285376152156743,0.20220683234534123,0.02859544176586708,0.8765578176705344,0.7301589934102877,0.7158560704280024,0.12635393209191614
002629.XSHE,4,1,-0.3219119573880213,0.7821711405309335,0.2924230185759005,0.2389247569630801,0.5237842803395999,0.06772014048727998,0.7924283460965265,0.3161209421070675,0.7537372479558531,0.25521552582578105,0.1458222559731911,0.000698446157478397,0.01062265948080059,0.004775760006915632,0.0001590228138792372,0.00037369080606635487,0.0006350939991140419,0.001111720406716996,0.6187338891668029,0.02216372482041397,0.1508827054042767,0.0036731571723663116,0.02254848155311423,0.5454545434710744,0.018076370665999618,0.6722992980428494,0.011256549986313421,0.12729492629103734,0.09114912336596456,0.3818367773911152,0.07823291985877368,0.8514056224899597,0.10941549586205168,0.6427088006455195,0.07856351827846184,0.027667001894670966,0.3058432932870717,0.18207430556432186,0.1400520463685829,0.3128910951497499,0.4314190602493101,0.08914442972139927,0.18175621570620473,0.5223316547358738,0.108487768672407,0.018639358061298083,0.16749562081292405,0.1839542709192787,0.060128448688780575,0.018639358061298083,0.7185049376180945,0.06859309061688955,0.0004237322988847491,0.009108397052301691,0.051157089946224435,0.02436798844266896,0.04188153591420306,0.03686595743923439,0.02996043969994048,0.6163467477155115,0.30325986514057773,0.03205778912314667,0.024502074701628275,0.09396081914678017,0.026409792426870853,0.9125633778812969,0.7157412321436469,0.7311248887680115,0.4084931573084605
002630.XSHE,4,1,-0.251639967294205,0.49190072408218966,0.3334650983314824,0.30733862509657106,0.5182138322512911,0.349146106626577,0.7222367925501569,0.49443618010092255,0.974119618279518,0.41725444093608177,0.27160565215289667,0.0025809537823321812,0.011395643780304261,0.005094987708043823,0.0005282534530469706,0.0022555963501253587,0.005689554530823209,0.0012667253537619078,0.6206625569638693,0.022948459457801492,0.1511298924683237,0.004025615481008753,0.03188041915044756,0.7272727282644629,0.026262256783034135,0.6905731427976598,0.011766081579833897,0.10631274305869584,0.09097234036408597,0.34640662856879745,0.1698603297944537,0.13654618473895583,0.12435321911427745,0.19734133799541936,0.09975169711511733,0.05486399251782757,0.31583776300221356,0.18246337810382618,0.14271935776548975,0.5130108013333858,0.5888536454403877,0.19433044923001908,0.2767523794080981,0.45080499127673185,0.12848094182014463,0.09431666779224536,0.1939410997347832,0.20883844265477564,0.09267454408243532,0.09431666779224536,0.6486000441703855,0.09405769605124628,0.00023304227975234825,0.009078575123478741,0.049822067343183646,0.016791724807738516,0.03991898339317525,0.01384523246999865,0.02996043969994048,0.5719803779593566,0.2778657335246493,0.03527676219970662,0.07387574715337988,0.16154636596240562,0.02249192438834719,0.8800879834116828,0.7082255318207955,0.7078605698774534,0.47254809211755233
002631.XSHE,4,1,-0.1877859482620122,0.6834394168748823,0.5652409298642509,0.4178310239786748,0.2729444334387373,0.09323877848088907,0.4752297519743485,0.07052867511406968,0.678502712210612,0.18312956686008847,0.12068446001285682,0.0004012012172620892,0.010744617844544899,0.004827355123787923,0.0001589033483825891,0.0002224047391901647,0.00045810990661620426,0.0010698708981095614,0.6194164019292753,0.02218012441557118,0.15101160486547874,0.003612715454146748,0.0039576667540226745,0.5454545434710744,0.003580730250749,0.7025688811603429,0.0038916514938750406,0.0655241023785837,0.0911462372420733,0.3075023145233937,0.11262713658392634,0.9277108433734939,0.10494221629591369,0.47818856194288256,0.07734268909839892,0.032423855263368315,0.3064258702529405,0.1820235054902693,0.14062008490681308,0.47964338700224973,0.5318427242963106,0.19513104593049685,0.2125483765345398,0.5245891135155413,0.11948993213356887,0.009891350934001515,0.14371455252230028,0.1608059194817857,0.038175963941697894,0.009891350934001515,0.7187994068548232,0.07013086588009713,0.0003973958446799454,0.00910521156858766,0.04921563464494466,0.09525944294783217,0.02564177176414857,0.08874550897582842,0.02996043969994048,0.6380495274676413,0.3134176345854326,0.031141233863575313,0.028543325876488505,0.1483406007751938,0.01859020757312915,0.9163696013406997,0.7392143204634913,0.7414955388381177,0.5552648744548254
002632.XSHE,4,1,-0.2315480372368671,0.6498935242464481,0.4568530326240113,0.36853836805761525,0.30204330007380786,0.1414175707443989,0.48757882996261576,0.15862818534254605,0.6101622057381015,0.2615524278921916,0.10061442926202979,0.0005118022036557754,0.010575390509258617,0.004755244130160906,0.00013004700972269178,0.0002175293666788982,0.0004964419170018113,0.001115260467565596,0.6180449246549784,0.02219094429086983,0.1508617343974156,0.0036130349458524226,0.002773846790023928,0.5454545434710744,0.003055784194079978,0.6993073160954791,0.002145203122256407,0.0462150673781315,0.09116998549944154,0.24634282533607604,0.0859572983814168,0.9196787148594376,0.11178257884896388,0.6921483339989056,0.0808730176742948,0.037663736086492906,0.30764192938359053,0.18100859921278775,0.13681539657409067,0.48961221975665703,0.36455715580043363,0.04733127693224606,0.23286691913990706,0.5275005765193774,0.1058320500348044,0.012891746137943791,0.15980125670654588,0.17652554253573094,0.05244824664014354,0.012891746137943791,0.736778389697316,0.07194139271802005,0.0003714772317169326,0.009090125003666774,0.05535858548814599,0.023663185116496708,0.033732254811648536,0.03535846219211231,0.02996043969994048,0.6256560177325765,0.29166878363918,0.038400689193785295,0.038896918861405554,0.14332092009930586,0.022939971286714125,0.9211353694735198,0.7146936225730842,0.7308898823119352,0.403233095775362
002633.XSHE,4,1,-0.1985041164913912,0.7268051214258946,0.43665932325581636,0.23830535611741555,0.12181980341856757,0.18562247044437744,0.646259437740022,0.06975053001630133,0.2644815888452051,0.2785783203816101,0.02156985072725459,0.0004430609963604399,0.010475030822217313,0.004715443544204453,8.616125795874303e-05,0.0013930971000858606,0.0003845049430734439,0.0011257329516776986,0.6176863833633178,0.022176064837973866,0.15076265517907791,0.0035235797337863093,0.004615040650775112,0.5454545434710744,0.004147544760190927,0.6950242003336213,0.0045688478732507035,0.08840553495523198,0.09123727978757959,0.35127182575167637,0.10172228061771912,0.9518072289156625,0.11802935894412155,0.5272123264678437,0.08527219481418975,0.02316296734168576,0.30565731749335384,0.1819279190372431,0.13998705340082201,0.194489216178112,0.5114791654228098,0.04980487481964715,0.10458133558743188,0.5255270816364286,0.09303509632180271,0.005653153332398636,0.1334568274138899,0.15061829252111972,0.030630153500662814,0.005653153332398636,0.7472180252565798,0.07513573940369231,0.00033544807541720283,0.009164978250633586,0.057901988233860065,0.017916655895670132,0.027591068164358898,0.013977621425522654,0.02996043969994048,0.61357132006347,0.2671677710936602,0.0381148115726446,0.016621280313661644,0.07586853055175559,0.022429413172219897,0.9139294641462272,0.7072027995223569,0.7228798588905057,0.4859720999481494
002634.XSHE,4,1,-0.2627149255347395,0.831837534806364,0.33459911010987586,0.3913834224039304,0.16458374604734904,0.20270774986785026,0.7550620840982756,0.3183650488076718,0.380846708508271,0.35744513000384776,0.04513961200741423,0.0004169980525517322,0.010747750322839087,0.004813981526102172,0.00013286544530225362,0.00035681794575331913,0.0005192472560878738,0.0011226373248709159,0.6175528477585587,0.02227587345069692,0.15092202719815764,0.0035585199927609585,0.0071683783194837515,0.5454545434710744,0.0044571555029593556,0.6943379460322676,0.0029441199184117375,0.09876096590395225,0.0911704741852266,0.27362872637874386,0.12045548126511407,0.6265060240963854,0.10185769568786389,0.34731993360017815,0.047124148577805176,0.0408726171552838,0.3064258702529405,0.17710405404219082,0.14149878983094027,0.23543343291940985,0.48477760442517526,0.029459335462112976,0.13758805049559986,0.5238858080521289,0.11901490715080572,0.01784172819653999,0.15162148369935827,0.16903400900251864,0.04043411405049678,0.01784172819653999,0.713860035967314,0.07357287960379255,0.00035177033991976015,0.00909606334407868,0.05140245971318648,0.01656664221338121,0.060205790421376505,0.016760938582438878,0.02996043969994048,0.6015509351405954,0.2970833666695672,0.030971519162697473,0.044677303339375904,0.1235770697167756,0.030133696237363165,0.9044645012853105,0.7286608288001419,0.7538584627409146,0.5289437344970266
002635.XSHE,4,1,-0.2462159047815785,0.5695122235812369,0.08867777317858877,0.3380972423913122,0.5599688719596038,0.14687403509000282,0.7903043237413621,0.9007510465199583,0.9627596841769712,0.7190652329859989,0.4207270603212234,0.0006735020385481882,0.011453525863082292,0.005117842321188984,0.00019439760883352417,0.0005128875929253447,0.0003803460841687583,0.0010850325144994186,0.6196525517002197,0.02246345989879937,0.1513458357240937,0.0037690481323374983,0.04758402099704212,0.5454545434710744,0.06826837233890215,0.7096475352779025,0.008274322557051749,0.17278647010943293,0.09096801112120521,0.36065221706510364,0.11689984822540714,0.09638554216867469,0.0872730914116985,0.6614040256688488,0.06744079501182394,0.06126162591340418,0.33610049944208426,0.17345364584240697,0.1382660396145137,0.5121833729978823,0.4982488505757524,0.19373059372724927,0.26346038756577067,0.5435167746262098,0.17288524674057837,0.027999187619291818,0.18157135645278888,0.19746076012790337,0.07496904619333783,0.027999187619291818,0.7411708891451863,0.06419213386669609,0.0005344842134260359,0.00910153451311192,0.050324151930848986,0.07179625033964782,0.03569956475582687,0.0752424516388632,0.02996043969994048,0.7008198766304113,0.3746103067264442,0.03169089726979356,0.07571035363421712,0.1396793617317728,0.04659313872106239,0.8918661501753988,0.7057516253151124,0.7286837261989949,0.28625594237338514
002636.XSHE,4,1,-0.1267012748127179,0.5942723712333675,0.5297314979393632,0.4318824632888131,0.3683359955999461,0.25132475137410415,0.400249670510333,0.11380376635419331,0.7541798427910171,0.11211268095835658,0.14598172478393778,0.0014320181320246856,0.010771101767375921,0.004839031847705511,0.0007518853530299982,0.0002214415901133715,0.0026391295787082086,0.0011291268626927248,0.619698597427701,0.022663648418886337,0.15097713441811306,0.0038314443267990347,0.0020416029686306206,0.7272727282644629,0.0021610704907515537,0.6968310270713347,0.0031085500741005008,0.028850501944469566,0.09133199824197924,0.4147886125445623,0.11517559277563102,0.8755020080321284,0.13186490300427825,0.3543828707349047,0.09386365245552813,0.03585604247714971,0.30691580842593025,0.18192236103987275,0.14127001458442195,0.23408573194558538,0.5354581122283542,0.10228248570939444,0.131480064291008,0.5332923078504274,0.10890343729052294,0.039972248773854045,0.14627180512515053,0.16415826662929847,0.032351002251258226,0.039972248773854045,0.756041585599987,0.07287691303988524,0.00035980835363810413,0.009060448380495637,0.04663872441492502,0.022159450484495666,0.060127454599402795,0.018845020639845982,0.02996043969994048,0.5141371613462654,0.2730499373862797,0.040153467979512684,0.033234190489090265,0.14662293534985055,0.014413919961715618,0.9060507236085271,0.675511918977489,0.6929574638314502,0.7039606204323448
002637.XSHE,4,1,-0.1699799353772592,0.5715060332991914,0.41366657809405133,0.28832029221270766,0.028413280739984725,0.13732834092968332,0.7523178215274318,0.03412753481177849,0.7149008684167312,0.5660222709053185,0.1323758277809125,0.0011621484640343966,0.010325498924562736,0.004644686204810267,0.0007650451631471133,0.0020816893985031665,0.0006990509225131722,0.0011451495519483675,0.6179743477736486,0.02223399272830802,0.15066917156033138,0.0035914074474407203,0.01336462436291365,0.6363636304132232,0.012824076583128532,0.6871087235593138,0.006153381784009217,0.1101112417473094,0.09131679011378248,0.6353992529461824,0.21475503479058303,0.6666666666666665,0.16185893423949632,0.13086862834270435,0.10333806890232594,0.03608125252871484,0.31468453298347643,0.18364377363285145,0.1464980489111078,0.3577794647858271,0.5625637382406526,0.04319309368671848,0.1680709024105394,0.5320833836516449,0.08354904411013409,0.05875520762569095,0.1409368232549576,0.1587797756014208,0.02918497984258422,0.05875520762569095,0.7622476416169166,0.05626520314818778,0.0012544475261373536,0.009143950055361507,0.045487465298646654,0.015791044794659544,0.10711934056018241,0.013409748404066155,0.02996043969994048,0.5091978315516116,0.2671268916244392,0.028481397926536152,0.037626595763761705,0.12339403784769722,0.03482532751091703,0.8464808410617659,0.6286928928397684,0.6512464583998965,0.666703862277683
002638.XSHE,4,1,-0.13709814921895,0.8737769604079633,0.3665333137132639,0.3466456115237597,0.04755451795420906,0.15066841371869713,0.8347799390200703,0.24497096018194714,0.9929171653908404,0.6620476161932954,0.3021559008655136,0.0012740111820999343,0.011077393355708611,0.004970258691204944,0.0002646732108289012,0.0002725062521653738,0.001036660319135177,0.0010680069786703939,0.6224499781019389,0.022369266928451377,0.151159508241689,0.003926826172582134,0.07093886151405766,0.6363636304132232,0.08106471624565946,0.7060884978582967,0.030854941773702592,0.23062313466582252,0.09221685163724695,0.4318567928316905,0.07295047325350373,0.7510040160642569,0.12763999256869019,0.6252598555177656,0.08868515366235756,0.028319346878464477,0.31642974082423003,0.17718110260655034,0.14039390937900517,0.32789832800218927,0.5769720734787203,0.16864446537026714,0.15989016760611538,0.5161979060944683,0.11400147015793492,0.012292874170334107,0.14283690086034193,0.16034392290020819,0.03364561489726994,0.012292874170334107,0.6916650015132447,0.07203744215722699,0.00037023009039042446,0.009102321905247793,0.055234053735451275,0.07460091075191894,0.023961939506270003,0.06836012322999087,0.02996043969994048,0.6328174637935872,0.30441208218019167,0.028194545307113895,0.0366715135127223,0.12417002330648022,0.04956930071185021,0.8396379827015665,0.6933986776347796,0.7098251182293716,0.46969391609024047
002639.XSHE,4,1,0.03585755483175282,0.5310556405675073,0.48737289741491463,0.37908075460659457,0.34602427886845727,0.04613146566529347,0.547277882946543,0.1835150867988152,0.7260215027324084,0.2689605299539616,0.13611453564986253,0.00043407704318495897,0.01066997495845458,0.0047907736507813116,0.00010704473742842246,0.00023216940126019673,0.0003356291205904152,0.0010938425267029758,0.6192179842704683,0.022302022110257454,0.15090523958876698,0.0036605219512354623,0.014833889355204018,0.363636358677686,0.009713098960588936,0.7079323802115252,0.009092875822944525,0.07239757619607488,0.09104685794431742,0.3545017397771978,0.15729724401354034,0.7710843373493975,0.09905777843365379,0.3531365908393294,0.04495375077076491,0.038337004065209214,0.30883267269383874,0.17499004306244845,0.14148449137803287,0.42459770453650847,0.5318427242963106,0.09964676471313665,0.20033223939488567,0.5204820954600464,0.10832501734998723,0.0074750768542469976,0.14994668594414798,0.1639594535320294,0.07155253055155959,0.0074750768542469976,0.7102633045758416,0.09770050913459286,0.0002229646778291255,0.009087823142812741,0.05469226145969154,0.06372600221079747,0.020560381953643667,0.13454133960293213,0.02996043969994048,0.664428841827236,0.333797412641061,0.03145143769184106,0.039442070500066276,0.15778083358666464,0.017836483818867023,0.9045861087046059,0.6996622219273809,0.7294719220095427,0.3553724837204429
002640.XSHE,4,1,0.1004642002822541,0.35247543625250843,0.19721747894106667,0.26326784765997335,0.0,0.2726626851813687,0.9248931359668477,0.5757951252241955,0.8679025659084304,0.5744174624934983,0.19422894571238958,0.000794251840202254,0.010690012820453497,0.004804634694296583,0.00014761147242079372,0.0009032542933005011,0.0004045007718233803,0.0011141319517120791,0.6186867982938175,0.022008126873403887,0.1509176595472116,0.0035881385546877222,0.027980578328287226,0.5454545434710744,0.030396368123586266,0.7082346829440005,0.008642516039758921,0.5381206475535859,0.0916182887513081,0.6048040080907396,0.5155536314599246,0.01606425702811245,0.19171922825057214,0.014540616508178325,0.14698956331088764,0.09807967212522797,0.29389188784707804,0.2158683039546018,0.1495995133326574,0.26213399862532727,0.4962792849134788,0.07663716013941423,0.14107352761022704,0.49853645979202904,0.11163139314609793,0.01245104167448792,0.14627846171400272,0.16320587558805758,0.04145093102635692,0.01245104167448792,0.6151918081462812,0.10024813430833701,0.00021681256003332628,0.009092087452451096,0.05777613728886986,0.024935240699593415,0.03258275976361796,0.03251662279911308,0.02996043969994048,0.7194639199949437,0.29874424110477354,0.027718307396483212,0.20036935811966286,0.17288990854739827,0.024273793144702998,0.7347715555808041,0.6906621777011193,0.5815670441732921,0.7213899214238284
002641.XSHE,4,1,-0.3139604843202692,0.8320218744478391,0.3193579155864159,0.4423611036101082,0.43842791693728167,0.33370248484887927,0.7996226354118632,0.5856317807136913,0.991580599241793,0.3383497332634668,0.29909979178704,0.00246359270786704,0.011319100752232627,0.005059788923675491,0.0008816255082017253,0.0012161956496871099,0.0016356851039072123,0.001158664556274634,0.6190710067241189,0.022562359185334842,0.15126056142192473,0.004343791678834405,0.016971275115695683,0.5454545434710744,0.02019814098254005,0.6981608810662517,0.008456549250733717,0.1654155738446233,0.09073157579631012,0.37443254205455634,0.07824528339069164,0.3253012048192771,0.10219895619084761,0.6817612994161784,0.07372841021062553,0.053619585257011486,0.30806604578424046,0.17920572911494204,0.13958019742263886,0.3959005060299534,0.35718638674811487,0.04631376315533394,0.25743836321168845,0.510345230723376,0.1364158955996394,0.05314127394216864,0.21354752095709528,0.22878535259808858,0.102597256979815,0.05314127394216864,0.6840193181167524,0.06501535914327757,0.0005082669659613144,0.0090951270821901,0.049932615657546114,0.01583151232994078,0.08000701696820414,0.017844196516886384,0.02996043969994048,0.6068672706890224,0.2964435056441894,0.03306318297614,0.06543949307474141,0.15204446281096418,0.03618980678351379,0.9099821050688104,0.7108376453938354,0.7417371465991396,0.35789518855791935
002642.XSHE,4,1,0.5301167630617518,0.565761304089222,0.2125037713937271,0.31290792052191163,0.1044387549118192,0.23011101300816184,0.6820618408911904,0.3686941985041366,0.9333798174998837,0.25503048279409174,0.23389060078180374,0.0007680988661151831,0.010742465000432506,0.004822943969616966,0.0003500585086493133,0.00029730800563761514,0.0008258047159331923,0.0011136471227782246,0.6189085275334908,0.021201507625816813,0.15095537209353732,0.0036028716854138057,0.0,0.0,0.0,0.6963387889309733,1.0735988054002515e-05,0.0,0.09134051696217903,0.7270218551185752,0.32907109232918985,0.3614457831325301,0.13305799715660166,0.3190692116509718,0.11808139896969283,0.042577939917730706,0.2892579646435985,0.18787891301602316,0.26953363646053496,0.24631672816624184,0.4628947197547787,0.06110616706469408,0.12492873348021068,0.4999496950710323,0.1112594149899364,0.021722775349298847,0.13627765483101675,0.15297934129836047,0.036883206801116585,0.021722775349298847,0.6019231645627308,0.07326206441258834,0.00035529640940856614,0.009161901060754396,0.04865181185785016,0.02410703227244711,0.04695973871308285,0.033443345487781086,0.02996043969994048,0.5902019531115726,0.2929975610530007,0.04850029014323862,0.055496593498051874,0.13911229543496986,0.022560866184123944,0.82734675689878,0.6549411790721331,0.6249389379292498,0.669551014598313
002643.XSHE,4,1,-0.1042034123768447,0.592293661677534,0.23689518754280853,0.35359713765271866,0.34868069434588067,0.06573066329404634,0.5812924861440325,0.5105492986158838,0.9766496097876687,0.4144142140891802,0.2747846380487161,0.0014074201610468821,0.011168787546169378,0.005003877535714338,0.00027404689894997014,0.0006831076294260359,0.0006037808677212393,0.0011045540490295944,0.6187546498525127,0.02232483604062408,0.15119118634360748,0.0037696325438421794,0.01966923148286057,0.6363636304132232,0.03738896004473378,0.7103540339587354,0.011379917121747556,0.07461336709776611,0.09142135744919759,0.4614064138370385,0.16849447094936634,0.0642570281124498,0.15881525948315503,0.1379305388877311,0.11409783513499863,0.05940600289381208,0.3288235040162625,0.17974490521837275,0.14747684300558678,0.2788576803134775,0.49832091888806934,0.06856743685587259,0.12902956126729787,0.5268934245315258,0.12209151637408852,0.016420839394187568,0.14214190077563357,0.15822134921728767,0.046717650654450014,0.016420839394187568,0.7238941920617171,0.06493568540861065,0.0005106634537930197,0.009102580439643381,0.058122029508748604,0.03851771541048934,0.05042046382935797,0.031072754836074568,0.02996043969994048,0.6438764840443404,0.305115987707349,0.03800744801187288,0.08185205595128167,0.10876922151289456,0.026164084464915954,0.8004244720285183,0.7012405466365932,0.6646946368358098,0.6918801489021474
002644.XSHE,4,1,-0.2004150229734923,0.569048236781524,0.2663712364137194,0.305000732196254,0.3070990154210853,0.23362879916928253,0.8165050188910172,0.684846105179493,0.7487782538404324,0.42705398731962163,0.14404144562768595,0.00031454924512597444,0.010609765217220027,0.004768981972726371,9.240945541631968e-05,0.0005462662019800756,0.0002896327552050369,0.001111513062086693,0.618091490034202,0.02220165126683091,0.15088074428632037,0.0037423080031990076,0.014386549904535296,0.4545454565289256,0.01242163113012439,0.7021785393551949,0.005553077758139655,0.22135298905670614,0.09128325976657327,0.2195955159945539,0.16393156315331683,0.24497991967871485,0.06146839519283852,0.9725797891179438,0.057660344623603664,0.04346454834667393,0.28158278937045045,0.17862254249103496,0.13019131329990094,0.30544391807968346,0.47483494145178345,0.0806132202760851,0.2121258154226926,0.5138221323701337,0.11067124737661405,0.017320784054997037,0.19979333771519608,0.21057856735556024,0.13559768613171383,0.017320784054997037,0.6901996665019041,0.0598950602998876,0.0007552021839129376,0.00910186624865663,0.05186879418964391,0.028423779970204156,0.03181796935074014,0.0382488875591858,0.02996043969994048,0.6470283630299287,0.29600648465180335,0.040342845145735426,0.05849056720468512,0.19867792724324873,0.025532093078901717,0.9095134282995554,0.8077512051656277,0.7740531748316006,0.26691939562730077
002645.XSHE,4,1,-0.2200586755347395,0.6589469539148936,0.29006966889015684,0.36015768691854805,0.0011889507158864276,0.22344495376024748,0.8142767945223301,0.41022409735993165,0.6935496193596602,0.4148403737985254,0.12542199377574714,0.0004927075550871718,0.01063450536594619,0.004749229926258234,0.00015297528100665327,0.00024198717510736457,0.0005622280266767302,0.0010992661387288281,0.6184286030865804,0.023110821501369012,0.15086854377432687,0.0036142384388681724,0.007890792048890045,0.5454545434710744,0.00985414896667044,0.6963853277611067,0.003804971509558342,0.14900063308311476,0.09134472202991331,0.4496896441783801,0.12741000025789473,0.4738955823293172,0.12265548105213642,0.5658500829997772,0.09395538107818789,0.05333278307103761,0.3014599800500541,0.18189935530316073,0.13719365564645905,0.27525570611149663,0.5318427242963106,0.12815012031538445,0.15436189538220405,0.5267456412565618,0.10609367060977437,0.014262449338473773,0.15465952474722647,0.16991160405777728,0.06296048011998227,0.014262449338473773,0.7324232831683956,0.06949805098554555,0.0004076874628489635,0.008996131712416654,0.050954066251947774,0.04119103570097578,0.03927128101608951,0.039779668475444514,0.02996043969994048,0.5863176850072573,0.29070480682212163,0.032960978781274894,0.06350104327794404,0.1701518721183564,0.04171935754022851,0.895929790799733,0.7108431736765297,0.7149767766092001,0.525703384871889
002646.XSHE,4,1,-0.1144750179471907,0.31120963476629954,0.15300541704468817,0.3760878692168227,0.6586964171826114,0.1506199648420241,0.8790471502717333,0.17227274984238305,0.9521861462547607,0.5597661922320597,0.4324202351012988,0.0008162169306806706,0.014231356725854436,0.006311452151509062,0.0004976510049397644,0.0002473411181115392,0.0008585722808195296,0.0010479421739271028,0.6211220006483107,0.02235326481360659,0.15303656022898063,0.004166479013598811,0.05192451837280498,0.5454545434710744,0.06829619228479442,0.690852745673626,0.030422706070097137,0.163832866057701,0.09211201997514185,0.428344020546102,0.15435271942081924,0.9959839357429717,0.10468857673288524,0.6028247642180107,0.06775721074821608,0.0215003526240804,0.28059948877972213,0.18201444176665035,0.13753291893817088,0.1941464738968783,0.5318427242963106,0.11976853774828927,0.12046423572447115,0.5420017250616025,0.18225067150151236,0.026310942337275434,0.14872649405113705,0.1680971585323563,0.01992203166181452,0.026310942337275434,0.7524483597946662,0.07045555413851111,0.00039238267625570913,0.009082845738834062,0.046061445866416466,0.0667837801492508,0.04128094588287982,0.06561269788564561,0.02996043969994048,0.8361666054956352,0.4043141077189588,0.03170689536659691,0.01808863151744627,0.14346824808734865,0.028689358138421966,0.9232195608640696,0.7820253416478709,0.7641459363687013,0.6874656678340602
002647.XSHE,4,1,-0.09814996184179345,0.48977513113118065,0.5522840619048475,0.2671298066205061,0.3054973088956483,0.391853249075675,0.5430749993474427,0.19386329894311888,0.5570271150808044,0.23449786050037025,0.08636388072094359,0.0005372459985835835,0.010951236184171109,0.004861419480832639,0.0012364141232603597,0.002793233520656989,0.0026228372451565685,0.0012209045937098192,0.6193495178419104,0.02252834356130775,0.15089200438542433,0.003703672472468901,0.0034080016099641078,0.363636358677686,0.0036047799475954993,0.6933700410603496,0.004178537020324579,0.05670615899430225,0.0911278756260448,0.07367000791601586,0.07023893718038396,0.9999999999999998,0.07748128667068097,0.7482340090688934,0.0548744638695837,0.033801165494480125,0.266882471164264,0.17874095424744862,0.12647241568462292,0.30798666807402747,0.467382153232309,0.02827164706914026,0.164047662675046,0.5500061104630398,0.11376387063376062,0.07678133159443871,0.1532556371061652,0.17086542058305593,0.039659573069406234,0.07678133159443871,0.7676252107733674,0.06710891548101998,0.00045408472316216817,0.00908882109106294,0.04084707448001396,0.01363662774765623,0.08194217966468573,0.014107966405889343,0.02996043969994048,0.4854176392121467,0.2704996424993085,0.04044668246272216,0.0332418184475785,0.11235029703095709,0.014429772088293356,0.9611131428327959,0.8471789173411177,0.804147203819251,0.33424614018821336
002648.XSHE,4,1,0.1107005435541975,0.8012181320393476,0.342763740841468,0.5029019584788946,0.0,0.23050764299107454,0.8231542674557017,0.2733755465292109,0.9810136475522486,0.36326267409416885,0.39608980669037164,0.002371505146629362,0.012328663158142166,0.005416660832505797,0.0011772870018767706,0.00027604161100614356,0.0012720668631950455,0.0010984882730854114,0.6203971381407482,0.024956193030967605,0.1518517866151192,0.004678072766701029,0.023254296042513427,0.6363636304132232,0.026511885846764578,0.7010489264781831,0.007447931080139828,0.1258478791715655,0.0916068354249213,0.6810756006013554,0.1878974417217269,0.5220883534136546,0.1583672727224814,0.18653956117396692,0.09752903275592514,0.03256931735792387,0.31477927532028094,0.18453387175177782,0.1447783349841547,0.4143794436432095,0.48059457664339367,0.07379217282017374,0.2323820350000634,0.5483145720973615,0.14283734911342305,0.03825863449621605,0.18003621654212448,0.1947745332860445,0.08485544419872251,0.03825863449621605,0.7748490553029587,0.05935325997541219,0.0008002674787598866,0.009085810248292693,0.04764817035943768,0.030785953209848706,0.07175011648758431,0.03725648383149149,0.02996043969994048,0.5882121389199673,0.30269125119012796,0.02510575887609998,0.03227976795337956,0.12535260551248922,0.030308966919901894,0.8574370481884932,0.6271394454026802,0.6515223929466376,0.6804751690637136
002649.XSHE,4,1,-0.155142474417421,0.6964096717126702,0.17466533843031673,0.3460097429026101,0.2487580129209787,0.31316594608001586,0.7623421380927344,0.7146426313213754,0.9788463379229131,0.4094165053743689,0.27769437915358647,0.0021985002115090762,0.010980978560095027,0.0048749266764844396,0.00029085248530423286,0.000523171809932,0.0010169493491462088,0.0011166695218358354,0.6184289227108688,0.023076208723820907,0.15099546504652528,0.0036313256057076905,0.015599221179716,0.363636358677686,0.02602519675919929,0.7021632208709451,0.005265200182413558,0.16672696029664463,0.09139936251307841,0.590456430956779,0.19695403195086617,0.012048192771084336,0.1914925996539961,0.1055252084233738,0.17325180426175013,0.06830562923462119,0.3113684669211902,0.1904545960690476,0.14689060643638358,0.361302214556346,0.4890172214117468,0.11511993995105776,0.17573778796739456,0.5136983573533681,0.11872735080359989,0.042467166740035575,0.14843911214261263,0.16787128918903682,0.019145900247497915,0.042467166740035575,0.679756525356489,0.058759659805036175,0.0008574063163620572,0.009083190634135917,0.06499066803370165,0.03308142301544541,0.05791289721711992,0.020737409122810753,0.02996043969994048,0.6361262437031723,0.29190860985860967,0.03351003281356717,0.09935803513685072,0.15518054605563156,0.027836633367230964,0.7570709832270526,0.6462728318075279,0.5940091837354409,0.539907697204162
002650.XSHE,4,1,-0.2547645578876806,0.546313668019602,0.334632986488618,0.4095909386862221,0.2736149735570473,0.08279117594101093,0.6123556657099969,0.3991431792476563,0.9794742254370843,0.2213522643118313,0.27855496862801254,0.0007878226780561617,0.011470414252344659,0.005132239479312949,0.0005899378900131136,0.00025383574254939935,0.0006921623779265151,0.0010840745722605265,0.6201530772469711,0.022298512233803143,0.15142547585577718,0.003846404803757892,0.013349328876833298,0.5454545434710744,0.015010216315335187,0.6983120911466394,0.005802929635486733,0.06281088902957402,0.09133589166626468,0.5678479923303182,0.06303084808496076,0.7590361445783131,0.12227139828526477,0.7133361188133854,0.08506779318141786,0.029273469832283718,0.3016268596571382,0.18080586295538872,0.1375732145781826,0.5303243185752872,0.5318427242963106,0.14029988111822103,0.2509128127195205,0.5140230710528817,0.1523742284760506,0.048561699678515494,0.16375936885513642,0.18011709149491656,0.05857936672659948,0.048561699678515494,0.6747447056885147,0.06412489786743208,0.0005367769358052343,0.009070389206211026,0.04448237268870913,0.048929940491198996,0.05712067079112159,0.06462290536066422,0.02996043969994048,0.6076362515426743,0.3009766494525169,0.02385919107317573,0.023448138231802106,0.13065174228606172,0.01911871149129629,0.8911001121983781,0.6776237229666977,0.7004433436401707,0.441710676195908
002651.XSHE,4,1,-0.2138868005347394,0.6508446383540588,0.26607291255342136,0.3988746665939487,0.2436917655299582,0.4486872162215516,0.5779980037960193,0.19197555961128293,0.9979802219823859,0.3228246809119508,0.3561241218486275,0.0008091913172040637,0.01166706234525842,0.005219917953534114,0.00018463502831142194,0.0002199072432224736,0.001572675628683317,0.0010392141683372759,0.6220372188587228,0.022239059202712862,0.15163267562376712,0.004363023607711548,0.008106527912285411,0.4545454565289256,0.011861588924101451,0.7135655652196018,0.007659761264366212,0.05806276566880709,0.09103704184507404,0.5917550612790311,0.126395034488942,0.6827309236947791,0.16343413474651194,0.19194044958469308,0.1269553587517039,0.041097648621017606,0.308917334445923,0.18898348765824202,0.14346287731667431,0.22926536005934103,0.5318427242963106,0.16899009726548592,0.1479554175651112,0.5242724694814087,0.1332017745638308,0.008738473295071022,0.16347859132692416,0.1755421542043352,0.09911500343135968,0.008738473295071022,0.7023091295980145,0.08050873487997418,0.00029276887126832506,0.009114420656973437,0.050737982553945724,0.04817538533414115,0.019790649363318216,0.043661998801154796,0.02996043969994048,0.7347143571552921,0.411283473228717,0.05664441828921276,0.044986379970877684,0.21983877045650302,0.02181761081533768,0.8168672153498744,0.6476051479368454,0.6415781871760409,0.7675382688612605
002652.XSHE,4,1,-0.1689649255347395,0.7441099072163675,0.3050470511141623,0.37232082130639743,0.2996613864348948,0.23747813473271043,0.7097420803362308,0.3413999392801306,0.5409439739922844,0.21184836139271465,0.08224615208084207,0.0006584354599769247,0.010736321685772784,0.004824186134614444,0.0004641182772507401,0.0002009737365911187,0.0004943660619216707,0.0011093359918781047,0.6181607967905681,0.02216879449385553,0.15092895192030048,0.0036085922815229815,0.0054449750812958315,0.5454545434710744,0.0063519330807192955,0.700088634877031,0.005646588548984906,0.18617165596454735,0.09148992545954654,0.6370104194721427,0.18506503051136358,0.18875502008032127,0.17004193946644774,0.1711674070089385,0.1236894083702314,0.04627059365843481,0.3252508644854243,0.19006512846677254,0.14696339856027577,0.23277466422004878,0.5377049448913618,0.07643805838887446,0.14436616025408466,0.5348073172674459,0.11641227851677322,0.05629656323147484,0.158928147187569,0.17607671071850237,0.04783837593441265,0.05629656323147484,0.7668574874061818,0.060787800935971005,0.0006924658795646769,0.009108274502063274,0.044648458998711935,0.026027285891560843,0.12696892654427802,0.04029034931163807,0.02996043969994048,0.5134380374411067,0.275191242916902,0.040855474867225544,0.054887325775881915,0.1717621884024928,0.021848716875037387,0.8224584937012682,0.6167296890893814,0.6320881511857264,0.5998388260148932
002653.XSHE,4,1,-0.163085602182836,0.5852311001370193,0.04236156470758856,0.3446799257639764,0.6487389549370626,0.41958155356023313,1.0000000000000002,0.8597103511986679,0.7474346623765411,0.6320499558178341,0.5736404832130841,0.0018506734533162799,0.011903380971965275,0.005200347742860502,0.00032675344896029965,0.0005676934543506764,0.000543014252949099,0.001098472627915465,0.6200324620910009,0.026575476106023652,0.15155231580890047,0.00384138550495863,0.0912664552446226,0.7272727282644629,0.11042302524854755,0.7068493973034438,0.022210037015624847,0.3082210364474993,0.09276791826100977,0.682076159585671,0.19804703691656889,0.0,0.20563382879790654,0.08516793467604421,0.15237425162334772,0.07239164097040543,0.334574762453985,0.19960958420229075,0.14752753752044026,0.07233697822076901,0.4945975401888893,0.035787346506303476,0.05295472377527974,0.5256283740033763,0.11505021531042595,0.0047102041322370355,0.12403222008280326,0.1405597696932087,0.030320284093785725,0.0047102041322370355,0.7130327176355523,0.07206957252195374,0.000369815543289983,0.009079413509673551,0.06290080359917871,0.04691274254901011,0.03370856007304446,0.059056906732885474,0.02996043969994048,0.8787061606066688,0.45971279642238466,0.02922249412035411,0.1029355064356261,0.16953643537518368,0.03712852186397081,0.7642041016318473,0.5827279863783117,0.5625090767943006,0.6144595887887876
002654.XSHE,4,1,-0.22855707809065,0.710584605718098,0.21816705500994582,0.38711455002334705,0.4037912013969167,0.2928181409949085,0.868003601287879,0.42336846498740993,0.6771428747061443,0.4044557279229354,0.12026252270623539,0.00037487889812417094,0.010745716072397618,0.004805054378061632,0.0001385096051827979,0.00021862783888872622,0.0005491458373707015,0.0011142642057109023,0.6179129671154325,0.02286269688226232,0.15092177226894607,0.003578189912376871,0.019944330891270096,0.7272727282644629,0.05068642474314614,0.7303047994988182,0.02102558648610113,0.6614814144885592,0.09321884265121855,0.6153652400082216,0.2427951481292778,0.008032128514056224,0.20366334585500248,0.06979578051101581,0.15584437462740897,0.0507595144017087,0.31097809957515726,0.21262934049110113,0.15232791811925947,0.15534477884830059,0.5117482405581967,0.046440073451604995,0.08086602322578831,0.5275109747449183,0.10911127159958092,0.010231888782486867,0.1367091584142585,0.15470716770548582,0.024878616810826187,0.010231888782486867,0.7429750974845083,0.07797905128056198,0.00031070186794883317,0.009053945541334511,0.05007073509088442,0.02419292539244996,0.0453913132963603,0.02782518148445642,0.02996043969994048,0.6042515160621085,0.293040192499474,0.04199308661218484,0.058853946654181546,0.17042016580534022,0.03190509660824311,0.7302880586840124,0.647270686833842,0.5902781261799832,0.7450761292185297
002655.XSHE,4,1,-0.1554432909193549,0.7127494198694209,0.1982583306779192,0.30821938547574074,0.3569715860505588,0.15163684891398588,0.9136652136389871,0.4705837517367184,0.8036402547027897,0.5159254955266764,0.16498652194909735,0.0007550267029756141,0.010679231738054223,0.004791289738844346,0.00012860567313274253,0.001143669311577826,0.00047246488486392825,0.0011267212038988282,0.61795052220821,0.022514618227555024,0.15088054319145916,0.003584974930997509,0.04127323489802066,0.5454545434710744,0.03012251911028979,0.6921508197588944,0.018589646645686405,0.26349823641132314,0.09117955587696541,0.3146436888038562,0.07893141045796895,0.5863453815261043,0.10578943831683467,0.8280020819239112,0.09577238403084029,0.03493413459117425,0.3092130456546863,0.18522842905789078,0.13891726915147778,0.23408597348348617,0.4618166099668968,0.05759246746161881,0.13461559897618913,0.5182118295995005,0.10777340350961477,0.017086304975303997,0.1495766579167764,0.16679871027794393,0.04086909753782381,0.017086304975303997,0.7013813177965755,0.0807287754800243,0.0002913558905132569,0.009054320868574765,0.059510611318986495,0.019247865399087963,0.03832866459224542,0.0175629494471546,0.02996043969994048,0.6269661127269381,0.29299327844193945,0.034446981787194596,0.036604841032314296,0.15720236738106097,0.03784097026978525,0.8903367371575464,0.7175268674538939,0.7127970257160434,0.3379027339946524
002656.XSHE,4,1,-0.2676448824312913,0.5661452796402946,0.22607316662626195,0.36670283084602046,0.5094710657174453,0.24299805264440477,0.7466128130773321,0.2716364004807021,0.9789969431098786,0.2967131175593655,0.2778999267708379,0.0006801966082818855,0.011978283160603098,0.005347825612660629,0.0002205555063705291,0.0008521284690462401,0.0006908268312535342,0.00109324521490774,0.619482724935929,0.022247860819074365,0.15168885962039425,0.003954558555751532,0.023071837781362476,0.363636358677686,0.030705689882509178,0.7094405131963584,0.007237820194457604,0.197476711585421,0.09156859284275787,0.5893382799595127,0.16688250386706696,0.8795180722891565,0.13615174102148886,0.3323635482635748,0.08131904915663002,0.03717642559899238,0.29054245460742695,0.18354158075463747,0.14170676732777512,0.5523175521325341,0.467563027608898,0.2646407641543402,0.33217454599046853,0.5187461137133886,0.24513917500919502,0.045066445389012166,0.23424643198353634,0.2535187304829224,0.07822068692401467,0.045066445389012166,0.6662717039602607,0.09458451073223947,0.00023147931262396416,0.009103910397599899,0.05027441838130883,0.0377658266774286,0.03094592906839123,0.03470251242296806,0.02996043969994048,0.8328123631275067,0.36692087856597944,0.03713140393090057,0.03775460115363594,0.17212730214824948,0.02165774361428486,0.8584871326923349,0.7013759895626026,0.6882388510560766,0.6132543554607632
002657.XSHE,4,1,-0.2329633318540299,0.488915010208298,0.22065400466435384,0.2568331971938202,0.4607270955214573,0.16783269373584947,0.7064908946499,0.20401491356213283,0.8186419363875305,0.3804451860774937,0.17127040624792478,0.0017376413725355571,0.010641875680670513,0.004752352638084958,0.0002471323601114696,0.0007483695302658217,0.0006801898064925939,0.0011191748364692464,0.6184583412282328,0.02205578338994363,0.1508385065854543,0.0036577203964517505,0.012573522563989265,0.4545454565289256,0.014727610688600285,0.7044684349206346,0.004979458338286393,0.12833499140815774,0.09113571162922883,0.4501049257536183,0.10959255090015052,0.823293172690763,0.11161919544212998,0.45492295957597734,0.06824751351490538,0.03142665861778509,0.3173332715786156,0.17800217687764636,0.1397738764665663,0.45618603120299317,0.41537948841348593,0.1368803586469198,0.2622550547133039,0.43044434227329137,0.10352881420779009,0.03457127144148127,0.1985820212739881,0.21460254109020627,0.08513589059091752,0.03457127144148127,0.5325464460951861,0.07327100326116763,0.0003551935704333138,0.00903627445494257,0.07356106461984308,0.025252534446717774,0.04181839613316646,0.024178944959093705,0.02996043969994048,0.7013959192453676,0.2944071240845676,0.03309329417306901,0.02882048877896382,0.11608352966509601,0.023544296225399292,0.8924138273849256,0.6517928220777498,0.7205007485879809,0.3381003313810866
002658.XSHE,4,1,-0.04530113949279976,0.6717683642974905,0.20482103214974198,0.3230936823415689,0.4379043239054824,0.21949492407627152,0.8719910373838707,0.5661361953633399,0.9765653060095423,0.3582001906503962,0.2746757655745236,0.0005319130226743786,0.010686773722172877,0.0047891573325909535,0.00011127123726757782,0.00020447311445067845,0.00041853917118052543,0.0010805592869862625,0.6196832544950451,0.022583819123409853,0.15094845110385954,0.0036531267169735574,0.025967559736829744,0.6363636304132232,0.028581667875167385,0.696317765680111,0.009666762126204842,0.23790359048566517,0.0909311840844313,0.39150155236285,0.07629931346255095,0.1646586345381526,0.11250989853099869,0.80099763987028,0.08633767875334603,0.05352870504626558,0.32047674441335666,0.179873316493347,0.13683619432377414,0.45920114881866625,0.5318427242963106,0.1752580681111605,0.21755154292873313,0.5227092026624596,0.11503176435836553,0.00977790651406452,0.15509893792428087,0.17225943216933431,0.04515690551527783,0.00977790651406452,0.7137490257391821,0.06440679970072946,0.0005273243972030646,0.009077971693781299,0.054460875131061744,0.08067687719301327,0.02144341511667049,0.1182562364811581,0.02996043969994048,0.7381489904562102,0.3576196313333735,0.026130668944695984,0.0681186588729547,0.13066108387799563,0.02812421487108931,0.8822343099799748,0.7044165450444475,0.7169637693979345,0.23705738475831545
002659.XSHE,4,1,-0.3223716007048075,0.8963152270623145,0.28696129941319753,0.008434511286889324,0.5014446453334269,0.30515832297467427,0.7463167799216186,0.24827903876452476,0.7042654199074591,0.31324942911227677,0.1288765490045849,0.0004654914366942049,0.010825246748078082,0.004862334754344622,0.00017006170788153594,0.0017573855291547784,0.0016219883403773025,0.0011732741106606959,0.6188756584808338,0.022181411361384882,0.15092470417767087,0.0035881107831390348,0.011740741217449164,0.6363636304132232,0.012245818536285993,0.6903817311591535,0.010465070267422353,0.11657773356244912,0.09091886865534556,0.48651158510307746,0.09398691761254804,0.7951807228915662,0.12003739371843503,0.7922726540115531,0.08364112000620144,0.04040043742801418,0.3087361686103224,0.18225411693692406,0.1385884047346077,0.2172272721087893,0.46350036496519104,0.05852626013647414,0.12056743936422386,0.49831773572737154,0.1106794284591314,0.021052706523009133,0.14134177879560067,0.15824320663920027,0.03838563605533329,0.021052706523009133,0.6604313974318077,0.10465984703688419,0.00020755478753844124,0.00910217550294955,0.04661445127668791,0.01566742552308332,0.02804246910076758,0.015810372776864062,0.02996043969994048,0.5545122598944606,0.2821689789846436,0.03335216434181035,0.043800417970892944,0.16820628768303186,0.030280403182389184,0.869484171507293,0.6729412675246564,0.6972932009199577,0.6383436979324998
002660.XSHE,4,1,-0.02771299652239385,0.7147781364556547,0.30004795624865677,0.33072534530534703,0.47776142246117137,0.0902938822084878,0.7311745493521867,0.0415194551848338,0.6948629141532872,0.31653360454931284,0.1258416723173439,0.0005524109665881532,0.010668159011840483,0.004780089363379012,0.00016191634439816508,0.00027102756324199717,0.000696932398133358,0.0011043869097082043,0.6186876709351845,0.022547975916363427,0.15090448320907612,0.0035604720873329376,0.016004772936009746,0.7272727282644629,0.025459300379982015,0.7167085715382984,0.013227148466560043,0.17843899791986975,0.0918869944106364,0.6629771032815586,0.230678616039361,0.755020080321285,0.17641520994108972,0.06688847848113999,0.12376079124609297,0.04084496419871073,0.31414153631545233,0.18649431804984998,0.14866621431561103,0.396766338891684,0.456021342673869,0.14593943364823955,0.19352917297012387,0.5176791513891708,0.11359520108143467,0.023905593292732164,0.15254327768190115,0.16957907496763103,0.04462517067336556,0.023905593292732164,0.6988666439972097,0.07359315459954818,0.0003515437647600701,0.00906884101561518,0.05023312766245984,0.03404117502644846,0.0375875227293974,0.03591386598713067,0.02996043969994048,0.5813201410888592,0.2892781133463097,0.028018614992191073,0.04458535551543661,0.14379955793686983,0.02549395824609679,0.8168476871511554,0.6340387422051217,0.6339734838782931,0.6936190862357353
002661.XSHE,4,1,-0.1873532647130962,0.4364864629007647,0.17766339794899694,0.3641018076836515,0.5342130097488275,0.31058423560327164,0.7088620601504569,0.5618870870604566,0.8843580486836756,0.4035906469158527,0.2029342261177386,0.0008234164192927983,0.010942762146773137,0.004897521136313269,0.00035206323732958557,0.0005229049533644862,0.0003224668320127339,0.0011110875011970096,0.618103052110621,0.022597191363484644,0.15104417806017276,0.0036376448482739934,0.00992968297250215,0.5454545434710744,0.011135824126802535,0.701734325386167,0.0029750971717395405,0.12037623225106267,0.09112989861991544,0.18578153768616684,0.04604072003710017,0.6064257028112449,0.0797014563522546,0.9065228482936538,0.07116317072376888,0.0445552222647535,0.3042550286485166,0.18131525091005057,0.13353325170216582,0.41586015148774064,0.3694941367351988,0.11418195757788367,0.22859122995841047,0.5194670038207657,0.144530833194516,0.0642342559962025,0.17964825488125702,0.19590706637872635,0.0701757455222015,0.0642342559962025,0.6903071711438845,0.054032181111331824,0.0022841742882805877,0.009086239311207958,0.04810210442831746,0.03370222863144407,0.09699702213023921,0.036827728257942866,0.02996043969994048,0.5942980097422722,0.28862598848016563,0.028778553027800285,0.05155681478718923,0.16259412841363935,0.022540677154991924,0.9321386218062517,0.7745428110211847,0.7826018647366211,0.1658445329339815
002662.XSHE,4,1,-0.2555759169140498,0.9317392268677773,0.43180674372837063,0.45545581828641996,0.5192091939726617,0.22102992188160975,0.7321351551905655,0.31056289371036333,0.9959297082123297,0.336909607349128,0.3103678669894592,0.0010500731795509794,0.011996045134262551,0.0053739084397449195,0.0005742211715878271,0.0003223424249068237,0.0007309587748335477,0.00103733513598025,0.6225057054544089,0.02324316431753154,0.15184049991280962,0.004518057263264588,0.014799507083469278,0.4545454565289256,0.022039820028974224,0.6972586774493541,0.011073813312941869,0.12376774893732477,0.08973265575113064,0.18902513086953943,0.04652019384518175,0.9036144578313252,0.05909604177344781,0.9210634648018322,0.029808206502773077,0.03357343405312698,0.3053554453080227,0.1638726586444818,0.13604068039838088,0.19090777269769899,0.5318427242963106,0.10042495563564882,0.12246708369466505,0.5217286780972741,0.12775839557483507,0.012660049464222155,0.15168256769117833,0.16864641709757977,0.04473013926628543,0.012660049464222155,0.6905957977370274,0.06283209361530985,0.0005861719676883313,0.009068480218940108,0.04627436350290934,0.0829744458705113,0.03793195092778065,0.09642374566330085,0.02996043969994048,0.672397523737502,0.3557202933277115,0.025110975116906353,0.03447511502239836,0.1285870129705629,0.033941048034934494,0.942507207680618,0.7964126973596923,0.8432757787559444,0.23533972480509296
002663.XSHE,4,1,-0.2405970335428148,0.9801581908672259,0.13839135898269228,0.2794257456493642,0.5014446453334269,0.1464219058341848,0.7909550166329616,0.4114866822124679,0.9353087055067053,0.3186899262728234,0.4489137373119521,0.0018290018581286179,0.011235278639501857,0.005036719979269393,0.0004137882427976461,0.0010440151564917043,0.0007087804189994505,0.0010831923152547324,0.6217424292417766,0.022192497223257453,0.15129823254171743,0.0038811761794269343,0.0457689445799394,0.5454545434710744,0.057313235640226556,0.7085902384382532,0.010260998958748657,0.08388351270688252,0.09128479237518057,0.5228242662860882,0.2668429530638665,0.020080321285140562,0.17958142225255647,0.029081233016356643,0.1202264409299631,0.06094849775439033,0.3912555412424785,0.18971995748559375,0.15599352150097356,0.4023892607096496,0.45053163698397025,0.12579678498581168,0.19286371677956102,0.48873550993219234,0.1282128808185121,0.027328198143967454,0.15004635204704073,0.16733111459072075,0.04058891621783316,0.027328198143967454,0.5869893675572024,0.05835647030970462,0.0009018921511572592,0.009106954413924617,0.049969553041819964,0.04282493251644953,0.04676847182700199,0.05398027878882287,0.02996043969994048,0.6054651419371221,0.29599917104153156,0.03445279927694127,0.08028325289960347,0.14193218954248366,0.03416387509720644,0.7852546122054793,0.6109830392286941,0.6121825762516735,0.5975792442107314
002664.XSHE,4,1,-0.02868067300629448,0.6912907167537083,0.2627773760839117,0.336219561840304,0.4379043239054824,0.19997526937936988,0.6749323929878468,0.4426667199232812,0.9301705658627657,0.29483581056388813,0.2315446474271085,0.0009058794886984794,0.011090443466346031,0.004964792890695687,0.000275835816908301,0.0006157376438797753,0.0012564655320329043,0.0011284810117881449,0.6189641571761288,0.021754117226371696,0.1511274817502156,0.003666611587297836,0.008707908287424935,0.4545454565289256,0.010707417448684154,0.7006657858134172,0.004115493668214301,0.07040788640680111,0.09082813127700912,0.2800025134472548,0.06369529574589095,0.5983935742971886,0.09595547011598902,0.7174907273285364,0.06585013447457866,0.03978427938202823,0.3068148572030355,0.1799851396023976,0.13939821711290837,0.46647047348111104,0.4180111879772766,0.08457605553893237,0.22366337284430274,0.5116478995423817,0.13808361797408197,0.04099922254257854,0.158553681434296,0.17583122000666287,0.046364309406060664,0.04099922254257854,0.6789198587949898,0.0780904895512814,0.0003098399352763732,0.009120563521944312,0.049047569546498616,0.02022779228081604,0.04787796756970872,0.022160045171655384,0.02996043969994048,0.5829778575650085,0.29484317175625796,0.030260956665063874,0.04259942683107597,0.14552126082991337,0.02455015852126578,0.9206773444490208,0.716578766971828,0.7469231317646874,0.20780742424902487
002665.XSHE,4,1,-0.1114872469633109,0.6613447419960807,0.23571734819941745,0.2673040463095095,0.4379043239054824,0.13922128192835206,0.8950567642022373,0.46201169654503216,0.9993071283235229,0.4235540250243146,0.32543066743344207,0.0009884627909106376,0.010386177170493843,0.004689751751546039,0.00014846255543651994,0.0002238296851562899,0.0017297941633893877,0.00114120681046008,0.6206761170315038,0.02150635206569308,0.15086032591005313,0.003745285388555869,0.04369951583416164,0.7272727282644629,0.06254890007868798,0.7066122527329056,0.015336604146686195,0.1687166500859184,0.09190163740845661,0.6541520643020091,0.14412560998458424,0.2610441767068273,0.18770777033036384,0.311175763449095,0.13788607907724035,0.05585248022859917,0.34627549993217477,0.21694107267694607,0.14208112682207782,0.4093818634504124,0.5318427242963106,0.033983918189108925,0.17227927173976845,0.5097647367345942,0.10201183263036946,0.005302917980748247,0.1412594720322636,0.1591050095673737,0.029376892118528626,0.005302917980748247,0.6811447374724958,0.07708607213062928,0.0003178804196007292,0.009420687136697418,0.04798218984865697,0.015780925233706708,0.03405317302572482,0.03118915384240142,0.02996043969994048,0.616433791691015,0.3095251304590395,0.028232326490524557,0.07054445275273435,0.15570399186806505,0.03360007776514925,0.7831082856371874,0.6234161470080934,0.6165513198649109,0.6340773986205287
002666.XSHE,4,1,-0.3363549718310358,0.7322864802757565,0.3860408146845632,0.37460913380740457,0.489855886534782,0.1319559390006949,0.8027936497677104,0.5189753256364089,0.9040983052306104,0.3503574211536862,0.21432608164351352,0.0008218102244594602,0.011022115464855977,0.004945421422297366,0.000484679345653898,0.00029988202918528186,0.0004567453336460361,0.0010806703928354562,0.6202906114466136,0.022326588579573696,0.15113290260938145,0.004081100507186673,0.02172328281527388,0.5454545434710744,0.03668742814169373,0.7144198653092819,0.015529128613084595,0.22655331464230802,0.09065895734471231,0.3451808577430543,0.10102335672203874,0.3052208835341365,0.08243812841672254,0.8084753192437318,0.06640921663294211,0.05317337433111918,0.3119737591830913,0.16229163570166105,0.13799046943120752,0.3833886817433014,0.47038298930514283,0.1605136453555901,0.2439339514276833,0.5034005810801435,0.13222056685850433,0.0367533733245543,0.20477384970294255,0.22848150089270236,0.016388089033512285,0.0367533733245543,0.6497323484973305,0.0573604364750465,0.0010382097937695017,0.009081678358710614,0.04598071129793218,0.0531999026209106,0.05090350393914636,0.1052862067901207,0.02996043969994048,0.5807357821705108,0.2990666049192018,0.0291798054455929,0.06687315756455366,0.16616586233976796,0.029061883112998746,0.9154144948942637,0.7487257308389723,0.7688803922759451,0.4011010479837169
002667.XSHE,4,1,-0.193083586566768,0.738778177245703,0.3946168316905053,0.3481234615689044,0.4379043239054824,0.13861639408750157,0.6675162341765204,0.27107647313933636,0.5085168770016659,0.29401636190317815,0.07418868548458868,0.0003328931956318342,0.010693409676753527,0.004797973859344901,7.955323855088283e-05,0.00021664643045101476,0.000566994573692843,0.0010998803343206553,0.6186434765518889,0.022404558434956846,0.15094310710690567,0.0036315264844906385,0.007557271883992147,0.4545454565289256,0.006240602204189742,0.7050394793587256,0.003803179229320169,0.2401646016098399,0.09132402330467071,0.49155778996117055,0.052670239585041946,0.9477911646586344,0.09801555041102783,0.897797862434927,0.05489744524234941,0.03306600814188666,0.31150138408449357,0.1792202036230673,0.1346953259657305,0.5114770356633126,0.5318427242963106,0.21303676001229513,0.2751051021584249,0.5232296760057452,0.12947311565735606,0.013428218559871268,0.19287215598220198,0.20900240126978764,0.080265188836113,0.013428218559871268,0.711535832348848,0.07798419016986044,0.0003106619264849714,0.0090906859383151,0.0543813278356434,0.04287660117422459,0.021083236614458795,0.046267274964105265,0.02996043969994048,0.7342031817067938,0.3528597038029392,0.033673166276044435,0.03260698675642093,0.16776477871510362,0.028739157743614286,0.8574548010964196,0.6445452434655703,0.7472730009268231,0.43495936340596486
002668.XSHE,4,1,-0.07231674005086844,0.5907308929510287,0.40298239169351185,0.3206012048391178,0.4727628810656422,0.2321238107427791,0.7453980206174975,0.3811899591982266,0.8323667670993968,0.3726799528981374,0.17727826946072878,0.0031028652970249045,0.011309997483975627,0.004979334900033927,0.0009540593763528614,0.00042696052180006615,0.0036484693064625985,0.0011879019430903659,0.6188823642963197,0.025334915258413023,0.15108432313770825,0.004101617446522207,0.008644643774247047,0.5454545434710744,0.012012723703432062,0.6974702410889179,0.007929040787810013,0.09374152120828434,0.0909121336112409,0.3656511345777468,0.09333094423095101,0.5662650602409638,0.09561025678864643,0.6992112711336322,0.0683589932614316,0.04433518272703699,0.3094777925178642,0.17526878789345887,0.13719235578710381,0.26082478269036347,0.5157586360855789,0.06094947234757212,0.20170287927447428,0.5005977975996239,0.1364059738612673,0.10159435749346221,0.20434926375125304,0.22043553792079623,0.08838090451648575,0.10159435749346221,0.6696721225272473,0.07399171651598303,0.0003471731597828058,0.009020822706760898,0.04882370261395314,0.015010810582400759,0.0942509728237514,0.013336556489820635,0.02996043969994048,0.5782885712923425,0.2791378636739781,0.04713220505448859,0.05064785076084762,0.15877975059532856,0.02719342585392116,0.9135007314198065,0.7207719693954271,0.7600663299120971,0.26812709322335737
002669.XSHE,4,1,-0.1583382454272126,0.5540437743894583,0.37647073768990613,0.34834551092867094,0.489855886534782,0.1375799858413581,0.6139064734102564,0.28156430067438637,0.39292190747835987,0.13992076213752735,0.04772860847877147,0.000302305062468952,0.0106648252556541,0.004792533922151518,9.202734636879942e-05,0.00030100205207153933,0.000312036042310741,0.0011025129570637249,0.6182454946351092,0.022201305770865182,0.150913257602588,0.003533572114721925,0.002047366778967471,0.5454545434710744,0.0019323605655531782,0.6965367766542472,0.0018080140227124937,0.035769195984444245,0.09132037514818615,0.3585104505612926,0.07287978968121919,0.9036144578313252,0.11766569910310413,0.6281681841373413,0.0795723402770386,0.03716436348818176,0.3067546765550991,0.18167626050951638,0.1385741062817003,0.3049899878514487,0.647879000419544,0.10311222813730714,0.15585523200721826,0.5225896832901238,0.114899474513404,0.012778485847813728,0.14643788049094508,0.16427658180443416,0.032915340974304694,0.012778485847813728,0.710568290571025,0.06389116235302278,0.0005449416710236139,0.009106907258128178,0.051969052804101516,0.07104353704976868,0.03093281151329658,0.06724793669020687,0.02996043969994048,0.6460897295870789,0.3055650778763622,0.04574741499518106,0.03616099692881898,0.07684726022191823,0.014819644673087277,0.9041635894959594,0.6873617929326437,0.7150427896586595,0.418791181433384
002670.XSHE,4,1,-0.1905011534108457,0.6221388379503551,0.3999102275963332,0.4745014203899038,0.4727628810656422,0.20229900766576928,0.6013962241167792,0.2575348795707322,0.5935091359828724,0.08735500611976169,0.09603455729786647,0.0005664985991633185,0.010991991860460083,0.004930550663570423,0.0005214428022168552,0.0006143607133037137,0.0008504256545932924,0.0011282429278255868,0.6185489224800317,0.02225707351165435,0.1510423606561248,0.0035442653386604625,0.0026525657594694326,0.6363636304132232,0.003222851919003236,0.6945992212878849,0.004204602784592028,0.05014922673419553,0.09122188226084961,0.4524017511190024,0.11508430470558734,0.8393574297188754,0.12738042376912342,0.3859576901321118,0.08783706868829785,0.039245283128063996,0.30674859459539844,0.18193104599106236,0.14083066212235834,0.21395185714868858,0.5603781686687987,0.04265400702565046,0.10769666333490138,0.5197792316201125,0.11809688525300693,0.03268719388035994,0.13016565325974852,0.14832703656039534,0.01894020421692767,0.03268719388035994,0.691950122520236,0.06361749935652831,0.0005549027426966009,0.009104358651827666,0.044136480468830376,0.017488700198401222,0.06926221512273043,0.023609037742265335,0.02996043969994048,0.5384961684018172,0.2808713478330864,0.03356205709687436,0.04058201735587333,0.13340489942747125,0.013842645211461387,0.9078650707985967,0.6890783247092123,0.7004974743407277,0.5689376973660221
002671.XSHE,4,1,-0.1016761338145855,0.6726947690489036,0.18695187754535986,0.3037546705178832,0.5014446453334269,0.4824041995775547,0.8209662323327869,0.8466209502604598,0.9226152788303554,0.5216743977400387,0.22624106714901837,0.0004910970363498673,0.010829177446898553,0.004863817549934276,0.0002481750719326693,0.0016740105230580694,0.0008556278662630997,0.001135418735268631,0.6188896724157807,0.022169799257971915,0.15095982735004787,0.003614091573807543,0.019154879606392495,0.6363636304132232,0.015960437377364203,0.7008897353135914,0.004987005714658244,0.16446594917246993,0.09092100546819713,0.2813403030432159,0.025127831837300836,0.3253012048192771,0.05649376573718197,0.9970916713804243,0.030851171107252467,0.04904461156881873,0.3072849159852757,0.17446485805106274,0.1328014308851782,0.44508712312338133,0.7157275974595769,0.18003024379271604,0.22452826272445417,0.5150996286508611,0.12409710004993942,0.023478125716507897,0.16630905121968417,0.18077957821380755,0.07818702275406308,0.023478125716507897,0.7045538732637124,0.09346468835630428,0.00023484849863100385,0.009062871146618445,0.048058703001795676,0.023628275308341953,0.033019518921980844,0.01973471706083179,0.02996043969994048,0.6583973041870925,0.3106131083327348,0.03663923292335197,0.05071769812127505,0.1550078849369205,0.03847012023688461,0.921268516282967,0.7699377515368626,0.8245201511434779,0.40269637385564466
002672.XSHE,4,1,-0.2004273391292095,0.5752444020071057,0.17895472316117422,0.36090298656388886,0.5704348814601758,0.22735846600732806,0.8527356239546136,0.6535055647360106,0.9586147484190846,0.36279919640664604,0.42546956336716807,0.002621642637632852,0.011593815509677271,0.00515074789482556,0.0005180369652254389,0.0012626309859603028,0.000784702554492492,0.0010962392109663086,0.6200352878182018,0.02368315556257846,0.15143195306074703,0.0047105296297134894,0.03225906453869074,0.4545454565289256,0.03789558996064269,0.7046982764790939,0.006073972484632656,0.15863254047209913,0.09088160205868188,0.3706815076768965,0.046304224711556825,0.7429718875502007,0.0671242280463429,0.9659326208116423,0.03923367905393595,0.03868012737937713,0.31835954181394926,0.1745429398485177,0.12917222356541022,0.5391250740414307,0.7527231670173589,0.23233684212673894,0.3949187348897544,0.5374751647014689,0.1711583420670741,0.04621850467324519,0.29790869034381384,0.3126914952631584,0.16350104186629916,0.04621850467324519,0.7261751601176475,0.07036287876192657,0.00039379596583652887,0.009090370378305216,0.0591619487952872,0.030687445441377664,0.04219940568237706,0.032131563306917875,0.02996043969994048,0.6622599499025884,0.31883630556274195,0.02468984898414116,0.04065827632465168,0.14507769354511832,0.02445414847161572,0.9022205337234239,0.7155366856839596,0.7994655583515748,0.18860792120178377
002673.XSHE,4,1,-0.3103289458050097,0.9690299597021779,0.18717715546399513,0.22491280489953502,0.5420779387954517,0.5137907558097072,1.0000000000000002,0.45869482329217126,0.775444592659073,0.2785667189376171,0.5581480656613957,0.0,0.013684344003226122,0.006127008928088229,0.0029840589171838032,0.008062098247688082,0.000311093325495616,0.0010572453686343087,0.6194366714067405,0.022180798345973467,0.1514982065260184,0.00483360569437551,0.08725430747239676,0.6363636304132232,0.09196405668751556,0.6117609579155578,0.06214366687917019,0.2608302432847969,0.09066762711695117,0.4622058844287461,0.10585983500319826,0.610441767068273,0.12234781955620322,0.5139179898552405,0.08635211041260729,0.04223652921141641,0.3125262478556938,0.1835724294790041,0.13953340248585103,0.14048238822370693,0.5318427242963106,0.23604756684727424,0.10686765724223511,0.5098064099319354,0.1263188731829511,0.006022292677560619,0.13715752535592585,0.14843710628864581,0.088894084304094,0.006022292677560619,0.6701558934161587,0.05476553105843426,0.0017887565324203668,0.00907971508744147,0.05305644375124136,0.029247760156912796,0.06504798281099847,0.03229344616550119,0.02996043969994048,0.6178847094228153,0.29599917104153156,0.03629867414858681,0.046668530362470276,0.13047290621675026,0.03266136268469223,0.8876986550396955,0.6728085887399939,0.7025531207008999,0.4884334152009492
002674.XSHE,4,1,-0.1849388498266785,0.5344721993268465,0.4381297698205927,0.2493713470976785,0.5094710657174453,0.24995733606382523,0.6767272364175887,0.28674527758269697,0.8692246423456121,0.12287572726552029,0.1949056717138018,0.0004793334668113769,0.011093584209250041,0.004974128515893392,0.00046956108713330633,0.0009389255445431343,0.0005950497889854779,0.0011043092414558982,0.6201555370662789,0.022252787868795507,0.15116038392881487,0.003980943521950428,0.006254488901528237,0.6363636304132232,0.005086036815757885,0.687104517946687,0.005449559966083767,0.06773989328027494,0.09120430887211735,0.22719501423636285,0.03811611062575886,0.8915662650602408,0.1092534300633374,0.7719153802642237,0.07832695477698548,0.03353634268402451,0.3064258702529405,0.18153268786900414,0.13572351471570776,0.2770346327508808,0.5996250940054241,0.08379480431503952,0.16587921841102415,0.47809033657169137,0.12327324763388298,0.025122548104474677,0.16503252631199472,0.18127028013081248,0.06057111927003355,0.025122548104474677,0.5280242399597093,0.06123536528833197,0.0006653618904254576,0.009105604168009167,0.04266135964400804,0.031097528601894953,0.05568725457701057,0.044269538632362736,0.02996043969994048,0.5414362588610213,0.29299425176263516,0.025615536727616513,0.027654524399880667,0.10873779259765923,0.013181342346114733,0.9106442885344619,0.6999745698996067,0.7299234512678465,0.3639216265931995
002675.XSHE,4,1,-0.1671304987391593,0.7426967673690597,0.2952006699053895,0.3468125912257213,0.505634058289011,0.21733063321235574,0.741116001493217,0.14473608751869557,0.8910290242101132,0.28672427428133884,0.20665576737250063,0.00046875230239049894,0.011219663652126658,0.004915693526695301,0.00019251199300988583,0.00022758337674859706,0.00026084836765887724,0.0010809147246771671,0.6194448392702193,0.02561343725772362,0.1511032293158365,0.003758485612395679,0.008332724796778275,0.5454545434710744,0.014189138284826045,0.7030603666476766,0.004916502518322281,0.15017635886768563,0.09168923682221405,0.6567250804884478,0.17262370312591332,0.5461847389558232,0.19233059841807967,0.07769025530259244,0.13069277681673186,0.041113846658606554,0.31215955805754725,0.18710802234511847,0.14903407451313766,0.5102676553940123,0.7652701395753135,0.2032016800180208,0.26883109509467246,0.5156937326723006,0.14327112055242847,0.035820387592834416,0.18729902485672084,0.19834718759406272,0.12472336402074241,0.035820387592834416,0.6684755491208575,0.056636374356860586,0.0011707531739306427,0.009016219259214437,0.04762139075583913,0.1284286759101699,0.03526502264902928,0.27962941498144994,0.02996043969994048,0.6049101672907591,0.31642811549734845,0.026809088998980636,0.04634244544515013,0.14704037784364393,0.02523942693066938,0.7865532374202895,0.6171691875635754,0.611952850839554,0.7041365279177739
002676.XSHE,4,1,-0.189631325107389,0.5626173326720639,0.46157201218279265,0.35876731086361435,0.4727628810656422,0.3054463045438538,0.47840366658504524,0.13726776344755476,0.6876079593304524,0.19025072654043002,0.12353592498008903,0.0009054268572473048,0.010974757367593737,0.004925155187547439,0.00030264268134020625,0.001198659124022414,0.001219192606065613,0.0011271728912693375,0.618758797850872,0.022364028505822846,0.1510606024307667,0.003673413188749484,0.0016097775351198449,0.6363636304132232,0.0017238986265505996,0.6957904210714654,0.0016690266391524839,0.03450302975490639,0.09137299825011254,0.6310511776972612,0.08603620417113692,0.755020080321285,0.13361666299932404,0.40963803473774224,0.09240180813744615,0.039210180418134066,0.30683688346687205,0.1819496298237699,0.14050309756484347,0.35357606121085683,0.629668936064652,0.1044428763233481,0.17786465052677783,0.5112755708023607,0.12463043700383693,0.03985430340308096,0.15162720053449014,0.16783822354949382,0.05183248390945451,0.03985430340308096,0.6794281687869621,0.07378325599772785,0.0003494396319731261,0.009099401535807922,0.048368977029696066,0.020652364082570564,0.04575458643304855,0.018322701858976824,0.02996043969994048,0.5704368720497914,0.2825446807731982,0.05287375868500031,0.040683159962206554,0.19733273800476264,0.017232607525273672,0.9040082515516041,0.6641817035955957,0.6866149300393702,0.43643968286585644
002677.XSHE,4,1,-0.1472015326775966,0.661701066600932,0.3840459194313849,0.27950277234114923,0.4727628810656422,0.22288272985557173,0.5998940992657799,0.2634089864307399,0.702585930577595,0.1280867091924041,0.12833037962160265,0.0006174345649036378,0.010928024923064224,0.004875298039647637,0.00014945223342797552,0.0002135396784666012,0.00040374725720448187,0.0010981664227823391,0.6185434400739246,0.022852513415331097,0.15103277925417746,0.0036302114071694418,0.0031628487207033627,0.5454545434710744,0.0031435632729554046,0.6949564140691696,0.003636461845497535,0.055711314099665364,0.09108098917945319,0.2360759185829751,0.0769363967839235,0.7991967871485942,0.09534607636066095,0.6950566626184813,0.06508692790629662,0.03871367851138949,0.30706036675331894,0.18025868667890346,0.13777209305953095,0.23137495208491896,0.5318427242963106,0.07330336253893095,0.12306505530248989,0.4721398616738911,0.11729130972342544,0.00763817494545308,0.13912889372270357,0.1574059443970106,0.02385543810206181,0.00763817494545308,0.3963520870507154,0.06679736892548181,0.0004612059361662009,0.009075559619961171,0.059211418506368255,0.05217738791493975,0.02843114595330815,0.07014807338422395,0.02996043969994048,0.7588748817698868,0.3482167694201326,0.03390921336001145,0.039699627487616414,0.12209175659928054,0.016729676377340432,0.9215303716748804,0.7188453628764764,0.7450615637699258,0.33012368030983513
002678.XSHE,4,1,-0.1664124661484579,0.8376914950592074,0.16546133805344204,0.333077581106893,0.5013742645331755,0.7188332715067818,0.8399193977745103,0.3692539426232047,0.9808485526534176,0.23823023839033827,0.39635363044526123,0.0015781275361876387,0.01181238518730243,0.005261712386818035,0.00046269254373972984,0.000266149821956165,0.0008289313629990982,0.001097519114013945,0.6202093372928748,0.022861429663841724,0.1515528082651199,0.0039254911758391745,0.010091962831257677,0.6363636304132232,0.015367300734474927,0.6933471141605482,0.008914744685881371,0.14723704440625845,0.09162512647321859,0.6189858264188225,0.17942878482709032,0.15261044176706826,0.155766973098395,0.18404597479311652,0.11048435175628252,0.05690381320147728,0.3064258702529405,0.18525212838567656,0.14379434145225484,0.17560079131036807,0.5653292717763401,0.05800462447970778,0.10043040228224183,0.5167034445346605,0.12540537699037468,0.015354932400730863,0.1360397666184286,0.15305363417232942,0.03376277681158959,0.015354932400730863,0.6488279072702352,0.06282044379605037,0.0005866685594967569,0.009099323125588263,0.05224397247848264,0.036006961315584896,0.04669803425122963,0.05350414015480932,0.02996043969994048,0.6407955708476974,0.3084992504457323,0.033678593766478485,0.07772417590731989,0.18227995009373257,0.023986660285936472,0.853207417875048,0.6653592278094735,0.6529561963809005,0.6622969477065931
002679.XSHE,4,1,-0.3065760327575838,0.6087589176752889,0.21989157441528837,0.10864853924633894,0.5177238414542913,0.44954682222371667,0.9608328869012477,0.6512026436778873,0.7917376150285536,0.6249359503612882,0.16018845328354414,0.0005958082116539347,0.013684344003226122,0.004680694284498984,5.3367434026837114e-05,0.0002662360773171687,0.0003076060594197404,0.0011268774720980478,0.6193794004809765,0.02216375467809002,0.15071495360717002,0.00354364849238986,0.018700722077137185,0.5454545434710744,0.01441494371234565,0.678890549717529,0.01062607507825443,0.27037171022881434,0.09029796666443173,0.29542163256655096,0.0508523504313654,0.429718875502008,0.07214431498212663,0.9729955579463688,0.0427396883554698,0.05523016127412039,0.3120905538820123,0.17915662566754814,0.13308090064655004,0.23955189566593246,0.5764313601089729,0.04695700935982248,0.12493342829861921,0.42990198849402217,0.08662321641522022,0.0013997343334227865,0.13825416573898616,0.1577022773728642,0.012162838096283237,0.0013997343334227865,0.34685087353364263,0.3636511562098906,0.00012273919196992042,0.009150167218127935,0.08221786830133938,0.03081632260123732,0.012924763985623158,0.15194370497313436,0.02996043969994048,0.8765960372259917,0.3625711083767289,0.02836344750942376,0.05706224228581465,0.1568717700258398,0.055744302207333854,0.916227578077289,0.7358780018575031,0.8148109518289577,0.4640067002905003
002680.XSHE,4,1,-0.2912072207108498,0.9069977092857957,0.2902384156017661,0.35240579148644335,0.4379043239054824,0.24488701649648092,0.8599993122252786,0.3119762705137975,0.7157109750346655,0.5383232432996826,0.13264552432486643,0.00041585457435157206,0.010654066843193382,0.0047894950469031215,0.00010589893800419279,0.00020704362515393712,0.00042290025918694115,0.0010958059319144426,0.6187013931599993,0.022154518792493815,0.15093149407334872,0.0035709159492967914,0.013097805343926053,0.5454545434710744,0.011373157103638046,0.692943723477872,0.00468366462641051,0.18508637062494346,0.09105739279026927,0.2612883909629982,0.021160133840284666,0.8433734939759034,0.055560240384425336,0.9921065517981231,0.03702696103539184,0.03007517310863415,0.30684678943379257,0.17787472791640216,0.13440155775145127,0.4941714086595041,0.5318427242963106,0.18854596957033043,0.23983886175198432,0.5214469223179483,0.12254930886388958,0.015178249621546755,0.16486796499386067,0.18095547176380253,0.061885347259166654,0.015178249621546755,0.7086635887620257,0.06829892421979236,0.00042932101556787975,0.009112541279156096,0.05551741624052357,0.05948665576866697,0.023945865882421622,0.0729420700668425,0.02996043969994048,0.6526385412982083,0.3173516021734641,0.03551396303164015,0.03206595833856467,0.1270956040685008,0.046939941377041335,0.9163394213972249,0.7756097695811777,0.8491430185919153,0.24531093488108757
002681.XSHE,4,1,-0.02095039527996238,0.6436469597784631,0.40110500512909536,0.42951535336747415,0.4727628810656422,0.2470869209003392,0.650244180742225,0.3009900783293645,0.6955970595544722,0.16216788449602357,0.12607658387991683,0.0006973486634667406,0.01091501191642519,0.004899621951862375,0.00025943413747286,0.00034017996298279135,0.0005975548012967816,0.0011156169086784132,0.618888357961409,0.02214330563561844,0.15103139045311664,0.003763888311254026,0.004874948035895587,0.8181818152066116,0.005614938804952289,0.702341619808342,0.005549009626795889,0.11449760332820837,0.09150227304071432,0.7451821319192828,0.18957402622551972,0.2369477911646586,0.1676643156145785,0.15371846188118454,0.11122546085075138,0.045199238489674616,0.3407928218715433,0.1892562849951779,0.14841274174134356,0.2783375687004238,0.544789400711275,0.05121560089181554,0.16825842059609697,0.5305667281834789,0.12370997818784148,0.02529327735323468,0.1668722247408492,0.18421284254346487,0.051346076414484916,0.02529327735323468,0.7387835849759926,0.06556575592882255,0.0004924551904260005,0.009104552209922349,0.04888807919797329,0.021995085255855376,0.049972988921762836,0.04339946046097293,0.02996043969994048,0.6038600953824558,0.29398703887228733,0.04125518353773901,0.053754161618298185,0.0963447459086994,0.01751181432075133,0.8414416781468805,0.6082382468709926,0.6275028847702613,0.8326784911944701
002682.XSHE,4,1,-0.2516865825114836,0.7008512765422119,0.4700267094073644,0.48337082260788294,0.5713474914092793,0.5595272185066031,0.6450947782568723,0.4045724223691706,0.6888005065252003,0.15931818313652768,0.12391268698621571,0.001929875780734091,0.011342511464597126,0.004957290970609681,0.0005913265863891092,0.0036770997391462387,0.0013474880139863735,0.001182406898525598,0.6178281361798149,0.025315642395108723,0.1510174541854751,0.004021633223651004,0.003969633840553666,0.5454545434710744,0.004753392405968006,0.6979417003551694,0.004201752362600855,0.09098308763679117,0.09132333281215602,0.42190573214082583,0.11406309155125599,0.37349397590361444,0.12963155724150832,0.43747401444822337,0.09364624545498657,0.043337190617784745,0.306276008589606,0.1819994992930779,0.14086185874688356,0.22173340318609425,0.641970604973779,0.12784132133321155,0.18132344130518804,0.5271501282153401,0.12096496390488987,0.05609933974938419,0.19702161242995536,0.21378327907782696,0.0770604658856049,0.05609933974938419,0.7215524605124933,0.067524215707509,0.00044502356972907686,0.008994344452899332,0.05122990936093575,0.018656090608214312,0.07105835021063837,0.01058426081232541,0.02996043969994048,0.5612540098442855,0.28929173983605,0.03904526868271394,0.04942409944219007,0.1886357159142727,0.022741670156128494,0.898849256508216,0.698141944186458,0.6980351875958841,0.6595832241013057
002683.XSHE,4,1,-0.189173307407992,0.6477573415713543,0.18131040184795638,0.28031713039981454,0.489855886534782,0.41352200916768445,0.7592848551592013,0.6888460311576847,0.9933518567468052,0.3426745582266806,0.30321209939108207,0.0023517150505365718,0.01093761721664946,0.004907357451685249,0.0004163701388792193,0.002017414545537227,0.0014912024228769223,0.0011434277727103775,0.619110585829783,0.02226849060712061,0.15099846126006441,0.003685082608280839,0.015175262601594233,0.4545454565289256,0.017768262879262805,0.700669975719241,0.008302770611191619,0.1393687256941304,0.0911166854859206,0.347857222642897,0.1221221853591534,0.11646586345381525,0.1013589810145846,0.5450770404240226,0.05886386143736458,0.05930905924006094,0.3042316327740255,0.18172043024668716,0.13948660754906317,0.29542718030828446,0.6410749777814498,0.12259658411345821,0.14927688539926298,0.5079122466847726,0.11315150790405713,0.03904002002022932,0.14197754829165957,0.15894692059251725,0.03816774670336326,0.03904002002022932,0.677584230471256,0.06644423745101752,0.00046963770271771807,0.009090304853681095,0.054401115720075825,0.022590168982532653,0.05563607763671171,0.01675168690541105,0.02996043969994048,0.5831220068238042,0.2798466358046141,0.029537824814583762,0.08255632268078622,0.1517000113999088,0.024744421846025003,0.9216067091789635,0.7532451019415332,0.7267178575860878,0.4771956473470912
002684.XSHE,4,1,-0.2544764204515602,0.8133580740664914,0.2313843476309295,0.2721878927143905,0.5192091939726617,0.4002414127981685,0.8967132240434443,0.7159259202935369,0.6829510537533184,0.543558394901552,0.12207179349105235,0.0006566352785528325,0.010443662795109759,0.004693365737867741,0.00016148853990992902,0.0010090807998660626,0.0003837540335288502,0.0011289984480056298,0.6174123188451321,0.022320616777777174,0.1507362417590164,0.003597986891521282,0.01430011552633337,0.5454545434710744,0.012030711254729121,0.6991188420110976,0.0038014938713039717,0.20028036537939767,0.09122183213489579,0.23760807118444227,0.040990945311692444,0.7469879518072288,0.07171675114730726,0.986289894558972,0.04614311314811786,0.03325330956715512,0.31288216095955224,0.17742352742170558,0.1300288308804987,0.48510777944465766,0.5339043214250749,0.07254160252026019,0.27622535172289125,0.5082685565367983,0.07240762818059165,0.028985161817672987,0.20248883853201174,0.21873798208647316,0.08558836884373118,0.028985161817672987,0.708218379320781,0.06620250146714732,0.00047564384887497095,0.009106199921181607,0.05596145636718714,0.018795847634664534,0.05541187829717137,0.011611011146490897,0.02996043969994048,0.6072065758674182,0.28192506481829177,0.03693178115773571,0.043676741962863384,0.15446995174038608,0.0461470359514267,0.9162843873826534,0.7575543983017119,0.8118984560867992,0.417309298737384
002685.XSHE,4,1,-0.1140023375065704,0.5221188939699954,0.37804853002982175,0.2347545141625525,0.4379043239054824,0.24174669770287244,0.45713257603535995,0.3092277528279904,0.6421537332083999,0.09942882224074154,0.10973667769094586,0.00043233266604189363,0.010552528212020146,0.004733215281062908,7.064163363830534e-05,0.0002274510061007054,0.0005504857757745917,0.0011076921880779117,0.6186069595695076,0.02249859362364205,0.1508238146594496,0.0035506717330773463,0.0016784866852491652,0.4545454565289256,0.0018618147309863212,0.6938397135840129,0.002270159849309064,0.03549787464954328,0.09117735012738949,0.2521206623208941,0.031224765427240127,0.7951807228915662,0.08775928880784134,0.7461572181061678,0.061401619702242644,0.03545761446058706,0.3064258702529405,0.18097312701443413,0.1385676069849242,0.21746921257275625,0.5318427242963106,0.056540707454970675,0.10986997988695865,0.5221638378140183,0.0999237418670031,0.006905420149337049,0.13083379205061807,0.1490733473308412,0.018646769286719857,0.006905420149337049,0.7203558871061037,0.06692691124710497,0.00045820991460890055,0.008907343653440796,0.04980280713566942,0.028453046382991565,0.03386398462548641,0.04630638432608653,0.02996043969994048,0.6021219879735165,0.29639970621288125,0.0391902265522257,0.03155474080712459,0.15471029981760145,0.012768887958365735,0.9344828932979223,0.7392281411702268,0.7619820286074153,0.15937819591545294
002686.XSHE,4,1,-0.2595708706566907,0.6613835709843914,0.26819717322792125,0.37762645525112204,0.4379043239054824,0.2755622058267367,0.7267808704161991,0.2093580422037905,0.7322872054087899,0.3871602952180781,0.1382590071643509,0.0006510133668919329,0.010870678531542055,0.004865438095689727,0.00016470275678770325,0.000710616439243052,0.0003660887924163301,0.0011080209901001598,0.6183594452605689,0.022742823777940034,0.15098682347630196,0.0035764646621723652,0.005239184018426676,0.5454545434710744,0.006343167123098204,0.6997914623163978,0.002799879695028248,0.10649362394862982,0.0912980353894271,0.4084513634508849,0.15447322583941922,0.5341365461847388,0.11261201316026988,0.4142084120813182,0.07702679566593326,0.03677864472905239,0.3049748290390034,0.1815398570427152,0.14078906662299137,0.4014220624422171,0.6666861160647606,0.1289131918917898,0.2028800157614114,0.5253648050818497,0.13009609638777356,0.024874627548875674,0.15988327632291285,0.17728311742514202,0.04609605633526544,0.024874627548875674,0.7146511299088432,0.06466468049366886,0.0005190329404846494,0.009064956968126007,0.05199253442696133,0.02825093358571768,0.04568525738305884,0.03314914020233907,0.02996043969994048,0.6589761189031794,0.3059777658513549,0.04090953852193835,0.038656617552922046,0.10289826848051883,0.034189447867440326,0.9139170371106786,0.7316737428685158,0.7242674531901465,0.348640505121536
002687.XSHE,4,1,-0.3157125990759869,0.5377087327767454,0.3339889118377829,0.3853859648159779,0.5094710657174453,0.24307777635564656,0.8786641094705337,0.3148812600417271,0.7882543761125245,0.5053625741283931,0.15881376888948717,0.0007036988642929886,0.01069285440691348,0.004787130540553085,0.00022793828830653109,0.0003128025138826838,0.00048175029110912224,0.0011082097165524252,0.6182814080175745,0.022671144561679804,0.15091255195295267,0.0036702613870533626,0.02502803833865906,0.5454545434710744,0.05600281846056141,0.7251657226268172,0.018294190721170136,0.6037804105996202,0.09212996174182272,0.3919843281232446,0.14758327635553992,0.24096385542168672,0.11720387745717442,0.3614458078696313,0.0963869629902549,0.05399373528652524,0.28390173311022676,0.2006566882795232,0.14174576310843165,0.2942917106366287,0.5318427242963106,0.05626400520513546,0.13566806195205497,0.519062878190288,0.10730673367495445,0.011894683233411883,0.14376472492925677,0.1577777441748643,0.067403355336977,0.011894683233411883,0.6947183670512296,0.06397545370409148,0.0005419619142892263,0.009111122492838845,0.05119481884587559,0.026002356433467506,0.057670499579314465,0.039015818333522224,0.02996043969994048,0.7233759091105658,0.30866354697917275,0.031658137327532955,0.06746628287727419,0.14664272685818514,0.031193246395884427,0.8460956029597648,0.819344013975499,0.72833253677587,0.6219078769111795
002688.XSHE,4,1,-0.1638681993442633,0.7084546984350546,0.2502342233998968,0.39790767173455077,0.5177238414542913,0.24852068224695767,0.8947147412910527,0.11828721597566522,0.8620847270533458,0.4895252495760638,0.19129480994525205,0.000982518165207385,0.010920377251614665,0.004901016374514785,0.00026434191795244406,0.0005075309485036415,0.00033764780828681785,0.0010978771807767108,0.6186389341143657,0.02223659061271082,0.15104067073339364,0.0037125638235113918,0.017772546937593607,0.5454545434710744,0.01101929719899598,0.6865742168033666,0.005280797714941793,0.1620240571583612,0.0910578574030702,0.2053739265291103,0.09897481218368054,0.7028112449799195,0.07526045818504751,0.6148738475247382,0.049703470182064585,0.03269706918639337,0.3082587572205994,0.1770088622360798,0.1400078511505055,0.40928540931535995,0.684686559129085,0.14420376914733118,0.224416108729139,0.5402219824429776,0.13329019988125246,0.028673573266610693,0.17786629909766152,0.19419983961348025,0.06827146680620066,0.028673573266610693,0.7590271764723755,0.05944280522399291,0.000792393142689842,0.009107615417559571,0.053996255604588456,0.03815548867102836,0.06148576819173948,0.05302335612271097,0.02996043969994048,0.6420751727296214,0.29943257350079905,0.03192928434963633,0.0343039395107015,0.130567588792623,0.0414056050726805,0.9205228941500618,0.7501437353500511,0.7951245402191105,0.2617099764306332
002689.XSHE,4,1,-0.2510678498466661,0.5176770930344521,0.37239329205355426,0.4250637418008628,0.4379043239054824,0.4588363519875971,0.7168071011497026,0.3661477750125462,0.8613422390907838,0.11796618952505618,0.19092572774020944,0.0014549212975922265,0.00960664290160016,0.004297374564640483,0.0004530567050187945,0.0002316105377137506,0.002574257064077962,0.001165321042820895,0.618746747821837,0.02352512421497025,0.15024168173708274,0.0035641613079194943,0.008915984679491654,0.7272727282644629,0.008063100130034808,0.6957517962684061,0.010760245826047416,0.13073166319978294,0.09137121884833928,0.37205343892375164,0.09272996200614772,0.21285140562248994,0.12323456982071304,0.44744528020252555,0.09051555170186326,0.04512008561697756,0.3103544928415569,0.18426901777563084,0.14083196198171358,0.23130643583372565,0.5909456870281259,0.06895489286996047,0.10833260531617075,0.5135673156230006,0.06804571867415636,0.009128787568030082,0.12494404223420286,0.14283685466555754,0.017984353848066445,0.009128787568030082,0.7160031176346174,0.07893128954796963,0.00030356264010929587,0.009174767464980194,0.049686058617518125,0.01876646342804593,0.05294633220226752,0.01508729456044813,0.02996043969994048,0.6211291765861686,0.28871417133519944,0.031708926613016844,0.05538435942775467,0.14097950549728935,0.012515553029849854,0.9057063171947566,0.6897804166113839,0.6943701430898859,0.38302008379531755
002690.XSHE,4,1,-0.1342770909522982,0.5894997394731769,0.15183858752438828,0.3359165901859495,0.4379043239054824,0.22394914748054995,0.7675990571685807,0.8207528934007178,0.9932899461597435,0.40577384531794713,0.37179453008426544,0.004585277962534866,0.010766324049370304,0.004790909549242452,0.0029840589171838032,0.00020175727394698107,0.0004419918505087604,0.0010587108010733349,0.6201374071406568,0.023227213120687873,0.15096465331503062,0.0037614055373044407,0.023919883076091705,0.6363636304132232,0.026723025794179244,0.7063094968948673,0.0090637458971873,0.17197250610473003,0.09187551636227069,0.6053435201438963,0.24713257718374868,0.004016064257028112,0.20161117120868144,0.052762604211686895,0.1582363699195703,0.06606671925008423,0.31490022673060364,0.19174987214109118,0.14769261965855293,0.39343826866920906,0.5318427242963106,0.19147362145900815,0.1929828718198714,0.519919507295941,0.11484238100136798,0.009404450347873376,0.15281100307510911,0.16616428602913,0.07972815255011388,0.009404450347873376,0.7017342134691632,0.07474128671978711,0.0010165370293848852,0.009055357747773187,0.05305644375124136,0.029247760156912796,0.06504798281099847,0.1270530361285225,0.02996043969994048,0.6137324122247689,0.29599917104153156,0.035456478757956184,0.09695741352008225,0.19493266137204235,0.02676362385595502,0.7393722216699095,0.6241873424439435,0.5859503106574107,0.6614681828855543
002691.XSHE,4,1,-0.2652961246527856,0.8344994776716649,0.24441447325936277,0.3359165901859495,0.4379043239054824,0.2351862136190515,0.83331406735469,0.5829770728442386,0.8416551114873558,0.4226533662556532,0.18149990129196847,0.004585277962534866,0.010700285272972745,0.004779601516382092,0.0029840589171838032,0.0004734991945148864,0.000246678718272783,0.0011183580208714839,0.618930934290457,0.023043434859213847,0.1508996762253296,0.0035248858551272266,0.010518038744483217,0.5454545434710744,0.012353751045087657,0.691299573285206,0.010326435730036228,0.16568689517952429,0.09056313803627528,0.20892071945634688,0.055795536304600095,0.6546184738955823,0.0593615398095529,0.9044460573309283,0.032805447584954836,0.04073169779997657,0.307937724001554,0.17617935089568978,0.13334347223630402,0.21926118225878358,0.5318427242963106,0.017399489228413136,0.10741272291395902,0.5182891137082497,0.10611612507030074,0.006890423799505882,0.12814460846714448,0.14659937785727445,0.01480189696272316,0.006890423799505882,0.6830599560399497,0.07474128671978711,0.0010165370293848852,0.009024874266992068,0.05305644375124136,0.029247760156912796,0.06504798281099847,0.09003824991443668,0.02996043969994048,0.6137324122247689,0.29599917104153156,0.03629576540371347,0.044415788059853495,0.14590165362010438,0.038196745827600645,0.9440543736063969,0.7947514484100662,0.836729924771529,0.3853507385633836
002692.XSHE,4,0,-0.3204819559580198,,,,,,,,,,,,,,,,,,,,,,,,,,,,,,,,,,,,,,,,,,,,,,,,,,,,,,,,,,,,,,,,,,,,
002693.XSHE,4,0,-0.2177995393221148,,,,,,,,,,,,,,,,,,,,,,,,,,,,,,,,,,,,,,,,,,,,,,,,,,,,,,,,,,,,,,,,,,,,
002694.XSHE,4,0,-0.2569898924659564,,,,,,,,,,,,,,,,,,,,,,,,,,,,,,,,,,,,,,,,,,,,,,,,,,,,,,,,,,,,,,,,,,,,
002695.XSHE,4,0,-0.1769199894033526,,,,,,,,,,,,,,,,,,,,,,,,,,,,,,,,,,,,,,,,,,,,,,,,,,,,,,,,,,,,,,,,,,,,
002696.XSHE,4,0,-0.2160168636880495,,,,,,,,,,,,,,,,,,,,,,,,,,,,,,,,,,,,,,,,,,,,,,,,,,,,,,,,,,,,,,,,,,,,
002697.XSHE,4,0,-0.1722172658431095,,,,,,,,,,,,,,,,,,,,,,,,,,,,,,,,,,,,,,,,,,,,,,,,,,,,,,,,,,,,,,,,,,,,
002698.XSHE,4,0,-0.07175896371917759,,,,,,,,,,,,,,,,,,,,,,,,,,,,,,,,,,,,,,,,,,,,,,,,,,,,,,,,,,,,,,,,,,,,
002699.XSHE,4,0,0.1359069897013121,,,,,,,,,,,,,,,,,,,,,,,,,,,,,,,,,,,,,,,,,,,,,,,,,,,,,,,,,,,,,,,,,,,,
002700.XSHE,4,0,0.379913964684139,,,,,,,,,,,,,,,,,,,,,,,,,,,,,,,,,,,,,,,,,,,,,,,,,,,,,,,,,,,,,,,,,,,,
002701.XSHE,4,0,-0.2284644726361887,,,,,,,,,,,,,,,,,,,,,,,,,,,,,,,,,,,,,,,,,,,,,,,,,,,,,,,,,,,,,,,,,,,,
002702.XSHE,4,0,-0.2702327567726505,,,,,,,,,,,,,,,,,,,,,,,,,,,,,,,,,,,,,,,,,,,,,,,,,,,,,,,,,,,,,,,,,,,,
002703.XSHE,4,0,-0.00906356949885033,,,,,,,,,,,,,,,,,,,,,,,,,,,,,,,,,,,,,,,,,,,,,,,,,,,,,,,,,,,,,,,,,,,,
002705.XSHE,4,0,,,,,,,,,,,,,,,,,,,,,,,,,,,,,,,,,,,,,,,,,,,,,,,,,,,,,,,,,,,,,,,,,,,,,
002706.XSHE,4,0,,,,,,,,,,,,,,,,,,,,,,,,,,,,,,,,,,,,,,,,,,,,,,,,,,,,,,,,,,,,,,,,,,,,,
002707.XSHE,4,0,,,,,,,,,,,,,,,,,,,,,,,,,,,,,,,,,,,,,,,,,,,,,,,,,,,,,,,,,,,,,,,,,,,,,
002708.XSHE,4,0,,,,,,,,,,,,,,,,,,,,,,,,,,,,,,,,,,,,,,,,,,,,,,,,,,,,,,,,,,,,,,,,,,,,,
002709.XSHE,4,0,,,,,,,,,,,,,,,,,,,,,,,,,,,,,,,,,,,,,,,,,,,,,,,,,,,,,,,,,,,,,,,,,,,,,
002711.XSHE,4,0,,,,,,,,,,,,,,,,,,,,,,,,,,,,,,,,,,,,,,,,,,,,,,,,,,,,,,,,,,,,,,,,,,,,,
002712.XSHE,4,0,,,,,,,,,,,,,,,,,,,,,,,,,,,,,,,,,,,,,,,,,,,,,,,,,,,,,,,,,,,,,,,,,,,,,
002713.XSHE,4,0,,,,,,,,,,,,,,,,,,,,,,,,,,,,,,,,,,,,,,,,,,,,,,,,,,,,,,,,,,,,,,,,,,,,,
002714.XSHE,4,0,,,,,,,,,,,,,,,,,,,,,,,,,,,,,,,,,,,,,,,,,,,,,,,,,,,,,,,,,,,,,,,,,,,,,
002715.XSHE,4,0,,,,,,,,,,,,,,,,,,,,,,,,,,,,,,,,,,,,,,,,,,,,,,,,,,,,,,,,,,,,,,,,,,,,,
002716.XSHE,4,0,,,,,,,,,,,,,,,,,,,,,,,,,,,,,,,,,,,,,,,,,,,,,,,,,,,,,,,,,,,,,,,,,,,,,
002717.XSHE,4,0,,,,,,,,,,,,,,,,,,,,,,,,,,,,,,,,,,,,,,,,,,,,,,,,,,,,,,,,,,,,,,,,,,,,,
002718.XSHE,4,0,,,,,,,,,,,,,,,,,,,,,,,,,,,,,,,,,,,,,,,,,,,,,,,,,,,,,,,,,,,,,,,,,,,,,
002719.XSHE,4,0,,,,,,,,,,,,,,,,,,,,,,,,,,,,,,,,,,,,,,,,,,,,,,,,,,,,,,,,,,,,,,,,,,,,,
002721.XSHE,4,0,,,,,,,,,,,,,,,,,,,,,,,,,,,,,,,,,,,,,,,,,,,,,,,,,,,,,,,,,,,,,,,,,,,,,
002722.XSHE,4,0,,,,,,,,,,,,,,,,,,,,,,,,,,,,,,,,,,,,,,,,,,,,,,,,,,,,,,,,,,,,,,,,,,,,,
002723.XSHE,4,0,,,,,,,,,,,,,,,,,,,,,,,,,,,,,,,,,,,,,,,,,,,,,,,,,,,,,,,,,,,,,,,,,,,,,
002724.XSHE,4,0,,,,,,,,,,,,,,,,,,,,,,,,,,,,,,,,,,,,,,,,,,,,,,,,,,,,,,,,,,,,,,,,,,,,,
002725.XSHE,4,0,,,,,,,,,,,,,,,,,,,,,,,,,,,,,,,,,,,,,,,,,,,,,,,,,,,,,,,,,,,,,,,,,,,,,
002726.XSHE,4,0,,,,,,,,,,,,,,,,,,,,,,,,,,,,,,,,,,,,,,,,,,,,,,,,,,,,,,,,,,,,,,,,,,,,,
002727.XSHE,4,0,,,,,,,,,,,,,,,,,,,,,,,,,,,,,,,,,,,,,,,,,,,,,,,,,,,,,,,,,,,,,,,,,,,,,
002728.XSHE,4,0,,,,,,,,,,,,,,,,,,,,,,,,,,,,,,,,,,,,,,,,,,,,,,,,,,,,,,,,,,,,,,,,,,,,,
002729.XSHE,4,0,,,,,,,,,,,,,,,,,,,,,,,,,,,,,,,,,,,,,,,,,,,,,,,,,,,,,,,,,,,,,,,,,,,,,
002730.XSHE,4,0,,,,,,,,,,,,,,,,,,,,,,,,,,,,,,,,,,,,,,,,,,,,,,,,,,,,,,,,,,,,,,,,,,,,,
002731.XSHE,4,0,,,,,,,,,,,,,,,,,,,,,,,,,,,,,,,,,,,,,,,,,,,,,,,,,,,,,,,,,,,,,,,,,,,,,
002732.XSHE,4,0,,,,,,,,,,,,,,,,,,,,,,,,,,,,,,,,,,,,,,,,,,,,,,,,,,,,,,,,,,,,,,,,,,,,,
002733.XSHE,4,0,,,,,,,,,,,,,,,,,,,,,,,,,,,,,,,,,,,,,,,,,,,,,,,,,,,,,,,,,,,,,,,,,,,,,
002734.XSHE,4,0,,,,,,,,,,,,,,,,,,,,,,,,,,,,,,,,,,,,,,,,,,,,,,,,,,,,,,,,,,,,,,,,,,,,,
002735.XSHE,4,0,,,,,,,,,,,,,,,,,,,,,,,,,,,,,,,,,,,,,,,,,,,,,,,,,,,,,,,,,,,,,,,,,,,,,
002736.XSHE,4,0,,,,,,,,,,,,,,,,,,,,,,,,,,,,,,,,,,,,,,,,,,,,,,,,,,,,,,,,,,,,,,,,,,,,,
002737.XSHE,4,0,,,,,,,,,,,,,,,,,,,,,,,,,,,,,,,,,,,,,,,,,,,,,,,,,,,,,,,,,,,,,,,,,,,,,
002738.XSHE,4,0,,,,,,,,,,,,,,,,,,,,,,,,,,,,,,,,,,,,,,,,,,,,,,,,,,,,,,,,,,,,,,,,,,,,,
002739.XSHE,4,0,,,,,,,,,,,,,,,,,,,,,,,,,,,,,,,,,,,,,,,,,,,,,,,,,,,,,,,,,,,,,,,,,,,,,
002740.XSHE,4,0,,,,,,,,,,,,,,,,,,,,,,,,,,,,,,,,,,,,,,,,,,,,,,,,,,,,,,,,,,,,,,,,,,,,,
002741.XSHE,4,0,,,,,,,,,,,,,,,,,,,,,,,,,,,,,,,,,,,,,,,,,,,,,,,,,,,,,,,,,,,,,,,,,,,,,
002742.XSHE,4,0,,,,,,,,,,,,,,,,,,,,,,,,,,,,,,,,,,,,,,,,,,,,,,,,,,,,,,,,,,,,,,,,,,,,,
002743.XSHE,4,0,,,,,,,,,,,,,,,,,,,,,,,,,,,,,,,,,,,,,,,,,,,,,,,,,,,,,,,,,,,,,,,,,,,,,
002745.XSHE,4,0,,,,,,,,,,,,,,,,,,,,,,,,,,,,,,,,,,,,,,,,,,,,,,,,,,,,,,,,,,,,,,,,,,,,,
002746.XSHE,4,0,,,,,,,,,,,,,,,,,,,,,,,,,,,,,,,,,,,,,,,,,,,,,,,,,,,,,,,,,,,,,,,,,,,,,
002747.XSHE,4,0,,,,,,,,,,,,,,,,,,,,,,,,,,,,,,,,,,,,,,,,,,,,,,,,,,,,,,,,,,,,,,,,,,,,,
002748.XSHE,4,0,,,,,,,,,,,,,,,,,,,,,,,,,,,,,,,,,,,,,,,,,,,,,,,,,,,,,,,,,,,,,,,,,,,,,
002749.XSHE,4,0,,,,,,,,,,,,,,,,,,,,,,,,,,,,,,,,,,,,,,,,,,,,,,,,,,,,,,,,,,,,,,,,,,,,,
002750.XSHE,4,0,,,,,,,,,,,,,,,,,,,,,,,,,,,,,,,,,,,,,,,,,,,,,,,,,,,,,,,,,,,,,,,,,,,,,
002751.XSHE,4,0,,,,,,,,,,,,,,,,,,,,,,,,,,,,,,,,,,,,,,,,,,,,,,,,,,,,,,,,,,,,,,,,,,,,,
002752.XSHE,4,0,,,,,,,,,,,,,,,,,,,,,,,,,,,,,,,,,,,,,,,,,,,,,,,,,,,,,,,,,,,,,,,,,,,,,
002753.XSHE,4,0,,,,,,,,,,,,,,,,,,,,,,,,,,,,,,,,,,,,,,,,,,,,,,,,,,,,,,,,,,,,,,,,,,,,,
002755.XSHE,4,0,,,,,,,,,,,,,,,,,,,,,,,,,,,,,,,,,,,,,,,,,,,,,,,,,,,,,,,,,,,,,,,,,,,,,
002756.XSHE,4,0,,,,,,,,,,,,,,,,,,,,,,,,,,,,,,,,,,,,,,,,,,,,,,,,,,,,,,,,,,,,,,,,,,,,,
002757.XSHE,4,0,,,,,,,,,,,,,,,,,,,,,,,,,,,,,,,,,,,,,,,,,,,,,,,,,,,,,,,,,,,,,,,,,,,,,
002758.XSHE,4,0,,,,,,,,,,,,,,,,,,,,,,,,,,,,,,,,,,,,,,,,,,,,,,,,,,,,,,,,,,,,,,,,,,,,,
002759.XSHE,4,0,,,,,,,,,,,,,,,,,,,,,,,,,,,,,,,,,,,,,,,,,,,,,,,,,,,,,,,,,,,,,,,,,,,,,
002760.XSHE,4,0,,,,,,,,,,,,,,,,,,,,,,,,,,,,,,,,,,,,,,,,,,,,,,,,,,,,,,,,,,,,,,,,,,,,,
002761.XSHE,4,0,,,,,,,,,,,,,,,,,,,,,,,,,,,,,,,,,,,,,,,,,,,,,,,,,,,,,,,,,,,,,,,,,,,,,
002762.XSHE,4,0,,,,,,,,,,,,,,,,,,,,,,,,,,,,,,,,,,,,,,,,,,,,,,,,,,,,,,,,,,,,,,,,,,,,,
002763.XSHE,4,0,,,,,,,,,,,,,,,,,,,,,,,,,,,,,,,,,,,,,,,,,,,,,,,,,,,,,,,,,,,,,,,,,,,,,
002765.XSHE,4,0,,,,,,,,,,,,,,,,,,,,,,,,,,,,,,,,,,,,,,,,,,,,,,,,,,,,,,,,,,,,,,,,,,,,,
002766.XSHE,4,0,,,,,,,,,,,,,,,,,,,,,,,,,,,,,,,,,,,,,,,,,,,,,,,,,,,,,,,,,,,,,,,,,,,,,
002767.XSHE,4,0,,,,,,,,,,,,,,,,,,,,,,,,,,,,,,,,,,,,,,,,,,,,,,,,,,,,,,,,,,,,,,,,,,,,,
002768.XSHE,4,0,,,,,,,,,,,,,,,,,,,,,,,,,,,,,,,,,,,,,,,,,,,,,,,,,,,,,,,,,,,,,,,,,,,,,
002769.XSHE,4,0,,,,,,,,,,,,,,,,,,,,,,,,,,,,,,,,,,,,,,,,,,,,,,,,,,,,,,,,,,,,,,,,,,,,,
002770.XSHE,4,0,,,,,,,,,,,,,,,,,,,,,,,,,,,,,,,,,,,,,,,,,,,,,,,,,,,,,,,,,,,,,,,,,,,,,
002771.XSHE,4,0,,,,,,,,,,,,,,,,,,,,,,,,,,,,,,,,,,,,,,,,,,,,,,,,,,,,,,,,,,,,,,,,,,,,,
002772.XSHE,4,0,,,,,,,,,,,,,,,,,,,,,,,,,,,,,,,,,,,,,,,,,,,,,,,,,,,,,,,,,,,,,,,,,,,,,
002773.XSHE,4,0,,,,,,,,,,,,,,,,,,,,,,,,,,,,,,,,,,,,,,,,,,,,,,,,,,,,,,,,,,,,,,,,,,,,,
002774.XSHE,4,0,,,,,,,,,,,,,,,,,,,,,,,,,,,,,,,,,,,,,,,,,,,,,,,,,,,,,,,,,,,,,,,,,,,,,
002775.XSHE,4,0,,,,,,,,,,,,,,,,,,,,,,,,,,,,,,,,,,,,,,,,,,,,,,,,,,,,,,,,,,,,,,,,,,,,,
002776.XSHE,4,0,,,,,,,,,,,,,,,,,,,,,,,,,,,,,,,,,,,,,,,,,,,,,,,,,,,,,,,,,,,,,,,,,,,,,
002777.XSHE,4,0,,,,,,,,,,,,,,,,,,,,,,,,,,,,,,,,,,,,,,,,,,,,,,,,,,,,,,,,,,,,,,,,,,,,,
002778.XSHE,4,0,,,,,,,,,,,,,,,,,,,,,,,,,,,,,,,,,,,,,,,,,,,,,,,,,,,,,,,,,,,,,,,,,,,,,
002779.XSHE,4,0,,,,,,,,,,,,,,,,,,,,,,,,,,,,,,,,,,,,,,,,,,,,,,,,,,,,,,,,,,,,,,,,,,,,,
002780.XSHE,4,0,,,,,,,,,,,,,,,,,,,,,,,,,,,,,,,,,,,,,,,,,,,,,,,,,,,,,,,,,,,,,,,,,,,,,
002781.XSHE,4,0,,,,,,,,,,,,,,,,,,,,,,,,,,,,,,,,,,,,,,,,,,,,,,,,,,,,,,,,,,,,,,,,,,,,,
002782.XSHE,4,0,,,,,,,,,,,,,,,,,,,,,,,,,,,,,,,,,,,,,,,,,,,,,,,,,,,,,,,,,,,,,,,,,,,,,
002783.XSHE,4,0,,,,,,,,,,,,,,,,,,,,,,,,,,,,,,,,,,,,,,,,,,,,,,,,,,,,,,,,,,,,,,,,,,,,,
002785.XSHE,4,0,,,,,,,,,,,,,,,,,,,,,,,,,,,,,,,,,,,,,,,,,,,,,,,,,,,,,,,,,,,,,,,,,,,,,
002786.XSHE,4,0,,,,,,,,,,,,,,,,,,,,,,,,,,,,,,,,,,,,,,,,,,,,,,,,,,,,,,,,,,,,,,,,,,,,,
002787.XSHE,4,0,,,,,,,,,,,,,,,,,,,,,,,,,,,,,,,,,,,,,,,,,,,,,,,,,,,,,,,,,,,,,,,,,,,,,
002788.XSHE,4,0,,,,,,,,,,,,,,,,,,,,,,,,,,,,,,,,,,,,,,,,,,,,,,,,,,,,,,,,,,,,,,,,,,,,,
002789.XSHE,4,0,,,,,,,,,,,,,,,,,,,,,,,,,,,,,,,,,,,,,,,,,,,,,,,,,,,,,,,,,,,,,,,,,,,,,
002790.XSHE,4,0,,,,,,,,,,,,,,,,,,,,,,,,,,,,,,,,,,,,,,,,,,,,,,,,,,,,,,,,,,,,,,,,,,,,,
002791.XSHE,4,0,,,,,,,,,,,,,,,,,,,,,,,,,,,,,,,,,,,,,,,,,,,,,,,,,,,,,,,,,,,,,,,,,,,,,
002792.XSHE,4,0,,,,,,,,,,,,,,,,,,,,,,,,,,,,,,,,,,,,,,,,,,,,,,,,,,,,,,,,,,,,,,,,,,,,,
002793.XSHE,4,0,,,,,,,,,,,,,,,,,,,,,,,,,,,,,,,,,,,,,,,,,,,,,,,,,,,,,,,,,,,,,,,,,,,,,
002795.XSHE,4,0,,,,,,,,,,,,,,,,,,,,,,,,,,,,,,,,,,,,,,,,,,,,,,,,,,,,,,,,,,,,,,,,,,,,,
002796.XSHE,4,0,,,,,,,,,,,,,,,,,,,,,,,,,,,,,,,,,,,,,,,,,,,,,,,,,,,,,,,,,,,,,,,,,,,,,
002797.XSHE,4,0,,,,,,,,,,,,,,,,,,,,,,,,,,,,,,,,,,,,,,,,,,,,,,,,,,,,,,,,,,,,,,,,,,,,,
002798.XSHE,4,0,,,,,,,,,,,,,,,,,,,,,,,,,,,,,,,,,,,,,,,,,,,,,,,,,,,,,,,,,,,,,,,,,,,,,
002799.XSHE,4,0,,,,,,,,,,,,,,,,,,,,,,,,,,,,,,,,,,,,,,,,,,,,,,,,,,,,,,,,,,,,,,,,,,,,,
002800.XSHE,4,0,,,,,,,,,,,,,,,,,,,,,,,,,,,,,,,,,,,,,,,,,,,,,,,,,,,,,,,,,,,,,,,,,,,,,
002801.XSHE,4,0,,,,,,,,,,,,,,,,,,,,,,,,,,,,,,,,,,,,,,,,,,,,,,,,,,,,,,,,,,,,,,,,,,,,,
002802.XSHE,4,0,,,,,,,,,,,,,,,,,,,,,,,,,,,,,,,,,,,,,,,,,,,,,,,,,,,,,,,,,,,,,,,,,,,,,
002803.XSHE,4,0,,,,,,,,,,,,,,,,,,,,,,,,,,,,,,,,,,,,,,,,,,,,,,,,,,,,,,,,,,,,,,,,,,,,,
002805.XSHE,4,0,,,,,,,,,,,,,,,,,,,,,,,,,,,,,,,,,,,,,,,,,,,,,,,,,,,,,,,,,,,,,,,,,,,,,
002806.XSHE,4,0,,,,,,,,,,,,,,,,,,,,,,,,,,,,,,,,,,,,,,,,,,,,,,,,,,,,,,,,,,,,,,,,,,,,,
002807.XSHE,4,0,,,,,,,,,,,,,,,,,,,,,,,,,,,,,,,,,,,,,,,,,,,,,,,,,,,,,,,,,,,,,,,,,,,,,
002808.XSHE,4,0,,,,,,,,,,,,,,,,,,,,,,,,,,,,,,,,,,,,,,,,,,,,,,,,,,,,,,,,,,,,,,,,,,,,,
002809.XSHE,4,0,,,,,,,,,,,,,,,,,,,,,,,,,,,,,,,,,,,,,,,,,,,,,,,,,,,,,,,,,,,,,,,,,,,,,
002810.XSHE,4,0,,,,,,,,,,,,,,,,,,,,,,,,,,,,,,,,,,,,,,,,,,,,,,,,,,,,,,,,,,,,,,,,,,,,,
002811.XSHE,4,0,,,,,,,,,,,,,,,,,,,,,,,,,,,,,,,,,,,,,,,,,,,,,,,,,,,,,,,,,,,,,,,,,,,,,
002812.XSHE,4,0,,,,,,,,,,,,,,,,,,,,,,,,,,,,,,,,,,,,,,,,,,,,,,,,,,,,,,,,,,,,,,,,,,,,,
002813.XSHE,4,0,,,,,,,,,,,,,,,,,,,,,,,,,,,,,,,,,,,,,,,,,,,,,,,,,,,,,,,,,,,,,,,,,,,,,
002815.XSHE,4,0,,,,,,,,,,,,,,,,,,,,,,,,,,,,,,,,,,,,,,,,,,,,,,,,,,,,,,,,,,,,,,,,,,,,,
002816.XSHE,4,0,,,,,,,,,,,,,,,,,,,,,,,,,,,,,,,,,,,,,,,,,,,,,,,,,,,,,,,,,,,,,,,,,,,,,
002817.XSHE,4,0,,,,,,,,,,,,,,,,,,,,,,,,,,,,,,,,,,,,,,,,,,,,,,,,,,,,,,,,,,,,,,,,,,,,,
002818.XSHE,4,0,,,,,,,,,,,,,,,,,,,,,,,,,,,,,,,,,,,,,,,,,,,,,,,,,,,,,,,,,,,,,,,,,,,,,
002819.XSHE,4,0,,,,,,,,,,,,,,,,,,,,,,,,,,,,,,,,,,,,,,,,,,,,,,,,,,,,,,,,,,,,,,,,,,,,,
002820.XSHE,4,0,,,,,,,,,,,,,,,,,,,,,,,,,,,,,,,,,,,,,,,,,,,,,,,,,,,,,,,,,,,,,,,,,,,,,
002821.XSHE,4,0,,,,,,,,,,,,,,,,,,,,,,,,,,,,,,,,,,,,,,,,,,,,,,,,,,,,,,,,,,,,,,,,,,,,,
002822.XSHE,4,0,,,,,,,,,,,,,,,,,,,,,,,,,,,,,,,,,,,,,,,,,,,,,,,,,,,,,,,,,,,,,,,,,,,,,
002823.XSHE,4,0,,,,,,,,,,,,,,,,,,,,,,,,,,,,,,,,,,,,,,,,,,,,,,,,,,,,,,,,,,,,,,,,,,,,,
002824.XSHE,4,0,,,,,,,,,,,,,,,,,,,,,,,,,,,,,,,,,,,,,,,,,,,,,,,,,,,,,,,,,,,,,,,,,,,,,
002825.XSHE,4,0,,,,,,,,,,,,,,,,,,,,,,,,,,,,,,,,,,,,,,,,,,,,,,,,,,,,,,,,,,,,,,,,,,,,,
002826.XSHE,4,0,,,,,,,,,,,,,,,,,,,,,,,,,,,,,,,,,,,,,,,,,,,,,,,,,,,,,,,,,,,,,,,,,,,,,
002827.XSHE,4,0,,,,,,,,,,,,,,,,,,,,,,,,,,,,,,,,,,,,,,,,,,,,,,,,,,,,,,,,,,,,,,,,,,,,,
002828.XSHE,4,0,,,,,,,,,,,,,,,,,,,,,,,,,,,,,,,,,,,,,,,,,,,,,,,,,,,,,,,,,,,,,,,,,,,,,
002829.XSHE,4,0,,,,,,,,,,,,,,,,,,,,,,,,,,,,,,,,,,,,,,,,,,,,,,,,,,,,,,,,,,,,,,,,,,,,,
002830.XSHE,4,0,,,,,,,,,,,,,,,,,,,,,,,,,,,,,,,,,,,,,,,,,,,,,,,,,,,,,,,,,,,,,,,,,,,,,
002831.XSHE,4,0,,,,,,,,,,,,,,,,,,,,,,,,,,,,,,,,,,,,,,,,,,,,,,,,,,,,,,,,,,,,,,,,,,,,,
002832.XSHE,4,0,,,,,,,,,,,,,,,,,,,,,,,,,,,,,,,,,,,,,,,,,,,,,,,,,,,,,,,,,,,,,,,,,,,,,
002833.XSHE,4,0,,,,,,,,,,,,,,,,,,,,,,,,,,,,,,,,,,,,,,,,,,,,,,,,,,,,,,,,,,,,,,,,,,,,,
002835.XSHE,4,0,,,,,,,,,,,,,,,,,,,,,,,,,,,,,,,,,,,,,,,,,,,,,,,,,,,,,,,,,,,,,,,,,,,,,
002836.XSHE,4,0,,,,,,,,,,,,,,,,,,,,,,,,,,,,,,,,,,,,,,,,,,,,,,,,,,,,,,,,,,,,,,,,,,,,,
002837.XSHE,4,0,,,,,,,,,,,,,,,,,,,,,,,,,,,,,,,,,,,,,,,,,,,,,,,,,,,,,,,,,,,,,,,,,,,,,
002838.XSHE,4,0,,,,,,,,,,,,,,,,,,,,,,,,,,,,,,,,,,,,,,,,,,,,,,,,,,,,,,,,,,,,,,,,,,,,,
002839.XSHE,4,0,,,,,,,,,,,,,,,,,,,,,,,,,,,,,,,,,,,,,,,,,,,,,,,,,,,,,,,,,,,,,,,,,,,,,
002840.XSHE,4,0,,,,,,,,,,,,,,,,,,,,,,,,,,,,,,,,,,,,,,,,,,,,,,,,,,,,,,,,,,,,,,,,,,,,,
002841.XSHE,4,0,,,,,,,,,,,,,,,,,,,,,,,,,,,,,,,,,,,,,,,,,,,,,,,,,,,,,,,,,,,,,,,,,,,,,
002842.XSHE,4,0,,,,,,,,,,,,,,,,,,,,,,,,,,,,,,,,,,,,,,,,,,,,,,,,,,,,,,,,,,,,,,,,,,,,,
002843.XSHE,4,0,,,,,,,,,,,,,,,,,,,,,,,,,,,,,,,,,,,,,,,,,,,,,,,,,,,,,,,,,,,,,,,,,,,,,
002845.XSHE,4,0,,,,,,,,,,,,,,,,,,,,,,,,,,,,,,,,,,,,,,,,,,,,,,,,,,,,,,,,,,,,,,,,,,,,,
002846.XSHE,4,0,,,,,,,,,,,,,,,,,,,,,,,,,,,,,,,,,,,,,,,,,,,,,,,,,,,,,,,,,,,,,,,,,,,,,
002847.XSHE,4,0,,,,,,,,,,,,,,,,,,,,,,,,,,,,,,,,,,,,,,,,,,,,,,,,,,,,,,,,,,,,,,,,,,,,,
002848.XSHE,4,0,,,,,,,,,,,,,,,,,,,,,,,,,,,,,,,,,,,,,,,,,,,,,,,,,,,,,,,,,,,,,,,,,,,,,
002849.XSHE,4,0,,,,,,,,,,,,,,,,,,,,,,,,,,,,,,,,,,,,,,,,,,,,,,,,,,,,,,,,,,,,,,,,,,,,,
002850.XSHE,4,0,,,,,,,,,,,,,,,,,,,,,,,,,,,,,,,,,,,,,,,,,,,,,,,,,,,,,,,,,,,,,,,,,,,,,
002851.XSHE,4,0,,,,,,,,,,,,,,,,,,,,,,,,,,,,,,,,,,,,,,,,,,,,,,,,,,,,,,,,,,,,,,,,,,,,,
002852.XSHE,4,0,,,,,,,,,,,,,,,,,,,,,,,,,,,,,,,,,,,,,,,,,,,,,,,,,,,,,,,,,,,,,,,,,,,,,
002853.XSHE,4,0,,,,,,,,,,,,,,,,,,,,,,,,,,,,,,,,,,,,,,,,,,,,,,,,,,,,,,,,,,,,,,,,,,,,,
002855.XSHE,4,0,,,,,,,,,,,,,,,,,,,,,,,,,,,,,,,,,,,,,,,,,,,,,,,,,,,,,,,,,,,,,,,,,,,,,
002856.XSHE,4,0,,,,,,,,,,,,,,,,,,,,,,,,,,,,,,,,,,,,,,,,,,,,,,,,,,,,,,,,,,,,,,,,,,,,,
002857.XSHE,4,0,,,,,,,,,,,,,,,,,,,,,,,,,,,,,,,,,,,,,,,,,,,,,,,,,,,,,,,,,,,,,,,,,,,,,
002858.XSHE,4,0,,,,,,,,,,,,,,,,,,,,,,,,,,,,,,,,,,,,,,,,,,,,,,,,,,,,,,,,,,,,,,,,,,,,,
002859.XSHE,4,0,,,,,,,,,,,,,,,,,,,,,,,,,,,,,,,,,,,,,,,,,,,,,,,,,,,,,,,,,,,,,,,,,,,,,
002860.XSHE,4,0,,,,,,,,,,,,,,,,,,,,,,,,,,,,,,,,,,,,,,,,,,,,,,,,,,,,,,,,,,,,,,,,,,,,,
002861.XSHE,4,0,,,,,,,,,,,,,,,,,,,,,,,,,,,,,,,,,,,,,,,,,,,,,,,,,,,,,,,,,,,,,,,,,,,,,
002862.XSHE,4,0,,,,,,,,,,,,,,,,,,,,,,,,,,,,,,,,,,,,,,,,,,,,,,,,,,,,,,,,,,,,,,,,,,,,,
002863.XSHE,4,0,,,,,,,,,,,,,,,,,,,,,,,,,,,,,,,,,,,,,,,,,,,,,,,,,,,,,,,,,,,,,,,,,,,,,
002864.XSHE,4,0,,,,,,,,,,,,,,,,,,,,,,,,,,,,,,,,,,,,,,,,,,,,,,,,,,,,,,,,,,,,,,,,,,,,,
002865.XSHE,4,0,,,,,,,,,,,,,,,,,,,,,,,,,,,,,,,,,,,,,,,,,,,,,,,,,,,,,,,,,,,,,,,,,,,,,
002866.XSHE,4,0,,,,,,,,,,,,,,,,,,,,,,,,,,,,,,,,,,,,,,,,,,,,,,,,,,,,,,,,,,,,,,,,,,,,,
002867.XSHE,4,0,,,,,,,,,,,,,,,,,,,,,,,,,,,,,,,,,,,,,,,,,,,,,,,,,,,,,,,,,,,,,,,,,,,,,
002868.XSHE,4,0,,,,,,,,,,,,,,,,,,,,,,,,,,,,,,,,,,,,,,,,,,,,,,,,,,,,,,,,,,,,,,,,,,,,,
002869.XSHE,4,0,,,,,,,,,,,,,,,,,,,,,,,,,,,,,,,,,,,,,,,,,,,,,,,,,,,,,,,,,,,,,,,,,,,,,
002870.XSHE,4,0,,,,,,,,,,,,,,,,,,,,,,,,,,,,,,,,,,,,,,,,,,,,,,,,,,,,,,,,,,,,,,,,,,,,,
002871.XSHE,4,0,,,,,,,,,,,,,,,,,,,,,,,,,,,,,,,,,,,,,,,,,,,,,,,,,,,,,,,,,,,,,,,,,,,,,
002872.XSHE,4,0,,,,,,,,,,,,,,,,,,,,,,,,,,,,,,,,,,,,,,,,,,,,,,,,,,,,,,,,,,,,,,,,,,,,,
002873.XSHE,4,0,,,,,,,,,,,,,,,,,,,,,,,,,,,,,,,,,,,,,,,,,,,,,,,,,,,,,,,,,,,,,,,,,,,,,
002875.XSHE,4,0,,,,,,,,,,,,,,,,,,,,,,,,,,,,,,,,,,,,,,,,,,,,,,,,,,,,,,,,,,,,,,,,,,,,,
002876.XSHE,4,0,,,,,,,,,,,,,,,,,,,,,,,,,,,,,,,,,,,,,,,,,,,,,,,,,,,,,,,,,,,,,,,,,,,,,
002877.XSHE,4,0,,,,,,,,,,,,,,,,,,,,,,,,,,,,,,,,,,,,,,,,,,,,,,,,,,,,,,,,,,,,,,,,,,,,,
002878.XSHE,4,0,,,,,,,,,,,,,,,,,,,,,,,,,,,,,,,,,,,,,,,,,,,,,,,,,,,,,,,,,,,,,,,,,,,,,
002879.XSHE,4,0,,,,,,,,,,,,,,,,,,,,,,,,,,,,,,,,,,,,,,,,,,,,,,,,,,,,,,,,,,,,,,,,,,,,,
002880.XSHE,4,0,,,,,,,,,,,,,,,,,,,,,,,,,,,,,,,,,,,,,,,,,,,,,,,,,,,,,,,,,,,,,,,,,,,,,
002881.XSHE,4,0,,,,,,,,,,,,,,,,,,,,,,,,,,,,,,,,,,,,,,,,,,,,,,,,,,,,,,,,,,,,,,,,,,,,,
002882.XSHE,4,0,,,,,,,,,,,,,,,,,,,,,,,,,,,,,,,,,,,,,,,,,,,,,,,,,,,,,,,,,,,,,,,,,,,,,
002883.XSHE,4,0,,,,,,,,,,,,,,,,,,,,,,,,,,,,,,,,,,,,,,,,,,,,,,,,,,,,,,,,,,,,,,,,,,,,,
002884.XSHE,4,0,,,,,,,,,,,,,,,,,,,,,,,,,,,,,,,,,,,,,,,,,,,,,,,,,,,,,,,,,,,,,,,,,,,,,
002885.XSHE,4,0,,,,,,,,,,,,,,,,,,,,,,,,,,,,,,,,,,,,,,,,,,,,,,,,,,,,,,,,,,,,,,,,,,,,,
002886.XSHE,4,0,,,,,,,,,,,,,,,,,,,,,,,,,,,,,,,,,,,,,,,,,,,,,,,,,,,,,,,,,,,,,,,,,,,,,
002887.XSHE,4,0,,,,,,,,,,,,,,,,,,,,,,,,,,,,,,,,,,,,,,,,,,,,,,,,,,,,,,,,,,,,,,,,,,,,,
002888.XSHE,4,0,,,,,,,,,,,,,,,,,,,,,,,,,,,,,,,,,,,,,,,,,,,,,,,,,,,,,,,,,,,,,,,,,,,,,
002889.XSHE,4,0,,,,,,,,,,,,,,,,,,,,,,,,,,,,,,,,,,,,,,,,,,,,,,,,,,,,,,,,,,,,,,,,,,,,,
002890.XSHE,4,0,,,,,,,,,,,,,,,,,,,,,,,,,,,,,,,,,,,,,,,,,,,,,,,,,,,,,,,,,,,,,,,,,,,,,
002891.XSHE,4,0,,,,,,,,,,,,,,,,,,,,,,,,,,,,,,,,,,,,,,,,,,,,,,,,,,,,,,,,,,,,,,,,,,,,,
002892.XSHE,4,0,,,,,,,,,,,,,,,,,,,,,,,,,,,,,,,,,,,,,,,,,,,,,,,,,,,,,,,,,,,,,,,,,,,,,
002893.XSHE,4,0,,,,,,,,,,,,,,,,,,,,,,,,,,,,,,,,,,,,,,,,,,,,,,,,,,,,,,,,,,,,,,,,,,,,,
002895.XSHE,4,0,,,,,,,,,,,,,,,,,,,,,,,,,,,,,,,,,,,,,,,,,,,,,,,,,,,,,,,,,,,,,,,,,,,,,
002896.XSHE,4,0,,,,,,,,,,,,,,,,,,,,,,,,,,,,,,,,,,,,,,,,,,,,,,,,,,,,,,,,,,,,,,,,,,,,,
002897.XSHE,4,0,,,,,,,,,,,,,,,,,,,,,,,,,,,,,,,,,,,,,,,,,,,,,,,,,,,,,,,,,,,,,,,,,,,,,
002898.XSHE,4,0,,,,,,,,,,,,,,,,,,,,,,,,,,,,,,,,,,,,,,,,,,,,,,,,,,,,,,,,,,,,,,,,,,,,,
002899.XSHE,4,0,,,,,,,,,,,,,,,,,,,,,,,,,,,,,,,,,,,,,,,,,,,,,,,,,,,,,,,,,,,,,,,,,,,,,
002900.XSHE,4,0,,,,,,,,,,,,,,,,,,,,,,,,,,,,,,,,,,,,,,,,,,,,,,,,,,,,,,,,,,,,,,,,,,,,,
002901.XSHE,4,0,,,,,,,,,,,,,,,,,,,,,,,,,,,,,,,,,,,,,,,,,,,,,,,,,,,,,,,,,,,,,,,,,,,,,
002902.XSHE,4,0,,,,,,,,,,,,,,,,,,,,,,,,,,,,,,,,,,,,,,,,,,,,,,,,,,,,,,,,,,,,,,,,,,,,,
002903.XSHE,4,0,,,,,,,,,,,,,,,,,,,,,,,,,,,,,,,,,,,,,,,,,,,,,,,,,,,,,,,,,,,,,,,,,,,,,
002905.XSHE,4,0,,,,,,,,,,,,,,,,,,,,,,,,,,,,,,,,,,,,,,,,,,,,,,,,,,,,,,,,,,,,,,,,,,,,,
002906.XSHE,4,0,,,,,,,,,,,,,,,,,,,,,,,,,,,,,,,,,,,,,,,,,,,,,,,,,,,,,,,,,,,,,,,,,,,,,
002907.XSHE,4,0,,,,,,,,,,,,,,,,,,,,,,,,,,,,,,,,,,,,,,,,,,,,,,,,,,,,,,,,,,,,,,,,,,,,,
002908.XSHE,4,0,,,,,,,,,,,,,,,,,,,,,,,,,,,,,,,,,,,,,,,,,,,,,,,,,,,,,,,,,,,,,,,,,,,,,
002909.XSHE,4,0,,,,,,,,,,,,,,,,,,,,,,,,,,,,,,,,,,,,,,,,,,,,,,,,,,,,,,,,,,,,,,,,,,,,,
002910.XSHE,4,0,,,,,,,,,,,,,,,,,,,,,,,,,,,,,,,,,,,,,,,,,,,,,,,,,,,,,,,,,,,,,,,,,,,,,
002911.XSHE,4,0,,,,,,,,,,,,,,,,,,,,,,,,,,,,,,,,,,,,,,,,,,,,,,,,,,,,,,,,,,,,,,,,,,,,,
002912.XSHE,4,0,,,,,,,,,,,,,,,,,,,,,,,,,,,,,,,,,,,,,,,,,,,,,,,,,,,,,,,,,,,,,,,,,,,,,
002913.XSHE,4,0,,,,,,,,,,,,,,,,,,,,,,,,,,,,,,,,,,,,,,,,,,,,,,,,,,,,,,,,,,,,,,,,,,,,,
002915.XSHE,4,0,,,,,,,,,,,,,,,,,,,,,,,,,,,,,,,,,,,,,,,,,,,,,,,,,,,,,,,,,,,,,,,,,,,,,
002916.XSHE,4,0,,,,,,,,,,,,,,,,,,,,,,,,,,,,,,,,,,,,,,,,,,,,,,,,,,,,,,,,,,,,,,,,,,,,,
002917.XSHE,4,0,,,,,,,,,,,,,,,,,,,,,,,,,,,,,,,,,,,,,,,,,,,,,,,,,,,,,,,,,,,,,,,,,,,,,
002918.XSHE,4,0,,,,,,,,,,,,,,,,,,,,,,,,,,,,,,,,,,,,,,,,,,,,,,,,,,,,,,,,,,,,,,,,,,,,,
002919.XSHE,4,0,,,,,,,,,,,,,,,,,,,,,,,,,,,,,,,,,,,,,,,,,,,,,,,,,,,,,,,,,,,,,,,,,,,,,
002920.XSHE,4,0,,,,,,,,,,,,,,,,,,,,,,,,,,,,,,,,,,,,,,,,,,,,,,,,,,,,,,,,,,,,,,,,,,,,,
002921.XSHE,4,0,,,,,,,,,,,,,,,,,,,,,,,,,,,,,,,,,,,,,,,,,,,,,,,,,,,,,,,,,,,,,,,,,,,,,
002922.XSHE,4,0,,,,,,,,,,,,,,,,,,,,,,,,,,,,,,,,,,,,,,,,,,,,,,,,,,,,,,,,,,,,,,,,,,,,,
002923.XSHE,4,0,,,,,,,,,,,,,,,,,,,,,,,,,,,,,,,,,,,,,,,,,,,,,,,,,,,,,,,,,,,,,,,,,,,,,
002925.XSHE,4,0,,,,,,,,,,,,,,,,,,,,,,,,,,,,,,,,,,,,,,,,,,,,,,,,,,,,,,,,,,,,,,,,,,,,,
002926.XSHE,4,0,,,,,,,,,,,,,,,,,,,,,,,,,,,,,,,,,,,,,,,,,,,,,,,,,,,,,,,,,,,,,,,,,,,,,
002927.XSHE,4,0,,,,,,,,,,,,,,,,,,,,,,,,,,,,,,,,,,,,,,,,,,,,,,,,,,,,,,,,,,,,,,,,,,,,,
002928.XSHE,4,0,,,,,,,,,,,,,,,,,,,,,,,,,,,,,,,,,,,,,,,,,,,,,,,,,,,,,,,,,,,,,,,,,,,,,
002929.XSHE,4,0,,,,,,,,,,,,,,,,,,,,,,,,,,,,,,,,,,,,,,,,,,,,,,,,,,,,,,,,,,,,,,,,,,,,,
002930.XSHE,4,0,,,,,,,,,,,,,,,,,,,,,,,,,,,,,,,,,,,,,,,,,,,,,,,,,,,,,,,,,,,,,,,,,,,,,
002931.XSHE,4,0,,,,,,,,,,,,,,,,,,,,,,,,,,,,,,,,,,,,,,,,,,,,,,,,,,,,,,,,,,,,,,,,,,,,,
002932.XSHE,4,0,,,,,,,,,,,,,,,,,,,,,,,,,,,,,,,,,,,,,,,,,,,,,,,,,,,,,,,,,,,,,,,,,,,,,
002933.XSHE,4,0,,,,,,,,,,,,,,,,,,,,,,,,,,,,,,,,,,,,,,,,,,,,,,,,,,,,,,,,,,,,,,,,,,,,,
002935.XSHE,4,0,,,,,,,,,,,,,,,,,,,,,,,,,,,,,,,,,,,,,,,,,,,,,,,,,,,,,,,,,,,,,,,,,,,,,
002936.XSHE,4,0,,,,,,,,,,,,,,,,,,,,,,,,,,,,,,,,,,,,,,,,,,,,,,,,,,,,,,,,,,,,,,,,,,,,,
002937.XSHE,4,0,,,,,,,,,,,,,,,,,,,,,,,,,,,,,,,,,,,,,,,,,,,,,,,,,,,,,,,,,,,,,,,,,,,,,
002938.XSHE,4,0,,,,,,,,,,,,,,,,,,,,,,,,,,,,,,,,,,,,,,,,,,,,,,,,,,,,,,,,,,,,,,,,,,,,,
002939.XSHE,4,0,,,,,,,,,,,,,,,,,,,,,,,,,,,,,,,,,,,,,,,,,,,,,,,,,,,,,,,,,,,,,,,,,,,,,
002940.XSHE,4,0,,,,,,,,,,,,,,,,,,,,,,,,,,,,,,,,,,,,,,,,,,,,,,,,,,,,,,,,,,,,,,,,,,,,,
002941.XSHE,4,0,,,,,,,,,,,,,,,,,,,,,,,,,,,,,,,,,,,,,,,,,,,,,,,,,,,,,,,,,,,,,,,,,,,,,
002942.XSHE,4,0,,,,,,,,,,,,,,,,,,,,,,,,,,,,,,,,,,,,,,,,,,,,,,,,,,,,,,,,,,,,,,,,,,,,,
002943.XSHE,4,0,,,,,,,,,,,,,,,,,,,,,,,,,,,,,,,,,,,,,,,,,,,,,,,,,,,,,,,,,,,,,,,,,,,,,
002945.XSHE,4,0,,,,,,,,,,,,,,,,,,,,,,,,,,,,,,,,,,,,,,,,,,,,,,,,,,,,,,,,,,,,,,,,,,,,,
002946.XSHE,4,0,,,,,,,,,,,,,,,,,,,,,,,,,,,,,,,,,,,,,,,,,,,,,,,,,,,,,,,,,,,,,,,,,,,,,
002947.XSHE,4,0,,,,,,,,,,,,,,,,,,,,,,,,,,,,,,,,,,,,,,,,,,,,,,,,,,,,,,,,,,,,,,,,,,,,,
002948.XSHE,4,0,,,,,,,,,,,,,,,,,,,,,,,,,,,,,,,,,,,,,,,,,,,,,,,,,,,,,,,,,,,,,,,,,,,,,
002949.XSHE,4,0,,,,,,,,,,,,,,,,,,,,,,,,,,,,,,,,,,,,,,,,,,,,,,,,,,,,,,,,,,,,,,,,,,,,,
002950.XSHE,4,0,,,,,,,,,,,,,,,,,,,,,,,,,,,,,,,,,,,,,,,,,,,,,,,,,,,,,,,,,,,,,,,,,,,,,
002951.XSHE,4,0,,,,,,,,,,,,,,,,,,,,,,,,,,,,,,,,,,,,,,,,,,,,,,,,,,,,,,,,,,,,,,,,,,,,,
002952.XSHE,4,0,,,,,,,,,,,,,,,,,,,,,,,,,,,,,,,,,,,,,,,,,,,,,,,,,,,,,,,,,,,,,,,,,,,,,
002953.XSHE,4,0,,,,,,,,,,,,,,,,,,,,,,,,,,,,,,,,,,,,,,,,,,,,,,,,,,,,,,,,,,,,,,,,,,,,,
002955.XSHE,4,0,,,,,,,,,,,,,,,,,,,,,,,,,,,,,,,,,,,,,,,,,,,,,,,,,,,,,,,,,,,,,,,,,,,,,
002958.XSHE,4,0,,,,,,,,,,,,,,,,,,,,,,,,,,,,,,,,,,,,,,,,,,,,,,,,,,,,,,,,,,,,,,,,,,,,,
300001.XSHE,4,1,-0.1517608031943139,0.734486985719365,0.32372034625893614,0.3246510380984642,0.49622008293566505,0.08772374161274013,0.3687684399239139,0.24655180216535783,0.9065382848923239,0.3320153448432548,0.2158200288308768,0.0009167913257369948,0.010943152621132315,0.004907711365843013,0.00024136368602196097,0.001063679944323831,0.0013251332177390098,0.001137148726902885,0.6193675318322456,0.022901389364680433,0.15106962741813482,0.0037338542436558073,0.0067200487598137815,0.4545454565289256,0.008360578351965133,0.7039372088519437,0.004385623218739826,0.030207108618974406,0.09134051696217903,0.9531540928703287,0.18837405119006337,0.24497991967871485,0.18399870347361025,0.13710002782058084,0.10647040590395644,0.05245857334179388,0.34759118134175077,0.18447445280758173,0.1530844362639962,0.32635248543707607,0.5062984890581806,0.05924659679002802,0.16674051167590356,0.5123974550282767,0.1203432016335707,0.01756268970356963,0.14986132498121993,0.1661473758753485,0.0499364224317883,0.01756268970356963,0.6797132897939534,0.08244319061314692,0.0002810363750846859,0.0090770919091838,0.053544959920299666,0.02093434109739603,0.03293975125420454,0.021921242370740477,0.029529675167240494,0.6489050754954022,0.30124976323974084,0.02661021372449831,0.061060715044828684,0.14735442949789734,0.023898576299575282,0.8066344392211444,0.5344329087612225,0.5977587249447469,0.6212145925528756
300002.XSHE,4,1,0.1206556101795462,0.678778173323583,0.31569714940859245,0.4117406031420161,0.3918807973258639,0.07359402444571231,0.7857662535460795,0.2990636790927419,0.9737121500185733,0.5619437832695575,0.40687857195454097,0.005204657755763292,0.012429730763328284,0.0055287965734255205,0.000499141539778458,0.00044655366201041706,0.0010445117000003304,0.0010527053150973318,0.6225045130241895,0.022719304993149496,0.15193778688287268,0.005048838355575781,0.10220947670562362,0.4545454565289256,0.09001334320455742,0.7181718762070674,0.015399748256268688,0.20543547074251606,0.09134051696217903,0.4716109650370441,0.17278371868459017,0.12449799196787148,0.11926329894815342,0.19277096065184335,0.035478257574334024,0.05478322389738881,0.17583771653268432,0.14635997300659342,0.14459375495571378,0.37008300288935686,0.547092370267489,0.1421730405883036,0.23772062008722256,0.5217136227514139,0.14664555599246018,0.01858913154174076,0.20317180454824615,0.22110724835993167,0.07005460752481671,0.01858913154174076,0.6914908907343853,0.06697218653786766,0.0004571746277479272,0.0091116768476086,0.07767470195488466,0.06015699904494903,0.03565808741612616,0.06233521795014681,0.0293625220608605,0.8141849523697584,0.3575024435216067,0.03842394290280063,0.07005987122769106,0.17366518151188123,0.0,0.8161517731604437,0.7384707664411132,0.6999746509890075,0.5253112188689807
300003.XSHE,4,1,-0.1172398835884307,0.69207572907799,0.2221303795954101,0.3650344504092419,0.5063555868730613,0.004246688663902876,0.4177881330686644,0.12039537173147458,0.9535112962671868,0.32973450095421875,0.43102296305699445,0.001570962980478128,0.012364525955568747,0.00550876371794215,0.0003527194507284401,0.00028758613797041986,0.0005157290516162916,0.0010588367344518865,0.6219688549302388,0.022310681369484928,0.15194086201676044,0.0047923719406520945,0.01846074726223016,0.5454545434710744,0.021887718598250814,0.6934970115945837,0.009697690072247757,0.02261011124174731,0.09134051696217903,0.6576757240110157,0.2295113278074977,0.5261044176706826,0.15406264699565583,0.17407573562851414,0.09382913620143196,0.0472506605932277,0.3132458391741387,0.18190503940072883,0.14463665031443595,0.11585566693404911,0.5221892503830073,0.05898821991631751,0.09328217061167772,0.5243465819306301,0.12274722143457545,0.007371861868028399,0.1482804242852305,0.16420189762112147,0.05233347037566297,0.007371861868028399,0.7007421325882794,0.07752621559632286,0.00031428043781539554,0.009105264481777849,0.05647488600859374,0.09920840617900178,0.02967703655585473,0.13731811408338787,0.029376950036142272,0.8802590916600783,0.40519496294860113,0.02990280729630214,0.063022275494235,0.13878890218878248,0.0,0.859012618766954,0.6375409092919377,0.6567374238539474,0.6899330840500056
300004.XSHE,4,1,-0.2308428307489674,0.5408995735282784,0.14665042012002816,0.3191433640265517,0.3968631227175347,0.07300088726524892,0.19888829088396037,0.3565965798626603,0.986523250718558,0.4104616021207439,0.2893568347293254,0.0005172055991126838,0.010939832123240973,0.004905771548666067,0.00011773404535352642,0.000294566147090182,0.0005845321745248376,0.0011109168682742953,0.6188894767081298,0.022291546331345967,0.15104964579325486,0.003665321175216906,0.0015650517477985805,0.0,0.0,0.6991137050338877,7.162679559153659e-05,0.0,0.09134051696217903,0.3731677534166169,0.10783766472192927,0.5903614457831324,0.12701083469156768,0.5492316489391734,0.05639939044881854,0.03876031604989586,0.3063038149455458,0.18117681069473568,0.14148709109674332,0.2291825930720006,0.5205526865599331,0.06878599337947515,0.12825815592914105,0.528130291452225,0.1199257923596,0.010354580610505287,0.14477730956288948,0.16210129316278318,0.03668307728683755,0.010354580610505287,0.7316719192032505,0.07693404094176604,0.0003191527816969439,0.009102448019587105,0.05479621381257654,0.03161734207043733,0.024865942282018563,0.046517960204331806,0.029493094419865872,0.6685237896174834,0.30352674967534893,0.04733588219550763,0.06326707111339537,0.1836375683994528,0.027800442663157267,0.9132051455028334,0.7215431648312771,0.7553543184416696,0.45845219672288606
300005.XSHE,4,1,-0.2962812231189269,0.44770882494656605,0.11572827333156183,0.3855681727834418,0.4255579266585252,0.1075642797279053,0.5230740132607938,0.2527207137021513,0.999633805463763,0.3532933599135305,0.32821436944993193,0.0016485730744418932,0.011736189729779039,0.005229727325983515,0.00042643465375490476,0.00020251770169492565,0.0009228357753313033,0.0010963566612603912,0.6188118956363428,0.022826259454145206,0.15152681466543422,0.0038620020564213895,0.02157124753742487,0.5454545434710744,0.0253656303512674,0.7050696118115396,0.002911874673792194,0.06927738084471376,0.09111030310153298,0.3622903430875615,0.12915347907288383,0.9558232931726907,0.12400075894227688,0.4495220711652511,0.07992518068571988,0.027404721056777145,0.30874962577094467,0.1795417309771121,0.14082546268493748,0.06859660280163031,0.566376322835483,0.07015256367457964,0.06947076547559032,0.5166148388058244,0.13316556892205186,0.015896396786312918,0.14094854407219146,0.15860142239269395,0.030995422998247608,0.015896396786312918,0.610694141113865,0.06639026988342517,0.00047096163871443463,0.009094269230521177,0.05486903322728785,0.037218545829157096,0.07752609007806607,0.030693905507634827,0.029505379720948414,0.7410214416478257,0.3137715339904027,0.02206963047727628,0.021972684899136737,0.15005779120433704,0.021616617814201114,0.8889972802545056,0.700817633010482,0.7130109079962927,0.49482401125886066
300006.XSHE,4,1,0.05827156565264463,0.20993422016389363,0.11774158886568115,0.31409873546962286,0.46375112947810376,0.1266601875333086,0.4240493689666931,0.6156518380586059,0.9808015708603992,0.4754778344744642,0.2804202567854431,0.0009261491611153904,0.011111008611335519,0.00483029861492963,0.00018958409250647348,0.00222564846770022,0.0012908926514954128,0.0011423137173857312,0.6179022182522322,0.026737694992697965,0.15088236365890026,0.003660299738796862,0.01123837041145261,0.2727272717355372,0.007772343718647266,0.698971224746376,0.001945104735238523,0.02898616261192005,0.09134051696217903,0.4055107228798178,0.07213464054994323,0.17670682730923692,0.09841807969157428,0.911507967875955,0.0666756639544589,0.055041364570874406,0.29921272067386556,0.18057888279136922,0.14148709109674332,0.1571368290469615,0.6291742579627444,0.09972738908165348,0.10403994889621523,0.5137354135779788,0.10513021759416644,0.019286287908516782,0.1451097474414487,0.16279187030241865,0.03350936778423758,0.019286287908516782,0.6868787078876858,0.0880404264671226,0.0002540942106392571,0.00891622319957472,0.05516730260529924,0.019577227659644963,0.041582372518611216,0.011679763038145899,0.029484289431929562,0.6771167487023795,0.2906715192543274,0.0594722708051227,0.062184169017417926,0.1993520260171252,0.01741341149727822,0.881386608626493,0.7247081066737433,0.7528880709138583,0.36520140674314705
300007.XSHE,4,1,-0.206468536859855,0.8439768885155031,0.3272498414691338,0.3617784347574181,0.5147210387604285,0.08002272035380695,0.5607686255402243,0.1977289229771938,0.5688261313610933,0.3294775289697724,0.08943986693163486,0.0006780181147151201,0.010632530505438652,0.004755964726364035,9.18472776990034e-05,0.00043948991037750433,0.0003851972566728194,0.0011075899946632046,0.6180550427857852,0.02270846399087918,0.15086123138783394,0.0035922072905705373,0.0076487486033294545,0.6363636304132232,0.006817701743855844,0.6975404529406019,0.002881778992991799,0.07366374242561273,0.09131216070838076,0.3027645451894934,0.0773066673788283,0.9236947791164657,0.109690875959054,0.7706691003686483,0.07566129633367674,0.03415318298842368,0.3078895105957797,0.1811418125237236,0.13880158166886342,0.2574342346642152,0.5369090272747905,0.08321181690202267,0.1449601783306181,0.5200569726405423,0.10516276785865039,0.009826475865359455,0.1514976711467076,0.1697582946470475,0.032308060554154645,0.009826475865359455,0.7053414616190901,0.08796457056562447,0.00025440396286801996,0.009016401576683224,0.06850565590504769,0.03815234036317637,0.030665610611104392,0.03417514727281099,0.029458100586313308,0.7561898246147056,0.31507111178335134,0.03043419760972671,0.03433908996805946,0.16751841401935452,0.030200993001136565,0.9076369459317437,0.7102157135907308,0.7399165066950433,0.45781021690519785
300008.XSHE,4,1,-0.1747388102148743,0.499591217039729,0.2492236486765451,0.29051953706781164,0.37821455110507046,0.05137967215295963,0.604500532611087,0.10774643719661825,0.6192920414598956,0.37012473485866537,0.10317270652905064,0.0005232755119951699,0.01057305274463874,0.004751477946128824,8.812836218454045e-05,0.0005237602121711087,0.0002776883023690292,0.0011056061279073018,0.6180691178973721,0.02197887161595552,0.15085465653857627,0.0035827997066122026,0.015827514914942983,0.5454545434710744,0.006590763784273116,0.69842185220979,0.002785291388033169,0.06208736546983811,0.09130284516714769,0.40276415898252,0.08941169003086027,0.7991967871485942,0.12060462401393501,0.6169506384874638,0.08582560394836698,0.037975477329779427,0.3090940992766838,0.1813813020544812,0.14045630262805564,0.09264162031353068,0.51914710318554,0.05278032570131815,0.06855313438980841,0.5202343848361592,0.10201305108946779,0.003370046020790178,0.13227942041942303,0.14885924521850027,0.035356921048509,0.003370046020790178,0.6979388321957707,0.0609030971828535,0.000685235856954196,0.009074303137315384,0.06398333279686179,0.03858431175923609,0.028860976825529492,0.04014267455146873,0.029172014759219368,0.6280865960039608,0.2790763498060075,0.04706419079936371,0.03939178782235597,0.15539579850027865,0.022499102709816355,0.9011882021275086,0.6712938392817658,0.6914761310015765,0.2884341056302304
300009.XSHE,4,1,-0.08342602247351497,0.5518116958795972,0.09684219218281381,0.3288184477333169,0.44400973294582097,0.06991335605368712,0.7702604553151522,0.5574923170310073,0.9842834925298951,0.49686528983307443,0.28566013988983546,0.0006013706136719616,0.010786534185221576,0.0048411921662748734,0.0001256317183401492,0.0002041824226212913,0.0003909987629846386,0.0011050917939591299,0.61804927261908,0.02230084193229427,0.15097963771116457,0.0036028709344931562,0.04590061541066418,0.7272727282644629,0.04107780325845074,0.7011427770075174,0.008874363360990605,0.16677218051912815,0.09146669879917291,0.5984748785470253,0.3053596712879542,0.008032128514056224,0.20127188711787714,0.024096113434055468,0.16128225356819864,0.08222492009113413,0.38276610415580153,0.20736495517947853,0.15167018928551929,0.13323150095435649,0.5318427242963106,0.05467501657754328,0.08810568030746613,0.523599194414539,0.11359833426197323,0.008745838487348266,0.13771017885627743,0.1519928783935499,0.060784502394529746,0.008745838487348266,0.7089113168500674,0.08863823564510082,0.0002516971051560487,0.009102011280146838,0.05807480242456989,0.04925549051503725,0.045229376154945294,0.050741223630324434,0.02951333199810995,0.8665504971486169,0.33683903981524044,0.0208279620407169,0.13605905029442888,0.1620530285757714,0.028297840521624693,0.74636420445669,0.6064747246915223,0.5738765239112469,0.608085612970335
300010.XSHE,4,1,-0.05672534220140614,0.6049781900710356,0.30783761781304675,0.3503836194860177,0.407644257653912,0.09752686562523272,0.6187037020924511,0.2697299724745143,0.7582909692212176,0.3980285279507789,0.14747476846529117,0.0006555409656149388,0.010661159884624034,0.004777216891264007,0.00018837486009715083,0.0005458401178387594,0.0006432932279521299,0.0011180837896420037,0.618097044334175,0.022638669940299234,0.15088093112737003,0.0035870002878911223,0.012106395519998517,0.5454545434710744,0.010853842074227512,0.6884618508714109,0.007487712302227809,0.08849597540019896,0.09199543165609658,0.8080172310212363,0.09180573018769528,0.4257028112449799,0.14458772700740888,0.5409224319088717,0.08791508482402591,0.043156911550629375,0.3365659425893364,0.18250205254984495,0.1385676069849242,0.15141238079802674,0.5382566645096429,0.038177879070515064,0.08542320932624854,0.517228173522376,0.1033390827196216,0.005694316573681455,0.12926523867434267,0.14780762930796298,0.014722640373624573,0.005694316573681455,0.6788193653253126,0.06477832047576862,0.000515481650226137,0.00907141210316748,0.05412606412646515,0.02237379242315382,0.041532719801263496,0.0222785468318522,0.029505736606288656,0.6671510451375683,0.2923596466690144,0.03552733675806896,0.04881944972732109,0.1622373271013832,0.023450978046300176,0.821632095837298,0.5784684445623816,0.6380002798953297,0.3794793322980006
300011.XSHE,4,1,-0.04187026973763797,0.7259220561008284,0.22832149953790495,0.27232423881249274,0.31082451692608093,0.02825419173172916,0.6130765862011676,0.4142562704624953,0.8429609418839612,0.41879897984635817,0.1821043468125888,0.0003406674571458712,0.010632483331536437,0.004780324576359298,9.418184896158981e-05,0.00021223375958897143,0.0004208590736908467,0.0011096536652695531,0.6185971031776277,0.022071600160598465,0.15088903457295819,0.0035836392684382404,0.014776230993123099,0.7272727282644629,0.018064780879284214,0.7016063732036238,0.0037958024098195494,0.07520122999005155,0.09130168092917278,0.411242063340173,0.16951355720123965,0.05220883534136545,0.1455581453875151,0.19443300937584374,0.10766436857358505,0.060383944959900064,0.30693602828265554,0.18479089604764776,0.14346417717602955,0.15259156882972713,0.4995202984371931,0.037920777322379834,0.0878835961781872,0.5161043622121899,0.10446580925440573,0.006177227680659421,0.13122175371148553,0.14966081445841067,0.01701498479678372,0.006177227680659421,0.6637897489649758,0.06865057201504793,0.0004226627323653582,0.009106131106618202,0.051447444170462854,0.03440135643665865,0.027350749012395904,0.068168351417265,0.02906363331272489,0.6471619783044278,0.2837101349742742,0.033449192920797476,0.08131127492667367,0.15027431030551755,0.03008987856672848,0.8416724659499226,0.7099116580425462,0.668478504830835,0.6808531465277763
300012.XSHE,4,1,-0.1962148316908956,0.5434430683686314,0.12177838284754244,0.36404532144300916,0.49302887368150927,0.09011852619963392,0.5043155792161109,0.4967861892895208,0.9962348703258606,0.28155718448422873,0.3113531402932509,0.001693190602966573,0.010840644176975918,0.0048615176149807765,0.00021277932221472053,0.00037753794316402095,0.00028450628586805516,0.0011108939028639656,0.618461441365783,0.022376715885453227,0.15104905461437804,0.0037242382717080293,0.013579452619617825,0.6363636304132232,0.02002155522189512,0.7029238227402376,0.002794054373400023,0.04562720448584606,0.09134051696217903,0.5448517633840565,0.14943877897717114,0.03614457831325301,0.15890353922717013,0.1902784008606928,0.11414921377047552,0.0613631510504484,0.31111049764592924,0.19200648919442112,0.1437332480625596,0.12807233190592485,0.5365124505296769,0.027350714946515586,0.06642396560383848,0.5256025992512635,0.10994434949166756,0.00816947127391905,0.1319211393135553,0.14981563320518043,0.022648564355687666,0.00816947127391905,0.7353890090525921,0.06017982342033285,0.0007337825444978994,0.009083673158564586,0.06843138537881133,0.03603811242967146,0.0569709274333157,0.0732837659903893,0.029395151188494523,0.8094723804475945,0.3259732768963062,0.025465378867269742,0.09338027207897122,0.1693225287531033,0.018461147335048153,0.8164961795742143,0.6851200743001198,0.6466321462426692,0.6068006111775529
300013.XSHE,4,1,-0.0638412349911382,0.7649553868651731,0.21002507910663745,0.32326916154055507,0.49953767671473787,0.10924353948691914,0.6282109446502936,0.291079217809354,0.4264093879282259,0.4492108117723719,0.055069143056172276,0.0009310306366218697,0.010676746811111937,0.004760008488906364,0.00011328076259705758,0.0005583453054168943,0.0002986569721666608,0.0011108002346069878,0.6177073867396798,0.022554451499796707,0.15084837520331335,0.0034629598677776248,0.009759991495594431,0.7272727282644629,0.013492005948663623,0.7115716360406318,0.007255416209422792,0.14578999728678665,0.09172899162596275,0.6832094793475618,0.4495870184539723,0.0,0.2706057439808367,0.009139728097452102,0.20102433522873814,0.07233380882446569,0.32778409538785647,0.19219972744705338,0.15853734625913474,0.19447375775246087,0.5171044138172544,0.08150012476192951,0.10500183756839815,0.5174692196464956,0.11016436839170883,0.019761179139459524,0.1339371198777777,0.15235388921378434,0.01904782353189097,0.019761179139459524,0.684430640225199,0.06461089664620367,0.0005207351880269637,0.00900565800578196,0.06968844371718838,0.02995047369075851,0.0559401370211769,0.024383518510962734,0.029406131542416954,0.6614538228937853,0.28362993334894543,0.04332338239253852,0.10530124560438892,0.22038438275827127,0.034266913919961714,0.6267744031472355,0.545315333244881,0.5054236321436021,0.8141832802931301
300014.XSHE,4,1,0.2137047653254755,0.7711615534968348,0.14902007281304147,0.3381261052666248,0.5459691110202791,0.0615801492659272,0.6745972063916645,0.4811826119840942,0.9602696491469951,0.3680128853371282,0.2565582113110821,0.0006141069555670995,0.010985262161290076,0.0049155947860715565,0.00022167578161119434,0.00027715912371102365,0.0006415322374755127,0.001120584833586042,0.6183506473850122,0.022571443383273253,0.15107175081013824,0.0037369660337966547,0.034174187824639685,0.6363636304132232,0.05424890717711194,0.7090092676211653,0.013326995435393235,0.15695939224020983,0.09197446022109877,0.7550894179415393,0.23194782268724565,0.0,0.22427139565004853,0.06522642975713967,0.15419703206097163,0.07169174372542375,0.4721862660727163,0.2081296786006432,0.15480804976901497,0.14725929761905623,0.5318427242963106,0.032082195906140115,0.1064326315247886,0.5238138234251225,0.12073972303728432,0.015591702873576823,0.15058725862588845,0.16764720868843141,0.04308404087731477,0.015591702873576823,0.7045667270796014,0.06483591395199502,0.000513704975677709,0.009091626586789397,0.04980241137798077,0.020973277312871703,0.05896391822479203,0.03187140145459835,0.029430095984366748,0.6238796553280338,0.3126773268642547,0.026717414785556438,0.11063021986868779,0.16571588260627249,0.026931716217024587,0.7382102938461319,0.5309390340984481,0.543154050692741,0.7510513929828697
300015.XSHE,4,1,-0.08018213232486301,0.433963755296578,0.12348702270034961,0.3562877596795547,0.4466392332003454,0.04512777848884336,0.3803010961720365,0.30474979987544554,0.9544008767592926,0.33870067694425693,0.4300756370056184,0.003577845888535133,0.01169797294184788,0.005238040481537347,0.0005299798990884161,0.0006478057923676353,0.0008577994809021585,0.0010984634752071786,0.6187689866618856,0.022008345740832793,0.15151440984824716,0.004080823127111022,0.018578357848585293,0.6363636304132232,0.027153675847633146,0.702442707194797,0.0035476950595154564,0.026860812155195802,0.09137938253244057,0.407861756978645,0.16358848607916301,0.542168674698795,0.13476891129993898,0.3373496944355758,0.1030353656528655,0.04837102092485464,0.3122768846273794,0.18378232718479764,0.14150398926836114,0.1504925239591508,0.5395132866025107,0.06319963180202531,0.10279799096914614,0.5288349619336621,0.1264807541774435,0.019541614574127907,0.14608335839995862,0.1637999670238026,0.033835671667783944,0.019541614574127907,0.7353002008700865,0.06560804994297632,0.0004912913291104824,0.009078259289307248,0.06278959568866849,0.033091692495819766,0.09445554201922404,0.025575468980809053,0.029272187842888323,0.7101130684609184,0.3016081399199113,0.06140386427568921,0.06035525258129083,0.2266764990880073,0.02017796255308967,0.8730729218445981,0.7052070894697273,0.6896950989271557,0.5171296427420364
300016.XSHE,4,1,-0.2294940125110601,0.6069059120664612,0.1411374629344777,0.33795328216045883,0.35641238468039005,0.027785973110150297,0.5375361340680094,0.7008498399828065,0.8722793370561648,0.487543336227249,0.1964831932070804,0.0002634666672304566,0.01076772927614902,0.004837046972407168,0.00010360966732484147,0.00021115993532730507,0.0002506858953409283,0.001101252388453365,0.6182156587733396,0.022174601012088204,0.15098399564753046,0.0035622870900765408,0.01887172393826616,0.6363636304132232,0.020469043235020256,0.7009335778942909,0.004678858203212074,0.08139640047029031,0.09120952012767684,0.28886061010755193,0.05756322556069294,0.2369477911646586,0.08929232585502883,0.8745332866577216,0.07494298379673806,0.0498295229340191,0.3096430593565445,0.178032357570061,0.13821664495901542,0.10147208494147254,0.5318427242963106,0.043737645171680536,0.05018692241035601,0.5222648090002544,0.1085335479213871,0.0045649666323032715,0.12500648364806338,0.14214767505929243,0.02515429190334301,0.0045649666323032715,0.6916007324338,0.06621313657699635,0.00047537537635499306,0.009112088912504219,0.049460476734988504,0.14187921082159505,0.0373542242407245,0.16798559461075926,0.029452194270148113,0.8667001906096738,0.3425767653166125,0.03510202625767872,0.059985564603963606,0.16457834587323303,0.030525064305796493,0.9140581727286929,0.7303276060324624,0.7612941726320459,0.2973645912670053
300017.XSHE,4,1,0.01428915055221719,0.6445625786997898,0.10732396722036897,0.358541897119609,0.6087668397766872,0.054495947287622165,0.6732589459396641,0.8370331106510605,0.9995314993163491,0.5598605506432033,0.3466065895403819,0.0008823724846402414,0.010948564216698967,0.004915538719620414,0.0002860143884781629,0.00027871190200785313,0.00048487074754541845,0.0010843903401894998,0.6189757013562207,0.02215050240189222,0.15107933432290657,0.0036698861845447014,0.034234458894146,0.5454545434710744,0.03531172633083649,0.6997069618358094,0.005782695175723661,0.08230080491996021,0.09134051696217903,0.6095798902240255,0.2514086802034877,0.012048192771084336,0.19397102052701687,0.06065605241356371,0.15317727783944113,0.10353772732353922,0.33809656494980445,0.2086769460934435,0.14745084581848242,0.3030368318729549,0.5318427242963106,0.15415481270463716,0.1616425703510302,0.5289201952650254,0.1281404695349542,0.032554518125032364,0.15263205830420032,0.16951945619405095,0.046092080252200296,0.032554518125032364,0.7277164494956047,0.055215334628038855,0.0015827171528445775,0.009115974330801427,0.05022613594329372,0.0909462933161917,0.06378863812803989,0.06134623714735708,0.029709019585815715,0.6523247394502147,0.3023591541687423,0.02426086599022369,0.19102339783493796,0.1603202424380605,0.033204372794161635,0.7442507207680618,0.6474227146079343,0.5790427051619564,0.5527716756988965
300018.XSHE,4,1,-0.2536509085444481,0.6903637236842906,0.44378797198000014,0.3627305554970231,0.4023078549821164,0.024570811648845448,0.419478567323823,0.1633829871867151,0.4522050267884037,0.10194942930563419,0.06089494980798238,0.00046798329548098733,0.010598327901153117,0.004752045210890908,8.46026064795563e-05,0.00021512094055349055,0.0003953731467523352,0.0010889888111811205,0.6188599672691958,0.022453643521331734,0.15088747153765386,0.003544267264771928,0.005695133063125318,0.6363636304132232,0.008402312642851975,0.7033724854038459,0.003964376715104247,0.0646649181513973,0.09141075667917176,0.6308327287387583,0.21227932657893553,0.5341365461847388,0.15684148251995186,0.12338992237955278,0.107513607554064,0.044354126143422726,0.30984828886671545,0.18393837306859584,0.1456856368140967,0.3092422625950139,0.5318427242963106,0.1455031221085389,0.1506698188025226,0.5192395275817148,0.1080409423144909,0.006087986100900147,0.14012889609819215,0.1568223903628782,0.03954426666051699,0.006087986100900147,0.6996624120536075,0.08102078265285187,0.0002895134360797577,0.009070592085800352,0.06207432962605119,0.07750011677652084,0.01917223054232407,0.08753440968608729,0.029402487770336258,0.7238615812286617,0.32909997229929305,0.0233288245079468,0.05237607814492997,0.12354207833004002,0.016002572231859784,0.8580202312138729,0.6545486710008404,0.6487062762566904,0.64247803406298
300019.XSHE,4,1,-0.2829736552918245,0.5879532475448019,0.23030729051429627,0.35639117022668687,0.5246977261651908,0.040566172126565825,0.6111636609668373,0.5599834073887324,0.6562904230029885,0.474733988557109,0.11391584473972027,0.00044377954201467066,0.010681957314433468,0.004797548509723428,7.655869653492417e-05,0.00023330825565277816,0.00030662795809633286,0.0011092274535116021,0.6180178245553675,0.022277604929321463,0.15093118213209594,0.003575824517337078,0.011610372992252396,0.5454545434710744,0.012312792578526799,0.6982603319026467,0.003860293652404552,0.11309577643122003,0.0909602588646178,0.2509529878636624,0.09869210705872886,0.12449799196787148,0.08944253318066646,0.7224758469108375,0.07773188989580916,0.06296909775958397,0.295546859471014,0.18024139167050907,0.13227108826824935,0.22783030287806097,0.5113309579939237,0.06378578881290072,0.1379136128154156,0.5135889150258615,0.11755049338019875,0.014142662669631373,0.15439613266283994,0.17065637754151575,0.05322305269343842,0.014142662669631373,0.6612002893277105,0.06684330218043195,0.00046013781083365033,0.00910152190167799,0.052220886613311486,0.03855487400996695,0.0506510833807228,0.06979025059448384,0.029702776816677084,0.6616850161280844,0.31635278047549836,0.038472782191721386,0.08646049738000242,0.15794668642650858,0.03031450020936771,0.9057009913223786,0.8048571491751804,0.7662543931684414,0.4917298459214784
300020.XSHE,4,1,0.03955915886016499,0.7457570015235475,0.11044228788358373,0.3254806244226318,0.46847901406696535,0.14267489140582007,0.6044402487424289,0.7155297936861964,0.9992698063384147,0.47735088760714406,0.3251537428414089,0.0014802634984494563,0.010970486402001626,0.004924804692723784,0.000462390097809788,0.001128698315076776,0.0028568016520385034,0.0011724179765873802,0.6191343946097009,0.021698735502680037,0.15105116472335955,0.003796673136357086,0.0337971121490565,0.7272727282644629,0.043899894849176994,0.7008957465129405,0.006358797708844418,0.06538844171113321,0.09119594800197013,0.3808415888312189,0.15364886261130875,0.03614457831325301,0.14012959993464663,0.2305771795269269,0.1202764575575086,0.0703158900282447,0.33124069030840636,0.18396778280481033,0.14409460896331017,0.12076226785087868,0.5449744464058014,0.05618086701762737,0.09574664827029986,0.5115127226103513,0.11505944078645616,0.026694689313787285,0.14901805264286286,0.1662755855867464,0.04015764374136692,0.026694689313787285,0.6782526288974815,0.08036591562925723,0.0002936974073611937,0.009113112357783889,0.04999804759540266,0.015761285789487132,0.04261598043378091,0.014688377112282072,0.029460320903506407,0.6063854795125094,0.287614124284877,0.025602187376144746,0.10062722434877334,0.1501857235142119,0.03435933480887719,0.8473516211955519,0.6806449294591133,0.6630231864234921,0.5795796117231983
300021.XSHE,4,1,-0.2165292637700336,0.7182770597356531,0.1298530294481008,0.27017244948244257,0.31983392805945415,0.2271458694440166,0.7276648266621257,0.37348711058619966,0.8663319689586464,0.3459954715696947,0.19343024639964146,0.000559843486526034,0.0107660180842103,0.0048371095375887505,0.0001769831894947118,0.0026042339843604916,0.0008653197344573525,0.0011640811615819284,0.6176860928257036,0.022161989342993526,0.1508758313845486,0.0035430271268284824,0.016510806871408993,0.6363636304132232,0.014765587932314035,0.6894814877049888,0.00423628298769313,0.09500768743782219,0.0911558346962781,0.2787406239181497,0.042119091038966223,0.6586345381526103,0.08602004608993201,0.9036145196740782,0.057694720257411944,0.05314851942102876,0.310736919112782,0.17694144200721526,0.13654242610949494,0.05400272181009147,0.5289381412647476,0.024213104523828584,0.047565840984468824,0.508772649663788,0.10284404019452874,0.006401047690417892,0.12485291222760292,0.14269220996172408,0.01843100051238457,0.006401047690417892,0.6372512932691579,0.08448365124811097,0.0002701542820787837,0.00911894843591631,0.049942509599762326,0.014349965772325213,0.03338126783571795,0.010926553302784154,0.029404427483025197,0.634731876834438,0.28198502137314924,0.03534243645895574,0.06367003348261453,0.20486301109591123,0.039114673685469885,0.90346234963287,0.7119598867807704,0.772429253814894,0.2834570332559918
300022.XSHE,4,1,-0.2162029196401486,0.6795435750477077,0.1867907530189675,0.3209789012381465,0.42993240266845206,0.2019680006016338,0.6400379767656441,0.13621551779262575,0.8541360223896785,0.4421062808284204,0.18739482625353543,0.002112346813776498,0.010878897931880243,0.004865521593312974,0.00177460415425504,0.0023143456303575272,0.007112869597387489,0.0012947551437227033,0.6191722015264286,0.023491507137601154,0.15088844663518636,0.0035885338931336,0.018279046908153494,0.6363636304132232,0.01825981779983942,0.6879866050441353,0.006465677819718724,0.06877995839739531,0.09101835378859817,0.1992475317854901,0.06103273050820968,0.899598393574297,0.08393031961220157,0.7411720985238667,0.054044277849312664,0.03681720413422592,0.3071309355921861,0.17803507752125694,0.13826084017709284,0.060507256965973186,0.5112762785491533,0.03527631260789156,0.049518501071324605,0.5031648745853556,0.10271505759569124,0.03500751587183592,0.12460058835370001,0.14326558995292016,0.010430856313105408,0.03500751587183592,0.6731870569085171,0.0743019979811719,0.00034387665076928775,0.00894730051439703,0.0433618507529158,0.013927578510712888,0.07510834915753888,0.011070560643412868,0.02952316813949115,0.5399681541022108,0.2701720227531233,0.028367948751490322,0.0388905691013667,0.13446960340983938,0.03631841837650296,0.9361933859766229,0.7561087523771621,0.7929368677600188,0.40234121529644334
300023.XSHE,4,1,-0.1428364533125173,0.7028588136802763,0.3297920519663649,0.25783365882275233,0.24704128979085532,0.12322971781783365,0.5513693138949968,0.09766078260472855,0.14758122800747142,0.33596022251569574,0.0,0.00023281731901571225,0.013684344003226122,0.004688459239624251,3.349397081309533e-05,0.00022682665138200935,0.00028402895241630573,0.0011151119080240572,0.6178494662258585,0.021909615270130883,0.1507726796300597,0.0033898843470414716,0.0027781669764453273,0.5454545434710744,0.002557842139001043,0.7008280860652338,0.0021898386186282085,0.07167405263633897,0.09136002173560316,0.1798634731419962,0.13561200899540168,0.9678714859437749,0.11522878288585164,0.41836302059646907,0.07921570713830647,0.026577495746315544,0.3062049856181048,0.18223399467860507,0.1408423608565553,0.240752178007636,0.5318427242963106,0.021512315691072342,0.10299039615866114,0.5223421734041815,0.09036701902763135,0.0021462579473237762,0.11700160924993322,0.1348795791613352,0.012797420953480623,0.0021462579473237762,0.7379083569668267,0.1078667964251549,0.00020173537801893373,0.009095695967525035,0.07820633644996909,0.018436779911585665,0.01361703833688616,0.0689652181148384,0.029304792451682177,0.5899940455267714,0.21853113059180046,0.03649587567601912,0.021933864775262813,0.14729442164462683,0.023951067775318538,0.9154357983837753,0.7211561850426786,0.7308608365701732,0.5773884866336202
300024.XSHE,4,1,-0.07681406210001196,0.610238929669132,0.08284129657605083,0.3240651040223338,0.3162572125692419,0.05128168972327013,0.7094992875731124,0.6309712375805057,0.907425669973541,0.4245793993159015,0.47251060377240856,0.0013558386729678191,0.011264856935736364,0.004994392361554259,0.0002898180282394224,0.00039067874177172834,0.0009636206683323958,0.0011297463280871296,0.6195928827125556,0.022480285765599482,0.15118040331762314,0.004170966200013561,0.11658123772726962,0.8181818152066116,0.13366722681743093,0.7020147056411671,0.007189671550065027,0.10608664194627837,0.09136095976181416,0.6373917860757784,0.18400817038850986,0.048192771084337345,0.18488018330564157,0.3269626598528486,0.14297626029416344,0.0626462363700751,0.37243979856442644,0.19493463028138888,0.14198753694850216,0.1736857983202005,0.5134605916999416,0.03780248210115338,0.13376814307082963,0.5084637942619139,0.11952491931624949,0.016525506959994177,0.16800966609793294,0.18385155221655639,0.06632239088766584,0.016525506959994177,0.6400989977529193,0.0678872988353684,0.0004374789566197262,0.009100116549279494,0.05360617044281063,0.01984450186263102,0.04378552132304769,0.03587503045914176,0.029402096831051338,0.6169610453260712,0.3244315369142581,0.035250615995789304,0.08834816971259296,0.11911250126665654,0.027357181312436443,0.7712271520074989,0.6092084604838357,0.6104028644382422,0.46225545247255806
300025.XSHE,4,1,-0.2112078197890181,0.4579743858107111,0.22034996416514305,0.3227779614416776,0.4970803670166481,0.15843361166128306,0.6372439955402367,0.24184958512059054,0.39819133269344426,0.3834503467864966,0.04886792955725039,0.0011410241077879641,0.010663635099902993,0.004790792087624614,0.00017627483007459969,0.0011793995714171617,0.0007020086647002761,0.001134534046124248,0.6180584296554087,0.02309938359342305,0.15087147385485894,0.0035246422326893744,0.010786181625212969,0.6363636304132232,0.015230217548177476,0.7015939517647586,0.004218880742031696,0.1092068372976395,0.09167141393230119,0.608033480688167,0.17773427684753976,0.5220883534136546,0.17013153681858245,0.4079770126034417,0.1202286105001193,0.03968676243748976,0.3071258988873994,0.18837027859894803,0.14113872878954495,0.07352767955907416,0.5302679875773125,0.03430062294984855,0.06255595688168954,0.5087817230188931,0.10393351669402107,0.014892623373261745,0.13276065263703116,0.15154007758154947,0.014819391728209806,0.014892623373261745,0.6495804397640975,0.07070084849115998,0.00038870795863851055,0.008872269610708755,0.06027956850803044,0.01555908732397238,0.04346178560594051,0.016506008915330647,0.029372652428323733,0.6640413020891663,0.28505409619094846,0.039634330144493114,0.03472764168056707,0.08438204577696712,0.025922414308787462,0.7947710584993821,0.666785524744594,0.6483366031797166,0.8310995575900687
300026.XSHE,4,1,0.009191859797166413,0.591696322796754,0.07167797114367708,0.3271599833764004,0.5124080013440894,0.08238297607710168,0.6622481284033974,0.7278657845368077,0.8772163770626984,0.5032331290834665,0.494916649311822,0.0016627235037694858,0.011845624794921704,0.005293859848258604,0.0004395378875001611,0.0004152508950535969,0.0009658362418196438,0.0011136753230145664,0.6190261053741902,0.022235063605849942,0.15158865977614228,0.004133668937537377,0.04093530635346203,0.7272727282644629,0.046617219808710954,0.7028358971806167,0.0020156713961487264,0.05340508275300714,0.0914317007551371,0.7085734876861828,0.26673771409689706,0.004016064257028112,0.18776772149980694,0.11591224300610102,0.1531961330111875,0.06582808923001471,0.3291651475132755,0.19548976504141002,0.14675152148537526,0.2269367736703721,0.5436561089101964,0.0742829140058591,0.16013863606574874,0.5322990163519524,0.15122678813659482,0.032898595357584284,0.17581687896355813,0.19330703939515204,0.05592811453875978,0.032898595357584284,0.7242120318727894,0.08601310152823594,0.00026284211181840165,0.009099303385952546,0.05187644550495778,0.026550772385930545,0.0749659959716173,0.028994706906284973,0.029717351904999873,0.9172062099500691,0.3254887578539681,0.03136034035240012,0.09429975031836418,0.159338266960531,0.02884040198600227,0.7780629092045277,0.6046890893812749,0.5914822042021266,0.6464093014806462
300027.XSHE,4,1,-0.04994568118445702,0.4992264598768102,0.10913952939358101,0.3136342733718018,0.37208891385373327,0.1920958188619431,0.8181107242723572,0.489259417305456,0.8226296807257854,0.5952845930890197,0.5305102685716789,0.0009297072097916529,0.01469425394376504,0.0064845829693675645,0.00039071395868075473,0.002650209443013987,0.003350610449321263,0.001217859474077839,0.6209577036845384,0.022548235438217313,0.1530290702794794,0.004226650520531858,0.15087431219956224,0.8181818152066116,0.27649053173225113,0.7297819328715219,0.028869444207501548,0.2541828705797233,0.09473779065894455,0.7330243960468592,0.3233474436611454,0.0,0.31577203271357435,0.008309217030301845,0.2381836360259358,0.0725069281132242,1.0,0.35756072734033073,0.17154893840486457,0.20864373972809758,0.5271987016848304,0.05642598258535499,0.11761302583133017,0.5242872437941463,0.16143051275717973,0.017930765187624896,0.1413151524401919,0.15918805100024117,0.029154761611289107,0.017930765187624896,0.6901833070998636,0.11232585737594737,0.00019466429772856263,0.009075827750013012,0.04540330083019409,0.018033882174771393,0.032297360563160654,0.01688173849221449,0.029453322136795895,0.7696456035030488,0.34755160205666563,0.04512183172277158,0.1102059404479096,0.14317367127729644,0.0,0.5862311996705061,0.46829529874839704,0.45637857691708494,0.7561449915820279
300028.XSHE,4,1,-0.0703006110186105,0.7112095955450992,0.3906141258147533,0.2578687192479786,0.5152951187320757,0.1453970674690379,0.44508843912841545,0.217418907185264,0.5981770186144499,0.16454270008140343,0.09730759726581006,0.001049276950897287,0.01073187864302581,0.004815800016560419,0.00015683570326034327,0.0009643597994426397,0.0008049410532338845,0.0011191333380412129,0.6188028457722721,0.02222842000634228,0.15094179003106192,0.003572690861638452,0.006168307332232705,0.7272727282644629,0.008702404321181393,0.6985251117160497,0.007235385341281073,0.05575653432214887,0.09143666706952688,0.3362135664297282,0.07684654192533041,0.9036144578313252,0.11458447251535342,0.6593272347061232,0.0864674672613571,0.03470968610223897,0.30823500931265285,0.18140637145835642,0.13863649953075075,0.13922759882905647,0.5258154323485605,0.07873288367062166,0.08062839952212789,0.5138383519960739,0.1072010758645707,0.010702156309388896,0.12788912597657054,0.14618363963025627,0.016150319266216517,0.010702156309388896,0.664719897823849,0.06964403406094036,0.00040524948942463883,0.00909089622026782,0.060770571880413626,0.030502798256711268,0.030551571021214596,0.023783763388966362,0.029253454086841286,0.6146518850842109,0.28226767370319134,0.023472888629033788,0.031494603631691646,0.11115386076911385,0.015986271460190226,0.909397146752638,0.7064924151961436,0.719127677159221,0.450559558736659
300029.XSHE,4,1,0.05844878715182772,0.608253552509245,0.3902044333593404,0.0,0.6464011755766921,0.1006935782098646,0.5387329035155647,0.0,0.5262417463527639,0.3231918666143312,0.07855352301839669,0.002163257213109169,0.013684344003226122,0.004616123380444758,7.30726426321043e-05,0.001452547607158624,0.0008947366399898719,0.0011381887637038285,0.6181164933219588,0.020948707481251064,0.15062286720532758,0.0029346675361308938,0.008866395805204177,0.7272727282644629,0.01578556846023069,0.7002138538684526,0.0198957212951096,0.0856923216062223,0.093570586399645,0.659540958822657,0.22839060228253086,0.7148594377510039,0.17402572761614382,0.12048159375997718,0.11836804739999737,0.031749647741566536,0.31070044226143434,0.18452711102019004,0.15137642107124008,0.3755810496126094,0.4924582571690883,0.0419770975059746,0.09594863528218081,0.5128822773125653,0.08287314744173198,0.011620616245228659,0.06659128797658989,0.07874577864563978,0.033261790345381126,0.011620616245228659,0.697473757766334,0.10314037888366825,0.0002105646033126423,0.00907340224227413,0.1370726542518359,0.016754491248550146,0.015204909143379311,0.014983335441203088,0.02065823572544251,0.45222505469355534,0.03236524910293903,0.023896736632001682,0.02637207903307173,0.1247723976541521,0.01673894837590477,0.8221922000823736,0.6315648356994386,0.6294172632045902,0.8015306860588421
300030.XSHE,4,1,-0.07556163411462125,0.5761564910204043,0.3582577378412912,0.3338435982762311,0.4641366357141603,0.02812619992320492,0.5036640576802685,0.3729532008110885,0.547294858611148,0.28372027371673525,0.08386207257954126,0.0006069579341011301,0.010585058343521395,0.004745321041834564,0.00011091858483645658,0.00020246183416667204,0.00034198853133594366,0.001106917493136219,0.6183531480573151,0.022760164589682122,0.15085105913494715,0.003497390267275442,0.006474665700274213,0.5454545434710744,0.004980974771236718,0.6945445316708171,0.00277308616154644,0.04603418648819752,0.09143352713542298,0.4590938743132458,0.03417682896217034,0.8393574297188754,0.10865523597702617,0.9567928927141902,0.07587237140354021,0.039339890636991136,0.3064258702529405,0.18125739850969877,0.1371676584593547,0.2576380121398559,0.4937129192450939,0.05702791472120454,0.12248311746045797,0.5123212549044295,0.10288424934477362,0.009169521173096728,0.13006042694734396,0.14748608483010786,0.025846395428882847,0.009169521173096728,0.6641741949129272,0.07670478781754052,0.0003211006486536247,0.008971328311813461,0.060912385052179316,0.04490419709914915,0.03490618361547162,0.08536348313395807,0.02946915313459846,0.7014491435870767,0.2984107814344139,0.04186756370841896,0.0393719963624946,0.11388366393068855,0.02245693007118502,0.8647645609350811,0.6871931803104689,0.7318444310071215,0.4470093952552723
300031.XSHE,4,1,-0.1978364533125172,0.7212396331013595,0.3965772153828401,0.3904665391624064,0.40873875432670564,0.06099388170230549,0.5549239905352256,0.28549222028963417,0.5881852645777479,0.12918091871834977,0.09459346521208223,0.0004863368068807673,0.010908456327135862,0.004897408747682831,0.00013652565991294113,0.00027361295886257046,0.0006105233457086343,0.0011126457690452227,0.6184308367539108,0.022179945802687662,0.15106631820855246,0.00364632166378999,0.006374897803969336,0.7272727282644629,0.007142756448575158,0.7014501145390254,0.002552233641713073,0.07239757619607488,0.09142851739259768,0.5812507343855132,0.119185720497686,0.7068273092369477,0.15223644214185103,0.25135022210268154,0.10750592165089953,0.041985499886271704,0.3116439370110273,0.18345143189280597,0.1426647636725706,0.24813188549074586,0.5211559194418998,0.061556286392767015,0.1407643559722236,0.526410730069452,0.12694080951985576,0.017572059864855678,0.15052434733516779,0.16776063249677078,0.041369288787419245,0.017572059864855678,0.7165406408445192,0.07127967208394011,0.0003803987959103422,0.009114843962494951,0.048908922436242105,0.02808896706782177,0.04565380296397623,0.035305357957163996,0.030164303118128198,0.6268463579580925,0.31173340045352854,0.025802013273951603,0.04668970310130114,0.13087506966610934,0.016699916252916194,0.8704916490321115,0.6410403122374069,0.6620092259837924,0.742456199779751
300032.XSHE,4,1,0.02085503004901682,0.571343657529892,0.1326006154914562,0.3114143109927005,0.463530959611284,0.06249615843795034,0.3552217638438486,0.6925844989172478,0.9920223159126016,0.399014844047589,0.3000809993137871,0.0006146441859077311,0.010856970409224271,0.004736669935743179,0.00012321224030230818,0.0006522557963462561,0.000419815595398825,0.0011176527070170875,0.6182260514276333,0.025200612565733485,0.1508077063041731,0.003463209751016392,0.009148807753811602,0.8181818152066116,0.006533774129614295,0.7026656091240779,0.0023229024224683294,0.014515691417201772,0.09133851070309804,0.44631836919704815,0.1271124484788606,0.03614457831325301,0.13533218877108005,0.5039467241009384,0.11354322068406797,0.07729026424726768,0.3070811612159486,0.18262246454745348,0.1407604697171766,0.390778694843512,0.42636377470701764,0.06901464161120205,0.16334865637866305,0.5341176619842801,0.0980986642032905,0.008995088869330667,0.12574768829068692,0.14029203025011291,0.05027889571979959,0.008995088869330667,0.7540702776541085,0.0903547179959222,0.00024522494093976956,0.008883812088533392,0.061349697298135865,0.03001314000895533,0.02511415968018292,0.02942035250806314,0.02921547440341923,0.5981800601656829,0.29493602655063134,0.02772290613837793,0.12904598772475934,0.16656533414399352,0.0252727762158282,0.8475868472255756,0.6887272787581269,0.6707493537322458,0.6052576102920338
300033.XSHE,4,1,-0.06534603185657842,0.6239086946145174,0.4068127514924132,0.3153922526730475,0.3154840268182612,0.091544875591239,0.5180457999959397,0.29911919544890475,0.8010281548274012,0.3818557283096502,0.163919933104415,0.0013398110095405476,0.010502310917378212,0.004707100809150371,6.0621078941293926e-05,0.0002051157595542224,0.0004788014520186169,0.0010591650391986124,0.6195376229067744,0.022584171683915005,0.15086052517916626,0.0036616910646008094,0.004920527613779291,0.5454545434710744,0.0050659377363973575,0.6997886166404746,0.0015972776749735764,0.051505833408700366,0.09131869289868237,0.31717391884792057,0.07273738512487332,0.7028112449799195,0.11408114621365541,0.7415868407625918,0.08475950127994394,0.039179804481665075,0.3078504585135827,0.18136669063391395,0.13793587533828838,0.49648139663011154,0.5318427242963106,0.27834311785763455,0.2327105075581909,0.5225361665540392,0.10439740147931378,0.006351762278762666,0.15742023403052358,0.17583787226550585,0.03479178710884951,0.006351762278762666,0.7208139503632373,0.053123283945596934,0.0035351731572508464,0.009021047793440406,0.13131662250890322,0.11510285254039211,0.011555272758311447,0.0900540247083541,0.029417628154140722,0.8871194875382966,0.29477912725447847,0.04577369932385494,0.04974634976416207,0.21315565308810863,0.024992373033439014,0.9105422093138855,0.6921105877670164,0.7177044358128715,0.3075259407905
300034.XSHE,4,1,-0.1202473547800225,0.5739022525323658,0.2018449922772442,0.3304537155462706,0.430513002476702,0.01187810985746629,0.5397950182736773,0.4413291971510399,0.9614679044100536,0.24959868671653995,0.2577372866539965,0.0005614266480289789,0.010831479651815485,0.00486497785070311,0.00015547676274808262,0.00020987864906457917,0.0004983246860522881,0.0010973907986805728,0.6191332789896946,0.02209557014285968,0.15104000628141612,0.0037343040651494097,0.014683684423168497,0.7272727282644629,0.017262228333513575,0.6956857445750833,0.005099253589604476,0.035859636429411236,0.09110369785577552,0.35858059672372483,0.05593608685194729,0.502008032128514,0.09774214672620496,0.7781467797421001,0.06947510853967764,0.044769893936143404,0.30674197550752513,0.17937874338459045,0.13865859713978945,0.2185467936608539,0.5318427242963106,0.08174534962613501,0.12782826431135771,0.5101192399451167,0.11686363057991167,0.010555445770999681,0.1478171779096583,0.16443039432717727,0.04546279883908977,0.010555445770999681,0.6380178481076262,0.07444057496713444,0.00034243319920673743,0.009111293569681737,0.05303931351343649,0.05815152694322931,0.02853765680559081,0.07102925161209006,0.029526519047647606,0.6062197078648945,0.3093298823274746,0.028674293211558212,0.052059002465067554,0.09543766149870801,0.022014416462283904,0.9180641164022667,0.7037918490999955,0.742939904360294,0.14117080500678034
300035.XSHE,4,1,-0.2470557600828444,0.6965269431016087,0.3784342972927479,0.3533060298796276,0.38309640414293816,0.09788679739185957,0.5384451568022784,0.5516598016325474,0.6571940541247819,0.3946378125864065,0.1141864447896841,0.00047393392987912526,0.01139392893620142,0.004772281667786852,5.4174867907282176e-05,0.0004827810766463742,0.0005081077146536673,0.0011078965211752103,0.6186268236697989,0.031165730441556554,0.15088431480492606,0.0036143468617976853,0.009567282986027558,0.5454545434710744,0.013942301760037704,0.7044660393686161,0.004452681381953654,0.09261101564619698,0.09118547696408302,0.5326560408345599,0.09055235344360921,0.11244979919678715,0.12986411507462273,0.6792687396250278,0.08658943728136081,0.05716110150597812,0.30970066536779994,0.18409539995563207,0.13911354791411568,0.36917441781918486,0.4999169254391493,0.1117105820521995,0.18652090728930684,0.5195498282967915,0.10830343321738825,0.009746993165367531,0.1547070606229121,0.1717269440045553,0.04622753214861962,0.009746993165367531,0.6659678864937946,0.07766655858101967,0.000313158165034414,0.008925555934845343,0.0620964920566155,0.03647303938004122,0.019510469471754208,0.03833074436333265,0.029377614769142416,0.6780210080912088,0.34629115175568564,0.03664288104192216,0.07824535101700272,0.15873913842022597,0.023462493270323622,0.8694353510104955,0.6728085887399939,0.6829195195306208,0.49192612975534933
300036.XSHE,4,1,-0.2385319579774876,0.7558295940821484,0.34508914251474937,0.3521017573949608,0.4779566832086623,0.0532447731254804,0.4613342166680961,0.17709406138056907,0.4608553847721032,0.4228852017781146,0.06288401828876866,0.0014483070205166518,0.010502628515316338,0.0046892751515231965,9.70836832836694e-05,0.00027050724495638343,0.0004141946099444941,0.0011110346510992061,0.6178642611709205,0.022718074930207468,0.15076655015762802,0.003515388896593188,0.005455149918194487,0.4545454565289256,0.004541306724413779,0.6986006541758579,0.002855839259207538,0.04784299538753731,0.09118803839601697,0.33506154136539334,0.04785173685854465,0.9076305220883533,0.08181951140455707,0.9538845640946145,0.052849403156673955,0.03270921786592901,0.30599755420282543,0.17963228319483363,0.13561172681115902,0.25877807103162687,0.5276742821865426,0.06139857157518484,0.13007642340716755,0.5097636527496923,0.09138582489942054,0.005537540272513341,0.13748155765954231,0.1548228834685526,0.031624439339153786,0.005537540272513341,0.6618383060072893,0.10665712465152892,0.0002038509373586836,0.010010653580095317,0.10275795618065334,0.026380121250116375,0.034500509367597125,0.03361695623894176,0.02931624819867233,0.8040362901303221,0.2721688874924982,0.03265485369582036,0.03270619144897606,0.1687217377260982,0.03071394388945385,0.887534440641377,0.7245505506169567,0.7765524288841417,0.3900411525162299
300037.XSHE,4,1,-0.2667569377780254,0.6492030350149227,0.18893110497336993,0.35249255718523576,0.55547135493071,0.07402337549831836,0.6008629915465858,0.4907697187043033,0.994740234592826,0.452521670530592,0.3068450970568743,0.0008097942131543867,0.011009184821424371,0.004933774266314433,0.00023798635327056727,0.0003008392936617734,0.0005375935194902597,0.0010964242816070898,0.6193954410515475,0.022301916008872914,0.15110904564722336,0.003801371691916258,0.02858964444492763,0.6363636304132232,0.026885027000483543,0.7017808815465179,0.006435053600773437,0.08551144071628831,0.0917604785445338,0.6717701924114844,0.24972315895969013,0.004016064257028112,0.17726045554983128,0.10303264863222321,0.11089012164133012,0.06887812274216053,0.31692071674605776,0.18447232950513348,0.1489183870305233,0.35911742373098604,0.49088647441615113,0.10544884110576414,0.19325766969970237,0.524342567171734,0.12806701385788344,0.018239735003655284,0.16460230183798338,0.18012877487389287,0.06702774802342283,0.018239735003655284,0.7112296778249474,0.06807771288008026,0.0004336546643968803,0.00909833915958003,0.05269104674742585,0.04147967342152893,0.03557975159415245,0.06328359308378269,0.029452722787369535,0.6514487554929185,0.3249824364280455,0.024740581394725288,0.10396383770425663,0.15269077430713887,0.026679727223784172,0.8010822172671883,0.6231618460041575,0.5819459590771903,0.41844864817691985
300038.XSHE,4,1,-0.001252705385485761,0.6884307068268226,0.5359734324499714,0.22089785499256026,0.4764186704715764,0.09497046426316849,0.5834954368633164,0.41017829178553983,0.5425676998855752,0.386531690311054,0.08265815082135475,0.0007406989464583802,0.010674774909355492,0.004794884501106373,0.00012895214691347376,0.0008727990897567262,0.0007033085667849657,0.00112352109651408,0.6187978153821331,0.023085247068899667,0.15088481651381871,0.0035041250843475926,0.010070500468741287,0.363636358677686,0.013387019514866837,0.6973841834893075,0.008136694652118331,0.10495613638419102,0.09123082368093954,0.18057257368800939,0.07228708175275594,0.7751004016064256,0.06846357669994504,0.8653925319705696,0.04629533661863307,0.037782093694859055,0.30021376616953793,0.17819557693007573,0.1351723743490954,0.39078698764477277,0.4785260050011589,0.05668614463487089,0.167679475357612,0.5135001888542584,0.10438121337986454,0.015399082636659454,0.1298645927137396,0.1474019812718789,0.024655691086973634,0.015399082636659454,0.6880893036386816,0.08610670312383475,0.00026241562345556853,0.00898249217245856,0.05796451794866652,0.01874783058565658,0.026413074765999443,0.026328844972523302,0.030012505616483047,0.6003334283239987,0.291165966167762,0.03673219900949924,0.04560115219282159,0.14726893018189188,0.028598582281509837,0.9489887943645168,0.8223348149130958,0.8252251705117066,0.3976156393869626
300039.XSHE,4,1,-0.1735943356257865,0.45113165909795555,0.11570858268641798,0.367225372840176,0.4802744015333318,0.036208123358071165,0.5537750752926875,0.6038444435364763,0.9707413200039694,0.39435918457317315,0.4108616781991679,0.0012515281539041694,0.011816440512218614,0.005278976842247015,0.00042650683568908293,0.0002034945132246224,0.0006727715004026882,0.0010720100810938063,0.6203701863132359,0.022378759003571547,0.1516458640784422,0.003891576260213853,0.04134645506916255,0.5454545434710744,0.036307197925342115,0.6994237608080106,0.0046751717962292124,0.05159627385366736,0.09114339451691013,0.37059949067787895,0.09676445848917598,0.1325301204819277,0.11349283418824138,0.7926884228399782,0.09300330539236337,0.05171030657842982,0.30840077405687477,0.18182281180336166,0.13849091528296636,0.1643916614353583,0.5315911497298091,0.07304378340396375,0.07948964523481147,0.5302322586198479,0.12590459708951895,0.012904205588212795,0.13246726674640477,0.14932426047215774,0.032854109295101436,0.012904205588212795,0.7445607909537182,0.08270303079442815,0.0002795714086614471,0.009106101497164624,0.05117951621524785,0.07707663724483742,0.04587204397743484,0.07486625263227817,0.02951046193165237,0.9267538806643729,0.3369729687429739,0.025001718434471257,0.06716706074349504,0.12868114138420225,0.021192648202428666,0.8866077388476232,0.696276148777144,0.7095795496853816,0.43932377749535545
300040.XSHE,4,1,-0.3692253422014061,0.7396414358646108,0.4616973547841386,0.4818850042842777,0.42311532838661625,0.08029370866027286,0.6812039869389095,0.5485102103373655,0.8010725021273533,0.6436527533126956,0.16393800322461294,0.0005677570613982472,0.01052684062354646,0.004704680483157475,0.00015332168152766326,0.00021302384330408055,0.0007322941448969751,0.0011189245837032367,0.6197454497652733,0.02218484965939259,0.1508214507762427,0.0041370449215872695,0.022941638260293964,0.6363636304132232,0.025068760187010774,0.7033850990375452,0.008064251106366322,0.16496337161978836,0.0909101355983809,0.37089037645270795,0.09365866219460253,0.34939759036144574,0.1008609251453651,0.6938093561332062,0.07618701130658229,0.060868177717344825,0.3090933864627126,0.18320017268237215,0.13952820304843014,0.34339531920481536,0.5318427242963106,0.07358691403471337,0.25401795463289895,0.517387238269838,0.10008597099266645,0.006216999718956538,0.22731895912147018,0.24853923523228583,0.055100028972391926,0.006216999718956538,0.709568029989121,0.08429777658491422,0.0002710894064543512,0.009124207952188794,0.05600696850138171,0.022516065954179612,0.02100379226670243,0.05541230343169151,0.029536233956985746,0.5878761602629283,0.4913145727715872,0.02790614894041249,0.07241190068727905,0.14129917793990981,0.05578901716815218,0.8932792816463337,0.752263831763301,0.7618882900771824,0.4612462967180846
300041.XSHE,4,1,-0.1773537575019526,0.6638531338621528,0.37955264124597315,0.32583016623776667,0.5058273129329317,0.0439333690553409,0.5829213935641688,0.33531219522115946,0.7419360362646752,0.36854983883660714,0.14161733900313467,0.000919912536404227,0.010946247506999511,0.004896845994787817,0.00011716730752898399,0.00021976661036567915,0.00040148091842980775,0.0011066628906033836,0.6185096688612459,0.022597239882208225,0.15106932198830786,0.0037446280176008824,0.010669989592431582,0.7272727282644629,0.014192723450477498,0.7004171777958363,0.004919751300194468,0.07823098489644568,0.09134051696217903,0.677750513656127,0.1608614659061702,0.24096385542168672,0.18668662403765196,0.1749062466956644,0.12423070407103648,0.05970887962073222,0.3203014454184358,0.1855204632646948,0.1458182224683289,0.44556053740894724,0.5318427242963106,0.09443179256752621,0.24569423378010247,0.5199366503164272,0.13890729632455295,0.027022419911257207,0.18628093222211634,0.19212352428511903,0.1734075853592139,0.027022419911257207,0.6928826084365437,0.0705109938112372,0.0003915438025726951,0.009092768195721768,0.05853691548568174,0.04217307216313529,0.04481160050061024,0.06820531900623454,0.02945457940843346,0.669745177375663,0.3048029677715998,0.036307879757361924,0.08233618392203648,0.15173389446217764,0.026309595023030447,0.7951829259632728,0.6027182566007698,0.6176880645766056,0.6942914623110885
300042.XSHE,4,1,-0.2612255683434233,0.7375562407499251,0.4379030098103875,0.29777739923536395,0.330615898872319,0.05207531124787673,0.6173896794845501,0.31603464440491325,0.5784213941912941,0.4106829963436115,0.09197736356042807,0.00039508930242418004,0.010544890410391075,0.004721796765400725,7.978288170155105e-05,0.000212315924433519,0.0002928468796053427,0.001095174423936367,0.6183911041615284,0.022726334709724568,0.15083893310798405,0.003475098123990729,0.016512836667743183,0.6363636304132232,0.021278249010177944,0.7139676496128834,0.009336999420420175,0.2269602966446595,0.09155643712453368,0.47077129551472624,0.21173526243039079,0.08835341365461848,0.16560555292765933,0.10054008884107261,0.12183410045115448,0.05368721601402179,0.30683245859752445,0.18544597308365354,0.14664883259631306,0.40428058298553887,0.4684402105399856,0.11281771894097396,0.17091255793639284,0.5250205796541012,0.10171243982335128,0.007607977657116379,0.12856308601965197,0.1462589666789193,0.022279318775037724,0.007607977657116379,0.7314872916659364,0.0679351775604689,0.0004365090378761554,0.008948339312726704,0.05898781541228188,0.11504125707520615,0.023140013827011592,0.12034966801344746,0.029448689438161705,0.5947459812849909,0.2880782035926046,0.047305917248320846,0.0668342137440556,0.22557712038303696,0.03205285039181671,0.7947204627117921,0.6843654637123531,0.6379989596343405,0.5899664254879221
300043.XSHE,4,1,-0.2427613782374422,0.4725483955293323,0.20167942147614198,0.3441448115971387,0.5528072493896011,0.21420278819669664,0.4345029232497273,0.4899756332666466,0.9403678103586512,0.24660551416632986,0.23921947922817088,0.0006292667454904887,0.010978447536321793,0.004900377275767318,0.0005704134938500667,0.0014620812060885636,0.0011106407934290887,0.0011504313177789578,0.6169893495621556,0.022225991670885625,0.15102212314728503,0.003712005351309013,0.007432270131525864,0.9090909021487603,0.008299958268092478,0.7033904998767374,0.0015220581792985946,0.055123451207379943,0.09148401973207225,0.7671482057466555,0.1067888601640169,0.08032128514056225,0.16219163028970246,0.45367667968040204,0.13101678604867073,0.04924268504928238,0.3168131281664937,0.1863580158918581,0.14004034763438594,0.26851502740126715,0.5219672659091553,0.026467271515804074,0.15430569483669362,0.5019567131907633,0.124622778118076,0.06088274570931006,0.15711262131274248,0.17382796772290468,0.05072925339497852,0.06088274570931006,0.6507174182059112,0.06403739932553112,0.0005397976634226553,0.009108621042334772,0.04395522344742939,0.014373321076492552,0.16727436973842857,0.007253715761020068,0.02891850084913239,0.5555551243398241,0.2880137697625468,0.04528568830897435,0.06399642764149502,0.16278713520291838,0.016197732846802655,0.8210054181874991,0.5922725664499584,0.633473104963389,0.582845483348968
300044.XSHE,4,1,-0.2040965304243294,0.9580509652043239,0.25484183436356334,0.3396891273548697,0.5252744809415981,0.08630136936772767,0.8618430456653414,0.5217628696715979,0.6768021469362163,0.5047430570191636,0.12015726425608253,0.00025631644402551013,0.010599095019164624,0.004765767670837223,0.00011582293576773334,0.0002077650070237442,0.0005754159923917663,0.0011058640410481246,0.6185678893366487,0.022194316008925807,0.15089004088736543,0.003488276138100795,0.030682910667840402,0.5454545434710744,0.027135496526279577,0.6779426671027274,0.013279558556673473,0.23654698381116032,0.09049983910557291,0.30121180908573764,0.07894678831687688,0.2931726907630522,0.08626116837582398,0.702534341991933,0.055023304417744244,0.05721447566526746,0.3131648805874692,0.17251853251199434,0.13970238420202932,0.13528924284389623,0.5260533984983657,0.05869049631056988,0.07352044445159497,0.5190940728669104,0.10478922311221955,0.007821118138072845,0.12317537352404173,0.14119911325948636,0.015556292456283628,0.007821118138072845,0.6850721624909294,0.06921164742310364,0.00041258770399006466,0.00909889982006675,0.047167060929270706,0.03542892556884086,0.029051643260144765,0.04397443360666009,0.029258761053580124,0.5837623621849923,0.29766735908700964,0.03357326145212669,0.06743690492904246,0.1399984800121599,0.05109379673386373,0.9217185524988993,0.7436756445977624,0.7926054822517314,0.37004830714393583
300045.XSHE,4,1,-0.2549347085925907,0.8283419453283923,0.125492716049252,0.3061805686269753,0.3553536635212634,0.06591053878766448,0.6468693199026675,0.46254578954244085,0.9862009644000953,0.4628699652150037,0.28880659956929866,0.0009502691345242,0.010599041971618905,0.004680661101446619,9.285900314148882e-05,0.0002279856118208839,0.00030203449299937436,0.0011014370097213117,0.6184750420292815,0.023399446641798192,0.15075887783685518,0.0035952461588071114,0.023709099172720127,0.6363636304132232,0.026310592781715,0.7036435194113911,0.003979324520908456,0.08673238672334267,0.09139178564904148,0.41554827109437525,0.21069634036538806,0.1967871485943775,0.124294585552954,0.11965108269282691,0.08385634136569677,0.05244142970736246,0.31133377482365476,0.18074432538711932,0.1462133797123151,0.13202526067776663,0.5318427242963106,0.04877023792786702,0.07899484981166091,0.5188072986389646,0.09564364318574138,0.005129467702619151,0.12943870154854967,0.14787954637520231,0.015802014389709684,0.005129467702619151,0.6843289782268045,0.0745774748842807,0.0003410242331864388,0.008822604413080035,0.077141088671357,0.083650164828908,0.027383219580112604,0.11069326434490127,0.029396683616005097,0.7145722703397377,0.30763494166791744,1.0,0.061570654377819375,0.1589018246187364,0.051755847341030094,0.8711600460155373,0.7249928132324976,0.7004090168544519,0.5329193153160456
300046.XSHE,4,1,-0.2188907923230607,0.7279111592747451,0.5227104067176858,0.4090310343197294,0.35461942961460236,0.042655439543394624,0.3390779095460231,0.07481479432106158,0.4261876514284661,0.18944887340310954,0.055019901978633046,0.000339764179469185,0.010665751268773331,0.004793346341769956,6.368079417114813e-05,0.00021552490805128985,0.00035938378856100443,0.0010872337803810202,0.6188924826431167,0.022188710363540493,0.15093060991209936,0.0035547740613954167,0.0030518490988914342,0.5454545434710744,0.002564730944658622,0.700771409657707,0.001253792149236635,0.030749751288776342,0.0913296282181354,0.26820860635959226,0.07671922566918371,0.9718875502008031,0.10788180001080437,0.590776707500983,0.0727665754768206,0.0345016790119238,0.30704084167492357,0.18150267215128377,0.13949310684583927,0.3605232548262694,0.5318427242963106,0.13938000552821586,0.16723360488419253,0.5268397472050854,0.1124228693632559,0.007320264604352817,0.13925108781061374,0.15414222881584677,0.056048192247327204,0.007320264604352817,0.7327072356466697,0.07342922423603757,0.00035338755743849254,0.009106275315623587,0.05424386799845284,0.0943152075969568,0.02073326578716231,0.10557991330650518,0.029318642872062185,0.6488795721649999,0.33148538666040633,0.026395129103584953,0.03144403232852504,0.13968339919947306,0.01700888317281809,0.9142170612546334,0.6984598204413786,0.730846313699292,0.42989850591863443
300047.XSHE,4,1,-0.1379871124462271,0.5904318312986355,0.3168576271078782,0.3173744062083159,0.5939343786804686,0.07851682803035065,0.6665537638885954,0.47144159853392853,0.8669905922252598,0.3619372091179615,0.19376454362330298,0.0014851495570585049,0.010561383219999792,0.004752728964929346,0.00022127754921654508,0.0006646168414934717,0.0003577776938127145,0.001115071848070655,0.6187215769462904,0.022138072678010972,0.15084323884572862,0.0036947036038877624,0.016690054358100535,0.6363636304132232,0.02688561371227195,0.6998341885095273,0.009267154845958156,0.11029212263724338,0.09094814588933275,0.4434295751225962,0.1300063315448882,0.1646586345381526,0.13689421319689937,0.3406727652938767,0.10207734373772398,0.05504943483432316,0.3102106640325428,0.18175199535421044,0.1415520840645042,0.36357685748080315,0.45168729308001465,0.054561384672706416,0.18509859695214584,0.5082778707774371,0.10137910422716534,0.01809734128629523,0.15524707965657952,0.1709141665470145,0.059419115469958435,0.01809734128629523,0.6700367034870066,0.06121198536382443,0.0006667156795781534,0.009556031948999589,0.06147132682778049,0.02598236360775434,0.05150478679908376,0.04353100835494894,0.029070361010035753,0.6664242002211028,0.30216293271648165,0.049869342105284535,0.07112630105655471,0.15025515212544965,0.0281285517736436,0.8671150459445258,0.6955381230374598,0.678479481823967,0.6189938745352995
300048.XSHE,4,1,-0.3777895462471406,0.6920023854334031,0.3272335384618641,0.35101098861014274,0.43840350934384525,0.03512398935281702,0.4036069226597326,0.333985299342177,0.9543666283494288,0.31014662291633227,0.25100932915130514,0.0005209995361902085,0.010899782624102112,0.004874640999638829,0.00011883528362102965,0.00041252438299638195,0.0007693257029529023,0.001106890528231628,0.6200400461841684,0.022318740809327456,0.15103158423438173,0.003782450143574242,0.008059110725223336,0.4545454565289256,0.009004655877289191,0.6978673845513028,0.003233102663558896,0.032468119743149136,0.09119191507869998,0.37750187340208363,0.11864555810066318,0.3092369477911646,0.12881200499109954,0.3481514712570282,0.09685265318883883,0.05306839370958276,0.3084299770994944,0.18408208861146944,0.1413402069896037,0.24366576919233995,0.5133293208270185,0.05344131436738269,0.12533207603716912,0.5196264298965284,0.10774276796657105,0.010739350530388977,0.13729901049937232,0.15449574885721598,0.032873194493814144,0.010739350530388977,0.6956006062326985,0.06698330043350262,0.0004569213906316902,0.009113232714729448,0.046824334770901144,0.026801416241657598,0.03004853125876428,0.049395583832262134,0.029382901303514446,0.6589156870985304,0.3184057084869477,0.02487011804141695,0.06910571670133264,0.13546749126006993,0.0234850750732787,0.8896639019471388,0.6916738534341693,0.6965353711121616,0.37032502164674913
300049.XSHE,4,1,-0.2757605819472178,0.49028245735724024,0.391802128071767,0.37440691660736203,0.5293876619615179,0.05481918083796308,0.44744717496533165,0.1687424226128563,0.5477348189532457,0.23834683290246855,0.08397455907777329,0.0011538525535502882,0.010597032677999722,0.00476473088404518,0.00015698986654768627,0.0005269994622649527,0.0005023477607188854,0.0011059468929288609,0.618301294169432,0.022075028528263024,0.1508763718101059,0.003548112769467128,0.007245288117878146,0.363636358677686,0.007927942445415783,0.7017565106951448,0.003903289342795742,0.0529076603056887,0.09145908738504359,0.3544715283702615,0.14110366905881047,0.9839357429718875,0.11109149339021886,0.43996657423937396,0.0698529793596055,0.026911594724932444,0.30550373921684537,0.18090882396678346,0.14060968603197133,0.32948804995261427,0.5170963224655926,0.1117564137085909,0.1573851937068348,0.5238452991348677,0.10685346689037575,0.019817645613585063,0.14189469333865234,0.15514465155174698,0.07338550484459214,0.019817645613585063,0.7267454021316302,0.08485320574896624,0.0002683259306879367,0.009032926941718684,0.06762390777473894,0.0390946910127526,0.04151549146305819,0.030554582684232678,0.029354651513166196,0.8202275784144247,0.2878276708455218,0.04725521733767944,0.019149288837183694,0.05545596468561585,0.018385625411258,0.9077079575634488,0.6897721241873427,0.7195329972829028,0.2877310293346358
300050.XSHE,4,1,-0.1863109607266956,0.6186340314903096,0.5554915197896276,0.32358098683764347,0.2113797896767582,0.09957148053259054,0.514719207683521,0.2057236447092455,0.8077922157755202,0.23695717326949955,0.16669821408484553,0.0010797469542969018,0.010354630940431462,0.004606916794252142,0.00013110026101023192,0.0002698783923846897,0.0002798461783119061,0.0010521510875878984,0.6205502239195361,0.0231758702974864,0.15070512271185252,0.003781540848753623,0.006633515671854119,0.6363636304132232,0.0067210096865065305,0.7023929323596337,0.0016287339143863197,0.06186126435742064,0.09137573943779198,0.6387537604773599,0.05924849265943676,0.8192771084337348,0.12370890874377923,0.835895530125788,0.08352820995046112,0.03912387442617286,0.3075635445310678,0.1819703792402388,0.13784098560535749,0.41476228121597586,0.5067373318079376,0.18668818447146976,0.1985483731301101,0.5221597427599444,0.09041471299805168,0.006980054097746454,0.15170736674768648,0.16724195196169103,0.05830104091203923,0.006980054097746454,0.7231732098432185,0.06037031482088773,0.000720225196948597,0.00908946893494075,0.07311042853170202,0.2113726345954614,0.01609283829527949,0.27424791200602844,0.029193792937920744,0.6956709759902777,0.273753842913437,0.034939567169012864,0.04092230676886481,0.1780672879616963,0.017578213794341088,0.8566106503245232,0.6527657998319403,0.7031459178850477,0.46493882324340596
300051.XSHE,4,1,0.3485741969691007,0.32412674487766224,0.2477462151086531,0.27566135383175916,0.37096984241220576,0.12112291480011944,0.5437346001646517,0.22766378195373974,0.5854515389391248,0.43057637907331525,0.09385755956702191,0.0008562098612960904,0.010430055106199359,0.0046909591745547905,8.90341279945843e-05,0.00026572170201581745,0.00041555310017383693,0.0011089665932149323,0.6178261789387419,0.021910447352911,0.15077646427021804,0.0034201391027093722,0.0,0.0,0.0,0.7010314865714409,2.2697901322799208e-07,0.0,0.09134051696217903,0.8141031439112207,0.25995450553559174,0.393574297188755,0.13305799715660166,0.3190692116509718,0.0964095225021569,0.03834581530851404,0.35612804471158377,0.186837375613147,0.27207096192192004,0.18277639926730282,0.5318427242963106,0.0536148771742576,0.08488940023667375,0.5196752092171156,0.09482449054049279,0.00771137677314191,0.11858840951094458,0.1354448255083157,0.023549809850454215,0.00771137677314191,0.7097888819166676,0.08859892158899046,0.00025185244450905744,0.009095518584965177,0.07614668151901298,0.029221672548612392,0.03686970609655924,0.03227564888583013,0.02939548083067902,0.8246573960212588,0.2582118580439019,0.0727965648210545,0.05102357925665338,0.19493828216040937,0.020555123526948615,0.8225792134751673,0.6043435717128833,0.6088277930781356,0.4358458268375355
300052.XSHE,4,1,0.7861745083217626,0.7951345316586667,0.36564723468178956,0.3112294469324164,0.5845565131913847,0.03203736203820806,0.7651777586913389,0.2671615623072159,0.7327675613112399,0.4445189944641776,0.13842434876416188,0.0005739424295856891,0.01048131773433365,0.004694071646521295,7.269714185978009e-05,0.00026762565767325593,0.00025868986827099773,0.0010891517599044044,0.618516251161219,0.022496325102569433,0.1508059528802226,0.0034485725804401087,0.028759378711995347,0.8181818152066116,0.05319415128819725,0.7283474919653745,0.02408626677158522,0.3278918332278195,0.09299874828467682,0.6400824147274349,0.28646108053894254,0.15261044176706826,0.22407375443210428,0.035728401322658164,0.1831738030317726,0.0515569903395502,0.32778278027522395,0.20410973025257062,0.15491073865807717,0.4712014763440598,0.5318427242963106,0.1394211010038991,0.189767854682686,0.5217242618624884,0.09757194174164106,0.006828576643244469,0.12477519981578739,0.14109113983129143,0.03282548149703238,0.006828576643244469,0.7180854358086278,0.09793398108240825,0.00022237276180540105,0.009304275102503513,0.07171670187151172,0.11333203645894695,0.019738641028682363,0.13443130723692778,0.029391884734120875,0.8293943624333726,0.2838903939671248,0.036821850101489195,0.062077748688454996,0.19450160232051478,0.03284396123706407,0.6930335814006334,0.6128543629207024,0.5729510209578228,0.6377410161336495
300053.XSHE,4,1,0.1133659819995071,0.27612862435758123,0.3191248037551965,0.32977446407572486,0.33520619819133046,0.009587454199541379,0.38384520759817053,0.2581944798419745,0.5945137560055466,0.35173277233906375,0.0963078678658601,0.00031653054746471357,0.010701860255212886,0.004809448677381244,6.533355831666492e-05,0.00021321323949534111,0.00021663558422829548,0.0011157061741334463,0.6182686407289473,0.02220791844635122,0.15093482010593973,0.0035261662937303966,0.007168321986043633,0.6363636304132232,0.009664734157823108,0.7053465001796158,0.005913728880206011,0.06534322148864972,0.09161460620134136,0.6668028174074822,0.13595471526775577,0.4618473895582329,0.1634934271118952,0.38055680172138556,0.11761923633147398,0.03851173183720105,0.30929930495243135,0.18589914762064547,0.14107763539984972,0.1601310938905323,0.5318427242963106,0.010669449306417302,0.08742663385308909,0.5216220461009946,0.10906671080969914,0.0038840341474046256,0.12827813180823835,0.14622014320189036,0.019754240956465337,0.0038840341474046256,0.6988082175613507,0.0797478841981436,0.0002978243488205179,0.009101858846293236,0.06130550435623679,0.0,0.021264665334218676,0.3578083938959587,0.029461382024422618,0.67765342748128,0.3070657437250502,0.08465745954122755,0.047280457562059106,0.251223748543345,0.014581115032601543,0.8284021672749997,0.6314515059042058,0.6271635776960389,0.7353084220876012
300054.XSHE,4,1,0.03369775671225878,0.5410225319912624,0.08845080144101641,0.31950282192154855,0.38161339207873285,0.0796130742547731,0.5770407125346115,0.6717671479122461,0.9965821843284546,0.37113309369906233,0.3125245358350812,0.0003844190708833839,0.010846483170778272,0.004833241714882098,0.00012131480979650329,0.0005730278937826016,0.00048607741638453873,0.0011082735766648486,0.6180517281597259,0.02359218002341132,0.15097424498437953,0.0035119236280780697,0.02695708360457974,0.5454545434710744,0.03164258991226812,0.7010724521064348,0.0036064775105864085,0.053133761418106176,0.09102423383041312,0.3769161494518454,0.09224336797024885,0.15261044176706826,0.1103206926402363,0.6909020541033303,0.0932816250839016,0.05090969297833832,0.29704499631719045,0.17639771239749355,0.14148709109674332,0.11457970271676193,0.5178090147507853,0.05116200918549459,0.06603366420912599,0.5268366959883244,0.11020875511600514,0.007448193902435058,0.12277151436273903,0.14024596755022545,0.020494587623195618,0.007448193902435058,0.739240479704409,0.07476428499645028,0.00033912845483984586,0.009043477777010088,0.051331619086918405,0.03503252790980266,0.03609798739753988,0.025156610550127405,0.02994439500280865,0.617523227435374,0.3268128633284493,0.03811139095367344,0.06383758056000348,0.10677289165020012,0.020110067595860502,0.8873045404837312,0.773591946397771,0.7306997647294917,0.47529009509827447
300055.XSHE,4,1,0.03906590358983962,0.7247128664951524,0.216504783450542,0.3420502167991496,0.542091145643955,0.09645954410330168,0.7733490195688482,0.27495620529032405,0.998124680018863,0.39860415293023466,0.35544152305815097,0.0004465506166055394,0.010807831543257951,0.004854910150713932,0.00018639896842987235,0.0002192351166435028,0.0010507346889950867,0.0010655681610783226,0.6206658922632721,0.022171729076873082,0.15106704160307824,0.0036774452396555017,0.029882891340176774,0.6363636304132232,0.03348078452162392,0.697780446860816,0.004822830451586803,0.071402731301438,0.09134051696217903,0.5651753650822532,0.22175628730906674,0.10441767068273092,0.16157367208159681,0.1121723767296753,0.1148817932400525,0.058388785868473875,0.31260770327238496,0.18669199073813372,0.1450123096680939,0.49144042012780415,0.5373806374859356,0.2025760305464711,0.21264087269371162,0.5191226178026614,0.11758078079207152,0.009836459792668608,0.13997756964495242,0.15729042428861567,0.03356900903021478,0.009836459792668608,0.7044078071740653,0.08392701750121564,0.0002729868318716189,0.009104558789800921,0.04724119953627751,0.05634887440177064,0.021692186777726167,0.04877261149962722,0.02939661005948459,0.5896353356404607,0.31560332353978054,0.03198277925535156,0.07771681595818394,0.1482371307696205,0.0,0.8313598017355244,0.6587722789792578,0.6431849447998881,0.6216659227001673
300056.XSHE,4,1,-0.04005867553473946,0.8468270931423105,0.24040372174365948,0.37620048755239804,0.5345296397623102,0.14086673594132912,0.8738244127708994,0.3380121589981112,0.42242822982263717,0.5533881050394739,0.05418370716647414,0.00045586355760773894,0.01061733108129833,0.004764772470900679,0.00011188690948169902,0.0006894957302104776,0.0005465329160414319,0.0011266703826952936,0.6175722811539104,0.02236956150641598,0.15084806189099428,0.0034383197389226097,0.021224453630305083,0.6363636304132232,0.019385796590782454,0.6867716349937446,0.009075306410171034,0.23880799493533506,0.09158304193818467,0.4295607293132488,0.14354819450562556,0.37349397590361444,0.1295940054100989,0.3099294835535197,0.08938697746610912,0.06313147041892667,0.3169102008691044,0.1841247024810874,0.14189524693428168,0.2393256551655175,0.5348735246349996,0.03644206884096951,0.11363989161393964,0.5178311100133868,0.10439774961048473,0.012995104336234447,0.1275896055824921,0.14518683497850496,0.022562150817071816,0.012995104336234447,0.699869241636548,0.07320395801438015,0.00035596687011509086,0.009045236523720263,0.05529513233873269,0.015605187546090853,0.04084049163857477,0.01425223780072498,0.029376249887039664,0.6116064547820408,0.2751567873642729,0.030117623792688064,0.07597401298855785,0.1766426951917718,0.05640096907339833,0.8817816108278536,0.6801501481579768,0.710218556004151,0.615052652343248
300057.XSHE,4,1,-0.146458058726721,0.6890570693958347,0.19213559867501007,0.34756603622237725,0.4789918326508401,0.2858084201255187,0.7029192308026954,0.696582592672464,0.9997009850369576,0.503342762729201,0.34492561660897025,0.0007124191064535381,0.011574331579864061,0.005179872230561049,0.0006582941369789847,0.0032427797746680106,0.0016410752565255485,0.001203876889333716,0.618627266511328,0.02317580540036128,0.15131252492489952,0.003777954056246727,0.03128894802929301,0.5454545434710744,0.04637893904030069,0.7059008332090697,0.015103075915532494,0.13367097766121008,0.09146336803991324,0.4013553352548716,0.1361884495572689,0.09638554216867469,0.12374646057518864,0.45533872840440237,0.09424823287205017,0.07085094407565441,0.30688426128394275,0.1829325795137129,0.140643482375207,0.18193053353870495,0.44749391238865344,0.04627529079511985,0.09868802064094759,0.5154421277322843,0.1191231759449716,0.024023211321626263,0.13198240603526545,0.1499204202572909,0.022276668052994296,0.024023211321626263,0.6870504816091109,0.07298327161024667,0.0003585461827916892,0.009071739726288082,0.04309102057465071,0.016708026936407973,0.05910008214176049,0.013062830075093498,0.029296197236045093,0.56410650190776,0.2912590156262745,0.02898712953518419,0.10170794113772444,0.14101077608045803,0.03444412873123168,0.8860600616380963,0.7193042103401006,0.6938024308645334,0.46184314894894685
300058.XSHE,4,1,-0.09566571909359023,0.3235315631628996,0.04793740492117915,0.3252336077903556,0.5483804475115539,0.15089420717752028,0.4712887199559493,0.81506933773018,0.7892756812579529,0.5869735119697898,0.5502708485141166,0.0016439632979800163,0.011859065062217814,0.005206019821197053,0.0006873729815543329,0.0009892575953368166,0.0017902507606313662,0.0011449566663262146,0.6188794046140818,0.02196350590947816,0.15140957986103878,0.0039377246093673015,0.03716388610364563,0.7272727282644629,0.06531865773225033,0.7084526043381677,0.0032246692326621225,0.05553043320973139,0.09162648491414145,0.6942584194304745,0.4323940139090672,0.0,0.25192469606074697,0.014956385336603366,0.21338500719106035,0.10790240317977026,0.3822647269337341,0.21029589235919366,0.16601413727034733,0.15902082467319317,0.5331391107393445,0.06148232910940093,0.10092407204717749,0.5296726413773256,0.12943882473701734,0.02525982710497553,0.1416772447694809,0.16131149115385132,0.012693777721582469,0.02525982710497553,0.7337554059059779,0.06690989618480185,0.00045860047624264144,0.00908250358514828,0.04711125909517127,0.020196844628801548,0.08275777750926819,0.016805710440190882,0.029430617690799236,0.6572080728020288,0.3047418432319075,0.04059164033223391,0.12786730320949444,0.12318258537265035,0.029270054435604476,0.6225083793725412,0.5358232718588298,0.4809037450523219,0.6733847860195191
300059.XSHE,4,1,0.2958788244652605,0.8974132245651006,0.21216204342316566,0.2939432407130157,0.394988418931265,0.014981730434788898,0.7056407056568643,0.5580819263845789,0.9985277574580305,0.513984960661437,0.35339237142770663,0.000838702209191579,0.010042864125955836,0.004527931392903873,6.330018384368829e-05,0.0002009737064207339,0.0004698381623444559,0.0010240296057995452,0.6211023083321894,0.022147716307495742,0.15066780767764867,0.0036658076065952403,0.05090868229228224,0.7272727282644629,0.0602012141761461,0.6959635147381649,0.01387471233214581,0.10884507551777155,0.09084212965381483,0.4966302776865977,0.20532898848060463,0.03614457831325301,0.15616423194646292,0.10220213756507295,0.1187100962060128,0.08353183844667067,0.3420770890523315,0.25666628135008385,0.1466358340027609,0.3120373391830592,0.5318427242963106,0.17841087074427295,0.14120286848462849,0.5225550359208507,0.0918953148681079,0.001995414717712332,0.13022149029329688,0.1472294418019728,0.029916048982162494,0.001995414717712332,0.7345581851346789,0.07964543971623289,0.0002985258979860279,0.009149120194950046,0.08922805615959903,0.2065185114397835,0.009553459949148226,0.15057945424337657,0.02925230442566891,0.8336722688982451,0.2684249121042746,0.03267412616185263,0.12920017556674185,0.18223055048892942,0.03851498474606688,0.8099941770462002,0.6679271151209591,0.6560931364912215,0.464295974961213
300061.XSHE,4,1,-0.1924750324120629,0.5128936754441752,0.3607675540513502,0.3227855755744288,0.5674967756064493,0.1301306094940997,0.6244348128361965,0.32369828344526086,0.14758122800747142,0.4506140064233327,0.0,0.000441208615872252,0.010618490227358198,0.004773189358652938,0.00012737351415573488,0.001060235557557521,0.0002873903349078439,0.0011232386024511139,0.6175414942052064,0.022366612577718145,0.15085215719669376,0.0034438141664928966,0.005654787113200657,0.4545454565289256,0.004763258919688624,0.6932274435950735,0.003921233096090247,0.11929094691145879,0.09126563113521247,0.29984941541268456,0.09258552220621569,0.610441767068273,0.10577494462751875,0.6186126872114641,0.07194624492987023,0.040047105058051514,0.3081296049710907,0.18195388894431894,0.14005334622793814,0.22524029196779397,0.5240190517659551,0.04252591155357402,0.1098409598690766,0.5238453392824566,0.10484770914893939,0.020331122268513593,0.12838521152381352,0.14665321084270116,0.01673453840458872,0.020331122268513593,0.7281850295111928,0.059451439630447606,0.0007916432108232624,0.008933123069365613,0.05229040804728406,0.01697230275096356,0.052863700842886045,0.014129325457293968,0.029310681059796142,0.5985914399734765,0.27126350458132326,0.06626454758373487,0.043176636511491305,0.22570481519481178,0.028005922115212058,0.9160482737072333,0.7124823094953783,0.748280360061577,0.37042791297894473
300062.XSHE,4,1,-0.220013117448179,0.5920830438318485,0.4135903562418815,0.3064385637762415,0.37173199459355083,0.10008471322242157,0.4773630965772436,0.19805487544456607,0.5247053978128439,0.21049118580292625,0.07817179172921562,0.0007146719193288049,0.010633536301492023,0.004779081859917281,0.00012643436177983775,0.000258168439654859,0.0005691282680283293,0.0011099772050928247,0.6185819623500456,0.02219159922699159,0.15089579142237444,0.0036153555960337803,0.006680992923366385,0.4545454565289256,0.006603996861210745,0.7095572759190906,0.004040057984262073,0.10409695215700461,0.09112171661385789,0.1812409486575393,0.10306421858041154,0.9236947791164657,0.09998339813769266,0.4960532758990615,0.0794668147952744,0.03352126580223085,0.3059132416111294,0.18239225480126378,0.14051869587710608,0.2332433282602323,0.49571836829299815,0.06576809903222705,0.13000891136935114,0.5197160393150886,0.10758802366108317,0.00882392998435449,0.14512533169064382,0.16280606924146163,0.03353295921042412,0.00882392998435449,0.7045690641370358,0.09006808969131516,0.00024626558078043575,0.009078696577070729,0.0633160853338005,0.029667061732898462,0.02661967625874026,0.0423210533001045,0.029479733014131457,0.7036729231141119,0.30546190588261407,0.026841223317343902,0.029198876752188446,0.12867433310533516,0.015871119219955734,0.9120583076507933,0.7676877404802975,0.751137404842189,0.5522585434462883
300063.XSHE,4,1,-0.2058878212633827,0.5842158593668954,0.4885941408685691,0.22929960780133413,0.46566445075809815,0.10772246169465494,0.4354320406068825,0.24217993492310438,0.2925108387435576,0.3160038052736297,0.027036062087125945,0.0004608844407264318,0.01060745489632232,0.004766885752271261,9.833586389416043e-05,0.0005288845752036026,0.00029215961747102565,0.0011067334636819034,0.6184046818272181,0.02221100278427521,0.15087296647640136,0.003515462919847747,0.002364237720409248,0.5454545434710744,0.002472960442510149,0.7032338453890444,0.0016264583222547991,0.049832685176811074,0.09120006556195158,0.2952201726244274,0.16220908463576075,0.5622489959839356,0.1325750937807579,0.23016141069850188,0.06958991496044337,0.0454846113836222,0.3068378280741831,0.180413354161504,0.14241649053572403,0.38128029740722746,0.5022667846295277,0.09591195833530827,0.1777356665683958,0.5140301771761278,0.10809089913752243,0.01903834689405034,0.14250647301057334,0.1612113998138653,0.022063284928498097,0.01903834689405034,0.6871334471480305,0.06094630965113579,0.0006825718230797673,0.009054828341709687,0.05287705286109062,0.04124312199142508,0.03567531575433147,0.049919076187384295,0.02952369529455479,0.5899973720481282,0.2797232187403946,0.058395661452646686,0.05361632234680533,0.21217668591984598,0.02239008195250344,0.8626120208490151,0.7084300782804833,0.6986649520877286,0.6259253177193258
300064.XSHE,4,1,-0.2435135699685206,0.7683339010602079,0.34131234973973407,0.34226022520479804,0.3519411141732053,0.08512539943206343,0.4742689389749091,0.07515888579589297,0.9300704551262406,0.25468746676669685,0.23147236694631684,0.0007582043482477484,0.011172418399552962,0.004915739476047832,9.896654255508392e-05,0.002103527651150237,0.000529170871454462,0.0011459138066386276,0.617851308097333,0.024916480722301883,0.15103522466580854,0.0038465990318869545,0.0078114706916671064,0.4545454565289256,0.008853013940310675,0.6971527481734975,0.004141311174183422,0.02636338970787736,0.09119349581930045,0.3547235088203623,0.0801800751027798,0.9759036144578311,0.10969548758747269,0.6049025817704361,0.07114288524280839,0.02633075611337682,0.309379438698075,0.18098037367322992,0.1391590429915483,0.09222649717469092,0.5236271991640478,0.027829069198041102,0.06403765255345682,0.5212014198114541,0.10549610345483633,0.003995657728139747,0.1281211929369468,0.14618626699299256,0.018481894375618448,0.003995657728139747,0.6985978823922588,0.07593893405865859,0.0003278730944422871,0.009019028867365001,0.05453831171880729,0.018653713314530154,0.038226125957350574,0.013067866664595962,0.02932767125387559,0.6836877372225543,0.3347652827409023,0.026083552152739328,0.02069327009961907,0.13409601889851547,0.021975085242567444,0.9130018747070769,0.686153863163947,0.7306456340289349,0.2848709260370793
300065.XSHE,4,1,-0.2267675362942332,0.5890037873952083,0.46028979124740227,0.25920260906226994,0.40508246339487886,0.03379743018480713,0.6441439089883456,0.13927789527416565,0.22852383206336133,0.5736088418471819,0.014733472503375755,0.0007549326610097836,0.010343505648470357,0.004649808206748528,9.632600455001931e-05,0.0002665153009846583,0.0003550914391009444,0.0011067551177244698,0.6185512107620156,0.021703440485935553,0.15072199796253602,0.0034485716618138473,0.007808656021185476,0.5454545434710744,0.005790975659170488,0.6852941159265886,0.00363294908347483,0.0579271050013566,0.09128091655339725,0.2781009451834491,0.0640813733298764,0.9437751004016063,0.09369840740706578,0.7835476681528264,0.04981313391801562,0.032697495976261454,0.30700140048767993,0.17845820543126517,0.13886137519920344,0.34608725910921945,0.5242180688627298,0.08162876671639535,0.15026861774168032,0.48997803766293496,0.08361988880342268,0.008302678959799983,0.12785840125077044,0.1457066614909484,0.020361786448819724,0.008302678959799983,0.602503923335168,0.09100554757193768,0.00024291811551791883,0.009090435902929336,0.07394864331625946,0.044504040746042736,0.022781451924899592,0.07597956384738794,0.029328895833726262,0.5855564660367714,0.24763478204332334,0.03865878748888705,0.03872718647699026,0.15447984749455337,0.0407320392414907,0.9157402607547116,0.7112329176064751,0.764602746670962,0.485634408381299
300066.XSHE,4,1,-0.214661850137914,0.6392461449972477,0.3843770610335894,0.40819153191569985,0.3214413185450065,0.0437607247373456,0.600605490348159,0.3865660678534464,0.7364317020844988,0.26766638887653543,0.1396928712020561,0.00035093337715686113,0.010726489633414516,0.0048145286746663395,0.0002135906177516593,0.0002738885647326396,0.0004090117981037909,0.00109059629866099,0.6189132287134926,0.022453950228977237,0.1509611663397984,0.0036886038003597944,0.016310299014095853,0.5454545434710744,0.016992301733702368,0.7039628468175668,0.004684066661361562,0.11286967531880256,0.09134051696217903,0.6639411822391301,0.2355657858429623,0.004016064257028112,0.1682684389374281,0.09056882308677043,0.10043585499298588,0.05990342799849825,0.31697790727570524,0.19118553579333963,0.14586241768640631,0.3155495417985765,0.5218010162737686,0.12643015807513164,0.16720074115533276,0.5251765128896243,0.11535378569149556,0.013267902874636592,0.15468296638169418,0.17044537795325704,0.0581366961453465,0.013267902874636592,0.7231673671996327,0.05928131113001542,0.0008067263634688508,0.00908797585082795,0.04553904571740051,0.06242283834773463,0.04194874028977603,0.07495780120379772,0.02952761286035071,0.6104299750621782,0.307508993969889,0.039999597000710284,0.08702964616374505,0.17637440150478798,0.02157190285338278,0.8287927312493786,0.6399235991331658,0.6322531838093755,0.7449338095978203
300067.XSHE,4,1,-0.1907436070415888,0.6888984196405652,0.48037022647417815,0.33321038574790174,0.4721478431461053,0.04722265006677989,0.6355937505308502,0.18173361639956828,0.42961205333267766,0.2836995844749476,0.05578426806300518,0.0004344006938768089,0.010633595712975159,0.004778610168393379,5.07197364361317e-05,0.00020097372977613553,0.0002413205404489254,0.001106546791976151,0.6185136773865338,0.02221190058060128,0.15089980235742612,0.0034948116733479117,0.008480374354258696,0.5454545434710744,0.004711541612842574,0.7031419056593345,0.004984723290898374,0.08826987428778149,0.09127195998114372,0.30390509823644773,0.17008373162932267,0.8714859437751002,0.10431767004720989,0.34316532508502723,0.05828783252544768,0.037679713767327275,0.3096613667884772,0.17864805589268282,0.1415455847677281,0.28039708186790274,0.5318427242963106,0.043934488128344086,0.12838464147538758,0.5224112674047827,0.10772919085090395,0.010796696735814296,0.12829248915674307,0.14617489107135773,0.02032918256768552,0.010796696735814296,0.7141323031584164,0.058373757875545634,0.0008998769601867495,0.00909164687474833,0.05571687811560239,0.1167507561132482,0.030671060862869078,0.2817344159999168,0.029396217758041885,0.6236972510736348,0.28976224306036946,0.02820504278861208,0.037633522774713185,0.14980604321832092,0.01706227193874499,0.9042647810711395,0.7050716465437179,0.7249764333413429,0.17213699250286074
300068.XSHE,4,1,-0.2509254284454769,0.6799073516806187,0.42892809844475654,0.33771458795235254,0.6813026967883117,0.1390197129078654,0.7457926624380952,0.39680911039894645,0.998215130947478,0.3355686737809299,0.3190686298647587,0.0014487051260071821,0.011354345081910173,0.005038970544553554,0.001092128987995664,0.000993661173378446,0.0015769203739013791,0.001137252281869124,0.6220635390487398,0.026028581051395747,0.15120990418206584,0.0040324623304356716,0.0308673937861272,0.6363636304132232,0.04400988770735505,0.6724022537174031,0.0212037764026289,0.10432305326942208,0.09247325083888673,0.6784512730859523,0.16754511626740407,0.020080321285140562,0.17757734030260186,0.16659702966536255,0.1250235975909559,0.05645854666167605,0.33151632034986284,0.18807494245910567,0.14603919855871594,0.5558758884871041,0.5134679794558068,0.09619572842404643,0.25336784583116867,0.5002299252419775,0.12134164183185925,0.052935109935008114,0.15800233314744483,0.1760325207133312,0.038856404290246636,0.052935109935008114,0.6657353492790763,0.05992245979808634,0.0007530779774521455,0.009013055434267375,0.04418344371455,0.023475518126339627,0.06607067701734141,0.03515118941946138,0.029278013791744075,0.5446446887096756,0.2819246754900135,0.03657683303333177,0.0749062018807247,0.17997495186705173,0.02675300592211521,0.8190259689537147,0.604526005041794,0.6164430584637972,0.6323075548063793
300069.XSHE,4,1,-0.1704027839810377,0.44879015343921885,0.33371832426257997,0.32358258049333555,0.42760498817652703,0.1496113966220286,0.4196583831244943,0.320582954719724,0.3673844489386945,0.17122609860840676,0.04228769528717713,0.00023240837136544065,0.010723943097060368,0.004816802041029455,7.289249884005172e-05,0.0005492217147935565,0.0005289976531693615,0.0011185183668820577,0.6178534638025026,0.022056846869713136,0.15093169612400711,0.003490544497922725,0.0036409444372730825,0.5454545434710744,0.005800664033338819,0.7058580497134858,0.002555806899036695,0.08017545446323596,0.0914248174954076,0.5905765283724261,0.22270994579169326,0.02409638554216867,0.15961043598335067,0.18529225468869182,0.10168938843429229,0.05038685541254258,0.30709026567987285,0.18225050345610516,0.1436292593141422,0.36010579682105526,0.49510106349509797,0.07803746661402462,0.17286442182597467,0.544981077638371,0.12317942628331158,0.015776569199735645,0.14474024149947728,0.16227495065938558,0.034659516078882305,0.015776569199735645,0.7817714194235181,0.1078548001161819,0.00020175586346045046,0.009115357741346839,0.05431207024012993,0.021133423380649115,0.0215027212460421,0.020554253301059,0.029597397565945545,0.668425102817231,0.2900538499408124,0.028392494333228734,0.06868267424679579,0.1714849489537417,0.013977388287372137,0.8432515871099686,0.6573376896200966,0.6433895852532128,0.5333876022327918
300070.XSHE,4,1,-0.08089072484136513,0.5529789188009373,0.07975791092841383,0.32574039030044477,0.49330070071525944,0.09959570497092704,0.5923455645366781,0.7542836915115492,0.5659677063839914,0.451045000067675,0.6651823568767423,0.0016180063958542773,0.010920862863467875,0.0048405536968318345,0.0005114600253230573,0.0009800715023370568,0.0030111770712259885,0.0010989790662840919,0.6204668726810441,0.0237590777678746,0.1509824820397127,0.004893755830106873,0.07218112212781601,0.6363636304132232,0.0835846704679025,0.7030870488868922,0.003794016544559329,0.039432034005607304,0.09127831549489106,0.42130473716462863,0.15960654554335607,0.03614457831325301,0.1371794753547989,0.3926048584384133,0.10533969423982618,0.06479125318901022,0.33907704876145345,0.18248680646173623,0.14107373582178406,0.3534296892429727,0.5185130126022048,0.11310156189403073,0.19637494675773917,0.5113642969739638,0.10688880220422732,0.007940966183517554,0.16925844216660324,0.1875935037170614,0.04351610857039403,0.007940966183517554,0.6878777999408725,0.07154037153040935,0.00037681343187724657,0.009014014725730959,0.049171705541504684,0.028241906294835948,0.03849207976803728,0.018675879250632157,0.02930194009327583,0.6917578780342033,0.3822045441228658,0.027276665674876747,0.09493940617786295,0.11782731988144095,0.025850032900640068,0.86754289102555,0.6742376498164613,0.6638193037999751,0.40205753136597966
300071.XSHE,4,1,0.262611947610661,0.324547980569033,0.20869987751571806,0.27915482418170645,0.4172357731732128,0.19951247413950818,0.6260013647770678,0.5045907262766975,0.6933630094341197,0.4360899653310181,0.12536236237909393,0.0007557828206455093,0.010838784194986016,0.004844788390488568,0.000402717288354618,0.0008315680669167549,0.0005532550840544729,0.0011249628949327728,0.6181844239124804,0.02348598053508146,0.15097572492447597,0.0035415356156945476,0.0,0.0,0.0,0.6990850104973302,4.082779357362766e-06,0.0,0.09134051696217903,0.7154850279128961,0.2387553083506523,0.020080321285140562,0.13305799715660166,0.3190692116509718,0.0807502521452338,0.0641416602431462,0.3064258702529405,0.1810650647028976,0.2703096524955999,0.14696760034752474,0.5229149591904386,0.03713336906356636,0.09007445652535007,0.5018498001613612,0.11621889165130972,0.048218072541047194,0.13512917136771938,0.15393508641969028,0.0161569460713251,0.048218072541047194,0.5848953640960204,0.0541772804548231,0.002164285352113256,0.009005759993899838,0.04560012432068192,0.01950089725702929,0.12059268624249296,0.022049934567367525,0.0294831384085994,0.5188741277583793,0.2789194505098546,0.0515593716266075,0.09153412057988153,0.21855232241475403,0.02558054674881857,0.8290013279175128,0.6367116668877983,0.6016284099040698,0.6949846055439105
300072.XSHE,4,1,-0.07913913530485439,0.5127715014051976,0.09007602071117099,0.3174395690188375,0.3089752237850326,0.12325972719666842,0.8015993662528833,0.91314273694903,0.9406826322800923,0.6563201766513205,0.4438925026619545,0.0009845741638707752,0.011080728451206013,0.004969049327821977,0.0002848681047947588,0.0037452860806643003,0.0014600920876780637,0.0011464226467314382,0.6192894197538051,0.022282766575068717,0.15099885287093756,0.0038681630174301216,0.09785222506061587,0.7272727282644629,0.1409095861647909,0.7085394470916474,0.012215489386004445,0.23329112779234873,0.09176141188912144,0.41311404228682763,0.20080170057204716,0.04417670682730923,0.15056505624210256,0.10635674608022384,0.11387440155068981,0.09979160619568805,0.386425002299963,0.19894923140687623,0.1456713383611893,0.14936067735600697,0.5532034515595401,0.08631765848180563,0.09447594487613284,0.5168072661997127,0.10715355595973584,0.011897179215239171,0.13853752758992927,0.1573281297389483,0.018588453401764373,0.011897179215239171,0.6960341303867714,0.08861748977495229,0.0002517790469221156,0.009024582010718795,0.05209648677984632,0.02100099098879333,0.025405147698127736,0.014917214311831902,0.029625651442767156,0.7210512251023737,0.33601113323144616,0.030803145084456786,0.1720161127222596,0.16278713520291838,0.038730035293413886,0.8086662595333116,0.7018458935916154,0.6704166479629692,0.7791138368400319
300073.XSHE,4,1,-0.1739169432512748,0.7383173281420153,0.4143794641392064,0.39228808761848166,0.18065480892281433,0.020102668231493037,0.5929264441508282,0.2848067856744349,0.6290247370117297,0.3296134592218911,0.10593879017834762,0.00035936446560325434,0.010462148295080197,0.004700300936245479,0.0001353558499254898,0.0004332230341583414,0.00039045075582333765,0.0011052056746158755,0.6185422475614232,0.022165076946600835,0.15078657355012756,0.003481281935514825,0.007152441681303152,0.5454545434710744,0.007522226442813066,0.6861534955517702,0.0038951880078248,0.06000723523559735,0.09130505212117901,0.4854623872193403,0.09736875293230271,0.4578313253012048,0.1347649584755801,0.5808064683363806,0.10462933277573773,0.043218120482220394,0.3107484889315407,0.18237678771792012,0.1391291462263783,0.3379965445587912,0.5258421187319917,0.07544054586741455,0.14622585744543562,0.5173787269809784,0.09684974362750243,0.014564995070129007,0.1265807016509306,0.14354568359101005,0.027881354741624842,0.014564995070129007,0.703484669487495,0.06504202859570786,0.00050747101905776,0.009160073499480816,0.045951952905890395,0.044228199718969616,0.04499515389478686,0.048840062679818476,0.02981187339600983,0.49565944404957407,0.27401508218817294,0.037580081890105664,0.04868082704387539,0.08170385886912905,0.025086887599449662,0.8595176889974578,0.6637781389589139,0.6974054231040392,0.5761125060158808
300074.XSHE,4,1,-0.05193202645822229,0.5420540495595165,0.1640745237986853,0.3059185008020515,0.41622536567506635,0.07463784464686915,0.7246933084077145,0.5780636004903762,0.9819282557284856,0.5279378239944931,0.2820574096753748,0.0006636538936671614,0.01061242313739707,0.00473906301848599,6.368996715743349e-05,0.00020152417426275228,0.00026027108381239384,0.0011130578928507649,0.6194222054664593,0.022161996540826144,0.15088168656130457,0.003648053559642244,0.03623947396461101,0.7272727282644629,0.04359849369940273,0.7048528023889066,0.004208387997531245,0.1797956045943746,0.09146451397955996,0.5572317744932507,0.24299236885729839,0.02409638554216867,0.17616618200648,0.10510943959494874,0.14885871630173914,0.09556774920239815,0.3136357104347406,0.19641129929665924,0.14788369898376993,0.5200066245794925,0.5318427242963106,0.028795905841375764,0.25429058356153533,0.5077520176572308,0.10959674051747262,0.010050357251720238,0.17031621329162078,0.18522152622886434,0.0767516567675452,0.010050357251720238,0.6691813404660327,0.10656581721340316,0.00020401440912314872,0.009116849454651603,0.07261309303630047,0.029530453014300236,0.016066510807941626,0.3399838938669518,0.029578681517949738,0.9081486467156701,0.41448122104249274,0.029222307245683476,0.17365412403514055,0.1757542939656483,0.03310926003469522,0.7678372342389683,0.6805620052186994,0.6242141146461833,0.5305120945460831
300075.XSHE,4,1,-0.1126232878607832,0.5807451753511229,0.2042235375196773,0.32361799506427125,0.6376724517678369,0.05978754082902535,0.6006637026062105,0.676117211701089,0.9571236253434721,0.3528308490130071,0.25355043980413794,0.0005945799637288748,0.01055040779826763,0.004743414507189217,7.815374754121244e-05,0.0002222291818163027,0.0003740285700975374,0.0010817741533909074,0.6192281731946196,0.02224573839150403,0.1508497626419453,0.0035908068886390063,0.014937508657229663,0.6363636304132232,0.0193397155405082,0.7043418992386152,0.002831058889390795,0.11983358958126072,0.09133490587596342,0.4652825768880052,0.17980599858153729,0.048192771084337345,0.1367729932498936,0.27420005564116173,0.11366504204833876,0.07159799342848697,0.30707126992272954,0.18215721729204906,0.1423709954582914,0.7103262524887461,0.5318427242963106,0.27433507028510384,0.31599002436198925,0.5122126556762909,0.10511698860967028,0.01014661622301033,0.16727347347515104,0.18290941907025401,0.06778161337257461,0.01014661622301033,0.6985616580020263,0.060838144939045775,0.0006892868272786492,0.009162008806266025,0.06660997657642159,0.13377352816661464,0.017430089897745884,0.11382335313400854,0.02928359319004035,0.7533866759513574,0.36253996211446526,0.021244546306487134,0.1141733859703701,0.12648768809849523,0.02246007058682778,0.8689862024399597,0.6884702136128436,0.664875512591329,0.5308782717486878
300076.XSHE,4,1,-0.1454803622817273,0.5836263647261782,0.6082148101176039,0.33998076634652485,0.6131585348422575,0.021219884865221694,0.4998046471197777,0.2159053077850605,0.5350049484561432,0.06702637588291821,0.08074633210441462,0.0006582726361272908,0.010552565634960202,0.004730929458327331,0.0001327739724692694,0.00020947875039568792,0.00039165182262070205,0.0010838302274926933,0.6192608524227862,0.022389270505059736,0.15086528697136536,0.0035996507764903107,0.0037543309635266115,0.5454545434710744,0.004402450200877393,0.702506324988049,0.0016579542628709836,0.0731663199782943,0.09130123195112418,0.46809523228582045,0.1738900329351158,0.7831325301204818,0.13534602365633616,0.2555048306178324,0.08377440795052002,0.0404631706956163,0.30692826026877595,0.18158908456700967,0.1420577293536839,0.6265108296335765,0.5110086106053597,0.20569688217588303,0.27709990579064386,0.5148857222968789,0.10844390414486713,0.015161984821934508,0.15747192048514055,0.17403770953113007,0.05238860539416634,0.015161984821934508,0.7001964296773576,0.06696447146458516,0.0004573505554843698,0.00905597982045992,0.05858941933904244,0.08282901332310341,0.02397394853558201,0.11018445144772708,0.029371317513692298,0.6599801739327134,0.2954201562646911,0.02312634173982268,0.042916440662626315,0.12593273420479303,0.011198929233714182,0.8927671102526593,0.6837960505948435,0.6870281717289874,0.5584896568537161
300077.XSHE,4,1,-0.1284696671715375,0.7073706244583797,0.5228300326801191,0.33409096905421665,0.08415838522036628,0.0,0.6018494925175497,0.16110791591782192,0.9826970886217123,0.4014826645423133,0.2832053140609478,0.0025310463637751497,0.010369427048518435,0.004467611289600441,0.00017260560079312612,0.0002665024825692373,0.0004913425422200003,0.0009857689011800214,0.6235673743494708,0.027219358089694626,0.15063710086879573,0.003705420808477241,0.021033159824182128,0.4545454565289256,0.016464685641181663,0.6987318696110502,0.004939330919304403,0.06565976304603419,0.09113673031875552,0.36575727672993946,0.05470625185583176,0.8955823293172689,0.10834559806891353,0.8587453636642681,0.09350938173763276,0.034366636038530685,0.3084692724823419,0.18433028780483282,0.1383687285035759,0.6904069438603924,0.5318427242963106,0.3024112588196337,0.27800644502474714,0.5169326069724478,0.08818319219225335,0.006934614953169346,0.1376258359598797,0.15357824024889957,0.044893158671956444,0.006934614953169346,0.7074506559535955,0.07121978591531346,0.0003812358166388471,0.008465764164161078,0.11025321104596644,0.19666507887721235,0.01130105084549109,0.1993857668836358,0.029419849833491607,0.6676605573253882,0.2907565874831348,0.0345499091057852,0.033352630006698164,0.08697520836499975,0.02331728180893701,0.8716411498203405,0.7055166733006062,0.7407033822446021,0.4518790494260845
300078.XSHE,4,1,-0.04005867553473946,0.7189189146787892,0.42261671735772705,0.3547691828778341,0.24096797840763856,0.11455519954067572,0.4279798357709976,0.18853153008391035,0.8050958121220051,0.1802539556090081,0.16558419117464362,0.0006968717026921583,0.010791929567610627,0.004833582165477949,0.00011532776089480889,0.00021247940452137935,0.0003306633710201318,0.0010585421902016483,0.619867073039864,0.022561909720675725,0.1510305066397388,0.0035683934666632606,0.0031567752357926767,0.7272727282644629,0.004474065215664438,0.7017276307096897,0.001299284035474618,0.04422537758885774,0.09137677588476002,0.6492862126465891,0.1186359839148679,0.5140562248995983,0.15844896442589834,0.2501039422071062,0.11497125586721578,0.042634180530956724,0.31513484497980093,0.1832070631768854,0.14340048406762387,0.4517885921810477,0.5176384430269334,0.21594557647461807,0.1956955708424212,0.5261649063822461,0.12049359429942169,0.009646171866639035,0.13676024447066532,0.15237865350510732,0.04748026338634512,0.009646171866639035,0.7221308822274962,0.06088140502219355,0.0006865825431146072,0.009081893027249049,0.06212828459093693,0.22856126036315327,0.018848448636642614,0.19447934632540018,0.02954423527182762,0.688654788028515,0.33410284067538343,0.02342361871587201,0.04806252946814368,0.1355198200081066,0.016382724172997548,0.859341047563591,0.620430874353191,0.6423162130689994,0.5789795027504433
300079.XSHE,4,1,-0.07370353534782353,0.6412207363270483,0.27725889281407895,0.35635097468867494,0.3137892036521115,0.043343847462688934,0.6891316264090578,0.3337848541486384,0.9883125105928576,0.35973796205167663,0.38310190779811515,0.0019267794413509818,0.010875761601409316,0.004736955014201541,0.0001568635866552704,0.0002600079887518878,0.0004024741532957154,0.0010282747921866837,0.6224633805379013,0.024379111865852496,0.15100368619820242,0.004369929274249873,0.060531939963024015,0.6363636304132232,0.09322362711238238,0.7150677380398514,0.014435524218163276,0.17296735099936691,0.09264253248154343,0.7346687651237911,0.28993179163388644,0.0,0.21872887709483219,0.04403761835296001,0.14232559816887314,0.05228008558133304,0.3957532776645737,0.22823948270973493,0.152396810665086,0.3831875611845695,0.5318427242963106,0.1731277340286241,0.21142738568295633,0.5160701966139845,0.10977167643087568,0.00471151349975299,0.17393110649813853,0.19281245233537747,0.04146975115286528,0.00471151349975299,0.6872094015146469,0.0974750175847412,0.00022354207904252908,0.009065152993675154,0.07956180653359005,0.1992019939111726,0.015958845241302044,0.22616467758218514,0.029561142374282055,0.8940929851426468,0.46162615024606524,0.022752316149042787,0.0671532273376961,0.15138588057962205,0.024275139079978466,0.7489623425317067,0.5616071823448765,0.5529965963671699,0.6350368999169455
300080.XSHE,4,1,-0.2015240758061099,0.4428448077896442,0.5878595527682823,0.2780389110515241,0.14679980507360307,0.16033378383557462,0.5682115081283786,0.1317285869475001,0.8686858885135225,0.30086875479768044,0.1946296506277786,0.0008933468238873174,0.010761393762622947,0.004819867118019661,0.0002580659538188182,0.0031189430333835554,0.0013651989340643781,0.0011761026417108713,0.6189335420321653,0.022374730349995858,0.1507337489313239,0.0037470735008310135,0.006832374711543468,0.4545454565289256,0.008343511159780638,0.6916614997377379,0.005100676254784417,0.05435470742516053,0.09147323693318904,0.7927474032242448,0.10714169265855347,0.5301204819277108,0.14003275573785395,0.29912770673206723,0.083005789510015,0.04515268328226336,0.31060585944002433,0.1818430751246809,0.1424424877228284,0.31380402790213624,0.49649674627149504,0.02386743619645051,0.1452014810147858,0.5265294464900087,0.09610509105283743,0.010308916418386374,0.13345058849335786,0.15057980445209967,0.030932070741409603,0.010308916418386374,0.7430557259659936,0.08358643554720771,0.0002747685505739882,0.009302572558922815,0.05067452940453242,0.014432474996813677,0.027046597250782154,0.014672054650379907,0.029364753275315895,0.5485150963083375,0.25469408238536767,0.05240493888629521,0.05095863852898325,0.18548047448953742,0.02057755578153975,0.8497491514110012,0.6089126973596923,0.6761399793511182,0.6720789193670114
300081.XSHE,4,1,0.01581801039974994,0.6399915439092123,0.4614780052317832,0.30475831945819953,0.5292532530223204,0.12207887621745878,0.7638392910782776,0.2970366908147548,0.5636717456765774,0.4013231446874087,0.08809048070585501,0.0008919446419179633,0.010651054656466409,0.0047813748301149,0.00042602460295301835,0.0006891015182193296,0.0008474415568329277,0.0011275135143570063,0.6182622140215964,0.021747125731620763,0.15089793905807586,0.003591866654190907,0.02774122736391297,0.6363636304132232,0.028223328592327335,0.7164601439912117,0.013305568065059361,0.34055349552319797,0.09141219239093773,0.5210136850446955,0.28143604745946393,0.02409638554216867,0.16568592702295667,0.040714547494659165,0.10580036630299328,0.0651589856307346,0.3125829202028651,0.18827541210383675,0.14765882331531727,0.7624603565856235,0.4599996240788171,0.08902380284197803,0.3489551448263622,0.5098445501414479,0.11879558451310634,0.07568627071488458,0.18171346809871558,0.20214434166269743,0.0319947452086211,0.07568627071488458,0.6999218254288209,0.07585113708143146,0.00032867676198962924,0.009120647141234508,0.048304072768757714,0.016904250042122003,0.06762108889009594,0.01987787356012708,0.0293418513164401,0.5843572550876373,0.2741293500378525,0.035631629074253754,0.0973527685469172,0.1447831167350661,0.02474890829694323,0.7904029555041117,0.680335345628234,0.629724884015072,0.3963831796967155
300082.XSHE,4,1,-0.2138784180240099,0.5088821310760748,0.669201819584993,0.34815427224561846,0.3352239187728664,0.14998814087197854,0.5190441091473624,0.202130105787058,0.9466752258419182,0.08832372669318236,0.2443247399370888,0.0008228744114506453,0.01077765143584971,0.004843596677337267,0.0005414844765799149,0.0019740208603407517,0.0006820337396998224,0.0010827177086024078,0.6222281722577572,0.022446626834166636,0.15099610463317042,0.003921517293749736,0.005647177648832706,0.5454545434710744,0.0052530158995367955,0.6973939739639572,0.0017302170063861232,0.034457809532422896,0.09122282788865348,0.2967065223741511,0.0718751876142533,0.8514056224899597,0.11195518551263518,0.604486812942011,0.08198736515463577,0.035462968403272586,0.30682082911373554,0.18118879027749987,0.13979337435689457,0.6969395779254004,0.5015429353252733,0.17518159700880315,0.3002639476328423,0.4961926435485073,0.1102139770835694,0.037955536375140014,0.15629720223048457,0.17268380715258136,0.05330018870490227,0.037955536375140014,0.6669354282716176,0.05700918747260284,0.0010981245631100642,0.009075049953533391,0.04358479425085443,0.03573759894922762,0.041841536608879216,0.0418339221872545,0.029401927923485727,0.5286202809136402,0.2796846752408434,0.04167976278941808,0.03132511864052462,0.08532958402999442,0.012205090626308548,0.9254999218872051,0.7099503560214058,0.7264564459102274,0.3099510736408723
300083.XSHE,4,1,-0.2547479410714626,0.7470571843139516,0.20027842148778696,0.4029152920648519,0.5026645234793525,0.21715925435009448,0.758054939941937,0.7188699361708483,0.997899869943859,0.7899875671191873,0.3176266342729645,0.0027304971909672816,0.011035750638924974,0.004943962566204043,0.0007320228793952911,0.0005806819399482822,0.00232713683694324,0.0011394282338414207,0.6186793075495378,0.022416647861307034,0.15113801297050783,0.0037314740704976323,0.03883873316465377,0.6363636304132232,0.050719227795826334,0.7086160452294886,0.010384745716370134,0.21977028126978385,0.09129710153125606,0.5078251890071535,0.23526755287185783,0.020080321285140562,0.1759764464372535,0.04445338718138504,0.13687389022719895,0.09821487673393282,0.33539943022332586,0.1897429371513618,0.1535588849286507,0.3803459482943036,0.5666703253648093,0.10132745308567091,0.18497307233364377,0.5482763114450819,0.12612861949802617,0.06169389888544387,0.14968948057175346,0.16599666587668763,0.04962072143641567,0.06169389888544387,0.7783511358683396,0.06929095620813996,0.00041121487058269266,0.009098016745529965,0.05249672972229946,0.020686652795979008,0.08953511939007433,0.014915815802513742,0.029346981202666603,0.5597748166809522,0.27992430679613395,0.028213687773375296,0.15615779318625392,0.17214210619648376,0.04700663994735897,0.7336939540696765,0.7135271549245945,0.618934390950403,0.37979453063417895
300084.XSHE,4,1,-0.2210622597641301,0.7881080536224407,0.31212975499967704,0.3259797927999698,0.4285600606511979,0.12255993017576816,0.7367631332861835,0.4118342549109531,0.6021748618427928,0.3791390568412748,0.09840400180881903,0.0004921333300368549,0.010608595164394692,0.004766276492909766,6.433199486670192e-05,0.0002778692179810035,0.000253678796606038,0.0011114381519140163,0.6183118981135236,0.022518832491907056,0.15086341936346354,0.0034871823908864353,0.01398295546292638,0.6363636304132232,0.01341567357906744,0.693244863842549,0.005450954482032241,0.12860631274305867,0.09113858987088465,0.28280932631415634,0.051112436646533525,0.823293172690763,0.08900969891336857,0.9135857854283804,0.07457220827476549,0.03553283118048659,0.30705992236053287,0.18053682924711628,0.13753551865688132,0.29681787502845114,0.46019622884714617,0.07328000952482372,0.13427136720305288,0.5269947168984734,0.1050165527668508,0.006285230041858229,0.1312716128672019,0.1491037297063131,0.02280442681184141,0.006285230041858229,0.7409044645976698,0.07529791211938353,0.000333877387645031,0.008979883250604465,0.06880761902148647,0.06399013881446164,0.020886011402296196,0.11364806025975191,0.02945990408322353,0.637542232960726,0.2815265873254569,0.028942669613544802,0.03630774235724945,0.16232773471145565,0.029260483340312258,0.9194603826106715,0.7473906505683074,0.7711459601333992,0.4629552937378726
300085.XSHE,4,1,0.008830213354149373,0.5104643142967354,0.32587128458169545,0.31907873243459417,0.2932398489069661,0.13976886270239156,0.6415604034005903,0.20891024690853602,0.44086748587692176,0.230683885787651,0.05831498839672411,0.0003651477283944531,0.010509950376154929,0.004716001533737404,4.351121640574795e-05,0.00020098318954068597,0.00023140307712023655,0.001093980381387758,0.6183332046114977,0.02228079263611946,0.15082403923145565,0.0034718362485912004,0.006516184646934452,0.8181818152066116,0.009808241683899783,0.7086647818649684,0.004752265661480925,0.2502034910011757,0.09163024455770186,0.7289369133567631,0.36102860169266443,0.06024096385542168,0.2210966188858042,0.0257581621580558,0.15747759489921842,0.048302228451877184,0.3166482573447677,0.19676942676926254,0.15118274202731263,0.2518742737257245,0.5318427242963106,0.11292708828317348,0.12036097717456164,0.5156956597565707,0.09986595209262517,0.0037427656677535984,0.129911449878405,0.14667998758207748,0.03197857580415617,0.0037427656677535984,0.6748159859402625,0.06988354122958368,0.00040133357889551207,0.009148721838134788,0.08026533178477746,0.29966083515098135,0.014516329878058468,0.30498576786943815,0.0295929514829282,0.7632564648170469,0.30867036022404293,0.03895280634567881,0.06128916209349938,0.16956604347165222,0.01670126218819166,0.724875197057278,0.593151563398346,0.5643693245280728,0.9999999999999999
300086.XSHE,4,1,-0.04005867553473946,0.4308025265512819,0.4768407312639805,0.33949611794327045,0.2786955980236536,0.12330672983821689,0.6915199862776514,0.235676459470953,0.9163930452895703,0.41335906275801126,0.2220799702204419,0.0010511815127769385,0.010527437932501117,0.004713929260111063,0.00016263724240582502,0.00021091131778465437,0.00037563904406560944,0.0010474977231573633,0.6205378546159112,0.022801841206863644,0.1508779112641457,0.0036623732910292944,0.016586980386496978,0.7272727282644629,0.019825830260893143,0.7029189214112879,0.006312815424739302,0.1437550872750294,0.09119572810483578,0.6468464736574651,0.17347469325629433,0.1686746987951807,0.16297890114118038,0.1441629649553074,0.10824079925775308,0.04679982822924615,0.30876161906625993,0.1867224066608386,0.14399841937102403,0.5904618615277707,0.5318427242963106,0.21763376987196684,0.24904260023313754,0.5219554718273127,0.10428861048839147,0.006666644707482285,0.14248303137610563,0.1598254380198003,0.03496912041355505,0.006666644707482285,0.7200672605129608,0.07705639810693281,0.00031812758314385316,0.008990839570912915,0.074460621846141,0.1687821867628047,0.015409570716000496,0.18697153217903442,0.029990534011375893,0.7218102263919552,0.2885500694658981,0.03691653868460056,0.05506175863201429,0.1244827291381669,0.02597699946162589,0.8387583261138174,0.6347325416832517,0.6489227990589179,0.5670401132790361
300087.XSHE,4,1,-0.2645484714531069,0.7003378710301037,0.3562202853873181,0.30138720645083494,0.7014876093848867,0.14548040676809113,0.666090137434791,0.1528674930847325,0.45113498352124587,0.33613482424779134,0.06065009967930057,0.0006349480725402236,0.013684344003226122,0.004758787275399766,0.00013834123944305124,0.0002667286235877378,0.0007825649969475808,0.0011153500810754766,0.6184966475553398,0.022965626755124837,0.1508644448110366,0.0034873475045703825,0.00722637278896384,0.8181818152066116,0.007143942045307833,0.6992148167689237,0.003020824765462772,0.1083476530704531,0.0912881474181308,0.31021638658599493,0.06392333676956888,0.9879518072289155,0.09510890689912786,0.9356051078997104,0.07731865106461269,0.028270799379626482,0.30709185956274904,0.181233306558295,0.1364085405959075,0.32229746664583,0.46808514594687606,0.09094483416937246,0.15021499797354065,0.510144452630984,0.10632622223196989,0.013745801559092543,0.13546359317079926,0.15295136268028564,0.028882002313020055,0.013745801559092543,0.6792867768121836,0.08547646719690549,0.00026533268856239993,0.008959469451494116,0.057258881989806325,0.023667907578274697,0.029064807003813694,0.029228610034693594,0.029678984006608476,0.663274538916419,0.2852495389866525,0.03779896087933145,0.025803754893489985,0.14046175963925622,0.02740877549799605,0.8802521978100013,0.7184473265224893,0.7617602247612307,0.49562989204020036
300088.XSHE,4,1,0.1522490167729528,0.5902580813812452,0.10842389089265309,0.353342683960546,0.3664022789336556,0.10354754244880868,0.7063344880490856,0.8178251843078898,0.9438795896162335,0.6360336983276518,0.44081109541520386,0.0008970836194546595,0.011825268127725289,0.00522680212284422,0.00022424131345774156,0.0009767744327901975,0.0006027886772004712,0.0011227661734701893,0.6182526393631605,0.024458540215393444,0.15147442597137026,0.00413865661256502,0.030482858098369283,0.0,0.0,0.6794002878125203,0.000742580321262066,0.0,0.09134051696217903,0.480606693523152,0.18521002026452668,0.012048192771084336,0.13840616851417284,0.18030713510639063,0.14380099426498638,0.08416355283200419,0.694360442935178,0.20412219821768998,0.14148709109674332,0.18045602516696108,0.5290466457879639,0.039636804889428945,0.12870010032634752,0.5307606008905699,0.1322324033183167,0.013709487069392241,0.16099871178037933,0.17789286123463519,0.051640306561305756,0.013709487069392241,0.7278414820683426,0.06379239359222078,0.000548485446522173,0.00907456084922615,0.05046134792958045,0.0222596502007239,0.062339009724357665,0.020761134882292264,0.029684668291054362,0.6872942407935749,0.35235766498807786,0.029678289567014633,0.12217125921307917,0.13170409636722907,0.04019545971167075,0.7788378236355114,0.5952495466808196,0.5871755128553813,0.5066342709142237
300089.XSHE,4,1,-0.1654606047951895,0.5890290850694108,0.527533132686365,0.30476681895522406,0.4072977032621751,0.11781664052596677,0.5773485538707838,0.20928823450841738,0.4067051361198659,0.27865005597696724,0.05072102038354731,0.0004881077754441383,0.010789552986730523,0.0047873279957968825,0.00010222612955074393,0.0012151440131651365,0.000249433378313033,0.0010922166494065594,0.6188110201151069,0.023956501120596968,0.15087999413391098,0.0035566373483367827,0.007496703140880869,0.6363636304132232,0.015156019252700109,0.711332670065976,0.010257673650189125,0.18070000904404449,0.09168261086149085,0.5967319823786132,0.12418171854635196,0.8353413654618472,0.1527094634567976,0.34233481401787696,0.10837209441170596,0.03837710294078633,0.3113830202095694,0.18856372043686276,0.1414129991134959,0.3020202793611258,0.5217482465890178,0.1555955953082228,0.1460243646249661,0.5256851025465776,0.10608009349410727,0.012289600751544219,0.13805355442397024,0.15454826816127457,0.04003703588839082,0.012289600751544219,0.7273542055932796,0.06048901487137015,0.0007120691088512597,0.008935585314759858,0.05504066014493173,0.04049207923224294,0.022995720720970385,0.03344823538050192,0.029506537555067516,0.6282346262043393,0.284980902474629,0.053112145764843084,0.043376365327259,0.16408221234230125,0.025464796315128314,0.8445688528781015,0.6567682765025875,0.66037870366214,0.8207256622348524
300090.XSHE,4,1,-0.07191305551198626,0.5754924760990908,0.10285630804638096,0.2925335637169221,0.4894972955216245,0.2659470923804379,0.6979183627978511,0.7646647004471174,0.989870374159487,0.6649479771915611,0.37986554927066735,0.0011797370214482739,0.011132966898363387,0.004923991343473414,0.000300372831937131,0.00416984286362759,0.002532840517713784,0.0012273830698125198,0.6165998514301063,0.02302926605899585,0.15093360083779042,0.003779942456580575,0.050581705561324186,0.8181818152066116,0.04192168752372341,0.699714613254593,0.009878848591702304,0.10812155195803563,0.0920288062237412,0.797876944252571,0.17410543336710405,0.04417670682730923,0.25087456238940326,0.19692556916699427,0.20410960461114655,0.07859766387648523,0.4081757743859051,0.20601936383298214,0.14638106156913822,0.1838957664122387,0.5195946403690701,0.05392972389487325,0.11348765320414218,0.5087732920252114,0.11117516724656616,0.016206369086847708,0.1454164726140495,0.16355319058126233,0.029403664411167277,0.016206369086847708,0.6870820318844746,0.09495519348564599,0.00023040233428653714,0.009074583604639547,0.053690994507410945,0.015009493433197373,0.03373516469182798,0.007309861509240743,0.02932766716740223,0.6112948706149519,0.2900417807641853,0.03411516549702081,0.11369317505937954,0.08264395551502254,0.041415325716336666,0.6566729630313446,0.5169552430233075,0.5394401565301428,0.8094911076996619
300091.XSHE,4,1,-0.006725342201406102,0.6086139953401293,0.43249761012734333,0.23464260411839585,0.1838955020650328,0.2001128424955944,0.5463877118687959,0.1328748256410811,0.5489888376528775,0.33830352084489446,0.08429530371128646,0.0008162985311135623,0.010288737211859151,0.004630301851840821,0.00024204350146796438,0.0016885771452209096,0.0008610044851784857,0.0011459870369223335,0.6179966144250009,0.02218227043603732,0.15063867397191788,0.003526460393054308,0.006280327012612731,0.4545454565289256,0.005214737841728137,0.701878137547833,0.003408744078834865,0.09392240209821831,0.09109469021283195,0.3077547381059442,0.0423434407098963,0.9919678714859437,0.08099271230949032,0.9069386171220789,0.06412175444508464,0.03690812006213809,0.3064258702529405,0.1772279397931541,0.13736133750328214,0.21169935519847127,0.5152159124421267,0.031813763756464566,0.10431441731510528,0.5161684779117601,0.08486480587074481,0.011992844879373597,0.1275920071753329,0.14503005968501664,0.02407332745403184,0.011992844879373597,0.7122766795555385,0.08475411452564438,0.00026881222830464526,0.009153911169035828,0.05560514252817398,0.015220986902846583,0.03243564915454586,0.013766114005775473,0.028879904108232747,0.5502720540049654,0.2512738334605464,0.036651867276083924,0.039012039186265876,0.18684418857982468,0.03592226476042352,0.9274323259149848,0.7417518022201581,0.7937448674854044,0.42490330434786006
300092.XSHE,4,1,-0.1407780999951711,0.6515447367796611,0.44477864433084086,0.2922231550026711,0.41869170283922164,0.33723780661088537,0.6072095778016151,0.19101620766122057,0.20846655818409662,0.36572508058169634,0.011001089176495005,0.0003778297858549175,0.010469825641227597,0.004703233547412867,6.27433087643323e-05,0.0002285626614338676,0.0004902755927839059,0.0011239303902592344,0.6177571554380362,0.022164883938052077,0.1507790870646465,0.0034973075020529884,0.001941003985323536,0.4545454565289256,0.0020073363141591524,0.6935937311211853,0.0019866861398484537,0.06588586415845166,0.09133035317476668,0.2876921294901329,0.07432096087161921,0.9116465863453814,0.1058652007837133,0.6119655189051626,0.07001696672163434,0.03637816146199026,0.3063580793691408,0.18152917749636951,0.14008324299310812,0.3445875502831589,0.5090296971703588,0.03253945593743462,0.16464074727891345,0.52097097265082,0.09165092678610003,0.005486659069198048,0.14156504861698402,0.1588752271306172,0.03465898593447362,0.005486659069198048,0.7246268595673874,0.08871391793547401,0.0002513991912477602,0.009149600800247463,0.06737550386549726,0.017395139770840454,0.023512755621426618,0.026047656581504167,0.029165995383957834,0.599074894410668,0.2624300352750887,0.04949785151003671,0.03725371229031102,0.19892848773876476,0.028307262068552972,0.9236571700444534,0.7105363539869973,0.7393382323817772,0.37982643584892073
300093.XSHE,4,1,-0.1804372244306385,0.6587016253069304,0.48584591964311225,0.4505795860142901,0.35666364915254656,0.17872356734140765,0.43308697739997126,0.07968685843567369,0.537429121159458,0.10808117917076743,0.08135710216710434,0.0006802476939701641,0.010779456805000885,0.004841324199483969,0.00016210556059959757,0.0012635370345648045,0.00042015663973357686,0.0011079771558458202,0.6186366665674368,0.022207882723774514,0.15091803092373263,0.0036860925014378034,0.003928017517321566,0.6363636304132232,0.0042076871763130595,0.6977405025269844,0.003860286915410176,0.0428235506918694,0.09138034556523603,0.5783400955856466,0.14574832406960722,0.9116465863453814,0.13938053971863795,0.25093445327425645,0.08981924021339747,0.03155377419639452,0.30730302561180145,0.18172612618014394,0.14251657970607579,0.18540570034276643,0.5964232305621107,0.12340366573829024,0.11096197817573852,0.5264207669666923,0.1070607790026773,0.007913674054356877,0.1424904971973281,0.15721076488650448,0.059841375491477,0.007913674054356877,0.7349426310826302,0.07621596042274414,0.0003253747970545012,0.009106997731458554,0.06008736219057684,0.03706840152850133,0.0291263301847506,0.025550540307718212,0.029484263550931606,0.6605434648824685,0.28592327157224195,0.03317807027365114,0.02503588748307675,0.07837825214064954,0.01501181432075133,0.8968227620684268,0.6555216487550308,0.680037389791214,0.5699044286294405
300094.XSHE,4,1,-0.2358628713389353,0.4529262251183157,0.5257952744568928,0.10394123447757214,0.7415205763535556,0.2269770214932233,0.6359030419944474,0.1135043811199683,0.7904651548774566,0.25697913867012645,0.15968474868302707,0.0008760020309777039,0.010506745783918733,0.00468293270401872,0.00047863501634200657,0.002322089379928125,0.0003017139864655659,0.0011363992733828317,0.6196889339870262,0.02368998843842537,0.1506807393588977,0.003462574612318768,0.011890346344423047,0.5454545434710744,0.0121869825054572,0.7194166574377968,0.020299292304632708,0.14081577281360222,0.09252763963772147,0.7199056729178783,0.3164817712793675,0.35341365461847385,0.17129630239633387,0.060240283585138665,0.11302865087340928,0.04054535650056737,0.3140701974118627,0.18967827708372584,0.14734425735135456,0.2666246712769811,0.4965501190383574,0.04333947810276033,0.11208371031443916,0.5257437180264601,0.09286277139218177,0.022408086031828964,0.11733532623772286,0.13367736505480662,0.027587389667008345,0.022408086031828964,0.7457129602688551,0.05441030907161394,0.001997111899248635,0.009375907773070572,0.045364648495936084,0.020208763222812665,0.05314794532898642,0.027162444544215646,0.02898319517107655,0.4878326937171991,0.24537317407470788,0.044427957945724114,0.04323568103341107,0.16029783845062573,0.01616647723873901,0.8222818522674014,0.6319601079120787,0.6218019978189289,0.6549990993480296
300095.XSHE,4,1,-0.2244967158805608,0.6738927806124901,0.5220341495070456,0.3505527240622354,0.48555647223343684,0.1715037808201744,0.570279596997159,0.3538068371599005,0.29803361437519926,0.31955230027630765,0.028127497347080532,0.0006294746698970255,0.01070125841503224,0.004808359570786062,8.831873688292105e-05,0.000746899591780831,0.0003328553677959425,0.0011160404383927475,0.6182358498930107,0.022194326405795144,0.1509127115166447,0.003539719313858221,0.0029233984625448677,0.6363636304132232,0.0027785618451776927,0.6950388609143138,0.0021679229976764858,0.057339242109071174,0.09131534987634879,0.4378085712335056,0.06241110495561606,0.7670682730923694,0.11566886399780749,0.8255095221327606,0.08529773145847276,0.03332070846527255,0.30794874625282803,0.181771170517513,0.13542064748594201,0.5379393644864088,0.44623995390844445,0.08022481702585559,0.24796787118867916,0.5205568502706911,0.11934476143528215,0.022157280775921367,0.15849032637098515,0.17410305819152863,0.06210986341624526,0.022157280775921367,0.7109223547723298,0.08478883294144472,0.0002686414476640611,0.00909650255097341,0.06054195585560436,0.021305884258051674,0.02990276011834621,0.031069097196319378,0.02944656038554035,0.6761953022865399,0.28510646084437913,0.040624286524695,0.03317582629860323,0.14901984534123727,0.029479721241849614,0.8763048387325845,0.6853799035867505,0.7217602775716703,0.5093359337187021
300096.XSHE,4,1,-0.06475003355943076,0.5925901739519066,0.20303786426370213,0.34965443347045266,0.42425395933795235,0.0876293747708621,0.7436110493080614,0.299401541009456,0.8367668096025517,0.3811727899732586,0.17926146515245078,0.0007813562620017814,0.010705049737103489,0.004783540134135984,0.00011166832606556126,0.00022651532719153978,0.00048583183333110404,0.0011069408777584313,0.6186514010661112,0.022576532650814725,0.15090893568363248,0.003587324023550001,0.025204316550310968,0.6363636304132232,0.029614360606142413,0.7033235636055982,0.009902048321929978,0.210093153658316,0.09179927837384759,0.587265088202293,0.3252852142865684,0.048192771084337345,0.18414693438706844,0.03988300983780908,0.1332379397441986,0.0692152068283512,0.30893138157809397,0.1915076911052566,0.14494341712226735,0.17799241909144553,0.5385108133627717,0.06266032654800154,0.10409406285576633,0.5175642891371545,0.10807801828419722,0.008792075527755409,0.13839927937596386,0.15700524362905763,0.02024674511213482,0.008792075527755409,0.6774533552549321,0.08973438288436245,0.00024749686905169984,0.009064585479148254,0.07284487512261892,0.03754170785078109,0.022728796950223864,0.055754859976357186,0.029851332382788757,0.7319744123977234,0.31971930209791494,0.0,0.10542826142127008,0.14821282679738562,0.026260842256385718,0.7672451747596256,0.6629986510990227,0.6056908529678147,0.766322244861765
300097.XSHE,4,1,0.1440322335561695,0.43199426272281816,0.37181167697602496,0.3058751179526553,0.45525461215748914,0.15554981882289476,0.40798050697283417,0.24865061358399126,0.14758122800747142,0.22465693563325512,0.0,0.00026776567634922255,0.010498722962264439,0.004722218674144333,6.442020577955458e-05,0.00019775041282897726,0.0005576924158490539,0.0011106945055176962,0.6180354242354443,0.022118472529923938,0.150828048365709,0.003468929191333535,0.0020990809727791156,0.5454545434710744,0.00258339204863258,0.7011436939003816,0.0020711217346836,0.06624762593831962,0.09144987032197871,0.7143766190121009,0.17833159688378167,0.2329317269076305,0.15820915974812602,0.2251762911162007,0.09395931442852665,0.0482225967270019,0.31239443051301635,0.1820426504240724,0.14522678646170484,0.39782105439183935,0.4836993941236081,0.12738581004556315,0.18825911575868237,0.5170920731957994,0.10108040768248905,0.00832735235392875,0.14714924795294881,0.16488599020591843,0.03435945434356591,0.00832735235392875,0.7066595620120663,0.06818697009694558,0.00043149988418668883,0.009225171253978705,0.055289064054173415,0.028804361130271648,0.02297973947427056,0.031431780539424026,0.028990429591084242,0.6278398790033299,0.27759573436365176,0.03293625444985153,0.061351381495438576,0.12222602219182246,0.016375396303164442,0.8664528624788741,0.6102450134890103,0.6496832693886927,0.6017003362575147
300098.XSHE,4,1,-0.06849469449208546,0.5130282041612517,0.2897973874960168,0.24432140635510932,0.2914522434506987,0.16601947644842255,0.5290740190613036,0.3657509155160154,0.7616653157571665,0.5612685792291613,0.14871076468682898,0.0012693201350942969,0.010211474579339876,0.004561525001889979,0.00010894655358398164,0.00024523950962723057,0.0005078572660402328,0.0011023399867939841,0.6186859327081288,0.02234911459663555,0.15061381485003977,0.0034886826740250913,0.005170465010748958,0.363636358677686,0.016069202975757372,0.7073153679818429,0.003931965502194878,0.1326309125440897,0.09122465178901484,0.6085531727903328,0.22687516032490732,0.028112449799196783,0.1849691218537165,0.08807626329561984,0.1703196301956419,0.06292744670071358,0.3064258702529405,0.1920880519427307,0.15053541206841417,0.25847188148604744,0.514767520892272,0.08130029436820388,0.11844669928732657,0.5117552541952625,0.07989923691387983,0.002770826252434068,0.12595224135047411,0.14273925093497078,0.029147604661771843,0.002770826252434068,0.6841186430577125,0.07733214443692665,0.0003158526697163249,0.0091618059266767,0.09067402283469095,0.041265256523160015,0.02225074520645738,0.05221639668656175,0.029042316905513364,0.5908046078973834,0.2333764125073267,0.04898152492006232,0.07528658961603948,0.1719815574808735,0.031204312974816056,0.7230936927468719,0.6505600150369291,0.5726117138836004,0.6579019853782493
300099.XSHE,4,1,-0.1668529339079452,0.6804946891553185,0.2258773188116589,0.3615678951332057,0.36669433417840447,0.13926376508513624,0.7385637772256246,0.2524960831653338,0.8415953963111829,0.3504527463518292,0.18147234435866655,0.0003325647438749534,0.010917120193084894,0.004877266265856396,6.421134541845675e-05,0.00020914244006306273,0.0003023510715994105,0.0010981736444293595,0.6186235166651065,0.022297955601413913,0.15104904600450372,0.003688758304786498,0.01680178884030291,0.9090909021487603,0.029596836492006885,0.7064376985279567,0.004340721804864129,0.25413765035723973,0.09143559857655098,0.5059603683539171,0.17348536526539554,0.502008032128514,0.16336957194865015,0.14707129357488302,0.12814711167395118,0.053916393697920804,0.3130335178888619,0.18994548061972816,0.14546466072370967,0.19925991176942534,0.5318427242963106,0.06443326114786732,0.10366342995086585,0.5245069314009388,0.11837156074688757,0.004329157726226843,0.14414649987813222,0.16239743048396496,0.02746916746387132,0.004329157726226843,0.7081132117362351,0.09990423777366171,0.00021760521279553125,0.00910162855054319,0.05807480242456989,0.07990949321688506,0.020083669678531216,0.13347915710611144,0.029474663062847586,0.8845153757361315,0.477376231080349,0.03880260786040364,0.06884512914649123,0.1740956072351421,0.028198689956331877,0.8139140191163312,0.6812475122727881,0.6554950582631174,0.6056149291566906
300100.XSHE,4,1,-0.3725329023388632,0.6068268813478288,0.3279186882219241,0.41218346235156644,0.45573106175539074,0.2128581510896297,0.6649459868966486,0.4141027301771339,0.8288839672655455,0.26533140491553175,0.1757287566537571,0.0014536677188946114,0.011147144371839968,0.00499402035079334,0.00031181589609657195,0.0010182497687653905,0.0012254453356154572,0.0011270496581830456,0.6184494041727345,0.022365743189504614,0.15115793999250476,0.0038761252918990165,0.01068652271262813,0.6363636304132232,0.016976811908103816,0.70275060631572,0.005798225547144729,0.15677851135027585,0.0913248504898719,0.5028299835809543,0.18079608104994072,0.07228915662650602,0.14420430304459705,0.18321546372596625,0.09640664179511617,0.06213675097070541,0.3070650010782855,0.18230397962458778,0.1428376449668146,0.29041897244785214,0.4734032245192279,0.1077484390003788,0.19397040353529157,0.5291391200676278,0.1398112189099282,0.037652908808015036,0.1874020323061747,0.20312691942473837,0.0804404015631838,0.037652908808015036,0.7216728189703626,0.07262999567960585,0.0003627875956629059,0.009095130097967778,0.05428977589033606,0.020318921872042102,0.05257340565355539,0.016888300728245854,0.02949184532117503,0.6181253278009587,0.2961400242512585,0.06017980268309776,0.09340593912847893,0.23732068893448854,0.020865585930489924,0.8696776782036897,0.6828838839502898,0.6695901645837348,0.6430772311480049
300101.XSHE,4,1,-0.2451868806629446,0.6608493782361168,0.1049871322692621,0.301062454835355,0.11490008350406111,0.06686306539658296,0.7650433111629567,0.45003463817535516,0.9962748268040351,0.4970777896155474,0.3114841486646858,0.0009285158328678541,0.01058480697849125,0.004759604073616358,8.08870478745245e-05,0.0003828420801812862,0.00035474786812087075,0.00109882919727569,0.6185706553682848,0.022898791030413097,0.150867671016721,0.0035330179427917993,0.06437334977824533,0.6363636304132232,0.05414929510559716,0.7029253980193662,0.00789340539502794,0.14257936149045852,0.09130436588806101,0.39412898350975656,0.12973459632037124,0.14056224899598393,0.11627035210441779,0.48317368152518375,0.08897027535810774,0.05209856549399389,0.30885089501679863,0.18222730059586612,0.14099964383853666,0.137744958681319,0.5220929080157051,0.06013495856224418,0.07536232329705621,0.518809948379836,0.10235804907988061,0.0034462143842573434,0.12413042434657554,0.1421840388775895,0.01591360978773813,0.0034462143842573434,0.6869102581630495,0.088178727140358,0.00025353266248109754,0.00890257735389966,0.09459334314460616,0.052830329829794985,0.01811820727732396,0.059694979054242335,0.02961709164323254,0.801813065023513,0.2910077042226351,0.04021680224288604,0.06203859870691672,0.1562712164969347,0.03910899084764013,0.8919779934953345,0.712487837778073,0.7040252117038497,0.2663423009639207
300102.XSHE,4,1,-0.2330771560275526,0.8368019582360893,0.5266830473073042,0.3938596092037512,0.2599353533124531,0.08115765336781158,0.5860054002745299,0.0,0.8801099286140196,0.2585689232119757,0.20062486475644414,0.0005748010249577633,0.01097790441476289,0.004872996915932405,0.00011080574251528678,0.0002580784805994783,0.0004008083056760463,0.0011040333093008167,0.6204059889236074,0.02270664267264009,0.15103264729742177,0.003775482445984131,0.008483719844596975,0.7272727282644629,0.010903266541578659,0.6970176546763425,0.004783022112578672,0.06991046395948268,0.09144673316799617,0.6287885536352162,0.14195902756769727,0.8473895582329316,0.14680460266868348,0.26879916723043545,0.09789719274054272,0.034261462907521856,0.3100213771041718,0.18348858903387677,0.1425321780183384,0.3532535276006567,0.5318427242963106,0.04893225174024585,0.16612625920658008,0.5230531069094964,0.11444290048270127,0.008576254935164724,0.14055528324451225,0.15809266434454383,0.031826954503271915,0.008576254935164724,0.7125653061486813,0.06923471308949894,0.00041218715699035827,0.009091162705350018,0.055014012460562735,0.061861465073839925,0.018815192863163206,0.14238208698508895,0.029052154409052355,0.6687194999573096,0.3420947769080833,0.02108767720796892,0.03195007521785552,0.13344614493084056,0.019388646288209608,0.8752405519024016,0.6525253195347402,0.6742110780459081,0.5585841023686035
300103.XSHE,4,1,0.05278759539372316,0.9567023442315323,0.26099801929048033,0.34952587857795625,0.2846650935471171,0.1915352219717825,0.9023658207451916,0.40737315840978444,0.793704264102661,0.5177614240385786,0.16097043773510922,0.00014799033184272308,0.010668561437229905,0.004794865554998935,0.00012225771207677696,0.0002057272773643591,0.0005434470577318942,0.001093821231803842,0.6187428286290487,0.022179295065301596,0.15091492645247656,0.003626066232570645,0.020066480286691196,0.4545454565289256,0.02087390214462673,0.6957837166698256,0.005569259059547759,0.2703264900063308,0.09120044507944655,0.25403593530788454,0.09886056564939621,0.4257028112449799,0.09510034244635027,0.5571250971410503,0.06394163994489468,0.05102104699523806,0.3074900637784981,0.18198258128972677,0.14048099995580476,0.160100982165566,0.5313803725318613,0.09059483041503845,0.09673107756185945,0.5209674798105804,0.10696539106183663,0.006206381566756846,0.13719892672815945,0.1544788946047693,0.032016746201581577,0.006206381566756846,0.7024481845153586,0.07420432582734898,0.0003449046287541421,0.009116354318789004,0.045052659518051555,0.04706850882797301,0.022209175489608123,0.052302644614371924,0.029140044915954337,0.6146236096526779,0.32690221416831794,0.03104197903851194,0.0576621502967585,0.1854917952323048,0.05686531674343483,0.9232666060700743,0.745215271328115,0.7661646154211763,0.5851343215511323
300104.XSHE,4,1,0.0232324637057668,0.7651473746407094,0.04280513354174359,0.3127319101043614,0.5143479034963877,0.3326760194692172,0.9087192433152234,0.6789020074018144,0.790426954727993,0.7147450486003823,0.5496072233498479,0.0006715160824163517,0.012375052330185543,0.005523837749180338,0.0001709616253307806,0.003180189075836894,0.002151263704185477,0.0012251531059121474,0.61688060802269,0.021934353087851424,0.1516726642485755,0.003942123147096309,0.1326695397841609,0.8181818152066116,0.22836458067278465,0.7153815537422047,0.013629687799416083,0.2747580718097133,0.09238607970409501,0.7057933479840421,0.4544417264348478,0.0,0.31485629507043267,0.0037388396867258852,0.2333950451493375,0.09639159651645708,0.712261697702848,0.3639226952109469,0.17882945065343928,0.125862984727317,0.55582746182641,0.040260523456536086,0.0883894285428596,0.5312899468510158,0.1337781057173408,0.016727640570269653,0.14036871602676093,0.15899175346303876,0.02140617093393155,0.016727640570269653,0.7304344472917594,0.09551495867911063,0.0002288104404794284,0.009112505912308767,0.04530594443878656,0.01612043918080687,0.06242570567827551,0.007728651481424297,0.029199177547653454,0.6929365754349704,0.31799944442854694,0.02585666192763335,0.15762095932092202,0.14088941455135026,0.04234775976550817,0.5630725312806237,0.5088314316040865,0.45942970006310846,0.6351692104842381
300105.XSHE,4,1,-0.1685703312430479,0.6376182690782215,0.19218408424208477,0.32511213581204634,0.4114409758356466,0.2673947737401303,0.7057109332564352,0.27321321157356626,0.9864797815829616,0.3762443032076058,0.3866572039470563,0.0012637223171217114,0.010490278762677363,0.004706285571835535,0.0003188900385519598,0.00027196985506280913,0.0014691629515341466,0.0010863435172900093,0.6216580760763818,0.022427379429862896,0.15086044276919716,0.004210492220008155,0.022153901859122815,0.5454545434710744,0.02438571724924319,0.7015722058353941,0.002833284850373722,0.1091163968526725,0.09145448107132337,0.4997115838364004,0.13181703380974977,0.6224899598393573,0.1225098853549175,0.3502282622197538,0.0838825208455816,0.054418041298110315,0.30575684404348824,0.18212144006365086,0.14135840502057676,0.2968290662845215,0.5178649003597786,0.13565893407444118,0.18137118568654745,0.5041738637911143,0.10186370281712966,0.009949085857908133,0.17337939275150727,0.18953702542456993,0.06692993638002023,0.009949085857908133,0.6597816954650569,0.07999170322249861,0.00029617480753979427,0.009050295902019492,0.050077726810050543,0.0335518487431259,0.031892055823880376,0.0426970567109807,0.029450882512199062,0.6514742588233207,0.3160364512493837,0.02245095230519656,0.06882377086272416,0.15197360921112632,0.030287880600586226,0.9003653548451236,0.6959002255539346,0.7022164541486562,0.43581231496345996
300106.XSHE,4,1,-0.1174118908189892,0.5735775009937673,0.2542928253005734,0.33433568373938205,0.6181421976363084,0.18961733341721496,0.6830323904604818,0.3958457275583376,0.6956734598533993,0.4739951699321508,0.12610097854218394,0.0002539158702739638,0.01067379831307232,0.0047958405809095895,0.0001733391466570707,0.001336702987169157,0.0004522507318076379,0.0011375251244275613,0.6173907192536603,0.022163168721197526,0.15086156059287545,0.0035529868489735175,0.022196608622042348,0.4545454565289256,0.01538624970785096,0.7106495641820157,0.01164045238706591,0.17115854210002712,0.09170285054354313,0.5235464460567899,0.1554443953328802,0.14056224899598393,0.11966516942464005,0.28417132139546386,0.06727951157704531,0.06058825381006758,0.30622266605954535,0.17942507339536715,0.14189784665299213,0.2654579627034886,0.5299258892495989,0.03474287293151406,0.1407006601903065,0.5250076521304559,0.10525780766832012,0.022570918157758368,0.14484622483571213,0.1633962475837696,0.02510207267908742,0.022570918157758368,0.7286956765605994,0.06237122259287756,0.0006066318796095984,0.009143479868205164,0.04496625242269664,0.01568105748191185,0.06158345702633524,0.010540232218266974,0.029435962797956117,0.545820059589086,0.2815402138151972,0.04284599885892701,0.07832130074422074,0.1589975363530425,0.03685948435724113,0.845604735055602,0.6866431161823896,0.6932149147243427,0.3248703927998734
300107.XSHE,4,1,-0.2187820797900587,0.6266333914003205,0.5108655308904935,0.31516258918052986,0.2721760957713844,0.16324198189169,0.47995323131894063,0.16815024814711874,0.44490923732303894,0.27329637628896875,0.05923114349075875,0.0006047804419835123,0.010583845657067036,0.004760210945022676,6.140666838705535e-05,0.00021017349391608508,0.0001987131834224366,0.0011040738858555611,0.6180026194315017,0.022132386256948487,0.15087528132702197,0.0035239908690995834,0.0023451773830096816,0.5454545434710744,0.002239904358009131,0.7020255502729604,0.0013726296921023505,0.0495613638419101,0.09132752799374327,0.5567754776010814,0.08374434282484558,0.823293172690763,0.12227073948120495,0.6572494171536979,0.09657242106138514,0.03801953112480074,0.3076956606275998,0.1823672081894715,0.1381568514286754,0.3656664018606147,0.5072707076786626,0.05713138205359848,0.16590466926871256,0.5244083289224516,0.10627121750695957,0.0158966627515896,0.13615961132203797,0.15346506799656687,0.031077860453798314,0.0158966627515896,0.7279700202272321,0.05787423691449614,0.0009625370875163048,0.009108124809825745,0.05716680236758079,0.12176510029641426,0.058905397301183125,0.7497127579217925,0.029499827565807882,0.5605282737682723,0.2758799646412058,0.05059451332717026,0.04288458878191192,0.1375822535086386,0.021057157384698214,0.8571121699734416,0.6611522046791385,0.7088415237924233,0.2953695546067846
300108.XSHE,4,1,-0.1905288949704761,0.6770157686874803,0.3099845333158305,0.308294110220415,0.31640115050039747,0.05051572744542088,0.45515149481206557,0.20269259824058963,0.22709725406787684,0.24028485412150963,0.014466034724446408,0.0001982538598257394,0.010645456381718665,0.004769263273317182,5.713190839609486e-05,0.00029740767476642597,0.00021759874492738703,0.0011156672764221778,0.6174950519763694,0.022646498849558147,0.1508694241390056,0.0035101988722296583,0.0033917621734583475,0.5454545434710744,0.0034341127407046656,0.699905832250382,0.0019064432406946659,0.05439992764764403,0.091404664967531,0.4950604758704616,0.06042742990064886,0.9397590361445782,0.11255996763954457,0.8396343698125138,0.0861954192346593,0.030140957469761268,0.3064258702529405,0.18208280973830632,0.13777079320017574,0.1247271930051268,0.5188655140963407,0.015333858660782242,0.08107023409902069,0.5163136515934418,0.10547451932223735,0.004528693060337844,0.1337781970819655,0.1517375210961156,0.02327943620202425,0.004528693060337844,0.6505421388983346,0.07437003376366888,0.0003431657338893154,0.009031107879454926,0.05317149658144507,0.017519069589789837,0.06335654401567899,0.04337709409166781,0.029278249445041257,0.6890883446453541,0.31778180992098004,0.024415386967880467,0.022760364385515368,0.10421717459593657,0.015800831488903513,0.8781316129582026,0.689683671664234,0.7218989049755355,0.5027949738876063
300109.XSHE,4,1,-0.2044211947359683,0.6515068883213582,0.2983837791429487,0.3371128943921558,0.21199700087516266,0.05371859590816694,0.27048874680402274,0.18461808503017035,0.2069657753005737,0.2916722901443799,0.010724164584461793,0.00019734872063181428,0.010625117342707137,0.004775126293426627,6.954920547312916e-05,0.00020700544279095835,0.0002710488263846907,0.0011145711623332857,0.6174788412312694,0.022223437773237723,0.15087755706456754,0.003453827660814108,0.0011746756758277631,0.6363636304132232,0.0013219826200703718,0.701022522389956,0.00047442397500162,0.019263814777968707,0.09134508361671313,0.410540386967048,0.08674872691034899,0.8554216867469878,0.11633820892257865,0.560033425760626,0.08276205035613313,0.036099002749597056,0.3065576255839989,0.18179998308516038,0.13988176479304937,0.16982586164016633,0.4971485775202751,0.02118504560413756,0.0897525731860416,0.5217922718781877,0.1076780155687741,0.009308109541113536,0.1274112090012535,0.14537259511409475,0.018988977502526802,0.009308109541113536,0.7038212057580422,0.061832634440481885,0.0006328638477684751,0.009106225966534291,0.04968355215215668,0.021378927141923944,0.06993402793558873,0.04110082947054629,0.029399222678120396,0.5898571037309155,0.2909946617253122,0.040936521599380674,0.035933539453141344,0.1824084365658408,0.022828856852306036,0.9096616650807403,0.6988191588165056,0.7232389698795656,0.459642894126263
300110.XSHE,4,1,-0.2766998969087853,0.5592407795370448,0.1996593306662742,0.34428044940382224,0.6200479960279148,0.15774050347783392,0.6485125214359908,0.6236608511298678,0.9973031572643074,0.4280037588678537,0.3151623216309729,0.0009417630964454302,0.011154029084656462,0.0050042182647159796,0.0002207250194320122,0.0017072691663312493,0.0007948730332486513,0.0011402237803922936,0.6175784276988884,0.022307110178160155,0.15114512540464992,0.0038362829390716138,0.024471690228744274,0.5454545434710744,0.03500500328336398,0.708566707358175,0.014790852964542007,0.13557022700551688,0.09233102253445061,0.6676312552265556,0.2014777764107644,0.004016064257028112,0.1983803960993529,0.12006582493155211,0.14103077459331617,0.06245246892696131,0.3243867804312619,0.1999139010305952,0.14612238955744986,0.30640427277326004,0.46111080286914297,0.04233795804377812,0.166935278002162,0.5281165208292115,0.12445114945079697,0.015063925470309977,0.15651381546301574,0.17392255278141144,0.04375175776005505,0.015063925470309977,0.7272525435948852,0.0836573929778513,0.00027439425376315997,0.009102907514440768,0.056157224503838574,0.01842754915863186,0.04908820059291348,0.01110636443791485,0.029497217671487653,0.7732776104044718,0.31820909770640876,0.031039086543609963,0.08949834215599504,0.14136258993261389,0.025160764491236467,0.7665492607689139,0.6063144044933884,0.584503304613256,0.7839022678680411
300111.XSHE,4,1,0.004941324465260466,0.7342004748510722,0.19522194850578697,0.3016747727668324,0.8984012190422694,0.3769754667904644,0.7406954645400341,0.199350623532962,0.9884683847659561,0.5106340769214408,0.29283442936141546,0.001352831168014973,0.013684344003226122,0.0048387883313840245,0.00046660542243722516,0.00424958736576771,0.0009935385670319364,0.0012113895140085464,0.6166520418923623,0.03185509806211995,0.1505554196555198,0.003122359318951941,0.019607067598469963,0.5454545434710744,0.016569919481498368,0.6926533802507219,0.02146706712124748,0.13547978656054988,0.08993517656946338,0.3639103620363823,0.15351940070429843,0.34136546184738953,0.12350533828929666,0.23473178804207778,0.08485678641283709,0.047858404522367635,0.31421968389926125,0.18124376193450858,0.14240479180152707,0.17168449578681413,0.5440241900255445,0.02982482288414679,0.06336736426909337,0.5238812312269874,0.10305674833998002,0.010262638460244358,0.10164436278680729,0.11715631251428801,0.024934281973738235,0.010262638460244358,0.7274628787639771,0.07809797197100574,0.0003097822878027583,0.008207864452694127,0.05136473081353533,0.014875079963271455,0.04733640653631142,0.006844627335994661,0.029500718417000697,0.5159844895397536,0.2215604939252136,0.03209587905601316,0.056130992251024976,0.14127819894107513,0.03323488066040557,0.8769164264106462,0.6906013665914821,0.6998941150686666,0.5481237513719432
300112.XSHE,4,1,-0.2184973372447766,0.7228798636984848,0.27337581290076013,0.3141961255396959,0.38097277633867704,0.2345131719479558,0.6379481359854922,0.4026115773406054,0.45785777074465706,0.3108502504945115,0.06219238443819319,0.0006130603528447696,0.01061245150824779,0.004766982664850685,9.540421224468135e-05,0.00026053416898797946,0.0003451828268736737,0.0011092616489340817,0.6178593639335695,0.022454869418861368,0.1508729345579702,0.003487466723235766,0.002873888507882985,0.5454545434710744,0.002664711382706703,0.6980976332934739,0.0015492244902571043,0.07411594465044767,0.0912645993592718,0.23363473089161152,0.033615149644982266,0.6787148594377509,0.08364044582588334,0.9011219598829276,0.05942115972693292,0.04212030979002055,0.30656501093843,0.18121992036013368,0.13437036112692605,0.13743289171348677,0.5318427242963106,0.045702467954545925,0.078257378950422,0.5217421275395758,0.10480767406427999,0.007144297885528996,0.12727283026593803,0.1456551204602491,0.014904214833599598,0.007144297885528996,0.7061103535149929,0.06326627423477103,0.0005683682660557882,0.0090827824075028,0.06249541580677315,0.03397045589360981,0.04626238361864939,0.04336549526613399,0.029433722048396213,0.7354129266402245,0.29240558740585315,0.03596169036752073,0.04638763594516693,0.18607611972437554,0.03644344080875755,0.9103416014543182,0.7289482995002432,0.7751608738015332,0.37395433481193396
300113.XSHE,4,1,0.007740066603625299,0.4955302539592331,0.11205628560328001,0.3375821374570531,0.43629208533630237,0.10023403699903319,0.644747990641292,0.45547725652459187,0.9990006489634589,0.49852642325548113,0.32333272647846334,0.001124730836483258,0.01078119666725673,0.004820981543667427,0.00010078589371914892,0.000280380129243058,0.00035857746768563014,0.001075456909118327,0.6190082838825094,0.02268162060717768,0.1509631525040428,0.003594228756443652,0.03003281352779095,0.7272727282644629,0.04332535244363518,0.7082867131049062,0.005286392453257415,0.15903952247445055,0.09171558528578926,0.6665313152686165,0.28283301199260513,0.004016064257028112,0.20857275370873743,0.02617393098648084,0.171295157327766,0.05879046777942082,0.32387665773575985,0.19698355722076671,0.16430092264017032,0.3516550297731693,0.5318427242963106,0.20258102175229434,0.1729822315674428,0.5267293814830326,0.11748243373627776,0.009158064207332126,0.14759221131072436,0.1645900485394085,0.04166404907864878,0.009158064207332126,0.7242844806532543,0.06850488810751569,0.0004253877078547513,0.009080612966705042,0.08241680249950001,0.0956439327213894,0.021927194243647315,0.0941108459659148,0.02941341908657835,0.9444875660175884,0.38816087745250055,0.03462981021495949,0.07840520828759134,0.14207666755332624,0.029240742956272058,0.7458058755024073,0.6158755694131179,0.5665834022069483,0.5620549533290974
300114.XSHE,4,1,0.02500156542911586,0.34798833483060265,0.2822044206556984,0.32943784857898145,0.5233593207333311,0.2426091961752866,0.4357589407606374,0.40583335822102884,0.7974729064342225,0.19406624811234835,0.16248064803065054,0.0010762368985983155,0.01067958320774261,0.004773839395051514,0.00017295322686235453,0.00024497301425382463,0.000622888715711838,0.0011119526622657373,0.6183936390117021,0.022152379703273904,0.1508906741944048,0.0036051702985771695,0.0,0.0,0.0,0.7013998563938725,1.4556019772462187e-06,0.0,0.09134051696217903,0.8045109659652362,0.2855901191902805,0.0,0.13305799715660166,0.3190692116509718,0.13670861719396643,0.055317843285046346,0.3073979205295296,0.18580330879928209,0.14208910423830812,0.3651969326940952,0.5318427242963106,0.0848400429651741,0.18337911284624764,0.5158364974986446,0.11359015317945587,0.020771417554620725,0.15308692520909978,0.1540581252576178,0.19733936425612653,0.020771417554620725,0.6933137955331822,0.06652020630962732,0.0004677902041302775,0.00911804452509738,0.05966983782905272,0.027290731816450055,0.046134533645050775,0.03473618422424376,0.02938029413350979,0.6252457467652353,0.28719209243120525,0.04092416349616183,0.09311646841190233,0.1374605753153975,0.01517811210145361,0.7991977460908097,0.590591968510902,0.5745709811915618,0.8236593353317642
300115.XSHE,4,1,-0.1352967707728348,0.5417249836888833,0.1436635821518063,0.35011252094550527,0.4296440252802485,0.13792003187502214,0.7920832157694315,0.44075955902790315,0.9791124217226248,0.5777592584356999,0.39906188970992484,0.0019906534467356287,0.011503774872016826,0.005149325096250687,0.00044682566026951515,0.0013152925036325526,0.0006221520892155,0.001119750434153466,0.6188742426550826,0.02237861717961031,0.15135818850187524,0.00399603439878314,0.047852880295267956,0.5454545434710744,0.06274418972080303,0.7021841006232031,0.007591295972731332,0.18278013927828524,0.09138259346842166,0.7471775897230469,0.16132418697226622,0.2891566265060241,0.20135094360505484,0.18612379234554188,0.15623932076801064,0.038043497343364444,0.38910884703019094,0.19572985266041526,0.1462432764774851,0.28307138950554855,0.5004154733179386,0.05807686945158706,0.1652878634770967,0.5316409572212987,0.1344969965853554,0.026869714924709014,0.1625291007139022,0.17922753355400756,0.054522966783537,0.026869714924709014,0.7330566257331058,0.06405014897492983,0.0005393549102369094,0.00911001954069309,0.056022666889698106,0.022737775361552637,0.06006902605294245,0.02413833928993985,0.0293265338521233,0.6390086744588581,0.30832210607910804,0.028847331031579056,0.04060304578197604,0.1255828203374373,0.037604683854758625,0.7640718424677961,0.5599044712750434,0.5829704816048036,0.6480714665520179
300116.XSHE,4,1,-0.2430661943317319,0.69351161722148,0.38285834062910545,0.2270748644551565,0.4627330319162719,0.10769877959449012,0.5222716784727756,0.26407316725942137,0.2181979364893975,0.2762255475398171,0.012804938925252474,0.0004848580965239099,0.010488464632683514,0.004718404913714855,6.567759838462198e-05,0.000409593260347055,0.00038501332269097086,0.0011108818202346614,0.6181034812933442,0.022190859283133663,0.15080387368928952,0.0034261028500536927,0.005331813785663618,0.6363636304132232,0.010957987188694597,0.7068573124426856,0.008197874545946374,0.14502125350456724,0.09218541540127625,0.6575664509576303,0.1452325595977442,0.2570281124497992,0.17640730429237195,0.18820058330826744,0.12309167973902996,0.0528884076442659,0.3198093812810674,0.20503439869112783,0.14580002443735587,0.38813409636766444,0.4475954312107456,0.0930537825744035,0.16388095543892514,0.5083502167327443,0.09575922273449723,0.007018864569274043,0.12711189744133516,0.1446978660028793,0.022348502620371274,0.007018864569274043,0.6736182440051556,0.09726379892046218,0.000224088082971196,0.009171989385414457,0.06961390935249293,0.03252254482906605,0.022135828033656317,0.03717310138081573,0.0291588930932555,0.6540961120727222,0.25426367997371263,0.04414039032756204,0.07201120608950234,0.18217347177889243,0.020194113776395285,0.806313111587678,0.6304785281500158,0.6158515815406389,0.7432699727322771
300117.XSHE,4,1,-0.2711511125095293,0.7585460544158855,0.5655191396246708,0.23562110871334788,0.5779490767326256,0.2266991635699157,0.6487227899125823,0.2659015425668455,0.6750717240737343,0.3117135912849952,0.11962193694521905,0.000830464535920838,0.010621568368522545,0.004764905827652263,0.00027011769450984476,0.0016622388176363116,0.0016428437275744093,0.001158465575098807,0.6194795475356148,0.02252359819021365,0.15084423645021405,0.0038059309592041535,0.009160821697380719,0.5454545434710744,0.006503062716463215,0.6933307764325168,0.004713922591799615,0.09035000452202224,0.09096420849249087,0.30474497569014586,0.1318698751493675,0.538152610441767,0.10942867194324796,0.3103452523819447,0.0706079174549589,0.042744323796457664,0.3073049457006134,0.1798303725703766,0.14164177436001424,0.28343385738201415,0.5002675171732657,0.06238752253921075,0.15625934330637226,0.49913457857236454,0.10131452589495385,0.01703544423085614,0.15382831258161336,0.17172649679387675,0.03730864768908727,0.01703544423085614,0.6569924174171543,0.08068292749231021,0.0002916485543837697,0.00901020963678466,0.047420609688464815,0.01687366648013121,0.03494161025194204,0.018566384772827127,0.02949556401193402,0.5632404975145342,0.27891497323465425,0.048915680036113934,0.04730981489418681,0.20804223982874803,0.0328360351737752,0.9058350257772223,0.7211036663570831,0.7361365994829858,0.5148470357726934
300118.XSHE,4,1,-0.05935692114877461,0.635965879908999,0.5295680444119324,0.10055967417178152,0.0,0.21825025797219033,0.5896232610382665,0.0912595451946197,0.9103793757832128,0.3219623069084665,0.21821522326311132,0.001722735261462992,0.01160624013002315,0.005156658524970895,0.00037520555613541743,0.007707472407947717,0.0013472016663274623,0.0012146924139717808,0.6180640217845145,0.0230105450295257,0.15086707404639507,0.0032049222834317362,0.012658779856994444,0.6363636304132232,0.015218030591047047,0.7006183039925481,0.008171913031674409,0.07836664556389618,0.09123409841491753,0.3939992769373732,0.12299824627413977,0.7389558232931726,0.1137267096294754,0.4503536088221012,0.08529773145847276,0.03874801542105968,0.30489834590872217,0.18274621134668315,0.14051609615839564,0.2594723314711566,0.5184104383864175,0.05633359062938632,0.0975181872048682,0.49668489313675357,0.1022894672392032,0.010835138947728022,0.10563194665623749,0.12164597231860931,0.022847633581149336,0.010835138947728022,0.6233913741547156,0.1217002277023154,0.00018272972656151976,0.009002552303095622,0.05872846220698759,0.016785021267890395,0.02088023783051158,0.010192022957616013,0.031111833696465988,0.5378064696405028,0.1749898239321261,0.03770805853954682,0.04071936184086965,0.18146453995034706,0.02271445235389125,0.9099261834088423,0.7340536685683965,0.7306390327239889,0.5256162561704538
300119.XSHE,4,1,-0.1162668539734012,0.6064280017406369,0.2626696068540383,0.3528980540224489,0.3822232475640469,0.14097918072226426,0.4969551467301077,0.5229629757206637,0.9908626998811845,0.29748596708670333,0.2975615728051919,0.0012131541306353842,0.011100640041149901,0.004955820719759679,0.00019121008829485456,0.0003564911015740639,0.0004732879460925168,0.0010863459342213956,0.6198422258204219,0.0230340534174469,0.15116641652411827,0.003801943625622813,0.011838816986141667,0.7272727282644629,0.00683460502707756,0.7021542662668147,0.0014426078556693755,0.0436375146965723,0.09134897788448015,0.5777344357882385,0.10024064203540023,0.18072289156626506,0.11998073656929102,0.6285829263760665,0.078968082846756,0.054893040260012065,0.30711334405036195,0.1804851362352352,0.14043810459708259,0.45451845353587733,0.47268555680661584,0.13130430737055007,0.21948248604856463,0.5169346544994848,0.12931784915511174,0.01745290742090382,0.15845411974848328,0.17589450031767329,0.04475320054806329,0.01745290742090382,0.6880495736622976,0.07487127047145616,0.00033805641771444294,0.009084994891672887,0.05933186076294694,0.0537570031912919,0.03128098098619627,0.08013630517280627,0.02956061794353399,0.7867439232771115,0.33723070406320516,0.028412611797771704,0.07634273200899604,0.12968124588336627,0.018860740563498235,0.8678704321767905,0.6507728539206585,0.6977420896562831,0.40893142792076254
300120.XSHE,4,1,-0.2127859482620122,0.6639492258029218,0.38758388373626806,0.32828191698364184,0.22933324640217861,0.14581774111089657,0.5159638313360936,0.2809210071876276,0.42789919375730523,0.26094895944715246,0.05540163326781411,0.0002172860827671878,0.010709155103297492,0.004811960049626828,0.00012324976666325794,0.000275364922363858,0.0002561057773722812,0.00110517150352492,0.6180855128152203,0.022189715927416056,0.15093504582206144,0.003487561221593368,0.0025940721828002036,0.7272727282644629,0.0029894267821570144,0.6954432699510048,0.002050835946591076,0.05923849145337795,0.09129583347925205,0.4051464850497185,0.10436373306753369,0.48192771084337344,0.12769335569753512,0.43581196572422304,0.09051555170186326,0.04526006240232082,0.3070254108149593,0.1817027609842939,0.14088785593398792,0.20012896513649991,0.4938763042404512,0.05404098770935604,0.0991320516241134,0.5194384187374258,0.1107803864987073,0.011669308349728217,0.12650419003553548,0.14297308621850136,0.032534697288868,0.011669308349728217,0.6842799000206831,0.057426278311048906,0.0010277745716260323,0.009106506433858455,0.04637066454048046,0.07581202409016634,0.0450577856015064,0.09116228955417598,0.029150380969243432,0.5378463878967847,0.2848302324309288,0.06020908513148745,0.0527071521594235,0.20858365633074935,0.02428426153017886,0.9026315135419181,0.692801623103799,0.6965578155489778,0.6488230900134256
300121.XSHE,4,1,-0.0289166142534024,0.5028148074935241,0.2652471758215815,0.3107796818815336,0.29722045991596097,0.36840634289800933,0.5187750069295375,0.3080628254600575,0.46843262591340074,0.41905227804020667,0.06464133747801659,0.0005198034230010296,0.010697016109811877,0.004789105003943537,0.00014985822762800819,0.0011173016244065011,0.0009625617546309826,0.001142614216269567,0.6172203402128287,0.022716655857512584,0.15085251329402324,0.00344656269814378,0.001987445353527784,0.6363636304132232,0.0020080747617555105,0.6983033180849149,0.0009262119985110039,0.053585963642941124,0.09135610680385359,0.46215752163492785,0.10078058570102433,0.4939759036144578,0.12972247220176267,0.4491063023368261,0.09637229026764296,0.040221564648608515,0.30689462831044717,0.1817861683158678,0.14070457576490222,0.2425218456941562,0.5554641551111108,0.03354425489075325,0.11416252648660051,0.5153550074642397,0.10432133481846091,0.022195375187088667,0.12705801822803744,0.1452279504102613,0.016774299235240184,0.022195375187088667,0.6957513464372145,0.09072169601977886,0.00024391479915995368,0.00899796091865988,0.0529209819645306,0.015131699178799236,0.05738219049867771,0.008667774938032346,0.02941713369086398,0.5663097678864282,0.2759463451126551,0.04900181300930456,0.04361507919573279,0.1940165520342504,0.030969821140156725,0.8929410887503373,0.6746660917252671,0.6904529287349523,0.2875841394194703
300122.XSHE,4,1,-0.1151574897639885,0.2688336772052071,0.09930542837210232,0.31581864410711274,0.5190211217629638,0.3559076173927128,0.5233489159883178,0.5798082432078121,0.8032437634962886,0.3308223296859682,0.5421374874130318,0.0010673531728098704,0.011262763865285096,0.005038628518693444,0.0002671207336813942,0.00020858104673807364,0.000501510389095446,0.0010461857825892844,0.6217235871040462,0.022487540114534216,0.15130448804988653,0.0041294684326020565,0.010687925094664657,0.363636358677686,0.00676193463402727,0.6982905484533946,0.0018581808115854875,0.02134394501220946,0.09133563506837306,0.16453157953235714,0.08045632244357884,0.18473895582329317,0.11721507712619127,0.5758203221643795,0.08071623007100653,0.05231288725822954,0.3062559742939074,0.18165276850171583,0.1407981656384779,0.32461349306395737,0.5318427242963106,0.12338053131713879,0.16779684581782556,0.522121361664898,0.12035521215896852,0.009433317809826685,0.1514295128977152,0.16916073732854395,0.03728267061306164,0.009433317809826685,0.704010507410225,0.07485519012558946,0.0003382169041633101,0.009104943164374213,0.053953381854984876,0.10212940406237514,0.023635801983300425,0.15425624281845907,0.029426219283304446,0.7666084895042707,0.3563821514008129,0.038638800024114954,0.07318024226808481,0.17545773800476264,0.014789435903571214,0.9195447089233215,0.696798571491752,0.6994967165109198,0.45471633381877963
300123.XSHE,4,1,-0.2734739089499729,0.5498504397579033,0.30884184071538434,0.3201172647272821,0.594145855431818,0.14990208988206674,0.594039106207747,0.2990167741845646,0.801747371434543,0.15564245896472578,0.16421266905162135,0.000598279057681251,0.01076662199523983,0.004826515754670391,0.00022848670809653203,0.0009087474298379341,0.0011580826955603176,0.0011266697761813666,0.6180741887908078,0.02248637273271791,0.15093970189561282,0.0035617203108144766,0.008926396397325792,0.4545454565289256,0.009127804058518684,0.6982726291944776,0.00392610971838904,0.07429682554038165,0.09121877521225831,0.42123550624114053,0.1488780829096992,0.321285140562249,0.13638627526678268,0.3041128263143684,0.0971414792247446,0.04304586990759052,0.3049319386820255,0.1822499675222675,0.14190954538718908,0.3749817135680937,0.558755676761658,0.09769961152752868,0.17387798095572995,0.516043096991436,0.113793287717706,0.015271153338577214,0.14088161272388947,0.16074423235881746,0.009994282392552319,0.015271153338577214,0.6972494002526359,0.06522110971640349,0.0005022071870652161,0.009085190643060426,0.050415835795385874,0.02042419743154192,0.03750184292411365,0.014923864565932244,0.02942198024827075,0.6164975500170207,0.293227654065473,0.027345468053612553,0.04923251398751117,0.11106369065714142,0.017372435245558416,0.8898707233244805,0.6885006191676619,0.6890613736523434,0.5771773194892998
300124.XSHE,4,1,-0.0112366203968948,0.5797252280369614,0.14643424647817987,0.34949542204695155,0.279221197159023,0.1711292059229113,0.6015882624200307,0.3376742970813971,0.86125354449088,0.4441997613969685,0.505856300079644,0.0024956453956085354,0.011827340037449681,0.005228255994014965,0.00030818730485166656,0.00031050819755145927,0.0006595662351859359,0.001119756578877095,0.6237309874472715,0.023158844107673365,0.15166638106264155,0.004386798296137641,0.029966950719573497,0.7272727282644629,0.04884385328442078,0.7056195572879012,0.003978454676455184,0.0899430225196708,0.0916983745665665,0.7322949250430044,0.47881737432245874,0.0,0.2428345176434315,0.011632287888602696,0.17298112226070625,0.0718891119431976,0.33883950543659686,0.19964756032288028,0.16993581294503932,0.3673661845811705,0.5198706509487385,0.02606378535162699,0.1980482788768259,0.5302972575663751,0.1360729863962523,0.015091258517205528,0.16637992431275744,0.18263061116286486,0.06135228705623268,0.015091258517205528,0.7238731585448078,0.06581878322864189,0.00048559524400774393,0.009101945207199504,0.06127740556034275,0.019779511793400588,0.026491272022250326,0.13273140449102616,0.029436186191833216,0.7533523018973369,0.352311724251239,0.0253569021834599,0.1193515328176421,0.14686336259309926,0.0251001974038404,0.7073095823095823,0.5560816637919599,0.5270759123663566,0.8253710354473233
300125.XSHE,4,1,-0.2198531960826846,0.7036379428245109,0.6450733688258975,0.3574854804685985,0.1716377077257556,0.13006932528069615,0.5789869906997114,0.051047564325226225,0.49531806673873474,0.24019881007856106,0.07099705050463068,0.0005385359946849048,0.010494552620164634,0.004723526265258487,0.00015471146934933674,0.00020642506320682488,0.0011798078092013892,0.001093571792623167,0.6194394318692648,0.02224256561354406,0.15085973960010876,0.0035397331808595485,0.0046245074581541,0.6363636304132232,0.004661271797018475,0.6971361989190887,0.0021416060460339964,0.054716469205028484,0.09133091640962254,0.3714199435910799,0.08686658355429022,0.9397590361445782,0.12702862240118268,0.4540924485088271,0.08512263509369966,0.0333342694863149,0.3074875409171943,0.18145779678722002,0.1405641909545387,0.5947291116211855,0.5318427242963106,0.2297055294217557,0.2502234980658171,0.5270325760748633,0.10392690220177299,0.013318231688531093,0.14222227582298996,0.1581642739544417,0.04807508541289104,0.013318231688531093,0.733827854686443,0.08399141081975614,0.00027265422653724436,0.009070953704960246,0.05284486456908055,0.035194312382686714,0.02104268304624363,0.03132424201870733,0.029307612118301633,0.5669351539015106,0.2737345711636614,0.02848568791897504,0.029984164770500494,0.13320104689162487,0.018425255727702337,0.9119615543025947,0.6765788775374819,0.7074974981054254,0.4605944164050426
300126.XSHE,4,1,-0.2012736288057676,0.6072343896190896,0.5647780938396862,0.3991298285775401,0.3664291941565546,0.17255447063817292,0.4849232323257434,0.21977441304278922,0.5034538204101203,0.13580650338278769,0.07295856205211515,0.00046526977476171494,0.010731943577509333,0.004809370974876953,0.00019723616227755917,0.0002249988091484785,0.0005690717735535477,0.001113457921861241,0.6190375652358396,0.022736910891736434,0.1509482139943576,0.0035670768749854202,0.0021892213353845334,0.4545454565289256,0.0020703611105377913,0.697084926521571,0.001401512583019102,0.046712489825449934,0.09137957051995416,0.44359973287021504,0.07732166818646796,0.8032128514056224,0.11900768297294553,0.5970091335685592,0.07941129388788816,0.04083948191637693,0.3064258702529405,0.18150568637626058,0.13992596001112678,0.3795095830564705,0.5318427242963106,0.051027902407134694,0.17367382499265438,0.5180790615228077,0.11357257255532283,0.01850835993310032,0.13921861409872305,0.15519244719301367,0.045758089274727985,0.01850835993310032,0.6946540979717848,0.06739288629010345,0.0004478375899768216,0.0090723955208525,0.048561183347149664,0.025563820708451084,0.034621661997925574,0.05580983215032485,0.029388103384103675,0.5714420359197776,0.2935395060163873,0.02762440693698277,0.04416835357937828,0.1257455065359477,0.012888078004426633,0.8992060899575351,0.6799234885675114,0.7057441915117781,0.4678521199918759
300127.XSHE,4,1,-0.2304282164081996,1.0000000000000002,0.21278812124779398,0.33993543569572715,0.5853596233206196,0.21661348136996067,0.8449633552799762,0.12159474489135014,0.9433461047702767,0.5554750114564259,0.24159208601015808,0.0003900808549475485,0.010744336080911795,0.0048264319183944325,0.00015272027509214545,0.0002212665563573828,0.00036140741136571786,0.0010775192110764494,0.6192349726058394,0.02223344969182485,0.15098665124562152,0.0036059964314389256,0.02119661831108859,0.4545454565289256,0.03824365270017661,0.7129185519515392,0.01381718808675978,0.3204304965180429,0.09167829429492465,0.5797086436866837,0.18657078787591438,0.7309236947791163,0.18605351333617057,0.05982554134641345,0.12821397461198733,0.046589577011213294,0.31006010322110883,0.19126936750550044,0.14838674455423922,0.3678986951397985,0.5318427242963106,0.15935947454916752,0.1732037940502319,0.5256368451446469,0.11670227178217571,0.010416816485247999,0.14253570979298297,0.15119592101376175,0.11734269356301309,0.010416816485247999,0.7239093829350404,0.06151892133531019,0.000649448202392146,0.009099638685598148,0.04899282306623558,0.0938773036752168,0.02813512338076715,0.1219139153554876,0.029191723820242023,0.6064897105150231,0.31636796427835184,0.03253710640334996,0.05206708397784428,0.19338251127324316,0.050778847879404204,0.7539207297155275,0.6592173057361466,0.6278501134104189,0.5309024259177252
300128.XSHE,4,1,-0.3207604299207045,0.5483417962878311,0.17612435171726765,0.3279162615387312,0.5391848030967552,0.13647325441228256,0.5229124276334626,0.7136438865773361,0.9999675079188473,0.5029189233086544,0.34111146598819386,0.0012658284000242328,0.01147335784800382,0.005128942364589601,0.0005700927801740362,0.000779255875911021,0.001176572236367554,0.0011168286702792113,0.6197390247781298,0.02383366384216748,0.15136018272530677,0.003861336888406992,0.01693261089019866,0.6363636304132232,0.016546933821285876,0.7036071149744562,0.0029135752707898856,0.046260287600614985,0.09134058235774485,0.5467673465637617,0.15165303442319758,0.06024096385542168,0.15840218933765154,0.342750582846302,0.13515691249419254,0.06527109273500441,0.3123531130324317,0.18406398417223946,0.14170676732777512,0.3357165072878828,0.5046596636771886,0.09414164685091163,0.18279289201198334,0.5227062317408765,0.14435937859282247,0.046756266003821184,0.16210783000450377,0.18103250380317742,0.03312766380998352,0.046756266003821184,0.7010202424229677,0.06436686079107658,0.0005286383478338158,0.009056612037126117,0.046031632120538284,0.02241187195622079,0.06964733545505167,0.027923712822781332,0.029325657984666145,0.5660636053060234,0.29074257166511625,0.03460815712812306,0.09193479456155422,0.0867097646552161,0.03084180774062332,0.8040034582664639,0.6593499845208086,0.6453066042095201,0.5630653792129091
300129.XSHE,4,1,-0.2546041300801939,0.6171098956461134,0.6006188790941456,0.434819747802216,0.20878924126655346,0.13899440379318548,0.5260007847260979,0.2206969373110406,0.7169346970640331,0.08841460467112805,0.1330534572883345,0.0008316490735360469,0.010611201128807608,0.004758579926885636,0.00029994859606650363,0.00020795707369432719,0.0018386635304601254,0.0011146329185292413,0.6196721080659663,0.02217313598656377,0.1508997962270762,0.003717068861813049,0.00458544602748762,0.4545454565289256,0.004554869162351949,0.6953640087092344,0.0029890594682861838,0.04264266980193542,0.09113809208442625,0.20450114989973295,0.05706438256646592,0.9277108433734939,0.10595282172366857,0.6859159079313293,0.07297787553914471,0.03519485719201781,0.3050809210063121,0.18062378864084352,0.13833363230098503,0.2371224269470632,0.5325004970401734,0.08316048398957793,0.11982365383495006,0.5229534605936961,0.10363360169024646,0.009131692727206105,0.13420881312002697,0.152775972242304,0.017804104749113134,0.009131692727206105,0.7224066550047501,0.0867018181794698,0.00025975714844466693,0.009106744131971895,0.052774155862042024,0.027423249876546714,0.025878719150189352,0.02367937395916189,0.02972781600112096,0.5892500135832955,0.2859156796708152,0.031107531422975863,0.031161076300819462,0.11941309469524244,0.012838876592690075,0.9275725738876026,0.7164875503073729,0.7346645084800365,0.15676986047781202
300130.XSHE,4,1,-0.1756008442094382,0.5783097349176345,0.5581921023574783,0.32570869425945737,0.5328781149982154,0.12248689530197751,0.49119524059892755,0.12569599280009663,0.544034673441412,0.1555343721781904,0.08303084705043684,0.0011689625832327997,0.010567502803836346,0.004728444791871835,0.0001787489424808409,0.00020127412202393906,0.0005909081530391313,0.001085115750615472,0.6195072868015206,0.022200231027820556,0.15085494942328026,0.0036594640029115333,0.004440688819781325,0.363636358677686,0.003598977038814858,0.7012239706896809,0.0018505955138281432,0.058424527448675045,0.0912967398321704,0.20644904766115502,0.04981621979564154,0.9999999999999998,0.11001830157678162,0.8014123821090052,0.07734268909839892,0.025655744652646226,0.30591852509884443,0.18183524012625116,0.1366633130295302,0.4933831899765635,0.5102963203749079,0.20880735063989628,0.2396840974749729,0.4987155581863824,0.10442003000542562,0.015099708029456921,0.16506035346382386,0.18464314306820234,0.028866893197372498,0.015099708029456921,0.6503680281194751,0.07181670769870618,0.00037311369937417576,0.00914373346769182,0.06533906671894185,0.05575251636001042,0.025933868307876036,0.0667956313933147,0.029120121996159095,0.67037278107165,0.2924540587765009,0.036853253171141284,0.012664184075420304,0.09667938073162081,0.013424956630974458,0.9165045234409397,0.7177977533059137,0.735587370911482,0.4295420120952571
300131.XSHE,4,1,-0.2051072192240599,0.26461269162743073,0.23332461722338604,0.3383745384817384,0.3653925401366992,0.30890045635949354,0.5457600138549318,0.49716051244345083,0.6983492266445603,0.5903011928217998,0.12696066451060017,0.0006041471255426137,0.01068871246106445,0.004790641716295528,0.000252801157608782,0.00037974806532953514,0.0007421655818505975,0.001135072718693137,0.6182261435834328,0.022284716587889178,0.15086343162749274,0.003483175279932489,0.00909124375798057,0.09090908694214878,0.0,0.7005007733997866,0.0009550285601550397,0.03540743420457629,0.09134051696217903,0.7011410111777332,0.11069958800586999,0.3373493975903614,0.12227008067714515,0.9264643532125585,0.033382802345300513,0.03877930244795627,0.2997981249333368,0.15640824356865893,0.14148709109674332,0.3169518303379816,0.5024435379450218,0.07920289495766893,0.14811751234805878,0.5361336330163494,0.1063283110189956,0.04334507720061563,0.13521265282320682,0.15375483256557973,0.018714097626623002,0.04334507720061563,0.758161296692947,0.06872420833127774,0.00042130297258146667,0.009043572636926178,0.047754761096913664,0.023348493542188792,0.07563277422987942,0.024237506314318473,0.029302738317739115,0.5312005526460815,0.27428508134917046,0.056460135489011194,0.03704146949940182,0.10213202044383646,0.028544146677035354,0.8156182982772577,0.6515440493565081,0.7225458328602399,0.3424430664252784
300132.XSHE,4,1,-0.1917296266915519,0.5059532879426383,0.2632527040231375,0.21202916106599984,0.30657926742112873,0.3126093263364478,0.41378495273206084,0.23409616715443501,0.6521520734777679,0.13494915667170038,0.11268255903621205,0.000478009845582208,0.01094688306532957,0.004902005358888984,0.000164101627249098,0.002101203143307754,0.00031121587891481045,0.0011401027574194339,0.6177775809893075,0.02251973362056304,0.15098765842279077,0.0034912892297345403,0.002670404354537723,0.6363636304132232,0.002553639142861692,0.7022313709183029,0.001017424581030598,0.04074342045762865,0.09139371272923025,0.6036146354826728,0.14889488356427688,0.8393574297188754,0.14653317539604005,0.293311049492916,0.09597441520733041,0.03610230083640741,0.30690464024240105,0.18204866288757907,0.14188744777815038,0.27336494742404255,0.49223662449313454,0.04562708981696738,0.13126003929261001,0.5096817516682126,0.12264748185409788,0.023728930972415494,0.13318505585883061,0.15094201715103261,0.024800685582749313,0.023728930972415494,0.6668115642275967,0.06581493257784272,0.0004856977741572447,0.009091154480501802,0.049089915619184,0.01600102836156341,0.04465788492541653,0.013250328121581355,0.030558544273523947,0.6015176699270273,0.2856990184839441,0.03777669841856904,0.03329236913464109,0.11037898363479759,0.013622210923012502,0.8711644842425188,0.6685739241961879,0.6676044920559896,0.6143751414715108
300133.XSHE,4,1,-0.04005867553473946,0.6276439256264068,0.09350388678514215,0.31702309366463427,0.16352619511530497,0.1355841813694545,0.6594520755673832,0.6150561823692147,0.9111894824011473,0.610071600245177,0.46952135413866736,0.0009786443596149059,0.011531566751401292,0.005115249633362387,0.0001931125836549482,0.0002060099625821501,0.0008838542756775786,0.00109373685362688,0.6206458340598282,0.023779573462965012,0.1513843527857602,0.003931413734560103,0.042810295868827786,0.7272727282644629,0.07267375146949509,0.7071236999855869,0.003338418529915154,0.13086732386723343,0.09131417578660612,0.46746713294290165,0.3082123661900253,0.008032128514056224,0.1954915402970679,0.021603553642904873,0.14772995323302696,0.07599546309173041,0.41741720422673895,0.19101543545550595,0.16768445654180217,0.1907461033294309,0.5183875715230255,0.06781653362067135,0.11240781751509907,0.5185430472084257,0.12409344467264442,0.009073835050094866,0.14216899700790248,0.16093675655591988,0.021241030950625794,0.009073835050094866,0.6712823550995178,0.10072959810081185,0.00021572147865324707,0.009053507431086209,0.053186007696695514,0.04391801643583752,0.028956310042837125,0.05858400520785311,0.02926246339844567,0.7473346247628467,0.396922905019668,0.026105383989260718,0.11482945224867061,0.1391311369509044,0.03334255548244302,0.7203277896919515,0.6171498385741456,0.589982387718404,0.4438754868109932
300134.XSHE,4,1,-0.1408338693331891,0.7346570096227254,0.38884472020757743,0.21875686710664544,0.32418433082653975,0.2049906320119806,0.6918253416810956,0.33708560383931335,0.9872270994494787,0.6227376700820028,0.2905828923847544,0.00449585118271052,0.010671752293792873,0.004774119636294308,0.0005216105495948869,0.0013682127447578218,0.0017268679366292056,0.001108378816589126,0.619784068146728,0.02271993461188139,0.15087085276533116,0.0033486089247312155,0.017397000400394703,0.5454545434710744,0.019477676308422048,0.6998216230893913,0.006702937773652956,0.10432305326942208,0.09165665369771824,0.558513260702766,0.1131806520120518,0.3654618473895582,0.1416343084072621,0.5434149917000223,0.09690415637371358,0.055511943079419104,0.3171188329556827,0.18516069936852067,0.14011443961763337,0.5037984652842808,0.6202778419390135,0.12041761309826479,0.18574664662299514,0.5338896638265727,0.10211662011282582,0.02447788919154146,0.1104741843257485,0.12646335369828277,0.02633147756283073,0.02447788919154146,0.7589371997611528,0.07458440599711627,0.00034095340914742624,0.008858685999718528,0.0700025434027457,0.024850728979974597,0.04093139075275182,0.02034775313145796,0.02887006660469376,0.550857521763766,0.24602685625396511,0.03294781630447376,0.06797028477230646,0.17600746694026448,0.03927110127415206,0.8348855292496911,0.6523954048914247,0.6515553994713676,0.48840760009354667
300135.XSHE,4,1,0.00396648169796484,0.8459185340370402,0.2603499218196696,0.45455044478045004,0.24756538434854708,0.24225739948123545,0.805684996691638,0.48144920042705464,0.9289824094897954,0.2921984156294653,0.23069083424775672,0.0013856152788685608,0.010749152663247856,0.004828024066230112,0.000856823273114877,0.0022929915618194905,0.0017421375008528416,0.0011610483967881772,0.6190898670667337,0.022218221743866232,0.15090254005937367,0.003691878662931956,0.01947829919953076,0.6363636304132232,0.014542335609775985,0.6941146032526722,0.00423457385713757,0.12625486117391696,0.09118104727703599,0.44050566450586087,0.05979556488550287,0.49799196787148586,0.1109959668015458,0.7777320375033748,0.07107495760830668,0.04151850459649177,0.3159807091403245,0.1713145453617703,0.13839732540939068,0.1628042743513077,0.5365862778314855,0.053582051798734036,0.09307708117593615,0.48298661607856336,0.10382768481805185,0.005765718021035849,0.1328487284440401,0.15070267558602277,0.023655308587782767,0.005765718021035849,0.5520036177649085,0.06755334062192588,0.00044440581528414286,0.009072516700282881,0.0462705378452524,0.01730419222462624,0.06582573900795072,0.015471806384658601,0.02949670686231746,0.5354108198433652,0.2780773334439026,0.033855466579740146,0.04584572103483771,0.14710101902518113,0.03187937428964527,0.8878229253951797,0.6687342443943218,0.7124669604687452,0.4301981695959848
300136.XSHE,4,1,0.03096405173798782,0.5334279348684904,0.13617203272034722,0.2529487499807433,0.34536744712454304,0.057129541449460225,0.7009010677495391,0.45657750642148354,0.9484495569221745,0.7068156549885242,0.2458182353714471,0.0009679329773504623,0.010154829774829826,0.004576155781628848,7.407549743986585e-05,0.000497018439286342,0.0002727457189429001,0.001104690041972609,0.6180631771601561,0.022151364009115396,0.15061800944818077,0.003471368344928358,0.02775443376362494,0.4545454565289256,0.0388024478436059,0.7004663082160719,0.006945757563317579,0.15022157909016912,0.10286484745235372,0.6046896185619158,0.24210507556419888,0.008032128514056224,0.18081602106064815,0.046115435905385374,0.11078299308828383,0.05772230778360208,0.3179895572395815,0.19889356813410763,0.15336520588472324,0.29728967906134507,0.4161978205818656,0.07881962864189981,0.1338729665602087,0.5141008770802875,0.07389240762469927,0.00603712535645229,0.1280125991737111,0.1447677426713979,0.03083187344816791,0.00603712535645229,0.710225911656892,0.07264554054136985,0.0003625979766514796,0.009150912663537906,0.08707223211030135,0.03990701868974752,0.023262505925994076,0.04247203362775313,0.02871155094084225,0.5980264857630431,0.2523581127155979,0.032639570597756816,0.07192657698249094,0.18092043180321224,0.038875844948256265,0.7827896209399099,0.6440753394365579,0.5934705172518504,0.39358983960795857
300137.XSHE,4,1,0.1621152375087389,0.8829727630335481,0.29382571238319255,0.29848958625687994,0.4386439074216637,0.039488003841200436,0.714636467555885,0.40593962715361787,0.8383584824968673,0.3347242820156348,0.17998607697238744,0.00037392358043707716,0.013684344003226122,0.004682550294956491,8.788213750306274e-05,0.00048250943936816907,0.00031027755468124177,0.001091024046346395,0.6191209569364874,0.022363824433938768,0.15078324451224273,0.0035532727870415037,0.019244227160576027,0.5454545434710744,0.012493075292107131,0.674436928928104,0.007900340606013823,0.0730306593108438,0.0910338883869672,0.35446355198616697,0.049043650079591154,0.5341365461847388,0.0974779662982195,0.919817184906257,0.07433041369857918,0.047994775084669546,0.3091787870518368,0.18098711438777082,0.13719495550581426,0.3511409566076356,0.5003885356502944,0.1250213264752465,0.16123398387409496,0.5126665241694909,0.09541631353111013,0.0028012281294451363,0.13658866110389895,0.15441578199776332,0.026418421245855264,0.0028012281294451363,0.683765747385125,0.10009230228114926,0.00021717038613740738,0.009242932539539414,0.05876724646047514,0.06415962272049394,0.015915982244373027,0.07694388003129377,0.02932425768646093,0.7368283614775522,0.32644339079234735,0.034751278750871195,0.055679643885665556,0.15158957478340174,0.035250343961237066,0.8770744272911903,0.7003035027199154,0.7521804110236512,0.4437539234919463
300138.XSHE,4,1,-0.2370661568314975,0.6266306459162985,0.4552597841862946,0.2411829670787919,0.4248985872851484,0.26031852605501044,0.6114377350501186,0.1492759696078182,0.6822862833362167,0.32364064913946283,0.12186353535577132,0.0007542530069277411,0.01081784146540174,0.004859648202568938,0.0003643221912796717,0.0018300239730979066,0.0005919266639857343,0.001142561654094798,0.618432916101418,0.022073880940486425,0.1509494825023008,0.003626535878369394,0.004137525298779348,0.5454545434710744,0.004434646996139232,0.6970249003316435,0.0022284392081193525,0.0731663199782943,0.09130371289269444,0.34437652632924465,0.09225283174876667,0.9357429718875501,0.11472479778009383,0.5899461964338326,0.07752022422073651,0.03264642406075694,0.30677946814604584,0.18172214968142317,0.14006114538406944,0.3233070950711695,0.5216785906051467,0.02905807165965281,0.15524413687191221,0.5204431121511656,0.11151389887590185,0.03827446965961212,0.14182679613236002,0.15942096391174732,0.03214133013762283,0.03827446965961212,0.7094324806579285,0.06050527996291495,0.0007109683509309664,0.009131219361131274,0.04741374988852824,0.01547318349543942,0.06038971332414734,0.017734721598652237,0.02971681385267394,0.5468318765017858,0.2783346794358556,0.03154293315558031,0.030002224477623997,0.14621150947459088,0.02195429801997966,0.9171613810342134,0.7044773561540842,0.732142809990679,0.5361935133452543
300139.XSHE,4,1,-0.2245246949522152,0.4923229403035682,0.3539588253789125,0.3556026648048046,0.35836081277286136,0.1101485211161175,0.5254302631649819,0.25211149956274004,0.8668478905174936,0.3706995864085216,0.19369181138950642,0.0007472173200508855,0.010835511968096826,0.004865937388165642,8.862411320171345e-05,0.00021168408973877464,0.0003522163955819999,0.0010847353155785282,0.6196814331426355,0.022533515070751558,0.15105708384885108,0.003767234648956676,0.00646848963012743,0.4545454565289256,0.006602592061958344,0.7009817484555239,0.0014151078047004348,0.05770100388893913,0.09134824346876229,0.304890275411692,0.0715868621339327,0.9437751004016063,0.09348627249980564,0.7615293722711962,0.06760949516235876,0.03357494567624839,0.30598566736141625,0.18167973271141002,0.13437166098628128,0.5883738468879975,0.4684966992310904,0.1868007598436871,0.293013610525662,0.5223506445454522,0.1355962207576344,0.014817846212780282,0.18785987509785512,0.20048996960951881,0.1100969448572944,0.014817846212780282,0.7071491755445637,0.09166717781102682,0.0002406497903730895,0.009086292498559755,0.06721482624390598,0.09551326723700156,0.017351707887197892,0.15938157409402123,0.02972389571100947,0.767079192276261,0.3665671738251484,0.047501916277872556,0.032744145696481056,0.19094625576328722,0.025897589280373272,0.9067430870176536,0.7322265711379421,0.7551642008592256,0.3159492540123304
300140.XSHE,4,1,-0.2114367674075309,0.5017401466049247,0.4558712528225904,0.3263429692249149,0.12162571289815932,0.06946484238568051,0.3797676564407824,0.22210500066784533,0.5176972071739003,0.23608667825522012,0.07643796369622502,0.00040845929654022474,0.010394812916990116,0.004678397347907058,5.6948821798289816e-05,0.00022000925926111246,0.00042247095107412016,0.001089370217451398,0.6188219075205638,0.022162193481524203,0.1508662599151523,0.003575148571108291,0.0025482684706192487,0.6363636304132232,0.002676518571686491,0.7010521910081587,0.0012468214975329675,0.028760061499502578,0.09137219440894444,0.3532106767937021,0.11015000141029674,0.7670682730923694,0.12554170163818215,0.4457832314785252,0.08567492328329618,0.038488712426231225,0.3068226208170609,0.18174569974905605,0.14064088265649655,0.3696310854769621,0.5116029480261826,0.1557532372614864,0.1787904906810051,0.5265345050862177,0.10567347628643606,0.005562520549653662,0.1472751488472002,0.16130774576441875,0.0695724411851166,0.005562520549653662,0.7358938134584128,0.09356940838926367,0.00023452577572067755,0.009120721164868452,0.06319419196569677,0.06516548566214558,0.015989745397493326,0.0760963149259907,0.029407915969118154,0.6209168336395581,0.2951966818329498,0.02559918925642893,0.038937511970225394,0.12306264883214268,0.014413022671531973,0.9135593160159634,0.6911790721330329,0.7024065717310997,0.5629971396144515
300141.XSHE,4,1,-0.2032006694924434,0.7544495961491058,0.2973065102989484,0.33243923346577786,0.41768397014583536,0.18183224974166623,0.6703412895610299,0.4320929611306722,0.6018705778936174,0.3490460712676704,0.0983204275029037,0.00034540699785375864,0.010768475694512024,0.004836987711432892,0.00010433133145534921,0.00020097375022108503,0.0005678483971850945,0.0011007932135632446,0.6184016618323006,0.022810565513171087,0.15100266950878466,0.003548021858007162,0.00993382858266079,0.5454545434710744,0.013691029148906212,0.7038465081500971,0.00464206103707161,0.32282716830966807,0.09138588357873828,0.43643313071851997,0.12723101547905863,0.11646586345381525,0.12994053634556116,0.3647688787279321,0.09503831800393406,0.058135439165151855,0.3088049843968903,0.1835163684404037,0.14144679545673156,0.20907464334312287,0.5148829608597699,0.08986498496790891,0.10142188752895344,0.5219187769310026,0.117910286945377,0.00984396819701791,0.13448233366117684,0.15256449749269935,0.022586802532075727,0.00984396819701791,0.6967866628806337,0.09021712671092899,0.0002457225621673668,0.009071506963083571,0.052359006046649795,0.038479764379783676,0.02696100982264696,0.04057874540452772,0.029838622088476614,0.6498121069853622,0.32376539623009537,0.036481340076638114,0.07933181969897601,0.15954520697167757,0.025262457378716276,0.8749289883682947,0.7126122241386939,0.6910444056581104,0.6826547544311854
300142.XSHE,4,1,-0.1156400708835768,0.5306189125020125,0.2962366519127979,0.3300632699017051,0.4044206163920394,0.26958401215994493,0.6127148829892182,0.37904405964911836,0.9788612667169563,0.24081871390259035,0.39944542801112576,0.001554235386569015,0.010880926190231843,0.004874481488390512,0.0001235389426501295,0.0028248734339177024,0.001358639567609122,0.0011218760360920527,0.6204979772381284,0.01955575118897318,0.15099332056494857,0.004152408607891946,0.02010662709964546,0.4545454565289256,0.01737538629776249,0.7015567763894214,0.0026581648854059263,0.06982002351451569,0.09122274280454085,0.21440129296777133,0.06132880324635725,0.6224899598393573,0.09980881506184192,0.7852097168768266,0.07539936894998538,0.04305437119853725,0.2861895197155965,0.17967811415496088,0.13324468292530747,1.0,0.31833945562190125,0.2422177537774047,0.45084887533291335,0.5077690000873611,0.11537937333256049,0.010547835072313197,0.20157722521477223,0.22174600496219377,0.04780471176446108,0.010547835072313197,0.7039065083543962,0.2001343465589962,0.00014188196206100414,0.009268370075940056,0.06941998808505517,0.030370537201337224,0.015045419996400987,0.02092508320543656,0.029427091064288237,0.9463104997211267,0.4300633067246922,0.041778213240899156,0.04885971297847658,0.16998380262957896,0.018245797690973262,0.921681271392254,0.7365441599221616,0.7429729108850236,0.3790262543658932
300143.XSHE,4,1,-0.3216775625499165,0.4878009320133831,0.3659085062528384,0.28957892606376073,0.26941235375296,0.11851119494454046,0.7646592345564538,0.274569606242457,0.6300776560739555,0.7402734460349164,0.10624056118565284,0.0004709410107385691,0.013684344003226122,0.004625057869463178,8.63524981151867e-05,0.0006721654372238309,0.000324720213679859,0.001126860110288391,0.6172189536794567,0.02205735684948354,0.15065853932233783,0.0034830606612818505,0.02358268055125541,0.363636358677686,0.016730743663714135,0.6938371692845057,0.0077957479042546655,0.1672243827439631,0.09096510539042456,0.19541089955774804,0.10655882347672016,0.47791164658634533,0.0840159641399774,0.5816369794035309,0.05340692643870294,0.05145069363124327,0.2678931534159544,0.1776752168187095,0.14148709109674332,0.3187715768826007,0.4713926995302191,0.02158747523569512,0.14127598135844105,0.5216109653664415,0.08096382203464915,0.008270763126598591,0.1281075926122723,0.146342091963789,0.016866014217942895,0.008270763126598591,0.7387239900114165,0.07311901470592241,0.0003569534654492432,0.009142948543010414,0.05989053870008901,0.01644999419490583,0.07862833421461132,0.00867251813397156,0.028830908654785797,0.5818302076969052,0.2559648498857225,0.047075500779429874,0.06823114033650016,0.21980314574150073,0.042273733325357415,0.9419781710244137,0.8254417097872722,0.792065495507152,0.4032027212293097
300144.XSHE,4,1,-0.1678903907450955,0.4538842029359814,0.24594102757643085,0.3833257221517964,0.19035147770424848,0.15829603854505853,0.5144103305420452,0.39255285642645804,0.9603965438963626,0.23093389690570149,0.42345835898913936,0.0007851407854573192,0.011568017510784862,0.004967913557755473,0.00020764709381622702,0.00039923605020787445,0.0006312239938893115,0.0010570441469306443,0.6204017208347221,0.027665516944243955,0.15119084217223594,0.004187502634139528,0.013584404516545778,0.5454545434710744,0.01147305095797697,0.7004248640356734,0.0023569118175797324,0.03364384552771999,0.09130923311934554,0.4886933272669184,0.1534538708603989,0.2650602409638554,0.1308878965835739,0.36518464755635716,0.09189858839288242,0.05139019359459625,0.3101238232169859,0.18123635838621005,0.1412362182411863,0.291634471677306,0.4754648607171812,0.08712237201628359,0.14719924979547339,0.5297225046828148,0.11090258053971123,0.003233401245179865,0.1425379808644737,0.1598819263186307,0.03499138647871987,0.003233401245179865,0.7436890685307037,0.10137427070845101,0.0002142935713201893,0.008990638336293232,0.05378729554498207,0.06024043991155697,0.022164788269727967,0.0667271142165103,0.02940155469225204,0.846296971867609,0.5176236258415088,0.02531585475580599,0.07064691478972501,0.14460641814865483,0.014416462283902615,0.8774969464998368,0.6853356773251962,0.6798089846400837,0.4652680798487543
300145.XSHE,4,1,-0.02684281650390254,0.4746233931319364,0.25136167162990897,0.3809007094069777,0.4218045068788455,0.15572662106687318,0.5767854901078523,0.5181682314156251,0.9511674756023989,0.2947650417555305,0.24816102645510774,0.0013406027905818495,0.010948377537517874,0.004904434117636797,0.0003985392044993867,0.0002619339052664169,0.0008792235625634884,0.0011007038428616973,0.6187543460675023,0.02249853307104872,0.1510804354855319,0.003742504671820181,0.010507554012956036,0.5454545434710744,0.012158448372553154,0.7003725611376604,0.002776141038725933,0.07375418287057972,0.09134411980141433,0.4351418393513772,0.1339547832619734,0.09236947791164658,0.13767555481183896,0.3921890896099882,0.10287777450507495,0.05603816106312032,0.3236225823539485,0.18625841908787005,0.1405420933455,0.4220984313643083,0.4752053846387347,0.13697526442187974,0.2174068272104207,0.508287225165665,0.1297886965638235,0.03177022744184306,0.16607526137748735,0.18289329153515993,0.055767480782927856,0.03177022744184306,0.6665182635195852,0.06351776335467406,0.0005586462255144687,0.009096899536980634,0.05296913248331617,0.03217904730876541,0.05648825683212152,0.030159508691745194,0.029494167800202167,0.6617853661890152,0.30071326887225036,0.03332204501989565,0.08263567406516792,0.12840065612808432,0.020573667524077285,0.885595823095823,0.6553834416876745,0.6770786849144339,0.5700879351792858
300146.XSHE,4,1,-0.173098323111832,0.4292134796205663,0.0636731945742744,0.3208340556430197,0.3776454863923487,0.1572153393482252,0.6723416367629677,0.5944986405821633,0.7863575411046781,0.3726167250283752,0.5519464004094689,0.0013293545844473105,0.012799908323727655,0.00570586116585057,0.0003959989944409028,0.0008491519070218729,0.0005127907161465955,0.0010575062552901295,0.620863418304434,0.02218657367359812,0.15223808965073876,0.0039149483300183726,0.04114945589980638,0.7272727282644629,0.03538966127059341,0.7026919358815099,0.001159066124321207,0.0495613638419101,0.09132668502212035,0.488397585783054,0.17089296072779808,0.02409638554216867,0.14049128336348457,0.27752415308916234,0.09200912799234097,0.05752931522138352,0.3145793408577836,0.17808106188409814,0.14216301796145656,0.3497128235128451,0.5233603855865787,0.1417823056798793,0.16202867111874558,0.5284652829345126,0.17208558944090308,0.022707419721296623,0.14650870137547836,0.16253774283435027,0.050124888769076247,0.022707419721296623,0.6866590244888564,0.07147342561555665,0.0003777251884376166,0.009112032435213135,0.05213711790254756,0.08565670778363861,0.037221986352569576,0.061382324555636886,0.029451970876271015,0.8120498800789051,0.35218421924009746,0.034619231483604504,0.08287589290923533,0.1633726471854892,0.018233385176766165,0.8777836559628467,0.6578186502144976,0.6567083781121852,0.4930536137985896
300147.XSHE,4,1,-0.04764880836206378,0.7217936325557928,0.16749603805164237,0.3425373442223695,0.30249183139702546,0.22508426127394512,0.7299796443541775,0.8164030128341724,0.9938335298957883,0.5742068962850242,0.3703430476793673,0.0012029555845885136,0.011196681446355081,0.005022520599092001,0.00031153369468350274,0.0025718224911997966,0.0006841976960573246,0.0011240753382169026,0.6196458583093103,0.02197212358122828,0.15108199249831394,0.00373603558303827,0.03575208666018999,0.7272727282644629,0.04149850510088274,0.6964380168726712,0.00834701600923609,0.08614452383105725,0.09198056565468689,0.7354434288200932,0.17802667698134503,0.0,0.20506264567804772,0.09680124915434672,0.15697787860868473,0.08901475339807793,0.3589408385985674,0.19274400736961808,0.1493005456809573,0.28472391131018127,0.6230957933615535,0.1636631326622068,0.13913264575201023,0.5286223804501154,0.11421539676248454,0.014141537431922351,0.13719668176093872,0.1531775953822814,0.04433491660960987,0.014141537431922351,0.7350033945759235,0.07429728791867743,0.000343925959947612,0.009115180907110196,0.05467827802135929,0.03384704008410565,0.033536461445288525,0.021717568559132084,0.029493483996993003,0.7254910222732782,0.3047891466177204,0.03274170166775081,0.14444001198207965,0.16229622663018695,0.03687085003290064,0.7740125832611382,0.5385293662376722,0.5635982921103844,0.5697315716255841
300148.XSHE,4,1,0.1413138734848684,0.8004115480548932,0.2341490835910231,0.2985960070425416,0.365747286118014,0.1500548484670992,0.8631672191652155,0.26844265261180644,0.67608380849343,0.42138262142361316,0.11993500177764815,0.0003422345777898236,0.0106021293100486,0.004766424503723614,0.00010861514585118183,0.00020159426238921345,0.00036906064427926996,0.0010966736759265175,0.6183778926197221,0.022344267722772194,0.1508922703902601,0.003479194486244239,0.013684833017653653,0.6363636304132232,0.020629157687999042,0.6959066488611702,0.008271407803647492,0.2981821470561635,0.091574458694975,0.42519772731819494,0.14404312324939367,0.718875502008032,0.1401434348199027,0.2704612159544358,0.10824079925775308,0.03838854151462656,0.302126605849527,0.18771656963172895,0.14268426156289887,0.2404096772643031,0.5318427242963106,0.11033282708419184,0.11670294489211169,0.5072909225980179,0.10872954577063274,0.009799408783740585,0.13015051278314355,0.14786204925740526,0.023195938457656173,0.009799408783740585,0.6234322726598168,0.0764604681778151,0.00032321600210954017,0.009015056265676703,0.05217642983295331,0.059760976184464625,0.030328064510288407,0.07520624687315812,0.029585646230715572,0.6427742966347801,0.29249201828363464,0.035568627935293265,0.041169803097652086,0.11718045422303289,0.03564664712568044,0.8677053301330759,0.7050412409888995,0.6947477377327951,0.734098455628026
300149.XSHE,4,1,-0.2342615740854642,0.6637537081193572,0.3142279732080189,0.35006116981764857,0.2998955990267054,0.15722600533226888,0.5862869321559956,0.27171555251325114,0.5948948793358267,0.19971963177016763,0.09641177105699805,0.0003702056769133594,0.010641815281279745,0.0047839922186505126,9.483823619707107e-05,0.00024289661893557118,0.0002775809343836742,0.0010948035149445316,0.6182766552159257,0.022119633297065355,0.15092061081533997,0.0035239128008857923,0.003781410191395289,0.5454545434710744,0.003149363609942184,0.7002097129244343,0.0014824780687747994,0.051505833408700366,0.09129925613220972,0.31174687744077567,0.1220763163432643,0.9156626506024095,0.10504960135766339,0.5508936976631739,0.058981102597972276,0.03481330947145733,0.3067902743983282,0.18030129585415205,0.14041600698804388,0.16061376712896216,0.5135139142099614,0.07533839009275518,0.08719010835256515,0.5218668259508876,0.10783241174309102,0.005976976286188131,0.12796161753438434,0.14596014609366642,0.01900594212360476,0.005976976286188131,0.7056686496598997,0.07014340895423325,0.0003971989167924001,0.009094663200750721,0.05608625195834095,0.11058279268998898,0.0279325864825627,0.1070312432458357,0.029626072349523393,0.6812904241647382,0.3114986355017167,0.02653893322513019,0.03276230848412467,0.09930998885342252,0.018736166776335467,0.9187049963784069,0.7034242183008272,0.7341733713920569,0.47960092492772444
300150.XSHE,4,1,-0.2283538409291415,0.5127709130871929,0.4820684916859955,0.32194076098475877,0.45850984955059093,0.05029861139734515,0.47700802251923596,0.3095516898500894,0.8206103417903488,0.19594316839302595,0.17211608787318755,0.000594846402220014,0.010496357640122505,0.004721462302230191,8.467351319790841e-05,0.00023494426959838523,0.000381210740847728,0.0010493921360790117,0.6206727801687438,0.02231736802269511,0.15090555869200808,0.003518305144493836,0.006610586123777514,0.5454545434710744,0.0087257383736657,0.7010735388547427,0.004726587758635811,0.05498779053992945,0.09105073713625873,0.3761305335666133,0.07919936267086619,0.5542168674698794,0.1074404012907289,0.715828678604536,0.07075625980552801,0.046816482114736754,0.3082793885953034,0.17911208706650616,0.13819194763126627,0.7173227198359218,0.5318427242963106,0.30917244823782564,0.2844990219677416,0.5237127719437086,0.10979935285896632,0.004496572638462086,0.1350634147115678,0.147376126904527,0.07769160280414583,0.004496572638462086,0.7230142899376825,0.09133294826610464,0.00024178626913864048,0.009091755991067993,0.07089101941376148,0.14552096774100282,0.01100983188467489,0.1766870609096382,0.029387198911332988,0.7394374630617525,0.3538624187836879,0.019503248125525178,0.058801313740612704,0.14040468092921923,0.014431865765388527,0.9146972774140405,0.7151193003405427,0.7354711879444329,0.40914433199409234
300151.XSHE,4,1,-0.1562202916963556,0.7114990480034155,0.5786053730053957,0.4309059064952625,0.4720600761149129,0.1243962872251882,0.48862810073496604,0.1648584763490246,0.2537482250102965,0.15901770573710738,0.019509405271686542,0.0006017861443776589,0.010659597921436437,0.004794944119480209,0.00017783232678190885,0.00023675640088230448,0.00041664597909578014,0.001091009838763993,0.6185906294178503,0.022195089775932385,0.1509312872123055,0.003509722956243486,0.002037338981008239,0.6363636304132232,0.0020256497973992977,0.6994361050125654,0.0014365778822061997,0.049968345844261554,0.09127494112138192,0.45281547491324436,0.06222535408551299,0.9036144578313252,0.12076471340046985,0.55546304841705,0.0792298133620443,0.03135606757360471,0.3077348102586989,0.18138694433457503,0.1400806432743977,0.4522390603660378,0.5318427242963106,0.1774227941520701,0.20067990305282352,0.5437684197138152,0.11681228123219635,0.02656301604296411,0.14131520464873193,0.15923878146158565,0.028674185704815062,0.02656301604296411,0.7898319305146084,0.06165640127477178,0.0006420537815399455,0.009084961169795201,0.05217867245985565,0.0655815655995238,0.043295460549969196,0.06543328772171801,0.02933386089886052,0.5551004997543919,0.28438055826949815,0.053066718969907806,0.026037830138558767,0.18003622637685565,0.017577017407429563,0.895421169987644,0.6609421299367568,0.7025148331322137,0.5559055515757566
300152.XSHE,4,1,-0.3006045812419356,0.8248228231302324,0.4156326784252988,0.26296151162137993,0.40067304774777257,0.07698002243110677,0.8781087106668475,0.4691023994608868,0.8787896085055487,0.5450687095520489,0.19991651604468563,0.0005980160300080907,0.010595683831573678,0.00476412661096692,7.13712073353292e-05,0.0002075673793268973,0.0009533449973409064,0.0011046217514951863,0.619318029439465,0.022166728449307387,0.15089935630748186,0.0036046065474026247,0.04160488990750813,0.5454545434710744,0.03748970233369767,0.6717015521826991,0.015644239112460996,0.19444695667902684,0.09019174460583164,0.30010824566784433,0.044384354647173545,0.35742971887550196,0.07460033651711373,0.9488994445123135,0.058736953636394244,0.05370219603570353,0.31546466594096484,0.1681264968684118,0.13655282498433668,0.3654186644870286,0.5318427242963106,0.08321720886159814,0.16154584610978284,0.5093734181849949,0.10499131325695683,0.008234244048223923,0.13225563942944524,0.1495519466088587,0.028545890757913004,0.008234244048223923,0.6664154329924735,0.09989673865210763,0.0002176226099795329,0.009138649963171158,0.05391591679379282,0.033511648921097384,0.023614462861984473,0.03642167156640438,0.02924991928738356,0.6356827075222627,0.31102443365875343,0.027855164655272293,0.060945203013991936,0.14181803212240968,0.06034426033379195,0.9034703384414366,0.7391203396576893,0.8006709566347077,0.34753045550322775
300153.XSHE,4,1,-0.1455995726323648,0.6591471781424958,0.5835909173194044,0.3364499336242404,0.20725774836607042,0.07287614948575491,0.28631813061173417,0.15404194801213889,0.4565875060044488,0.22779087237058102,0.06190010024399173,0.00042439990458218916,0.010524153537440026,0.004723386815857349,0.0001635258182568659,0.0002009737258007287,0.0003274379158886739,0.0010876343332796227,0.6191364532941499,0.022188680505864443,0.15084786649089887,0.0035030481177066803,0.001089590622520066,0.5454545434710744,0.0013944872181759238,0.7006823703650997,0.0008708607828767177,0.02034910011757258,0.09130151581038673,0.37353792922154216,0.0813037420442703,0.9036144578313252,0.1194115298616116,0.4873282900403347,0.08229214154891214,0.03829239271916875,0.3065337329923028,0.18171037022914152,0.13969588490525323,0.37063250161367445,0.5009202027883702,0.11905563325523129,0.16013298031959577,0.524271224906151,0.10366005965923876,0.009101004426050921,0.12941818359232293,0.1466785061967049,0.026983820257719098,0.009101004426050921,0.7295755786846341,0.06204441920888479,0.0006222278888865252,0.009091020963799096,0.05092886967910382,0.051954082936580506,0.025361314741138907,0.15321709171635353,0.029245237551069038,0.5658191059862969,0.27602109614208775,0.05534630557713642,0.04010817682102562,0.14885818830116027,0.02523314589938386,0.9202725781483008,0.6963894785723763,0.713067679218828,0.4607237524814066
300154.XSHE,4,1,-0.2000586755347395,0.5986573014284557,0.5588258023673236,0.42692353799354854,0.2884949124377585,0.14854280964436353,0.4566308319463901,0.1583273343299405,0.7578501307147644,0.19307161764734315,0.1473139443955297,0.0007282946320826677,0.01084046375896333,0.004868355055885927,0.0001949278999467378,0.00025081836218335615,0.0006637997421272832,0.0010536385000105314,0.6204530199364643,0.022071376361321282,0.1510906393151623,0.003708416213426622,0.004316299627923628,0.6363636304132232,0.009093298564369813,0.7048023979889733,0.005141865817610222,0.08709414850321062,0.09168831109504796,0.7515697072244018,0.1679045794480561,0.5863453815261043,0.15807015209150524,0.19775608023414454,0.10332568226382303,0.04346020235452791,0.30491905531502683,0.18478511168890643,0.15043142331999676,0.36736344715162805,0.5318427242963106,0.19967486483759983,0.1740762615320252,0.5338316505605246,0.1197811438580697,0.014286590802049184,0.14353934066200272,0.16071670095142115,0.037242909782410176,0.014286590802049184,0.754396297166201,0.06894765214889867,0.0004172472669288237,0.009112738675513278,0.050419133776124614,0.0755547195287116,0.02758589504403988,0.07406360608150873,0.029415847813912883,0.6065667749264562,0.29718673332745454,0.023018734429480565,0.04997347738217535,0.11848962291635001,0.015280403182389185,0.8623838959821619,0.6282920923444344,0.6489399624517775,0.8490721591198929
300155.XSHE,4,1,-0.1247360948895782,0.743570223500049,0.267537642479285,0.3450979947738717,0.2604673051091278,0.15546575640627924,0.7475340583141814,0.5884863841097898,0.9115837781967598,0.7221022976659828,0.21897778233546356,0.0007271719958065309,0.010501390884746793,0.0047247042500486655,0.0001437149815504381,0.00021178754682695764,0.000360250799072715,0.001074626519825054,0.6192919741253746,0.022088150910240686,0.1508816434897812,0.003527929141280288,0.01456972309891551,0.6363636304132232,0.017906220903930074,0.7020484273504595,0.004235998027156843,0.14967893642036717,0.09143631996212778,0.5760329793212959,0.11171519955323797,0.18072289156626506,0.14952941626007474,0.6368921434063683,0.1287351857179575,0.07475531162208114,0.3078775740698641,0.1870178453410625,0.13860920248429118,0.36095262870125633,0.49250821247065246,0.1537918391015946,0.15799571228549414,0.5157419499266424,0.10515615336640231,0.0053795978159013325,0.13032851780033203,0.1466732235205649,0.036277781886396944,0.0053795978159013325,0.6878988334577817,0.064747516148419,0.0005164382894623928,0.009116016551688935,0.060754477734408584,0.07982886869369575,0.022336563577463966,0.1296192029294917,0.02948023292603935,0.7250990471733993,0.32566278759436595,0.027139459041703437,0.10866531961042986,0.12665868673050615,0.06449781659388647,0.814916170768772,0.6843240015921457,0.6712906607378146,0.7279919125979928
300156.XSHE,4,1,-0.2490138994153365,0.8487922713840359,0.3181030074813864,0.2925137315571981,0.26067894903577465,0.16787065740786938,0.8820391774711519,0.4490177544238566,0.9750315919626886,0.35717075585341185,0.2727318723942322,0.0008909236821846876,0.01074071458391962,0.004819493091972733,0.0001729536391034979,0.001976768942387604,0.0017537778096296743,0.0011279141349276602,0.6208668209516242,0.021651572637494107,0.15097029101699086,0.003853786914429913,0.043915336499970835,0.5454545434710744,0.04212860338629277,0.6894378928604904,0.008865784379912122,0.18684995930179973,0.09074454346460828,0.2407002596445963,0.04234069719320952,0.502008032128514,0.09384795592864359,0.9073533593608042,0.06899203767350902,0.04484080401331738,0.3121891774617457,0.17501317359581103,0.1362473580358605,0.3008677410111469,0.49329578745134883,0.12189774243388757,0.15487310894224532,0.5164273094177892,0.10822458150716775,0.006058013860105252,0.14684061716863742,0.1646136389027004,0.0338083692307366,0.006058013860105252,0.7017914713763048,0.10654428723630044,0.00020405301234208728,0.009126205493658838,0.05264658996706767,0.025529660497403944,0.020341355734422348,0.022834253800219247,0.029235671116929696,0.6190728319674268,0.30008800765730864,0.027090847252381714,0.05085867104057929,0.11537998112681766,0.03390620326613627,0.9224322193975374,0.7358199548892133,0.7682374251742083,0.42064961948282
300157.XSHE,4,1,0.02162356745591476,0.4504562700285511,0.25962030931251057,0.3253664124313643,0.4482350885903695,0.05545371649886721,0.49727976811219515,0.42958281565400014,0.9995837500955005,0.5011406153019178,0.3461195998010479,0.0007387781611025387,0.010814731090159513,0.004840721118191126,0.00014145373457700547,0.0002946507244387705,0.000547967549388042,0.0010796581198241424,0.6200122330290592,0.023208528080380823,0.1510195760706344,0.003715198616340331,0.01065252936122558,0.09090908694214878,0.033829731786615753,0.7050031201068319,0.006670484073413699,0.06290132947454101,0.09126726456490407,0.7529476190549723,0.39602968347566775,0.0,0.19411925144047507,0.10967981693852473,0.16291613676422248,0.057487291251082304,0.6076608364915707,0.21545911298744785,0.2619645554351019,0.700442682613321,0.3869491925434123,0.15057728395847944,0.2956292558460235,0.5143690228269555,0.1185675585961332,0.009035699721192692,0.15101004338294738,0.16921110443121215,0.032545830321450406,0.009035699721192692,0.696499204816208,0.06284019004703811,0.0005858275240334822,0.00905619311819032,0.05634903506360353,0.058956369357678166,0.021608308326839215,0.07760244100315095,0.0291993001418543,0.7253973252550611,0.35918550966867585,0.03516452364752707,0.11001410759998242,0.1815558975528196,0.024786444936292396,0.7162996548834699,0.5107055194374421,0.5082938795341061,0.8044725010104855
300158.XSHE,4,1,-0.1419105273865914,0.5809985443051504,0.4548937075685122,0.382728809558676,0.38578040354445065,0.22954698130958034,0.591489782195004,0.2850851003444397,0.9423893447049763,0.36742585227107927,0.24082275064273156,0.0021870658300871338,0.01101959818117614,0.00495049466519946,0.00045055645751741497,0.0017272792915091206,0.0011881997985490516,0.0011292105063618054,0.618934088055277,0.02211414215053597,0.15110999935224692,0.0037899824934436773,0.00928608945018489,0.363636358677686,0.010673564332781153,0.6987309258393972,0.004125216118129054,0.06285610925205751,0.09134623563312835,0.40624778508340714,0.1276008965237581,0.4939759036144578,0.11935026108404889,0.35105979987660385,0.07693676653989587,0.044890110653282425,0.30554843722944025,0.1830406419930583,0.14147539236254636,0.3984240135048671,0.4965008673325899,0.08078066248019868,0.18337260599266386,0.5139406480527455,0.11639191284327256,0.021909298843720053,0.14230766289018804,0.15726898612671417,0.057432399298406885,0.021909298843720053,0.6884048063923196,0.07842087225459365,0.0003073265054267633,0.009109860252799307,0.05685415379354851,0.022591871638819955,0.04957031693121634,0.01783595215775905,0.029462646106849115,0.7638613372837624,0.28412476959065835,0.040346062640064594,0.05687418218492356,0.18135766580534024,0.020985374170006583,0.9024140404198209,0.7230744991375881,0.7188094942608254,0.5864556360160177
300159.XSHE,4,1,0.0135127530366891,0.5700579865836041,0.2601697418302348,0.35575512453268254,0.18179444292593544,0.2133346855631748,0.8076026866303638,0.37127323556469394,0.8986945208691369,0.5075873443714627,0.21108927136306077,0.00038747011825607686,0.010473245742742257,0.00469931102768198,0.00011256994106050816,0.00020171578035405624,0.00035794955432861424,0.0010845668674239087,0.6191969682535395,0.022607275260397963,0.15081965186057128,0.0036165610514554943,0.013864331360128794,0.363636358677686,0.011485340272482585,0.6994505982965212,0.0016940886245194015,0.13493714389074793,0.09125721452784959,0.16820845910327048,0.11482955345339171,0.38955823293172687,0.08322869328849951,0.6244293444506154,0.05301680960056008,0.06118720889480356,0.3020008443081013,0.17886334724493574,0.13963349165620279,0.2975410395034431,0.5318427242963106,0.12132703265855267,0.14732408803701516,0.5230705309631053,0.09937299835455801,0.0013934125433848186,0.1405347391840155,0.1581257020334194,0.03130502733292034,0.0013934125433848186,0.726381989700588,0.07450428365716279,0.0003417754003560245,0.00876221922244827,0.049746477624651786,0.07773770693404525,0.02594763250301057,0.12980658361855427,0.02944610542483943,0.6593087710388615,0.32164375177752696,0.03144731832410145,0.07701760017416484,0.16654530513755889,0.04145241371059401,0.93312213290537,0.7574161912343551,0.7697926926194769,0.39720077389306246
300160.XSHE,4,1,-0.1677182500028247,0.649411887906594,0.5590070409935941,0.3671223164387532,0.3497323941425119,0.18981528684989019,0.5349687870429872,0.17313609330852017,0.5821307604288604,0.24222345541275034,0.09296715439426917,0.0009385857810624269,0.010780533082849087,0.004817836657647228,0.00017718648894628962,0.0008821276555165294,0.0005805537842330819,0.0011098083727028882,0.6189304749719645,0.022909736717827738,0.1509815202698166,0.0036397064984141315,0.005013196015486292,0.5454545434710744,0.0032109536028123707,0.6963486460745036,0.0023208412970898,0.05435470742516053,0.091242673191387,0.29690110865023756,0.051128243635614155,0.9558232931726907,0.09803399692470263,0.8990451689202021,0.07919802514153342,0.03471339826602771,0.3071798075771488,0.18095904660941295,0.13692588461928418,0.31758304938540277,0.4863638108919443,0.09187257910578504,0.1556186515965375,0.5248747636109962,0.11379311365212053,0.01670671114888182,0.14212994501996962,0.15882030406916156,0.040916015317992535,0.01670671114888182,0.7204178191281141,0.07418149823528115,0.0003451461304918217,0.009067136004580015,0.053365549768112364,0.029630824067010213,0.040123275457202214,0.03067579334499684,0.029203035178506736,0.5872202811354083,0.2821641123811649,0.025890794992473824,0.03134495133259403,0.12858067968789583,0.015627953580187832,0.874336928888952,0.690496329220291,0.7348981946751232,0.36887768212642397
300161.XSHE,4,1,-0.09529457887190848,0.7853735515365592,0.4741517937013225,0.27190705516687075,0.4525527249991432,0.10737156889755661,0.5522424977657681,0.11408831058231533,0.5413097294463437,0.35109836671004313,0.08233876144685648,0.0012802062407805978,0.010476434247777416,0.004610543936022263,0.00010225253347180861,0.0007255836454426476,0.0005682264657663,0.0011076686138725745,0.6189659903360004,0.02481236800561225,0.1506521439250097,0.0036061096752790078,0.005278421499979277,0.5454545434710744,0.007082888528529185,0.6937824465214061,0.0056188817207755565,0.06701636972053902,0.09161648678080592,0.7039305214268294,0.12527342987206794,0.8915662650602408,0.14510949982278168,0.41960930049204437,0.0968426731661203,0.033553455444295256,0.3152345895220233,0.1826474453900914,0.13962569250007148,0.44724244632484383,0.40398505602733326,0.14295188728968308,0.21646514547594942,0.5152324368751429,0.07281320099475,0.013123954283351344,0.1579438334783556,0.17225009664642021,0.07413353860524836,0.013123954283351344,0.7086367126015306,0.08883858757152362,0.0002509110406765426,0.010143719835280065,0.07332374192588355,0.029060209331631594,0.02316052155399056,0.034558143230278004,0.0294677678201289,0.596309446322697,0.2727108324558848,0.03685711253933915,0.033821893766452935,0.1790238511425242,0.031319465215050545,0.8695063626422008,0.6111958781124232,0.6759485415076851,0.6456929376781295
300162.XSHE,4,1,-0.2779897100174981,0.9240605002703322,0.37581353594230843,0.33680655835356244,0.33625539035849905,0.243539848477946,0.7526416142652764,0.20498049507031252,0.6151058319773013,0.4378094926881898,0.10199543819815604,0.000612013614632261,0.010597441767898013,0.004754230893490168,0.00010425525309735195,0.00022157345151891536,0.00046775668991037834,0.0010971645859672039,0.6185031840551147,0.022471917752006697,0.1508744544324293,0.0034770498568692616,0.007093924423961267,0.6363636304132232,0.011742684801978747,0.7002410647121969,0.004596205619881459,0.209821832323415,0.0912093473610913,0.3711026505309598,0.11189228032732715,0.9317269076305219,0.11304484742756778,0.5438307605284473,0.0816529299327796,0.03236399995184116,0.2996004280937379,0.18360988414872514,0.13899526071279086,0.3585771839595324,0.48623917392224697,0.11771496622538458,0.15559534223496527,0.5171123075806356,0.10615755267964395,0.00986587964404271,0.12881642796008522,0.14683821631027094,0.019358753227585426,0.00986587964404271,0.693424805761314,0.07751813630594616,0.00031434549710704666,0.009058051385563906,0.06023497980844271,0.051816799580585424,0.027714114526232705,0.053975369336531145,0.029541170416806477,0.6224364994793994,0.28506246674893176,0.03679134890524755,0.03374990233120719,0.16047960366317068,0.03980588622360472,0.9069152902245388,0.7564404493388177,0.7363240765434509,0.5265510170842925
300163.XSHE,4,1,-0.1040980844017345,0.6208949375824013,0.5248300093901086,0.3658261431425084,0.5135697024864817,0.06901777495279851,0.36483569434794194,0.19870219982187134,0.23283737537750093,0.1580845629252654,0.015543917394252538,0.0003661103154241825,0.010583488122355999,0.00475326861286507,7.431754631723148e-05,0.00020595396521438288,0.00021652062580840046,0.0011093441257671861,0.6180269903367259,0.022335995213754813,0.1508580552641297,0.0034667321383107146,0.0021573597512177124,0.6363636304132232,0.0014625739896716007,0.6997560997008867,0.0013167715522216837,0.02966446594917247,0.09130678746195597,0.39652229585299653,0.0851354682712191,0.9196787148594376,0.11097488507163175,0.7943504715639785,0.08182858476098182,0.039060079329593975,0.3064258702529405,0.18170171521955142,0.13732884101940168,0.5400182006859515,0.5318427242963106,0.053727962596705064,0.22716244022274415,0.526729943549278,0.10722753383356301,0.010597611496786905,0.138034524411134,0.1560933251542227,0.025191136939746703,0.010597611496786905,0.7329222449306304,0.07049393128057586,0.00039180146619137034,0.009081683841942757,0.059678280659743885,0.0365743956175212,0.02983047499960277,0.32250308483772194,0.029195847071863807,0.6245865411163585,0.3019269997798349,0.02444982065719109,0.04010283725008385,0.11892725274864469,0.015211012741520608,0.8920738591981368,0.697887643182522,0.7322867184385007,0.4371416844366265
300164.XSHE,4,1,0.2686184226160427,0.25236489129942385,0.2947854725384311,0.31482898392231595,0.26672049711246465,0.09695994145640213,0.2896610886479468,0.38389633575559323,0.9209133963094265,0.19646175293951584,0.2250854829623613,0.0004988892591489091,0.010121239799597441,0.004550554928184675,0.00012423788260845333,0.0004002963908826855,0.0007605825179559932,0.0010902233450607764,0.6195128993776945,0.022488298286236788,0.15061920651797733,0.003659508919230183,0.0,0.0,0.0,0.7022417610843031,1.0784091512303626e-07,0.0,0.09134051696217903,0.7286183539604503,0.2298985323789756,0.12048192771084337,0.13305799715660166,0.3190692116509718,0.12194252271084946,0.0378080443349654,0.3356655560759926,0.18651598921014137,0.14208910423830812,0.43068550630087843,0.5327255471814254,0.16966686105652462,0.20264788307343348,0.5176011044762313,0.07808999921844552,0.0026713347800889635,0.1501999756760412,0.16553492085111682,0.059183466280297414,0.0026713347800889635,0.7240344155077784,0.1541205534812443,0.0001582718594031418,0.00916866243431111,0.05581489410315767,0.04474601069238165,0.017297574878145303,0.042554486998811925,0.029491929774957834,0.7659326512486098,0.31164268696468583,0.038130777169505234,0.05342255158510008,0.15095086322642753,0.01180938565532093,0.8305174262544206,0.5883253726062536,0.600263260041245,0.6706323506089342
300165.XSHE,4,1,0.05951759565170135,0.6957448723673505,0.5245490471739159,0.3252716784541114,0.256362984379976,0.10014310496557596,0.7233059507843326,0.31822341797165227,0.7935448772721405,0.4267815467431846,0.16090719231441641,0.000757917992700328,0.010730519788233521,0.004775019681168298,0.00011310358085695542,0.00022052102105140292,0.0003847014698359232,0.001050359660376208,0.6205453961487329,0.023566521083055292,0.15093054989964383,0.003603885490867354,0.012690188061622937,0.6363636304132232,0.013596051706180922,0.6921233157059944,0.004411239897782461,0.09460070543547074,0.09107928991544578,0.2646687774292383,0.06169497835621562,0.6144578313253011,0.08933119529455787,0.8109678790348825,0.05087882677874248,0.03597381166033604,0.30921780046796543,0.175760798220425,0.13854160979781985,0.6038783257655483,0.5227503680308585,0.2768563943011796,0.2549860206977247,0.5165697129158326,0.11143069552604448,0.010741171369590852,0.14378406819333311,0.1598893611961611,0.047574098946682575,0.010741171369590852,0.6969689533605133,0.07015552261553626,0.00039700898895522253,0.009022639575731798,0.06680059986312059,0.1446612762353366,0.014609815552395024,0.17443503059684118,0.02941306492555368,0.8262934901085888,0.32456098856679116,0.03259800317101941,0.037904088523901376,0.1516736491108071,0.03811135371179039,0.9236935635057022,0.7276408606430502,0.7721916068368395,0.251046339605033
300166.XSHE,4,1,-0.04005867553473946,0.6498590095901718,0.29036841620518916,0.30936752586547456,0.418000265808723,0.13296721891154897,0.6368089573128062,0.33451994200647844,0.7579866852720423,0.36746839089905386,0.14736408897907882,0.0006177723831554867,0.010850762125824722,0.004874764537956282,9.984377494538568e-05,0.0002958703656295117,0.00024859825431173936,0.0010988800014978485,0.6187232915275669,0.02223370828062636,0.15103446498878065,0.0036087882267572626,0.005955405399060592,0.5454545434710744,0.009151712221004518,0.7027548269477982,0.0017119728111887574,0.10346386904223567,0.09134290398976651,0.6372396126881952,0.11754771604631453,0.5220883534136546,0.1511210868685857,0.4100538035661672,0.10431030551971313,0.04612850471727633,0.313845277268444,0.18337468241655502,0.14063828293778613,0.3302535640728797,0.5318427242963106,0.09682523970448129,0.1715786730488376,0.5083838202647043,0.128041600282404,0.014884480744021903,0.1531966153516758,0.17063345799424165,0.04126007903922988,0.014884480744021903,0.6355639378015535,0.08297824588903038,0.00027804622121666424,0.009111640384114843,0.05943713230812743,0.1116322072235932,0.029592788596373563,0.14603280265218394,0.02933801003148026,0.7135438208202537,0.33480616221012327,0.03450145981617707,0.053389400889832274,0.17083974578203376,0.028685918526051322,0.8485446166082005,0.6293756357525102,0.6525799219989807,0.6734174402848964
300167.XSHE,4,1,0.1986120193293087,0.49314638940415745,0.37024193027606067,0.2547200097460899,0.211207431945026,0.07559706009323877,0.6311853631595543,0.490002566944389,0.585400166324329,0.618235536383095,0.09384355522386845,0.00046714153623634625,0.010474263137319213,0.004709996691314477,6.859998205851608e-05,0.0002783334659926144,0.0002675912248006911,0.0010949197395380915,0.618806972181901,0.02199130327258812,0.1508015720569024,0.0035294333410958983,0.012226959922002865,0.5454545434710744,0.00900815934563833,0.7030256961130457,0.0030824017736666353,0.12562177805914804,0.09157354393830845,0.6923224657929276,0.13768962814453986,0.06024096385542168,0.16857873564960055,0.36103003904120623,0.09988087091158415,0.05292388084412387,0.30846006471586007,0.18216387795439695,0.14181725537296863,0.4256643359064366,0.5067601986713296,0.14073382456756758,0.19606915209438044,0.5117705102790675,0.0961461705310097,0.004358025188180152,0.14554751604949254,0.1653498594822122,0.013695750653999394,0.004358025188180152,0.6880904721673988,0.08116083438107916,0.00028864265040242114,0.009130250199849829,0.06642304702814997,0.07071856528655632,0.01678012428052058,0.143053997364074,0.02941876283157744,0.6564839999866939,0.28321841335878767,0.04072956196414704,0.06842398337352443,0.134692455793687,0.033016689597415806,0.794747979719078,0.6113368493211273,0.6340447779717096,0.5264905502431522
300168.XSHE,4,1,-0.1186793651899119,0.43518882948838106,0.15753108951727213,0.31696094109264217,0.4388953390691177,0.052976315730482504,0.49622490399120645,0.6538960114521266,0.9991350081098478,0.5314399132211989,0.3497160054734394,0.0014502526594839843,0.010537394676150814,0.004739350454511496,0.0003039050754733626,0.0007679301135978402,0.00033741241912352824,0.0010887942563150381,0.6196165505846105,0.021895254461063104,0.15082953312723402,0.003754685703602317,0.029257204646493718,0.4545454565289256,0.04788189164286016,0.7076417733923063,0.007657376482345808,0.07615085466220493,0.0906185894469533,0.3680145559328988,0.23629416348384705,0.056224899598393566,0.11375964983246611,0.09596971149749665,0.07825320144484212,0.07797425706187462,0.3064258702529405,0.16243497618281633,0.14728186410230412,0.26778590499138877,0.5025167119078764,0.10651357096112081,0.1409912172851463,0.49974506281009995,0.10011730279805206,0.007671972994458655,0.14492278865964728,0.16130324570696614,0.04572813611563721,0.007671972994458655,0.6170918358404117,0.05407456112525803,0.002247738305524204,0.00949887391464615,0.05700467363446447,0.04501322064418705,0.04230236001444039,0.059609229895489696,0.029472219351777393,0.632116122207524,0.299062906300558,0.029381857589475997,0.12624584662814342,0.153953155874753,0.028579140994197522,0.8655811946996919,0.7318617044801208,0.7053718779128257,0.23541077605738453
300169.XSHE,4,1,-0.2006547020248056,0.7771790661549869,0.43500213315322384,0.23319007549147008,0.2448551384253257,0.14488925816092402,0.5328304705746358,0.0624610309075862,0.6650566986816119,0.3862828393374028,0.11655679280664655,0.000908760834622246,0.010525641653426208,0.004730535330067029,0.0001685936824026232,0.001540062955757171,0.0005542481728523289,0.001136803190368084,0.6183281635915575,0.021978145967792934,0.15077163136422744,0.0034935329155554623,0.006693066585598701,0.5454545434710744,0.005960276043623829,0.6979804823798231,0.0032409964947812593,0.057339242109071174,0.09108609134411183,0.2472411076466448,0.0775213762029654,0.9718875502008031,0.07574797318930997,0.786455996772402,0.06211440787072804,0.03081417399154313,0.3062575643410133,0.18076599924247452,0.1379644722441032,0.1994979876269795,0.47994194128513173,0.025607654717270598,0.09321257198790196,0.521355425962707,0.09658394547848105,0.009143681623524063,0.12108322069993431,0.13934701818506756,0.011876295043388344,0.009143681623524063,0.7207637036283986,0.07324953525664368,0.00035544073397643773,0.0090547145646427,0.05885418123274825,0.01591070191009551,0.03240424092403753,0.018455247291067893,0.029236131526261762,0.6079783288222008,0.26819267778627165,0.041782186358896536,0.03113353318584572,0.20390890206211684,0.03620386432972423,0.9371129866072063,0.7770388306576446,0.8013271263463362,0.20423951152432313
300170.XSHE,4,1,-0.0880433204483671,0.46909281167568073,0.2177245448126265,0.3443201137232702,0.5324822438937132,0.04648326235934458,0.43427960362631296,0.62832202637998,0.9874159047859081,0.2750657898553106,0.2909185448674308,0.0013024746996601884,0.01096769366889921,0.0048896285542437785,0.00023130261311148477,0.00036596873046704464,0.0002536463595393731,0.001065093478136532,0.6199865115226108,0.02297505305005246,0.15106575494489616,0.0036785581340948894,0.010444328251990348,0.5454545434710744,0.011849995365422644,0.6994555977100251,0.0033232804157701445,0.0318802568508637,0.09121954479799163,0.30629303674655733,0.08514347384041215,0.13654618473895583,0.10865787119326542,0.720814824776537,0.07750268686197387,0.05944588443951311,0.3024307579715672,0.18035667740078123,0.13568581879440644,0.41343857300696407,0.5260055539841916,0.1839123453905686,0.19475597569390923,0.5175471059690793,0.12265862205156833,0.02032527103242667,0.14830196030798756,0.16550786460506642,0.04016718634072328,0.02032527103242667,0.683338065874638,0.05495760253998707,0.0016941398369181406,0.009084281797332566,0.05894006065118497,0.12530259896668253,0.03579623744178854,0.18711202857668957,0.029658070798101954,0.6640878733881619,0.3114452975275903,0.027239380115592543,0.09352060589905077,0.1639800881592947,0.014993120775258719,0.9171454034170796,0.7521394454026806,0.727228798588905,0.3633826792331888
300171.XSHE,4,1,-0.1977873821593451,0.5125171519211623,0.28106257496472087,0.3878102692693779,0.3193083289240848,0.2275383415009462,0.6109451060478186,0.3032354675860518,0.9978405938498638,0.2208213048917488,0.3567638041036339,0.0014608037627578043,0.011717527336880293,0.005242421400144013,0.00041028308549123904,0.00028764074188721136,0.003065412134842162,0.0010667443875020997,0.622360992626546,0.022556096537783222,0.1516333510986911,0.0040370467510622565,0.019702859906868136,0.7272727282644629,0.017137631203912224,0.7030112636113955,0.0023661714977588153,0.0781405444514787,0.09134184469836718,0.411226161702651,0.08550148922752027,0.7469879518072288,0.12603909870334185,0.6597430035345484,0.09889607891134859,0.032471951757310255,0.30729582501363734,0.18236481284551975,0.1383830269564833,0.625686219240249,0.6958835826374268,0.3393827597994585,0.2993227600897824,0.5189722650820039,0.165097900577567,0.025035557000133452,0.17886912073431102,0.19290488519249385,0.09073554090766554,0.025035557000133452,0.69656464242437,0.06927074479654319,0.0004115635348561457,0.009095737914250937,0.057322203219990084,0.03609144090961339,0.019132092671277395,0.02642456951242645,0.029374518584492162,0.7123080181361945,0.3622102010627495,0.03528182406578508,0.027371609604383142,0.11850379363631758,0.0162816294789735,0.879219866214086,0.7003200875679982,0.7104548827212163,0.5358465726314289
300172.XSHE,4,1,-0.1290639111368337,0.8472518587417095,0.32952781621217614,0.3320153210516782,0.44923780602483054,0.12411137890564833,0.7446157804523652,0.3558631410054984,0.7439948925961086,0.267213932560806,0.14234285432908134,0.0005111111212716963,0.01057064714259153,0.004739862804770806,0.0001049299502963884,0.00020259119376372686,0.0007343464598655518,0.0011029265590093513,0.6187738089609381,0.022422106151063444,0.15085899184425228,0.003610612678585705,0.012230186593757774,0.5454545434710744,0.012553221565919283,0.6878398243483113,0.00642134280301466,0.08175816225015826,0.09091011557437478,0.2861533844412987,0.05801069375725173,0.7349397590361445,0.09413453569466275,0.787287534429252,0.0698529793596055,0.04041399965980792,0.309573091312115,0.1787366203448759,0.13817374960029324,0.35001740280575255,0.5318427242963106,0.1214614673263462,0.1757698829540588,0.5188654323477796,0.10436154396870578,0.009715711557056682,0.1507736692180197,0.1687626918739947,0.034398154885400004,0.009715711557056682,0.7069785703518557,0.08370533836376348,0.00027414225194992913,0.009052257254157385,0.05387066849805735,0.03496807326707766,0.02569927653912338,0.03764981702217035,0.029297889036016767,0.6201450806847756,0.3081256899627082,0.0369330242805447,0.043604564982681435,0.16043598317880123,0.029175091224502007,0.9171951115592734,0.7216869001813278,0.7507888559410423,0.3298315831294821
300173.XSHE,4,1,-0.2136435811951168,0.5512072971827608,0.4770075724292856,0.27849575901659396,0.2786293966058399,0.15176086357591756,0.40491120869778147,0.2418010312117352,0.1936150426041437,0.2329061423845221,0.008272952779613596,0.0003415515953620849,0.010546333494115575,0.004740920202737989,8.995020355828331e-05,0.00081864826250642,0.0003636767141185064,0.0011136926490872973,0.6181100793194576,0.022159480023575748,0.15082215041519023,0.003542492704111439,0.0011255311141105569,0.6363636304132232,0.001451005806020307,0.6977298241879606,0.0009637921195250792,0.025097223478339516,0.09128624478221371,0.5138953468341952,0.10435400056186886,0.7630522088353412,0.13097749393570862,0.498130066861787,0.09553770484122184,0.040803824682306346,0.3064258702529405,0.18181611146679502,0.139795974075605,0.2651652187677203,0.5053718533939551,0.08121813984899671,0.1397297387973259,0.5160827226617402,0.09980294035068298,0.005157005338189069,0.14401796245260998,0.16093362608117023,0.04004578327113414,0.005157005338189069,0.6974270166176469,0.08350585053726892,0.00027519565658832434,0.009085518814504243,0.05674426507533378,0.02443401723931995,0.022692077033673687,0.025608055225900723,0.029381492832362507,0.6504624419106209,0.2852215073506153,0.06486413317696527,0.0444025525210712,0.22359630706287684,0.02002976012442424,0.8882205905327292,0.6812723895449122,0.6960891228978143,0.5416055561666772
300174.XSHE,4,1,-0.1999733876882577,0.6768482941621401,0.3384438673697426,0.31402772925489686,0.4835953388183548,0.21620293137397398,0.5929069710111242,0.22600213893710186,0.39137238647310757,0.32354667744311905,0.04739476300811485,0.0005817059932664796,0.010518409051257711,0.004707288444297011,0.00010999638649842618,0.00033677335450774993,0.00027523708028171336,0.0011129707388524371,0.617696649416525,0.02230228239854722,0.15078756263688414,0.0034565665024597764,0.002404075929581487,0.5454545434710744,0.0024229519208900413,0.6984809101754179,0.001462529726634239,0.0772813602242923,0.09139544717870016,0.304890275411692,0.07508524379239248,0.9397590361445782,0.11011580457763412,0.7764857576077996,0.08103978931802411,0.03889947315654213,0.30635345003819664,0.1819541378338645,0.13915644327283785,0.2178299896839163,0.5043269131222022,0.034815664385782756,0.10403075144494704,0.5206580623424608,0.09533223985332537,0.013445935939071528,0.12542271623335013,0.14355057495780635,0.016076364121204795,0.013445935939071528,0.7108487374631476,0.06326046404912278,0.000568597826531076,0.009206626414544625,0.05743248769589345,0.030405457718022087,0.06831779734448953,0.038635991026538315,0.02896532910953994,0.5704158040811982,0.27745927480210936,0.04200249534560195,0.04147867356811364,0.1623451512387901,0.028574804091643237,0.8990116956157419,0.709013312104728,0.7298072683007979,0.49361876707502983
300175.XSHE,4,1,-0.257353575756469,0.5060156496511372,0.2566880970050105,0.2658950776048346,0.09129225669098229,0.0912906997680962,0.7260473131003269,0.25177858464806024,0.7939242442737098,0.3916003611916229,0.16105807781806913,0.00027753367584406013,0.013684344003226122,0.004822233495879489,0.00015956211221309575,0.0008335900866201529,0.0003176044705713557,0.0011146835139058187,0.6183379706142591,0.022161996540826144,0.15093863792342171,0.0035913304205035636,0.01698161644111388,0.363636358677686,0.013186981656422488,0.6816774295045659,0.007250207425082236,0.10518223749660849,0.09116502532356877,0.2770487050250092,0.11406967015846695,0.9638554216867469,0.10542643727987708,0.4125463633573178,0.07429196811186677,0.03385882026533995,0.3064258702529405,0.18240859933981401,0.14109583343082277,0.05326152250517313,0.5340243850220938,0.026578280305171797,0.04390050565116115,0.5271929255451722,0.10376554340403703,0.006481369203974725,0.12160825588261683,0.1402078148892143,0.009044528684390984,0.006481369203974725,0.7781618342161568,0.06434511691334734,0.000529357088299493,0.009149997786254686,0.04562400170123038,0.03448027830356066,0.046809579658108474,0.03154958783485448,0.029210903001885467,0.554513923155139,0.2789317143506209,0.04594070027951575,0.03334871294693394,0.20559870104372496,0.027054495423820067,0.9198447330672765,0.7165400689929684,0.7366369783978897,0.29627125959041284
300176.XSHE,4,1,-0.1724116167112102,0.565850532319936,0.3998863024038466,0.45617986918919934,0.6346576124525535,0.3075863709694331,0.4384265537390293,0.29073256122235663,0.3277357673707496,0.09918035798189012,0.03408747474136009,0.0005987616501345689,0.010845323208092297,0.004870783543862754,0.0002562203700869349,0.0015877142657665369,0.0007949964080515242,0.0011448392236357333,0.6173872937732253,0.022168950446895618,0.15093259769401832,0.0035236774385750845,0.0014368004554353908,0.4545454565289256,0.00173989972466641,0.6999167225018839,0.0014350416883823522,0.03450302975490639,0.09133564574689931,0.2117188367011008,0.05884534777688281,0.8554216867469878,0.10815454489156742,0.6917325651704807,0.07457220827476549,0.037876435443854155,0.3055311654404324,0.18136323389864778,0.1347096244186379,0.3448835147242712,0.5289350253405052,0.05204986090748064,0.17136762586108048,0.5358454937703789,0.12034476822383999,0.05092559905763183,0.14825254492486134,0.16552256665612275,0.03952597667841731,0.05092559905763183,0.7463556510633028,0.07329824467801294,0.0003548808328889529,0.009102125057213825,0.04728803086276758,0.01569854451157955,0.08119835886452964,0.009860586028997535,0.029561166893122225,0.5902468611498898,0.28080905530855926,0.028449702357399593,0.037004463592681856,0.10728026675786594,0.01099853442603338,0.9283279601198677,0.7296586838264565,0.7380285334804986,0.38069986145711426
300177.XSHE,4,1,-0.05845332436417096,0.6518536037321326,0.1799235875931997,0.323608787275828,0.19292330248113215,0.09925095867310818,0.8587913560804465,0.4503252287392969,0.9500451815560897,0.376224000680618,0.24718569171742488,0.000558397335048226,0.01068699187074272,0.004777853745983699,0.00013189669848234626,0.0002489537362199355,0.000419790146360543,0.0010936749886994264,0.6188710074516889,0.022248533149958293,0.1509132181581462,0.003600000430175407,0.04074069599997378,0.2727272717355372,0.0,0.6950143819302034,0.0025345409656403945,0.1394591661390974,0.09134051696217903,0.7006664282545915,0.2921026736851254,0.02409638554216867,0.15185038296279996,0.05483939517441244,0.10877792858031377,0.0499819516921234,0.30320833393691776,0.19223949939184423,0.14148709109674332,0.21843608878965437,0.5160748521393432,0.08904223751458061,0.11548866168408244,0.5146433111547346,0.10725329554021341,0.006674910089926747,0.13597821274974836,0.1545037427480945,0.01938552552022408,0.006674910089926747,0.6635420208769341,0.07574544980741982,0.0003296519307709756,0.00909654477186092,0.05525159899298136,0.05973124930488254,0.02873511296062479,0.07427122114665012,0.029586038532158278,0.7367163685918725,0.3218382212525353,0.03043327136135922,0.06987502723902743,0.1598151631453615,0.03139678171920799,0.8159236482935905,0.646364048471983,0.6248755654017686,0.7772207036336327
300178.XSHE,4,1,0.05269494765366628,0.5069104813362977,0.4627979136385241,0.3728529252347056,0.5621284424528293,0.08986127712685144,0.5197511498474674,0.23372422589037337,0.707430324244625,0.13240341314482273,0.12991015987990595,0.0008244032001557566,0.010957743608577687,0.004872886521270998,9.363673858637017e-05,0.0004539891675675737,0.0007898444765739562,0.0010882866044116509,0.6189172706092595,0.023277933314706123,0.15101647816013802,0.003720548870900517,0.007322275801843322,0.6363636304132232,0.010954994478503533,0.7005528802638102,0.006556389230714718,0.07511078954508456,0.09164111025674726,0.573168467200732,0.14722414856303262,0.4578313253012048,0.15651537451034386,0.2214374514294748,0.11039120889529871,0.046849079174646854,0.3095521568589136,0.1833361679389695,0.144231094195608,0.4753064934807713,0.5318427242963106,0.21906373212424227,0.24078894474044982,0.5330048109658804,0.12628493039378336,0.012826584645157619,0.1719852942116992,0.1889353314072901,0.058479699577766484,0.012826584645157619,0.7372866996892883,0.119910642468265,0.0001847553146656635,0.009018107684364816,0.07182395220513545,0.053291867477485155,0.01994288690413506,0.03170911569497914,0.02937386883522768,0.810482534099616,0.35939983488587723,0.02657228629134541,0.06113901500790524,0.13475151365455743,0.011271161093497638,0.8561206700657569,0.6553502719915087,0.6605793833324971,0.672769305225031
300179.XSHE,4,1,-0.2185202139962779,0.7673312110741843,0.3292146714361784,0.33887229027623894,0.3848430516513157,0.11842894032183068,0.6704150388986325,0.31094894309133764,0.6344122753326268,0.3507926686608259,0.10748785123231441,0.00030444996625313364,0.010625932793049747,0.004762247365985222,5.225733381644131e-05,0.00020104319731296494,0.00025040986124837263,0.001087744624022762,0.6186850730364561,0.022610737284594673,0.15088809352478258,0.0035572835893962094,0.0068400468316062125,0.5454545434710744,0.006981919064486706,0.6922779228335132,0.0035006696051380487,0.08098941846793886,0.09124561516986326,0.3621425294415411,0.06160871902518623,0.8795180722891565,0.11570773343733652,0.7274619930828385,0.07947026601891177,0.032550192328828303,0.3151606058924528,0.18029653733907303,0.13718195691226207,0.3159649064753171,0.5430335271438211,0.15404413180470308,0.15783666501625038,0.5243761305561051,0.1112035399369987,0.004988833447858663,0.14476350040405495,0.16227408418869596,0.03490391265128664,0.004988833447858663,0.7219801420229803,0.06597006473976137,0.0004816086123815218,0.009061281009296698,0.0648886944692599,0.2333389995735649,0.014787733940509855,0.2683792485784006,0.029248461778551282,0.670539107139491,0.3397800256294806,0.03985413538208639,0.031489841311662506,0.18867086563307495,0.027988724053358855,0.9031498984533666,0.6756086639246388,0.723982276816481,0.4652131277572188
300180.XSHE,4,1,-0.1975929221100819,0.5574287600825449,0.45015482563721987,0.41315506110518607,0.5493213100859364,0.08412279693195682,0.5021534392257812,0.3938967919791142,0.8069526906516771,0.21372972889358957,0.16635036427103556,0.0007351953353961908,0.010777192083111778,0.004839856784396885,0.00018379001840241948,0.00022253411483059857,0.0003380002616983132,0.0010981400489310192,0.6186852094599522,0.022222845684858182,0.15098679425499137,0.0037748105722483333,0.008491434777229249,0.5454545434710744,0.009189221655508563,0.7012957595783378,0.006287335599634611,0.08135118024780681,0.09144797665448473,0.3198329760168913,0.12440923253151678,0.08032128514056225,0.1167183388650914,0.408807523670592,0.08471378763320825,0.05263677657567599,0.30984705975806875,0.18090216260068,0.1408787569185014,0.4373339980456363,0.5318427242963106,0.08886208048687355,0.22105316362946692,0.5288881173414459,0.11710297075994075,0.018290738960175197,0.16551869223663446,0.18228922171115047,0.055844616794391705,0.018290738960175197,0.7355233898550675,0.06319195109241992,0.0005713217726012974,0.009094019743458626,0.05222840600939581,0.06331787871129009,0.04764235965232197,0.10292023219714265,0.02951271902710572,0.6126493192274043,0.30716229713806736,0.027459136603271733,0.07341380211055303,0.1404516263869889,0.015088981276544835,0.9050388078567269,0.6977052098536114,0.6915817518807119,0.1974767892819495
300181.XSHE,4,1,-0.2385511378462973,0.7146661599287587,0.24914552127807102,0.3455555510303604,0.3760260592853757,0.0763935740880945,0.6912303751148191,0.4229300140293314,0.8066536756886346,0.3001415376167153,0.16622658394767975,0.000529475035960856,0.010806655397713194,0.004823466640015329,0.00011732371703388237,0.0005522871861882528,0.0002652159818570379,0.0011020478442679298,0.6181194694400192,0.022535340387786547,0.15094902961193768,0.003576221666753255,0.016420123627453858,0.4545454565289256,0.015416820443906507,0.695359403903646,0.005644351685943884,0.10075065569322601,0.0913163479296069,0.42987635040054906,0.08995270860507237,0.5863453815261043,0.11314827966495859,0.6497717377802461,0.08937415289585245,0.04022006937063099,0.30389922072749526,0.18211446557431413,0.13950870515810188,0.27012785647753523,0.51271377501861,0.09589611034601554,0.13928892005833435,0.5150192933253509,0.11440060254543068,0.013235843829363143,0.1419898695071036,0.15976397450217134,0.030544270106455645,0.013235843829363143,0.6682909215835434,0.07318153522192264,0.00035622648963019236,0.009100555482012617,0.05560026151668065,0.045141744422553115,0.038993502930387905,0.04150006965163192,0.029501245572064336,0.9352559148321826,0.3158487950192455,0.026926616916837683,0.043369706325659806,0.16218230670821301,0.024075940659209188,0.8906127948758007,0.7174771129096462,0.720425493711597,0.4465963861042509
300182.XSHE,4,1,-0.1961562365103492,0.3904739156465723,0.13005226490057803,0.33627764173663843,0.3818837145348054,0.23063635791716108,0.5643357318440939,0.6139031644506237,0.9982757242880063,0.28962908249980174,0.35470064813003616,0.001898945234435036,0.011007867883088789,0.004896055223014899,0.00020753615873119046,0.00020715525003488314,0.0005060604845960149,0.0010808431284073715,0.6197158182404755,0.02241487879400103,0.1510665338786651,0.003733332353804404,0.0,0.0,0.0,0.7007826957244793,1.2964360734292621e-05,0.0,0.09134051696217903,0.7405147269053285,0.28563728601246874,0.0,0.13305799715660166,0.3190692116509718,0.10747347050617426,0.05882610624684473,0.3283235216005953,0.18252846882986837,0.2699885872348612,0.2960993802862079,0.5318427242963106,0.11832396620013708,0.14607425050244166,0.5185742017374592,0.11806607564437774,0.01568180372576844,0.14604459355899585,0.1590226948518588,0.07874712032184006,0.01568180372576844,0.6789782852308488,0.07012447625816266,0.0003974962130491856,0.009136538644634127,0.0681300818585203,0.06802517721064594,0.03761144841087286,0.08842228706698094,0.029614735110260724,0.7332595584819088,0.32851344924804166,0.0324048478864556,0.0819311599424151,0.17268075188731824,0.01853562242029072,0.761787043217679,0.5797952324090048,0.5642571023439913,0.6469735971483881
300183.XSHE,4,1,0.0702978609678073,0.5487149860088174,0.22108402294701196,0.3989642654584159,0.44041930908121285,0.21475904638148355,0.7044870257099307,0.37259958177678365,1.0,0.359575155120974,0.3335527347094031,0.0009202420603007834,0.011517020516537637,0.005020963719063857,0.0001544672090217411,0.00022218306641356005,0.0003540577799691829,0.0010252099102881298,0.6212834042696784,0.02217332646254179,0.15132842274138553,0.0040203198734473,0.013162158277541924,0.6363636304132232,0.01557086289279452,0.70065485787608,0.002734428323192789,0.09835398390160079,0.09128385266037804,0.3089876007552382,0.08915655547792786,0.7068273092369477,0.11235507957694237,0.5783128819555301,0.07982199351845737,0.03475950973305131,0.30823678836545754,0.18116092724402166,0.13934492287934444,0.35191911121137615,0.5318427242963106,0.25739211244479937,0.2004442835698872,0.5290904611898075,0.13825159126406603,0.009999455589537506,0.17361748979825548,0.18975800340109308,0.0672519991082971,0.009999455589537506,0.7082195478494983,0.06220095022229795,0.0006146384960432058,0.009116242735014874,0.06157250887684494,0.2594594282600123,0.01804065666111295,0.2459359417012125,0.029459748797235792,0.8084561281730855,0.5313129920987774,0.06371097833440068,0.05575767583938982,0.24033841895931501,0.021054764610875156,0.9166341196688017,0.7074211666887802,0.729246157380391,0.4174734819519994
300184.XSHE,4,1,-0.1903854729203604,0.6552750651415111,0.4397526600897088,0.2922996504758921,0.38682825830923917,0.04109477106459536,0.4502556574649867,0.21265604356000195,0.14758122800747142,0.08308973523571231,0.0,0.00025248964763419166,0.010614383985970857,0.00474204345301024,0.0001117635214857378,0.00022333686894832663,0.00030654340515215303,0.001105591476021133,0.6181195272328135,0.022961735726774693,0.15085510054784432,0.003448861005932746,0.005059748667606247,0.6363636304132232,0.008326784387309098,0.7051883455070516,0.006174403466875521,0.11712037623225105,0.09157120776274712,0.38393285182629533,0.1461296853880051,0.542168674698795,0.12666232734392602,0.33402559698757517,0.09224732670687949,0.041374683070081596,0.3064258702529405,0.18150805472159057,0.141479291940612,0.27468140949603037,0.5318427242963106,0.07858821156606662,0.1262978633304866,0.5135328689916724,0.10512952133182453,0.01476905181394354,0.12876043430091683,0.1468970245144962,0.018232461431331587,0.01476905181394354,0.6592394981402866,0.06111311932218953,0.000672513368353138,0.008976715039071687,0.04848229564787907,0.056273304304792694,0.037271315749897366,0.08079371212998133,0.0291993001418543,0.5539123772097805,0.28629683205526596,0.024343074595331023,0.04540406223836875,0.11410730797486954,0.01134010288927439,0.9044698271576885,0.7065062359028791,0.6951226918537254,0.6281931499362824
300185.XSHE,4,1,-0.222540427359557,0.6089140375225301,0.6970227956269829,0.30982508212196314,0.2908377070570544,0.18922630759540993,0.5105368330294281,0.1656778464637456,0.9803923462707433,0.20717239939131088,0.27983839891506995,0.0012664981809958561,0.01158308859644144,0.004992521334645848,0.00029156997859738936,0.007638501888749333,0.002763982551224384,0.0012630723120160444,0.619432698324757,0.028120966201306916,0.15101134145258063,0.0039568745777586204,0.009948581169757635,0.6363636304132232,0.008175471982784354,0.6881688667911021,0.007909986058430041,0.031021072623677308,0.09113970412515693,0.3377149008736742,0.08482103042820399,0.9839357429718875,0.10934961545607028,0.6655586341839997,0.06634879812181436,0.033560936677188485,0.3099361095260218,0.17332991166279377,0.1396425906716893,0.23608453858733017,0.5382320386567592,0.03895286396300941,0.11016558871622634,0.5167148464499254,0.10356258293137238,0.008330605313851198,0.125337120331992,0.14368560463205168,0.013926628543982238,0.008330605313851198,0.6957186276331334,0.07491568356688523,0.0003376142821802001,0.00896715557215191,0.049222230606422133,0.015941456808568042,0.023279226189882336,0.01188359332632136,0.029391952842010235,0.580776809267245,0.288119667054243,0.025434828921114025,0.02739171030580485,0.13669234812788164,0.013147843512591972,0.912898020195708,0.6891805979390564,0.7195039515411406,0.46669101551649705
300186.XSHE,4,1,-0.2225586755347395,0.39826108886288525,0.3203403305699382,0.38948732627603566,0.5473872590690508,0.22707066521753905,0.684478788986158,0.45849675998850103,0.99888956117249,0.20678046394174524,0.32265238645301153,0.0013937958106291191,0.011356673790156684,0.005091032585052157,0.0003159627191595568,0.00024028798762989152,0.00045201698524598437,0.0010395306484702338,0.6213527888853528,0.02247931645747341,0.15139387995865503,0.003965991870812271,0.022390082972314977,0.4545454565289256,0.02071794405260111,0.7037011110263014,0.010431063783989832,0.12824455096319073,0.09114003379843992,0.5304294246927643,0.1743223482536339,0.04016064257028112,0.13338212875403022,0.2567511105134077,0.08358844364635333,0.05742724585158554,0.3091543753826515,0.18147320815391746,0.14238529391119878,0.4556152771434053,0.5318427242963106,0.19339443419344685,0.21987119504872918,0.5194717010886741,0.13556558521459067,0.018864446520837633,0.1584676156560777,0.17521652892903858,0.05131983426625495,0.018864446520837633,0.6899402531266907,0.06109145690250711,0.0006737997305500879,0.009107740983575667,0.05656050158857135,0.1608726094197071,0.027846814300130397,0.15696361994142066,0.02950884232604342,0.7387710499499358,0.33259146829904235,0.036579725528233756,0.09125440128050744,0.16795572718751584,0.012670485134892624,0.8770868543267387,0.6810180885409758,0.6752712476202296,0.4567208475979081
300187.XSHE,4,1,-0.07245304173192249,0.8664639715034448,0.14528456687461816,0.2818702364081975,0.4430817428693466,0.25716049088112597,0.8905257374830181,0.5540475546144444,0.97947510360144,0.37191909152959235,0.2785563238870274,0.0004743419025891973,0.01069793615017859,0.00480648967518937,0.00012731901140649492,0.00020258268937440192,0.0011264936900444403,0.0011144704569433447,0.6187472132909063,0.022207316227688734,0.15094302176016755,0.003544361532847198,0.02441293593819202,0.5454545434710744,0.024783427944970054,0.6956154930863043,0.0041567826757588225,0.18255403816586777,0.09097235168055147,0.3301973736132823,0.04646644841578263,0.5140562248995983,0.09382423898249029,0.9194024426675317,0.08006294035519375,0.041708513261887965,0.3187757934640982,0.17890473063797285,0.13530755972203806,0.3626032987153162,0.5318427242963106,0.1066184227155679,0.1683218143721515,0.5153083961134565,0.11480095339202476,0.0161814501863097,0.13938487219440768,0.15625815023992431,0.03733992620919975,0.0161814501863097,0.690968558397807,0.08767584676741394,0.0002555948979077536,0.009108290677598099,0.04856857082400444,0.023022011876231065,0.03138555191835929,0.025187055022207354,0.02926305185060973,0.5729339807483121,0.2872434837639402,0.030615864164539406,0.04585813192945911,0.1467729549830268,0.03878940599389843,0.8757296445157716,0.6901342267038171,0.7529989728369504,0.3172155295392297
300188.XSHE,4,1,0.03488779127468231,0.5743381961738543,0.19061370236001904,0.3140208234135644,0.44103384547485724,0.250870995103771,0.6578440914143756,0.4653763908175581,0.9217753146243345,0.34881326895820963,0.22566914784475411,0.0012210241306879251,0.010420705209951853,0.004617369462474885,0.00011577212083836041,0.00022798785508617623,0.0004039520426211419,0.0011128942476376056,0.6185168956244151,0.02263303370412529,0.15068544051102556,0.0035932625268193874,0.00707335687759713,0.6363636304132232,0.007032603367671624,0.7015221849750102,0.0012682290106848396,0.06950348195713123,0.09145243289828707,0.6551196099188219,0.10438564370421663,0.35341365461847385,0.1632924918736519,0.5135022210268155,0.1315127216623211,0.04396925733177533,0.30843145445016623,0.18431160563828258,0.14062658420358914,0.39305309623006834,0.5318427242963106,0.05204978804316205,0.1940927433646978,0.49583296129900895,0.07890149297793318,0.008428357782464176,0.15424256124237948,0.1710890259223154,0.047560580264261076,0.008428357782464176,0.6323598320590529,0.06584654284173103,0.0004848573563454732,0.009299093173965866,0.07710349169093539,0.025312330878845428,0.032172697601187156,0.06661317971611475,0.029326398998502368,0.7824394046413844,0.3176998563183989,0.03702624224124804,0.049895548508971196,0.18041052338247962,0.025174074295627208,0.8204861456306543,0.6432930874353193,0.6472843551713301,0.5947580915462113
300189.XSHE,4,1,-0.2825959889675754,0.7085009794514249,0.3597518978711871,0.291747183169296,0.3574139318877685,0.11176035016244834,0.7493307661934694,0.24024419134930586,0.911876206927136,0.3584565825626429,0.2191639045735022,0.0005663853588282422,0.011137608016590566,0.00498685551306935,0.0001374015705240347,0.00043564201754454695,0.00033850132358371316,0.001086177700995238,0.6200516414819304,0.02283123715528108,0.15118583324843138,0.003639928942386599,0.016661722915290673,0.5454545434710744,0.0336546643270359,0.706384070871854,0.01544495633276855,0.19209550510988513,0.09296314834558392,0.657075357942026,0.20280041601462143,0.4497991967871486,0.19031729321128765,0.12671401982755343,0.12299926408582074,0.043846534359240776,0.3761954915510102,0.20344004337145033,0.14976459547077003,0.3179320716520572,0.48584400436872677,0.09496366566105406,0.14709500286274102,0.5186418504248578,0.12346559010583362,0.013814870695559141,0.13391250355115963,0.15265581232311942,0.015934285419676893,0.013814870695559141,0.6807147189045745,0.0711726508611583,0.00038189814493391554,0.009126883495313438,0.053440479890496474,0.09274233869457321,0.021743178963727926,0.11004725083776577,0.029588702912789998,0.6466557926379648,0.30653002801411633,0.030532737436050266,0.04948514372619999,0.1637837563966155,0.0308157863252976,0.7878891437417448,0.5822829596214234,0.6038174026241507,0.8230546560645533
300190.XSHE,4,1,-0.1905741394522651,0.7696899740610592,0.2800509416045335,0.3055377941644932,0.3434221953627244,0.12766423626853982,0.7879497311256594,0.45616214147289846,0.8791742444932509,0.39144548191431555,0.20012251541494197,0.0006384638070445642,0.010695462502400959,0.004805751329124156,8.075998851109128e-05,0.00020648506629403007,0.000562954611194228,0.0010937501244456071,0.619278100182904,0.022222402884858897,0.1509483685554726,0.0035334012952925767,0.02306403054526306,0.7272727282644629,0.019435959248550627,0.6992891851496474,0.004524584378889291,0.1934068915619065,0.09120629345027591,0.45649231357962394,0.07955452205085392,0.2690763052208835,0.12716301842938474,0.7565432260991952,0.11003901132221926,0.04903447515810791,0.32965335285073155,0.18728731647339103,0.1381568514286754,0.6455770263963085,0.46273359631733935,0.18594307394959617,0.2727833634524695,0.5299083077245246,0.121017705777289,0.013408230246385525,0.14718733408289134,0.16361194288415276,0.04682871590806978,0.013408230246385525,0.7335228686912596,0.09217624489332471,0.00023895474876497696,0.009100749314268906,0.059365632085711606,0.04614510156815929,0.021113351564887372,0.06447048740455566,0.029352572860382963,0.679738601951781,0.3280951160130137,0.02284155286676307,0.05754472096824769,0.1297398287480367,0.03402793563438416,0.8439403999375097,0.6596844456238116,0.6907856345042287,0.51515338662673
300191.XSHE,4,1,-0.2492473363363035,0.825651959304867,0.29615556033118384,0.34463105365608515,0.18707467469776795,0.17492828481576048,0.7912340625816993,0.31963056521696914,0.9156286032181211,0.3971823959688849,0.22158033139696937,0.00023348145063596803,0.010868563785965934,0.0048802431479288075,3.870314551102952e-05,0.00020838801688320314,0.00023913875980544047,0.0010721557136290413,0.6195853745707833,0.022183240277336178,0.15108438303184746,0.0037071572624178374,0.017575335299592078,0.8181818152066116,0.03901825233833897,0.7121882629465696,0.008299782596324329,0.30794971511259833,0.09224581055558025,0.6256990290828272,0.22569538773806777,0.24096385542168672,0.22012817691787742,0.049023764524961,0.17005716845485652,0.048731115341379645,0.3108305877121983,0.1936380005915389,0.14966840587848393,0.3985102425354523,0.5318427242963106,0.17094898160638644,0.19777037857313431,0.5220866340004471,0.12712775595865664,0.004399781736618638,0.15602610938644548,0.1686123172833427,0.0891596866528458,0.004399781736618638,0.7010926912034328,0.09888287810482385,0.00022002712728077744,0.009114477682587734,0.056990030599984476,0.7059936114194394,0.011377308181622341,0.4861746596135898,0.02940939935894839,0.8706188327680096,0.29599917104153156,0.02928251338957015,0.05798417384158626,0.15961154810761513,0.029820990608362744,0.6937747653065571,0.625226659590465,0.5827235927998247,0.6971778149482998
300192.XSHE,4,1,-0.1804945108858291,0.5436493718822824,0.46501385226299496,0.36603739105813954,0.423781521947191,0.10226599734905101,0.5192835873335099,0.2714387036216269,0.2712948269972312,0.15353699023738485,0.022887162489683144,0.0004626091187756775,0.010661037119419205,0.0047918263197808475,0.00013999104339915288,0.0002837562690996302,0.0004817520893853073,0.0011045145255102605,0.6183227489035066,0.02217466206037227,0.15091320102442168,0.0035624393379866926,0.003366825543077834,0.4545454565289256,0.0031120100261149285,0.6969638384563082,0.0022789529569330995,0.05286244008320521,0.09124708339794677,0.2744432038212961,0.049344249516114054,0.9879518072289155,0.10171012357846552,0.7760699887793745,0.0718284694121685,0.03678738998640598,0.3069397105769675,0.1810810911439424,0.1383323324416298,0.2843522649934853,0.5318427242963106,0.10398477835238984,0.15136498138792778,0.5235077382068866,0.11346952572872121,0.02081771597163018,0.14866614097887723,0.1660109486677328,0.03909390898533806,0.02081771597163018,0.7171108828585018,0.07064036208221357,0.00038960530333047674,0.009106683816418312,0.05101817899750882,0.038770190424865,0.03914338485391662,0.041786783621425606,0.02978041027544163,0.5980237136619123,0.2920069152488791,0.02527739107359823,0.03590985154961976,0.12095801983584131,0.017160226117126278,0.9067519634716166,0.7022052319667424,0.7463224130146047,0.26426639940250507
300193.XSHE,4,1,-0.1721771265597963,0.5080112243231059,0.622299973216488,0.36573760671516925,0.49797709531248824,0.07074602592665707,0.3812675025201143,0.12202769918050166,0.836762857862952,0.16295755611715135,0.179259658140431,0.0008543463293771008,0.010761797933978879,0.004827809476217338,0.00018999297363620003,0.00023150138780752454,0.0006827202210340084,0.0010538529043311482,0.6208505130366674,0.022372004770710663,0.15103670920860549,0.0036119735095020765,0.003347981960613577,0.7272727282644629,0.004488610593020102,0.6927739624844595,0.004108303341272833,0.03486479153477435,0.09143416735810089,0.6640408887446687,0.15889290206612014,0.6586345381526103,0.15742320650476774,0.2023264575777205,0.10532288408883812,0.04258818832294591,0.3064258702529405,0.1826338106222734,0.14337058730245386,0.5693813191850093,0.5318427242963106,0.20107896025677677,0.23371615962536338,0.5215276189717593,0.115873197398555,0.012338088267369408,0.13474551691140332,0.1514099951754353,0.036208067896654705,0.012338088267369408,0.7120791982023355,0.08204921393500533,0.0002833052149391011,0.009091912263184097,0.05510200258667224,0.06937253517746787,0.020801440122795094,0.08099636884390381,0.029581717767657355,0.6413466645524776,0.30731705512868956,0.03153305317299378,0.04870084528088101,0.10908145234838122,0.01231201770652629,0.8601709960091464,0.6561297598514,0.660386625228075,0.7256546140764656
300194.XSHE,4,1,-0.118409190998657,0.5317225970788443,0.3978473678583035,0.3425067106185101,0.5785903611738714,0.1998244993676337,0.536666264774209,0.43566487982174673,0.9480671163453609,0.323642002641262,0.24549432846689928,0.000815707428699671,0.010703383464020845,0.004805502822361867,8.552340046598077e-05,0.00021443740938414813,0.0003900371890328847,0.0010582892072358806,0.6202688086392617,0.02226220476655277,0.15100334055946837,0.003764974893433855,0.00783805399762857,0.363636358677686,0.008102928121966705,0.7023185211847819,0.002818019017399258,0.05666093877181875,0.09146587364964422,0.45319484912521213,0.10677891725957805,0.14457831325301204,0.1195511963222922,0.6809307883490282,0.08942673684808279,0.049345979699495966,0.3058858133192349,0.18839938719976512,0.13997665452598027,0.8031489457152424,0.5318427242963106,0.2817078827935174,0.35536296794229727,0.5270667416730689,0.12241284144487664,0.014741616472710807,0.17391223311092233,0.1910834240495536,0.057674940365380824,0.014741616472710807,0.7250966081116927,0.06469001292067614,0.0005182359641619233,0.009105255434444811,0.06121790998781593,0.15516785417483503,0.01889574573670222,0.15933139401492,0.02939127993606337,0.6550491604414516,0.3239666789499739,0.031237523068865587,0.062292032473662405,0.18365126412322036,0.020455823413291857,0.8860121287866953,0.7271958338861615,0.7190577033267935,0.5672885918296401
300195.XSHE,4,1,-0.2025794052196483,0.34073770763458316,0.2548723231044313,0.37796112294646395,0.4815247055834041,0.2342177784237628,0.6132390004727416,0.3039194364228705,0.9760893409288696,0.36567171393932824,0.2740658990178438,0.0006799220580526511,0.011437915105808228,0.005108053829627419,0.00017669812722744273,0.0002263352111618546,0.0005652682612448645,0.0010851636086955968,0.6198426676745675,0.022802493810354464,0.1513685841207557,0.0037399003663696113,0.007253881090893559,0.7272727282644629,0.010124835702868219,0.7021269199956065,0.002579490007044043,0.07795966356154471,0.0913985600440717,0.7509765096749638,0.2647978019869227,0.2730923694779116,0.16907283869446116,0.1391768187833064,0.11948951026690618,0.059014117777808586,0.31106025859244996,0.18272966525414483,0.14769521937726338,0.546874334512763,0.5318427242963106,0.1750476723912397,0.2601044709661722,0.5316576987658952,0.16504776968895002,0.021557263111735225,0.16724191341271066,0.18076493206408606,0.08779827581133963,0.021557263111735225,0.7125618005625298,0.07039808284935493,0.0003932574766678154,0.009098009617328179,0.052452932538089025,0.06676045697067376,0.027896282263181017,0.0772088535380506,0.029389443747366257,0.7152065270784382,0.3572859769988747,0.026955923740184407,0.08669461385727924,0.16480721487561434,0.019226984506789495,0.8477697021772166,0.6081691433373138,0.6225981151954116,0.7251414058332133
300196.XSHE,4,1,-0.01613523055866285,0.6589073405025766,0.25114338071438924,0.44629035025541874,0.6807100603586411,0.18784316447815136,0.5086771481876929,0.49369339690658476,0.8858232659108014,0.2552360217101688,0.20374150873758073,0.0005308778541449626,0.010941174621200188,0.004917314369376612,0.00025936485116020703,0.0006359827614616983,0.0007946494276274741,0.0011277351005324638,0.6175955304164744,0.022597716005506675,0.15105732918123702,0.0036672289492006172,0.00847636989483255,0.5454545434710744,0.007865841522933776,0.7015194705833476,0.003911808704820758,0.06914172017726326,0.09128017696592411,0.5171490263938653,0.16257119134160297,0.10843373493975902,0.14554628691443847,0.19941812895814487,0.08920471348437552,0.06080284315036236,0.31353728604429987,0.18195074716364995,0.14413880418138755,0.39606249744875593,0.4445815786156732,0.06726065173416897,0.20524927920809888,0.5575263560892009,0.13004666176149846,0.03135740841470354,0.16387365334923396,0.18184581232339894,0.04334540207079707,0.03135740841470354,0.7999572318489514,0.07333885942574125,0.00035441584424909843,0.009095182462834753,0.048026250871326503,0.02178140724606397,0.08304086728101165,0.013106858669151934,0.029430267616247934,0.6154923861470345,0.3058317677469943,0.030933786729200885,0.09006155350177927,0.15226256523281148,0.02053074714362625,0.8720077473690191,0.6430249657246474,0.6638087417120617,0.5182083733591435
300197.XSHE,4,1,-0.2629051174823049,0.7877091740152489,0.09903547597900081,0.27621452942977404,0.38566237778440904,0.3323752025633071,0.789170324095193,0.6353568464950766,0.9173871273399787,0.3626543717141326,0.46448069410945697,0.0013588268322794858,0.011391361317854206,0.004997384466746439,0.00019811748914126546,0.002477138759395951,0.001472887854499033,0.001141244484783588,0.6189729320538766,0.022020214167062926,0.15111276750628572,0.003931608285585045,0.04118916873137061,0.5454545434710744,0.057298208823156456,0.7047971508001476,0.002940046493149061,0.15162340598715746,0.09142061298474329,0.6102079674103218,0.30575004433997927,0.008032128514056224,0.20975135417174492,0.03198956163593228,0.15414464095942185,0.0704046550562969,0.32250549539933626,0.208057653563308,0.1488403954692102,0.3948560156342652,0.5270245617251526,0.12596940055654493,0.20877009100864302,0.49005391660607056,0.13449734471652636,0.021488582693749925,0.16761275067245252,0.18400072492850986,0.06087727766604984,0.021488582693749925,0.635284659438148,0.05999184740324147,0.0007477599980111705,0.009111223932633509,0.05128834957962618,0.023872611839834915,0.043281834920557496,0.015441645526356462,0.029452815414099064,0.6293806128117644,0.29599917104153156,0.028744948087028994,0.10877262643186572,0.15841162854030502,0.028104474487049114,0.7112223232165429,0.6330215381893769,0.5829572789949116,0.6308172371488774
300198.XSHE,4,1,-0.3232219408408619,0.7228284839260736,0.24546506445510366,0.33176015906808676,0.4818881446801894,0.04967889964646782,0.5155872125277752,0.49393158589342223,0.9364296823064813,0.2874694737004932,0.2361773744928507,0.0005571229144265875,0.010873525639345745,0.004879163137409426,0.00012472499767034856,0.00021175002299716526,0.0004925444505685263,0.0010947405847525418,0.6192718848502042,0.022214406892577976,0.1510462991817582,0.0036885187410747563,0.014119943590871221,0.7272727282644629,0.018432895377180573,0.7046204427764167,0.00530941517386059,0.08130596002532332,0.09111661835591203,0.3183201371728088,0.1479109026603196,0.21285140562248994,0.10961379588405573,0.3680929761759328,0.08283837503068385,0.05851619444892181,0.30788724555840563,0.17557068307494816,0.14124791697538325,0.2613273425492924,0.5140711620809307,0.08597373889807364,0.13819030509565705,0.5163125676085398,0.11763648177942373,0.008497733801942327,0.14379894762723802,0.16168765123582057,0.030670974620131648,0.008497733801942327,0.6725794219755848,0.07316932369375763,0.00035636813770821747,0.009108009936112329,0.05378531675653883,0.05691545202129824,0.026569284524204102,0.0765699792742875,0.029402237133303415,0.7320974936879258,0.3491937887345138,0.030570583619346368,0.08035977987773413,0.12876094074580738,0.0247806125500987,0.9036141369956399,0.763038454734422,0.7322141040840953,0.6173097915909903
300199.XSHE,4,1,-0.04372840030538175,0.6219127277305457,0.1384824017505618,0.3301270161293892,0.2748037570976362,0.0950115011848281,0.6044688369688028,0.6424217150669742,0.9996206329984307,0.5035308994792884,0.3280869751025366,0.0005669005219423641,0.010840070925339283,0.004864890352517917,7.887010406699911e-05,0.0002298668140950267,0.0002379176860006388,0.00108895257393825,0.6191187134056066,0.02227829325538899,0.15103607331508065,0.003638910920513604,0.01922481756429732,0.5454545434710744,0.03266434077699831,0.7047444075203381,0.005544044213377289,0.06679026860812155,0.09147652655882521,0.6057953090155677,0.1703520192303646,0.004016064257028112,0.17822955632181786,0.17282945573293884,0.13353514273154082,0.07373333331686713,0.3273056014309526,0.1881874478591552,0.14614188744777815,0.1654615133106304,0.5318427242963106,0.05681569739331908,0.07284260602066807,0.5224178917569613,0.10859116363017955,0.0024513610374086096,0.12584962546507042,0.1440203138742557,0.01595655148484171,0.0024513610374086096,0.7037300605181023,0.16524553327085825,0.00015309336625993146,0.009103335754871211,0.06636473872868909,0.1681913329055204,0.017108663609352558,0.32128085615214813,0.029528787040363255,0.9019746230774093,0.4415043021748073,0.04914903774982096,0.11317232980736106,0.149448133581598,0.029801250224322548,0.7957128502648734,0.6202456768829334,0.6024694161541853,0.4534848185836814
300200.XSHE,4,1,-0.2252438607199246,0.5214711558468123,0.3194356195301557,0.33121087907287483,0.5659599330964459,0.1250590244710214,0.531919997712942,0.43075617124762117,0.7128815294812947,0.204312643447021,0.13170587807457446,0.0003920651616337303,0.010689100589419262,0.0048028190520739535,0.0001559863995866606,0.00021151202617961603,0.00031039832275047693,0.0010941177889807864,0.6188270757638479,0.022200563327759815,0.15094285014086864,0.0035212822807953485,0.004596693965126298,0.7272727282644629,0.00465737553009873,0.697344175413079,0.002652304217599961,0.05064664918151397,0.09139681271271145,0.5650263856570189,0.08682217274772588,0.22088353413654616,0.14123046151859603,0.6240135756221903,0.10189211467677689,0.04602374384711879,0.3066608887459604,0.182112098772448,0.13982067140335414,0.4368343366415169,0.5318427242963106,0.13965787360714846,0.19596152818700333,0.5206971660941085,0.11857835066243269,0.021247434023272494,0.14182358530714897,0.16001737525288715,0.026452615560215526,0.021247434023272494,0.7032392784568878,0.05985603076091196,0.0007582522499767519,0.009111267250167447,0.04899994670463125,0.09164622426116444,0.03457524248077724,0.14061390177723349,0.02953251799054233,0.6025766125589488,0.30090189842308424,0.06277878247739588,0.0557570985884772,0.2136419700309064,0.01771161093497637,0.8823630185624405,0.6699642872937956,0.6807133634176805,0.6491562764206578
300201.XSHE,4,1,-0.1939048293808933,0.49331464835350386,0.25434363986868663,0.27599938591134,0.16090037271732577,0.08945090791025531,0.5542664613286233,0.5174379073375217,0.7396936435829458,0.35580932640082596,0.1408303852685151,0.0005406855993892025,0.01038235471054647,0.0046682382214368115,0.00011035422298609447,0.0006317472020827232,0.0005066704645672268,0.0011201989863057235,0.6180461127859652,0.02231242004594209,0.15072736985857882,0.003495501610479933,0.013225170630864444,0.7272727282644629,0.032534600832242744,0.7141043695168495,0.010567023303613202,0.1704802387627747,0.09178579172437669,0.6352960491030024,0.22315386012381197,0.004016064257028112,0.19412452187295356,0.08599947233289429,0.1366205647874047,0.0783068492603757,0.31029031708096316,0.209775502162278,0.14770301853339468,0.20647714475793114,0.5111757146070709,0.03760348964709151,0.10181174964241133,0.5120063372166223,0.09056179841777864,0.006120106522775906,0.12690974597438873,0.14508906354391374,0.01658583289795224,0.006120106522775906,0.6727383418811209,0.07615912248455266,0.00032588281541573254,0.009152323499168545,0.05876513575280235,0.020084801278272956,0.03381696465687247,0.023452052626355514,0.029380535235438123,0.6261322647068281,0.2802789848576607,0.034081869305705344,0.13325148740036494,0.116812490500076,0.02409313872106239,0.7717233457840393,0.632394078103578,0.595905078515921,0.5988944034334397
300202.XSHE,4,1,-0.1649585954706883,0.4407172537786195,0.06740213696431646,0.31907430561322714,0.4954450582564118,0.15433588521521063,0.5297126966113838,0.9197735518979907,0.9803782956410556,0.5487836852760273,0.39709766764441073,0.0008994487124519966,0.010669063716433018,0.004646387685993942,0.0001728143723733753,0.00024378570394657873,0.0004398929471972362,0.001101648557875843,0.6188287163119274,0.023332447033101167,0.15071694102409391,0.003721170815922329,0.0163031854697064,0.4545454565289256,0.01715249479783145,0.7029328309984068,0.0018247315858588263,0.04418015736637424,0.09117817704735566,0.2621198471957964,0.20616587147734647,0.08433734939759036,0.09630068344333163,0.27877043298473764,0.0661467830162143,0.06656832629010187,0.2998115154192468,0.17918070956574927,0.14323280221080079,0.20991430959893356,0.49946380974608834,0.0775586387444283,0.1326900370517265,0.5017129370305944,0.08918772468603355,0.005128874395463484,0.15523841303893668,0.1724714659322871,0.04456234856093625,0.005128874395463484,0.5998677225492155,0.07187428711023386,0.0003723555321542225,0.009032994111312448,0.058602743181226935,0.05151215260751959,0.03861281670119724,0.06856958667458074,0.02936686461988602,0.7402945967313601,0.35068335872727036,0.036688259086943356,0.09953444713896924,0.18892958023002482,0.025618681581623497,0.9141158696794534,0.8098685374375307,0.7383968862964831,0.2087541916846412
300203.XSHE,4,1,-0.1123393772891254,0.5406212991120517,0.20952010933601234,0.34379774880196934,0.5626127492897139,0.34679181662317116,0.7547685368752903,0.2755150332979043,0.9957237786709685,0.17604437165612544,0.36474311743003135,0.0020739962833265387,0.010786679302664475,0.004732627354856922,0.00029914181034833824,0.000446917008978696,0.0011000927558771918,0.001111269245515694,0.620452286228193,0.022815297954825113,0.15083094756713059,0.003977993715405954,0.011813212840176678,0.6363636304132232,0.009071523961644127,0.6759111960713232,0.00699113473817746,0.05874106900605951,0.09108744303183396,0.3257378982752171,0.06687107775542922,0.9277108433734939,0.09803597333688208,0.7839634369812514,0.06190181410175523,0.034563472131064754,0.306511403604842,0.18066583492361882,0.13968028659299062,0.19658858309922272,0.5156922970533206,0.05448367487693308,0.1124399399568417,0.5150408525806228,0.09994080029437971,0.007476856775713999,0.1403083368502311,0.15877250842789487,0.0228720202239489,0.007476856775713999,0.6750789049016275,0.06746918815975714,0.0004461970046428916,0.009061561750782468,0.06632028194833092,0.02692663108422004,0.028049212632612012,0.03974994770748725,0.02943524630296006,0.7525245524997145,0.32194080925386603,0.04168370340747274,0.03106914909298419,0.15174386938237827,0.01547601244242388,0.9029031330331909,0.7010664057317237,0.740991199140246,0.2320987021199642
300204.XSHE,4,1,-0.2209293070491478,0.6862178467051152,0.10661552744992375,0.3274489662752353,0.6303187447809961,0.21586867028080825,0.803476866945837,0.444091273286867,0.9679693942158827,0.384638721366186,0.41441290857106455,0.0007599647191227876,0.011447098261978365,0.0051267222349620795,0.00019101514045150083,0.00021657564215590906,0.0005322571814959155,0.0010730032665314316,0.6197861289807934,0.022207495373745036,0.15142645642088878,0.0038184472820624294,0.030644566591739107,0.9090909021487603,0.06019847710221418,0.7054411607494034,0.004865995998062084,0.18549335262729494,0.091429745474339,0.7580184535554909,0.4057335686577654,0.12449799196787148,0.25197410636523304,0.020772015986054798,0.181384879941753,0.0505265609895725,0.34615004528245347,0.19241488957219474,0.17418115359918054,0.5207320434082253,0.5318427242963106,0.234661177457514,0.2671133681137927,0.5279370209589686,0.1756702961081894,0.028493310185625148,0.1822729087092694,0.19825816471837004,0.07453035169514999,0.028493310185625148,0.7009816809753009,0.058824552713396136,0.0008507064446249993,0.009099619220124037,0.05182776730925402,0.10502561169854657,0.03402416660107889,0.08319546117810504,0.02956402470015972,0.9894211076650814,0.3588290796298968,0.036167618129573045,0.06321763369594999,0.17771507827937377,0.02427932643416881,0.7060597775915696,0.5056941311750918,0.5177773142194748,0.700841660433353
300205.XSHE,4,1,0.0521873137700733,0.8448081818561551,0.2852289460952709,0.3006289804871026,0.258975265578857,0.1825568135390747,0.7948724322904432,0.45912008224482503,0.8883879449109937,0.5395731055325352,0.20516769297420168,0.0016881513579832161,0.010612651662312175,0.004768224489532423,0.00026497864674882276,0.0006570244025270969,0.0008711882215814595,0.0011146441678038478,0.6192814439984898,0.022161996540826144,0.15089728223533486,0.003581532217635633,0.018314738875198803,0.5454545434710744,0.023948737669457928,0.7043875759872115,0.007505226774800711,0.2274124988694944,0.09169877049044332,0.742231377702229,0.21921554087837777,0.0,0.22792644057389735,0.03822198770350857,0.14732351238831992,0.07640443856910378,0.37961327626852226,0.1951110883867842,0.15805379857899374,0.43088380891743433,0.44253959284318434,0.10157027342736304,0.19506495514636382,0.4856274441852159,0.1089373800796907,0.03179790828948504,0.14290007319376266,0.15928696841219608,0.04431052996681031,0.03179790828948504,0.6087637316730878,0.07311797875295659,0.000356965509653552,0.009043268043380582,0.061095225104334905,0.0229427794619559,0.03838575367005173,0.030720203350687498,0.02980664407226486,0.6802725086295509,0.2849310684550072,0.02901690760770034,0.11449190477751409,0.16678446572427422,0.034462971825088236,0.725010119157518,0.5315968997390654,0.543532965596639,0.7538244978486669
300206.XSHE,4,1,-0.1886435811951169,0.6420024148493033,0.42458493496264593,0.35500539806597486,0.4885447306764163,0.1155071838114225,0.581898432246525,0.29531201932775375,0.8016055478911323,0.2764208385137003,0.16415484466698804,0.0015706094335837856,0.010578323815870842,0.0047353124674341706,0.0001399115131424249,0.0002027563377011044,0.000299363448619407,0.001054599450234081,0.6200771639585936,0.022559984833622832,0.15087934705036166,0.0035522967291174716,0.009249819781906548,0.7272727282644629,0.009097314505406781,0.6978754359771269,0.004554154125808071,0.07606041421723794,0.09170315881013086,0.749823623911063,0.15148202813252423,0.5662650602409638,0.16472012027126914,0.3710013047955084,0.12467985732376313,0.04261896259662511,0.32760837676719157,0.1858156688019034,0.14104253919725884,0.790649278836264,0.5318427242963106,0.38517867624259255,0.32545804542794143,0.5287981064469962,0.10878646521708328,0.021866764858318965,0.15034341863973832,0.16635926988496427,0.052822528592676,0.021866764858318965,0.7326721797851544,0.0634126414522499,0.0005626599308649065,0.009080218173990677,0.08378269420225538,0.3083044715245085,0.02018403745043504,0.2785357122361507,0.029480960318297705,0.7778809615420866,0.2980204798354232,0.030901587410952183,0.047940585212851994,0.1405153550438263,0.02165998683974397,0.7975307480365283,0.5846822343107339,0.6230694483685535,0.6129037237727926
300207.XSHE,4,1,-0.06000169547775936,0.6323787089282945,0.17973006877963515,0.27106206350434614,0.4893286156464376,0.26780586607428875,0.7858339952129223,0.5056464531552805,0.9986397234133546,0.5748948619138128,0.32122710572240043,0.0015797754266507781,0.010921134192188486,0.004832274765158315,0.0003968023779279451,0.001221125915467995,0.0013240024830405166,0.0011472386783979108,0.619116527739517,0.024167107037175287,0.15090751250109233,0.003702646336898288,0.034279633095632166,0.7272727282644629,0.052551362231340236,0.7241193700342559,0.021715146329777064,0.29877000994844893,0.09312406509686662,0.7499852581764475,0.25681161239579586,0.0,0.30224217373717144,0.014124847679753284,0.2195518938461143,0.06932347100768117,0.4575898517675875,0.2372435631903605,0.15747536116592184,0.2783871644827212,0.4516456804143254,0.044101784603820485,0.14034750551668618,0.5212583490926003,0.10547295273196806,0.027744638390643294,0.14032099742118526,0.15820290177679877,0.02840248669536338,0.027744638390643294,0.7125022055979537,0.07248681470241843,0.000364547387736918,0.008979548773443683,0.05068481910443728,0.01685087872805964,0.055464625648995645,0.01975450156678031,0.02931997233806247,0.552760846400094,0.2808703745123907,0.03193107997147154,0.09893771400804481,0.15650570628768304,0.03346159598013998,0.6290130448367441,0.43377393746406634,0.44470482925064614,0.8049471494297287
300208.XSHE,4,1,-0.2753527931817982,0.4334672149006047,0.2277989563958073,0.3415289143149768,0.1673468193645834,0.23367110154667614,0.44137321266615875,0.5377658715857212,0.7801647260698019,0.3996502164636091,0.15566821271603393,0.00034475396464640843,0.010650172270822773,0.004783310415418002,7.36030070050392e-05,0.0006790428413768256,0.00037395045053824284,0.0011256412806333177,0.6188403056648174,0.022300574946021372,0.15083414400039893,0.003492476595477808,0.0037951457451244697,0.2727272717355372,0.0,0.6979119170992613,0.0006440709706337541,0.017726327213529892,0.09134051696217903,0.670088136624061,0.09108467067446471,0.28112449799196787,0.13115010059937993,0.7669302606819224,0.06514046405876218,0.055394658196792304,0.3014525937930888,0.18016502019895414,0.14148709109674332,0.16056167545502317,0.519073326140574,0.05342280683046152,0.06607015200833624,0.5250626543273319,0.10032774809089218,0.0025570720054544976,0.12102135358001398,0.13912701848190365,0.013334457239479748,0.0025570720054544976,0.7403096834806264,0.07987117520070314,0.0002969867104405099,0.009083212841226101,0.0553306186114815,0.03136987864815259,0.020814973375058242,0.044272355210569936,0.02956861380974472,0.7106802403522565,0.326532741632216,0.03677209268918663,0.08395013624152342,0.18726923101281856,0.03087411018723455,0.8456224879635283,0.6319352306399542,0.6939872674030203,0.3393264078572242
300209.XSHE,4,1,0.04199973892979458,0.8511131859126078,0.44064000948538595,0.27939546619121425,0.0,0.218905221704229,0.675253906954024,0.13934733652494366,0.5898669493185006,0.38435467934575585,0.09504747698205507,0.0008475411407487428,0.010497331247404722,0.004708970802336495,4.375831896219062e-05,0.00020314250446287267,0.0003315665658872643,0.001078314045423338,0.6189300311944781,0.02253013348899903,0.15084133916608994,0.0035172306696579455,0.004664134164772339,0.6363636304132232,0.004675194971837038,0.7006958317712627,0.0023837102075246683,0.09337975942841638,0.0913426106734992,0.30101516735682676,0.10215223988659963,0.9879518072289155,0.11103022461265613,0.49771532462306184,0.07606826350003278,0.03053146898830282,0.30685125070535196,0.18162204057538872,0.14034841430157255,0.32357689290636193,0.5136915218917801,0.15399050366622286,0.14623755330883936,0.5208861006477572,0.10166439772175999,0.004783774219539729,0.1312670446199504,0.1496233326134173,0.01783008182513876,0.004783774219539729,0.7124309253462059,0.06784171939549569,0.00043840759565451197,0.00901659376396987,0.10834842929050142,0.10746062435999132,0.012707077235055871,0.13266864760784688,0.029191095865502135,0.7929345795221563,0.27245952105224536,0.04067105394226742,0.029800970070158656,0.18270839666616,0.0312874618651672,0.9195242930792062,0.7230081597452571,0.7339647701557643,0.46575756815522174
300210.XSHE,4,1,-0.1883104237864878,0.7533502259043086,0.1587470397867481,0.32226586674594804,0.3800496343458305,0.31095736426541015,0.5977607546628848,0.589008384435559,0.9355023407470895,0.3893061756419949,0.23547625382917137,0.00035538405280358197,0.011028143924755585,0.004944831615283758,7.974928280667513e-05,0.0006276739067251036,0.0006104037710817762,0.0011119727063724643,0.6185792646535804,0.022317729380551238,0.15110556843970926,0.0036880563241387934,0.009437234259706051,0.6363636304132232,0.007837817033744364,0.7026052834599005,0.0018742931227554874,0.09089264719182417,0.09132729517420766,0.4634900294329597,0.19480903519829834,0.028112449799196783,0.13950241846970357,0.128790810790279,0.10201300794714753,0.06752708036802155,0.3068857930574254,0.18268616876311483,0.14359806268961697,0.22205303834148482,0.5098506929513974,0.1092186587886737,0.14337162749366927,0.5115377345582738,0.13478716391634338,0.01615168253418917,0.16138980595364785,0.17858718376370325,0.04902695969868712,0.01615168253418917,0.6555574641524603,0.07900056302395486,0.0003030626512176037,0.009097865134161184,0.05078626499196083,0.040875690906331225,0.027911755435563797,0.029281870746208975,0.02944227639929968,0.7113189324527662,0.3559023042978144,0.02891473591277795,0.09861888595934051,0.1528734895120839,0.03067894957229168,0.8678935109570949,0.6984985184202381,0.6564641298291847,0.4602105985171858
300211.XSHE,4,1,-0.1169817524578163,0.6552764378835221,0.4317239583278195,0.3606269299834454,0.412423465059109,0.1433112348606299,0.5513471476615038,0.31804422656463144,0.14758122800747142,0.15124667183575446,0.0,0.0003231792154821899,0.010565152262212343,0.004744906203449033,8.471956872877957e-05,0.0002053146167876156,0.0003563732314030047,0.0011071799134384135,0.6179962919516995,0.022351590584410008,0.15085104424477308,0.003532462465511278,0.004350276466594017,0.5454545434710744,0.001884656713677366,0.7005161694239761,0.0013366625062127223,0.06457447770643031,0.09128034217359526,0.41362693912331294,0.08788504485931006,0.610441767068273,0.1094813762680331,0.7399258186282913,0.08575145286169497,0.04128256547140611,0.3070138877098653,0.18156295203642284,0.14032371697382343,0.47006544308396875,0.5318427242963106,0.12747306506707143,0.2431624911793697,0.5232445707612496,0.10861483654980425,0.01740849121969855,0.17592977993134523,0.19146861219709546,0.07450914591880255,0.01740849121969855,0.7208314782939949,0.07209988985910984,0.00036942549636582783,0.009048747985585253,0.05556358797086589,0.03898080579504529,0.03144522755632512,0.05614507341548015,0.02946981922975639,0.6050715035765649,0.29465454220542403,0.02907199501060879,0.04511063322981987,0.11653730936819173,0.01636507746605252,0.8687855945803922,0.6851587722789794,0.7145199663069397,0.3593806862374202
300212.XSHE,4,1,0.02114464396733521,0.6417708136614501,0.074120458050986,0.28783723746514545,0.2720679333538959,0.20552230419964984,0.5868415023154392,0.9180994497651183,0.9917685264138667,0.659996287537922,0.37558157552474497,0.0005573429386951774,0.010815843153690885,0.004840728377302736,0.00012429002614633053,0.0007886601060155098,0.001143607774569281,0.0011474299824710023,0.6188394183772608,0.02210525869215172,0.1509547264307696,0.0036441829166267677,0.025943317378603857,0.6363636304132232,0.041223302981380126,0.7048940962873461,0.0034926314201349155,0.08406439359681649,0.09145381953089003,0.5357848661221708,0.19273245137778072,0.020080321285140562,0.1551233215319566,0.20523478619729613,0.11458359787524995,0.06776514981019341,0.3121868379653021,0.18314863301722445,0.14440267563049677,0.29341436446829333,0.4420491363160568,0.04626567270506633,0.16073594875169173,0.5161213446423203,0.11621749912662592,0.017185530482372424,0.154831577990853,0.17266572307076877,0.03858894643606445,0.017185530482372424,0.6986048935645619,0.08855562150935567,0.0002520237398592274,0.009108233651983802,0.05036742143814121,0.0159293882951354,0.02798025309121652,0.021309106040374944,0.029592311268768226,0.6577414250595724,0.31208924649989017,0.029310845214635305,0.09118645060165007,0.1589849489537417,0.039747562361667765,0.8214545667580349,0.6539847861660255,0.6476012178087363,0.5570825815189907
300213.XSHE,4,1,-0.1472015326775966,0.6037941020335604,0.4194880220535225,0.29170079008137023,0.2782587689712617,0.23892726232752742,0.36352415767276924,0.2737866973649519,0.49510950270430715,0.2338189826693762,0.07094690592108144,0.0008299215148477827,0.010460054869081194,0.0046840146714669925,0.00015480126217549264,0.00020100933408777392,0.00047889854112877846,0.0011035232835531169,0.6188791197333526,0.022128847455870505,0.1507672851943667,0.0036211979664416173,0.001185896946167208,0.6363636304132232,0.0014685671254332563,0.7018057238939479,0.0009928198543780514,0.04146694401736457,0.09131273459601974,0.5188304038477696,0.15152937202298755,0.6305220883534135,0.145402667629399,0.26048995020013366,0.10505934559841966,0.04584017395766146,0.30789903569327787,0.18226737344413493,0.1427154581874241,0.28117330416843694,0.5318427242963106,0.10352045048219238,0.1554426096337564,0.496539679307483,0.09228992155038128,0.015451846055778932,0.1537675418410334,0.1709573223774916,0.04398608158869435,0.015451846055778932,0.6210087441003908,0.07800842774797595,0.00031047395454421995,0.009053124153159346,0.06205599285314381,0.04733767844078833,0.029654958417350347,0.06741453533520587,0.029148633320802485,0.6293445754970655,0.2813282245676656,0.02944506185307848,0.05521314268384977,0.15156400415463342,0.019551654004905186,0.8616835437644685,0.662390540002654,0.6729502288012295,0.6485458110086844
300214.XSHE,4,1,-0.2665544020304659,0.6729512756989562,0.4675395480255893,0.39679565420717133,0.27102960758106537,0.10992182376034146,0.5811605245483786,0.24174661418935772,0.7472656157381103,0.2183382091624337,0.14350250429278288,0.0006781351782295891,0.010776642145101604,0.004818188318857347,0.0003551575392188626,0.000246790358431951,0.00032998210763512026,0.0011041163609028127,0.6192126524712106,0.022849949920573036,0.15094551388439068,0.0037468196170624855,0.010021183193235552,0.6363636304132232,0.008296108464905685,0.6989560190020847,0.005843328478907982,0.08781767206294655,0.0907833149736278,0.23781520833498876,0.00783341508332562,0.9959839357429717,0.06433551046114964,0.982551054872246,0.05114365897580965,0.021420160321307464,0.3064258702529405,0.178856018518647,0.1327949315884021,0.29976970971411493,0.47298066498647984,0.05398761459599085,0.15866363943311412,0.5178274565827914,0.10983729915660001,0.02307250821070612,0.15080063492893855,0.1689048210177615,0.033324082313401754,0.02307250821070612,0.6900056907348527,0.06576751110195822,0.0004869655038671868,0.009064470331273231,0.046497834677766164,0.05253698035599395,0.05874299827402535,0.13197721677712024,0.02951299418297873,0.5743632760912931,0.2889111714440167,0.02884467416126179,0.01057204122313695,0.1097941049804935,0.01766330681342346,0.903996712161452,0.7610372163990977,0.8266946209926778,0.28231423167004976
300215.XSHE,4,1,-0.170911016471114,0.686543970985725,0.12963918480729097,0.37020267581873617,0.30997158855818824,0.275251084495564,0.5704146660087233,0.6687657834557961,0.9958818482549558,0.36891586439458823,0.36422540848636087,0.0007412010023704242,0.011399420716937532,0.005095406306079203,0.0001404833760432303,0.0025313811225892435,0.0007004409653503954,0.0011684919817774079,0.6166958786782433,0.022536959900125903,0.15129603839814848,0.0036813056801624205,0.02642634853787304,0.6363636304132232,0.0456557250333688,0.7053135841339024,0.002831193341713143,0.08297910825721262,0.09145276330117316,0.5942989960462803,0.21423945363646366,0.008032128514056224,0.1738083222764052,0.11674275407325128,0.13235488853112143,0.07532973809422869,0.3064258702529405,0.19089115019531644,0.14779530854761513,0.21694306251218257,0.5413189647010009,0.055164883391405586,0.09469100050533817,0.5296448592457649,0.12171414218477723,0.00567441009566546,0.12988218699172538,0.1476794754978999,0.02220271290798257,0.00567441009566546,0.7349075752211149,0.11537542688763364,0.0001903972523199708,0.009100580156557266,0.061130711377083716,0.022720416834246242,0.0415593706086213,0.005828370711608094,0.029403585669512722,0.8423456189159311,0.4482784195530006,0.02724859384935334,0.12647441737343823,0.14942652125449662,0.02351827481007358,0.7945234054338102,0.6697873822475788,0.621363671170517,0.5943640040655862
300216.XSHE,4,1,-0.2288341857388212,0.7611095520683987,0.289939880014101,0.3407892810009857,0.26445176114996544,0.14194544656486616,0.7282457062762758,0.44165954695355375,0.7877380154714997,0.3549309037331513,0.15861093179026553,0.0007129927718705078,0.010764581458765526,0.004817027481308845,0.0001133169690413344,0.0006370504118452009,0.0004975329843896363,0.0011100901135024232,0.6187014487208954,0.02270105715452747,0.15093354902015574,0.003614246566332669,0.0179747298209846,0.9090909021487603,0.01842197571408513,0.7042474891623803,0.006033904016682734,0.18861354797865607,0.09134913873715554,0.5321376849471654,0.09174301468779258,0.18072289156626506,0.14615568066976653,0.6215210158310398,0.11567874064198602,0.04922361450399976,0.3116267460514761,0.18480768625539004,0.13958669671941495,0.30250625361753325,0.49498708097603605,0.08528171003229092,0.1567179254810967,0.5192799963513871,0.11284323775217969,0.01169745975132124,0.14818493486553913,0.16503544242454599,0.04345885297425592,0.01169745975132124,0.6988409363654318,0.07873836026630157,0.0003049687237559137,0.009065811529855644,0.059088601703657685,0.03154390297095104,0.02967731368730039,0.03545283712162451,0.029434994303769436,0.7500424131472995,0.32422499826262263,0.027628339430051753,0.058645971396804955,0.1467682050210265,0.03060582042232458,0.8568006064393348,0.658766750696564,0.6746058360816765,0.5814140801523043
300217.XSHE,4,1,-0.0963967037037536,0.8118051106400646,0.3135656900036099,0.31463703694784473,0.008197273538072869,0.20669013906273837,0.6995887024301236,0.16564816445153968,0.8658366842621532,0.3935461167066594,0.19317907172889037,0.0006819057520875897,0.010869877530729866,0.00488309250714735,0.00018899297844094816,0.00021722459694024072,0.0010415556078011254,0.0011117673827793753,0.6192886650636331,0.022205726306439036,0.15104731483111464,0.00374892757397601,0.015502354392113558,0.5454545434710744,0.022765478011123164,0.7131339796844046,0.0077898284511813305,0.22818124265171386,0.09197439248231504,0.6274349851153345,0.4306249560193652,0.21686746987951805,0.2317988908374849,0.01204805671702773,0.14791158643232624,0.0524463665461911,0.3064258702529405,0.21387015806388515,0.15664735075664812,0.2572253848926577,0.5031039128570471,0.08172319887328447,0.14537842899515457,0.5161743796073373,0.11872856926269822,0.017071738261689007,0.15196512030975118,0.17024692821466425,0.032420716241000465,0.017071738261689007,0.6838732520271052,0.08253048550993086,0.00028054153328885224,0.009112058206404212,0.050613186962791906,0.026364347585266082,0.032222535072831994,0.03303671178890154,0.029277874851649784,0.6018198289502719,0.30106132835304605,0.03925427581433887,0.06664862757564718,0.20730037493033387,0.032522282706227194,0.6616269119881837,0.6477378267215075,0.561295756945233,0.7627454086642774
300218.XSHE,4,1,-0.3099642085981673,0.5524749263769044,0.3428348812368265,0.4145158659933884,0.34439849910017895,0.32659333531467544,0.7991467864554784,0.389891552554293,0.7054096680626554,0.3923181038599937,0.129249696986672,0.0013744057286711167,0.010815567114175827,0.004853944263588627,0.0004114090203557944,0.001074962511853914,0.0007596366676489206,0.0011245950676805267,0.6178986622726026,0.022665298455367727,0.15093589807075317,0.00369914528951729,0.017603362053498734,0.2727272717355372,0.013219296068366873,0.7055914299006235,0.009020441631683793,0.3033824726417654,0.09125995441731427,0.28828940897117494,0.18576563551407982,0.06827309236947791,0.09449358390726145,0.22725410866862605,0.056248203550711286,0.061406796216872624,0.30031509959309294,0.17950892939509142,0.14304822218235985,0.16240984295930305,0.5019152380154015,0.07641973301274976,0.1054220649985803,0.5206199622805372,0.10865156438833962,0.02327728101488094,0.14448019076165186,0.15993992395350115,0.05416326380224341,0.02327728101488094,0.7081342452531443,0.061403574689923905,0.0006558112481762254,0.00906695560624248,0.05319286749663209,0.022869308236879285,0.07528044778529482,0.015032684238541798,0.029415421458525496,0.5674685061590543,0.2790389742912912,0.036421686431777664,0.08852561251991257,0.16808524281805745,0.02344320153137525,0.8938606893809207,0.7654460218477732,0.7222883819673473,0.35600951329045427
300219.XSHE,4,1,-0.2028493732091581,0.9998031095744246,0.31430334815072014,0.3762539635545109,0.0641057082841211,0.16879606710820222,0.6823993062590401,0.1939976008872357,0.7325243097847707,0.3810662500459223,0.13834077445824655,0.0008150093479533138,0.010716592911782827,0.004787104013916329,0.00018794065097091006,0.00032744193575428844,0.0004945664388635081,0.0011048400975226947,0.6182996918927509,0.023309945275401103,0.1508919861124991,0.003511117359570562,0.00885708712325762,0.6363636304132232,0.015453502961123078,0.706952219545495,0.009684414206280773,0.1899249344306774,0.09237360494982869,0.6740287515854811,0.18742274667391826,0.646586345381526,0.18766231285023668,0.1582878126350607,0.12747859880754236,0.03960683165701897,0.3096419114684526,0.19886331884152197,0.1455907470811658,0.17565062863056624,0.509410191725834,0.0617775388961573,0.08806831394574667,0.5263348109787276,0.10438539095391595,0.011326438190355073,0.12392169460358694,0.14189371529522848,0.016547397428322487,0.011326438190355073,0.7413823928429953,0.06740929158911371,0.0004474835727236757,0.008998752697381467,0.055632845566379374,0.037923574034461636,0.0485965232197353,0.03777790287210001,0.029341091232394853,0.6235531018148393,0.2895220275126615,0.025028888386584215,0.042747203064707556,0.16200164982013476,0.03495737871627684,0.775478973455852,0.5948570386095264,0.6064381206876976,0.7607169903996568
300220.XSHE,4,1,-0.09329061469823743,0.6186644279205528,0.19851515597425815,0.2762719010346898,0.4741681566165057,0.29689399313472187,0.6257691372280442,0.3589339467127264,0.3261072115735037,0.3178144039661469,0.03375679154173816,0.00021134127444673756,0.010594871190248071,0.004760449837600753,5.986364730399184e-05,0.00020284897547103312,0.00024702587970515947,0.001111599467890657,0.6178838204885326,0.022188093216039984,0.1508640740851942,0.003463432356436799,0.0031190486423237664,0.6363636304132232,0.0055484405444805604,0.70171113316179,0.0017639954928131284,0.12019535136112869,0.09147937319684213,0.7124338326130506,0.18164271321759676,0.09236947791164658,0.17367722026850216,0.17573778435251447,0.11969454268211238,0.053307715674076696,0.31033005841346817,0.18313814381276147,0.14895998252989026,0.44157661127316955,0.4707019694852513,0.1337072268689215,0.22639353329672288,0.5105680899896965,0.12097505970884745,0.018906550870022545,0.16922074760071085,0.18637988573823064,0.05464251434769573,0.018906550870022545,0.6806200680784831,0.07763683240073208,0.00031339482850198657,0.009100246501881305,0.05674320972149739,0.048013129685932306,0.02662226281889977,0.13153671568125616,0.029328904006672988,0.694923063105219,0.2879682183539863,0.039548944669985014,0.06900902717346823,0.1864813706490348,0.024822934737093974,0.8324764596440897,0.6054989827959845,0.6229902327092018,0.7464320411381213
300221.XSHE,4,1,-0.2323663678424318,0.6388029454337012,0.41545313361796543,0.32163424787331074,0.13638779319412642,0.1327515490985978,0.4866722931610748,0.22691586853506998,0.48292541135413825,0.17136222221792535,0.0680434893582803,0.0007902357817038069,0.010640187861477121,0.004752264213971845,0.00028785546735803357,0.0011113223751197977,0.0004346588243264652,0.0011147227545711858,0.6185715791478924,0.023087081099977386,0.1508344244184363,0.0035941110646502557,0.0025306178811173316,0.6363636304132232,0.003023565710027928,0.696330154533447,0.0023152837221642446,0.03857284977842091,0.09138138235469455,0.5528503398926448,0.12938652800401432,0.8674698795180722,0.14053344682331267,0.391358578542838,0.10233238072730813,0.032314891875105514,0.3060630900598593,0.1818969158065459,0.14076436929524225,0.16433312875073136,0.5134691353631871,0.06467939681605517,0.09624396956066439,0.5170255486408917,0.100636888570697,0.01983603813541074,0.13536403148498655,0.1540426964892089,0.017521272707079046,0.01983603813541074,0.6867630235446852,0.06018693693473009,0.0007332655701898744,0.008919314371695877,0.049027122065918444,0.025672576540236264,0.0580169600749659,0.02632788655355002,0.02923619554767776,0.5407521043019683,0.2752173279115478,0.027592946992430922,0.026826210572474158,0.13351050691594468,0.015673117186097985,0.8801252645183282,0.6800478749281327,0.6803951805192849,0.5647687637808355
300222.XSHE,4,1,-0.203801365593219,0.5067402613269356,0.36494535845972564,0.3087916849420609,0.26731062591267263,0.12580672803042298,0.4661708059518202,0.16276204682025952,0.4831941296469165,0.23744327377280888,0.068107186531978,0.0004546067094732009,0.010539010537766541,0.004738776149628185,0.00010703998299668144,0.00020187182586319714,0.0003232669380244808,0.0010946250490452558,0.6185289284976606,0.022097529419557307,0.15085120638066457,0.003497881184153123,0.00228889314844377,0.6363636304132232,0.0019394047932554939,0.6989039244308897,0.0009414130867095202,0.036990141991498596,0.09128289426003167,0.2342218728656888,0.07355179711592028,0.9759036144578311,0.1018530840594452,0.6555883950193974,0.06623928304159626,0.031662399785017045,0.30693338648238966,0.18117434370367133,0.13973878026397543,0.33572182112170035,0.5076366780066206,0.13296535880922508,0.15637608229978234,0.5109512987263257,0.1041180262146253,0.008123070562572412,0.1369690525264639,0.155148564645184,0.02333165542627984,0.008123070562572412,0.6678714197740767,0.07403759160754364,0.000346680067999564,0.009111465194847844,0.0573297226160744,0.06443270094679898,0.025914053409511223,0.11019741944322274,0.02913014339099935,0.6416515956768529,0.2913290947163676,0.054399151621495265,0.02586207785176897,0.07783216484268127,0.01623497038942394,0.9282818025592592,0.7177479987616651,0.7346711097849821,0.40466912354551327
300223.XSHE,4,1,-0.05853158193868029,0.5844564814308209,0.5678005020055874,0.3412606489401393,0.0939921377457581,0.08075578078257228,0.39384052161497796,0.1430605196074426,0.5797162475334559,0.2576874068259029,0.09232205110320335,0.0008298387126759139,0.010522931102304314,0.00471529662116126,4.977127014211254e-05,0.00020452798287377692,0.00021805440504462785,0.0010567528539803036,0.6198419303150342,0.02268980714208322,0.15087868912459093,0.0036052782834696366,0.0009613351232189002,0.0,0.0,0.6928362668480098,0.0001743511760146124,0.0,0.09134051696217903,0.35636685528394874,0.10368816551892399,0.8112449799196786,0.1279819118757337,0.5380141032892961,0.06497918062398356,0.0325298904493731,0.30328078568018885,0.1806091164893718,0.14148709109674332,0.6573058653212039,0.4979379114904631,0.33690078251541977,0.28947978501795035,0.5224519369123999,0.10872884950829083,0.004073278671194924,0.15948147939894083,0.17547470924388103,0.05916650165921945,0.004073278671194924,0.7190424608279962,0.07088508725408571,0.0003860092333379956,0.009010470638634712,0.13090674946269296,1.0000000000000002,0.008689364101574955,1.0,0.02938160180498548,0.7326097779768763,0.36467932100369616,0.025335533471122256,0.03334213640975083,0.14426750835993313,0.018391308249087756,0.9183011177230831,0.7786862589005352,0.7844053412478578,0.5584717664849191
300224.XSHE,4,1,-0.2423613071136869,1.0000000000000002,0.31513522497620705,0.3721488835645049,0.05995023191393145,0.19511067675849536,0.7888173216477923,0.1044696896269246,0.9444991345690277,0.41468278751761967,0.2425285699894154,0.0006379720719496173,0.010584984148785125,0.004749533684059431,0.0002738489636000171,0.0002432312936722364,0.000990477472651855,0.001068282097240141,0.6199396125723059,0.022453499831265742,0.15090126173608356,0.003884348734066739,0.015647347062339615,0.2727272717355372,0.01731903196178684,0.6960599429473174,0.007913435459341854,0.13073166319978294,0.09117932052534776,0.2927163072567647,0.11259644544395203,0.9959839357429717,0.09181686301223661,0.6630660743928491,0.06252692351187245,0.02983594860962782,0.2997384199434746,0.1836194605662544,0.13859360417202857,0.27655928616210845,0.5258046773842399,0.1707830331208039,0.15688789987154866,0.5203058475445093,0.1051432725130771,0.009425400228128647,0.15663770632847646,0.17306088960657506,0.05318143635735656,0.009425400228128647,0.7108277039462384,0.08367785960512711,0.0002742865765178007,0.009081107828406034,0.050168223401521495,0.03689719354912149,0.02432285702567013,0.0421025728933374,0.02947703594171285,0.6129498149899706,0.31768642449279777,0.025819490118148665,0.029541743178182714,0.15372959099660535,0.034065771370461205,0.9257671031514962,0.7728345716686573,0.7866154581437657,0.4985956331889486
300225.XSHE,4,1,-0.2549347085925907,0.6171126411301354,0.46863460196842927,0.4445155490329786,0.23855981824701655,0.14205662589006732,0.517419759270561,0.33863126714159114,0.4296348856059203,0.05028123833813178,0.05578923734605956,0.0006832952451071568,0.010800733221384537,0.0048535319824846304,0.0001953055774019667,0.0002031352013565368,0.0005070261320205608,0.0011055176219886707,0.618356398770859,0.022114618807007207,0.1510073067755186,0.003645535512446683,0.003443250493475619,0.6363636304132232,0.004308286130660942,0.6995951875476456,0.0023115411877223263,0.07488468843266709,0.09132650568904568,0.4523593382304992,0.11013938981272467,0.38152610441767065,0.13028311445666452,0.41171585229016755,0.09238425872551598,0.04943528411729632,0.307550119997056,0.18219989616308807,0.14027302245896991,0.3576462163772197,0.5318427242963106,0.11017722533184869,0.19916995610536972,0.5296158726865353,0.1305396154995656,0.025798222660442068,0.1695018122758932,0.18018137802995365,0.11628028416800594,0.025798222660442068,0.7285437678273663,0.062287719304459574,0.0006105266870457055,0.009109534822971563,0.05417276353372567,0.044276152516796924,0.04720689377403884,0.0451657972893799,0.02964397655147804,0.6186021291954364,0.2975044252025432,0.02409647315496606,0.06748395087842127,0.13502036150377464,0.011973141113836214,0.9001398929144593,0.6900126044845436,0.6918893726911937,0.5597822468551081
300226.XSHE,4,1,0.007061743313428119,0.6856261948983808,0.26858992749396304,0.2920087197756558,0.5978982721597126,0.25702707569088457,0.48542974111910897,0.2738172954886457,0.2922592446557113,0.2910970518797239,0.02698636925658171,0.0005575147755871391,0.0106136060346783,0.0047711793405072495,0.00036635636788451167,0.00033873059495657357,0.0008067473742497705,0.001125709724196579,0.6177968204049296,0.022402685798837047,0.15087182432408758,0.003510267998230048,0.0030365485352060848,0.5454545434710744,0.0041249903897226225,0.7028036029673642,0.0013091388656999634,0.08302432847969612,0.09132618559761878,0.38899241371903576,0.09248704516420084,0.9317269076305219,0.11463651803607873,0.8101373679677322,0.09323023037753465,0.031875851018996954,0.30639199372289216,0.18165273902395523,0.13959319601619102,0.2124634200913319,0.4521713669881295,0.0681629305912353,0.12705661187749523,0.5195765264434503,0.1097436518716141,0.06749724076369597,0.1490556688959452,0.16590113049548902,0.04409078510940988,0.06749724076369597,0.7092209769601193,0.06277136854600687,0.0005887717658064463,0.009040200997480858,0.04510331650219856,0.019356728316174236,0.10866032996378445,0.01707548582159958,0.02851621070337222,0.5420239443007264,0.2760652849016742,0.02914558300590995,0.028580517328144667,0.1210701189390485,0.021061195190524618,0.8789127409069606,0.7056382955198801,0.7259402238634531,0.42496101381419804
300227.XSHE,4,1,-0.2515445460908015,0.961453012119547,0.15478180965497962,0.3369321030075293,0.5743324063463086,0.11043433333261019,0.6890533195281203,0.4957929412144084,0.5935490924610469,0.4907432078379355,0.09604539936998524,0.00029399257505601314,0.010604820659545341,0.004763952866402098,6.458477753492291e-05,0.00042732737326667047,0.00024581380497880426,0.0011121269839488748,0.61762107540754,0.02244785059900512,0.15086594796090294,0.0034700129550578594,0.00991718067448123,0.7272727282644629,0.013706091456723983,0.7021791310375118,0.0057263313890482765,0.13027946097494797,0.09138258155766713,0.49002540215863394,0.2241578726575794,0.10441767068273092,0.15790610988061152,0.06854950061544052,0.10812059703565442,0.06157977747997168,0.3100888172782329,0.18291326971717664,0.14644865425560952,0.24624152936645977,0.5015184602429175,0.07227455479263781,0.13302548319977076,0.5283818160970634,0.11056941900911077,0.010545277713883597,0.1437791344863015,0.16357809462592238,0.012541361204085185,0.010545277713883597,0.741445493393723,0.07400035136195955,0.0003470802032316018,0.009031369155466587,0.05923635124075311,0.03064813442734818,0.036910352041922966,0.030687470408814203,0.029417207247384485,0.7474593693137276,0.3153457828836884,0.028988161408365513,0.07691113861299387,0.1561528632770938,0.04475877848896333,0.8158925807047195,0.6884066383618594,0.6630416700773409,0.7809707116533596
300228.XSHE,4,1,-0.09595221165641256,0.533199079164659,0.04723785770015371,0.3239965768275733,0.3176835522075916,0.23489624347657567,0.7301886698644049,1.0,0.9409671575312692,0.6634169732992765,0.4436214508589857,0.002653868517168097,0.011707214270748967,0.005231125547820455,0.0004700748737005023,0.0024365763089794776,0.003138040845423638,0.0012100888440051572,0.6180723371997764,0.02243191206501514,0.151410973960313,0.0037781726367324526,0.0652992261267755,0.5454545434710744,0.07070546200790245,0.7048204662368338,0.005205411614609829,0.11702993578728407,0.0914719604022794,0.6511083886189639,0.2749003220184484,0.0,0.22282400313063686,0.023680344605630434,0.1620703780514969,0.09906392462760653,0.35119119194381676,0.18849580635554314,0.1551915082788042,0.24128219267462245,0.5242262607280769,0.0436049592475331,0.1651364487196516,0.4952290612658631,0.1734093582184457,0.06613613277199383,0.17568779334836573,0.1942450637933455,0.04572124423832429,0.06613613277199383,0.6567587116737188,0.0880332577194814,0.000254123343201816,0.009101434444125294,0.059781177658792484,0.01409519913250626,0.0460374914504949,0.010679740857592514,0.029659803462807242,0.6554078703277622,0.2938982720248361,0.027074694780850447,0.17849288857799803,0.1479134208592998,0.03403302027875815,0.7221794179886665,0.5476206271283894,0.5325008647709479,0.6160823689948705
300229.XSHE,4,1,0.05023477818986559,0.6312897323015805,0.2090809867765672,0.3522273020489277,0.2145940691219702,0.14332786656456245,0.7259209448533115,0.38029271960703953,0.9043310187848138,0.48219468383164754,0.21446748033406227,0.0007028628663263846,0.010502912848725716,0.004707578450681489,7.373989217337567e-05,0.00020536107694127468,0.0003571869472226093,0.0010878294606968797,0.6188962472795212,0.02217040312613771,0.15081399465926848,0.003690650399547048,0.024898840459439377,0.4545454565289256,0.029530155805660284,0.710369565981229,0.010788025205038751,0.25436375146965723,0.09129220215978107,0.21385441468981625,0.11048379802367639,0.7469879518072288,0.07595352005597197,0.7789783173989502,0.048132062571094356,0.0378783133192737,0.30818927185896844,0.17627532670946738,0.1394892072677736,0.17247263395712106,0.5318427242963106,0.09780592056834751,0.10891207220114556,0.5193840187543841,0.09893504934150119,0.002839568047021679,0.14476989595020703,0.1615515594362138,0.041820971823619886,0.002839568047021679,0.7012048699602818,0.13521328565342644,0.0001702319601656427,0.009071250073657628,0.07703423409542191,0.09597050005558798,0.017599694342490865,0.11055030344131483,0.02949356708861802,0.9089403587985936,0.39157061451380787,0.03566703776184594,0.03998697474547873,0.17009986003445304,0.0315609858228151,0.9368085242362698,0.7688403874220513,0.7773221410408409,0.3622960781565078
300230.XSHE,4,1,-0.2135280632898414,0.7375360418317635,0.35170583446519244,0.38979614133459456,0.14824068896283604,0.1578229388799343,0.5738707339840677,0.34164142626832433,0.37261523492213755,0.1769392297027903,0.04339132787826527,0.0004657315252910094,0.010702939853712581,0.0048090371345099235,0.00010171030102402895,0.00020563478618744425,0.0003541517904202812,0.0011049335402061686,0.6181454301504216,0.02244088909522344,0.15093851026478072,0.0035712449739401116,0.005103453200753634,0.6363636304132232,0.0040702268793844166,0.6955353687036525,0.0035708062621112296,0.08397395315184951,0.09129203365681043,0.298910080289362,0.07549642757463834,0.8433734939759034,0.1110473535182113,0.6801002772818778,0.08201243574310745,0.039721634499278215,0.3064258702529405,0.1815670604093357,0.13933192428579227,0.13650659386392286,0.5230405007833031,0.06324160164953159,0.08917414959404646,0.5213122673045744,0.1117018897082156,0.00930094893751066,0.1380576527943616,0.15609212327552416,0.025437389017581444,0.00930094893751066,0.6966814952960877,0.06590984219042342,0.00048318557961064086,0.00907752343955353,0.0557923359149047,0.053764413494127195,0.038523811318565554,0.06595102956300046,0.02945087706356791,0.6991555071115483,0.31862198034554057,0.05787458987103535,0.04217638437653912,0.1789599641536201,0.016775288628342405,0.9091690218857849,0.7167501437353501,0.7272987724213322,0.5464906472940606
300231.XSHE,4,1,-0.088316048188895,0.9481417289450302,0.19361218533343347,0.29256472853934545,0.35114937196420104,0.1909122561918749,0.7488518098211745,0.43271060349577156,0.46113859277674696,0.2961479338795035,0.06294907072148126,0.00026875511399786044,0.010685120274031967,0.004802270061556516,0.00011022728872294802,0.0002751066876019228,0.0003615363009846145,0.0011113877278719204,0.6178608707014611,0.02216188164209063,0.15091942252465484,0.0035031882432544808,0.006664281374848533,0.5454545434710744,0.008702738740042522,0.7005849675829197,0.0025953968391315327,0.17739893280274938,0.09137467837456474,0.5469816368946597,0.12141546004358547,0.2329317269076305,0.14060591526989225,0.38221885044538584,0.0987711478298539,0.050533928411834246,0.3081644723181999,0.18396603339648596,0.1411504275237419,0.18064353909061465,0.49878061822751346,0.06745483514320406,0.11426454955798149,0.4863927375259835,0.12001352141467975,0.021974644466313156,0.1472098098593687,0.1649870039179289,0.03401645091114593,0.021974644466313156,0.49505887631941503,0.06291424288346052,0.0005826992221126192,0.009108886156608932,0.047397391904064105,0.03155348710539843,0.059538134580203135,0.039354521642723864,0.029046742556163904,0.6233119290164697,0.2978555993095653,0.03408960429207243,0.05982393434842906,0.15336471474894867,0.03817401447628163,0.8774765306557213,0.6741160275971878,0.6742665290074541,0.631755613046217
300232.XSHE,4,1,-0.1245657177882606,0.6258003331056543,0.31493831852476833,0.28803485077096636,0.3392929655142437,0.19322713628813631,0.7434295762189047,0.41773218066964457,0.5433365327788018,0.5473567076648806,0.08285330811949232,0.0009798082791594304,0.010685083533769235,0.004776855577771245,0.00020802155777724184,0.0003631778653756608,0.0009914901777251098,0.0011232317622514231,0.618065416381519,0.023556537455949156,0.15087391068677472,0.0035341943851426856,0.00986564128213017,0.6363636304132232,0.01380515230719802,0.6991509502227335,0.007747652926743914,0.2210364474993217,0.09160204811479927,0.6358810674500323,0.22006279799288733,0.028112449799196783,0.190688199896963,0.07228936689186621,0.13881604121836166,0.06336225053230202,0.3096958238360288,0.19453410968648865,0.149513722615213,0.3102732268682574,0.47850394224724874,0.08126360718379518,0.15741303315634508,0.5335043674153175,0.1080087401811779,0.029908327293023215,0.1462083978532997,0.1633661167643044,0.03921955321019669,0.029908327293023215,0.751677130841329,0.07497394614185224,0.0003370367780248793,0.008921645842003488,0.05555013220945185,0.02010928097810172,0.053444845484438695,0.01823591604296737,0.02960954120261822,0.607554197349206,0.28125055357614576,0.03516876489005188,0.0872943363232869,0.16681779462430968,0.03143671113238021,0.7622184388802886,0.639785392065809,0.6187746393707108,0.5404381987468643
300233.XSHE,4,1,-0.1225709908056753,0.3688367560694318,0.33368444788383783,0.36143650707503444,0.44573999727504265,0.1598008461921714,0.5909658718725412,0.487831565940514,0.8255917290968344,0.39106901505674063,0.17427998476688866,0.001491100945488942,0.01091260386836642,0.004893431975484987,0.0002803184227994733,0.0013630725053701686,0.0006664700335928385,0.0011194748532847626,0.618283893673419,0.02235211955846093,0.15099413616113663,0.0037449079182668463,0.013439628557537985,0.7272727282644629,0.01859671775608005,0.7104843768060676,0.008120839323079604,0.11494980555304331,0.092049611804673,0.5576968965385913,0.13040182082848703,0.09638554216867469,0.14677561529005165,0.37723270427338484,0.11733542843098506,0.04969178180113374,0.3076386645489406,0.18487075989808763,0.14124011781925194,0.4182949340404275,0.511092388762007,0.13070408754618734,0.226459892221246,0.524072373898029,0.12347081207339788,0.035439770823040395,0.1768323611711618,0.19492893277280318,0.05085807848628927,0.035439770823040395,0.7177687645262727,0.06803978448980935,0.00043440943453356686,0.009089194225010337,0.05862081611567521,0.023224338844107125,0.05163023496681997,0.01799263410032018,0.029897901833216747,0.6024829155407316,0.28449677276056917,0.03919090905102279,0.06317460788685551,0.09483560381516948,0.020242118801220316,0.8491011702716904,0.6730684180266246,0.6646114603934905,0.5381844790781093
300234.XSHE,4,1,-0.1818730655243119,0.539650574404284,0.09885360217062888,0.2963254018270023,0.10588498841057248,0.2445395585078035,0.78254282744188,0.6970384497488115,0.8868160307146766,0.6484961628223992,0.20429129214460257,0.00033241131597467434,0.010658829460798788,0.004780759354661913,6.265956359025125e-05,0.0002336129972796301,0.00030891109569287207,0.0011078216459790991,0.6179891667964702,0.0224612353686404,0.15089903094972845,0.0034715358678160555,0.010977403826874354,0.7272727282644629,0.01113077526783105,0.6998848590082644,0.003738661364974823,0.16930451297820384,0.09164875876916874,0.7164463696754131,0.33729200779217067,0.0,0.2541731943168926,0.020357273747329575,0.187551453214451,0.11627960058338072,0.3145933747678289,0.18607699557126325,0.1548743425961311,0.16583114681148636,0.507104458043276,0.06111243339609259,0.09096353432958296,0.5271106229878029,0.11036106250329636,0.006351209889341873,0.12985924133838786,0.14770541371725399,0.021723727434734583,0.006351209889341873,0.7389460104676803,0.06922904648098355,0.0004122854665212551,0.009081843403998147,0.06537310188016562,0.07042411283415406,0.024316298248122804,0.06652146488824269,0.029372207002727326,0.6943331599846093,0.30849418917811444,0.031520979444273726,0.2512829916935655,0.18510237751431322,0.029055153436621402,0.654010914487793,0.5687524877272128,0.5126626231473437,0.7823608627860495
300235.XSHE,4,1,-0.0810681392571369,0.7373909233906022,0.25919918357927224,0.34539140449407363,0.08963588384325977,0.1526707262486613,0.6802052634653655,0.24898792583381266,0.14758122800747142,0.22694435367388724,0.0,0.000209038542276905,0.010686076086998153,0.004797909615035482,3.6655074703375797e-05,0.00020097372352906765,0.00022140863227659532,0.001102502940269519,0.6179384227842838,0.022312515750457288,0.15092718688242468,0.003472079412967456,0.004304904085963009,0.5454545434710744,0.005861045111883495,0.7013469474792131,0.0026705806429890805,0.17170118476982907,0.09136476747515189,0.4997389574913029,0.11079921286693911,0.7148594377510039,0.13496984653818228,0.3938511383339886,0.09696972560510105,0.044134029700390466,0.30859897198344827,0.1822698156438108,0.1408267625442927,0.16288261314380015,0.49046959390661915,0.09338451371647116,0.09705427874493172,0.5228387589320356,0.12016843978575312,0.005062178487619552,0.13660487185557427,0.15397438505806513,0.0307690513357386,0.005062178487619552,0.6916685070993963,0.06599893619658656,0.000480857342270019,0.009099675971576727,0.07043893221409539,0.23095736893471264,0.015965634961720754,0.2684167540555695,0.029605742144549786,0.8379479576822131,0.3619631722701713,0.021246536927978663,0.050878112026672286,0.12808090451943052,0.021175749237303344,0.8844436593714051,0.6700886736544165,0.690938784778975,0.5239974383336737
300236.XSHE,4,1,-0.1335460704927225,0.29794306376014046,0.1935692046779044,0.3440706180710285,0.4454407534925009,0.2549943922233045,0.41971618106042435,0.31604985185561135,0.5799985773737442,0.3266452297762661,0.09239749385502971,0.0005764865699088499,0.010640911217611626,0.004771130869250297,5.912992574088524e-05,0.0002082994022250037,0.0002431012683503148,0.0011026260707705572,0.6180342930332913,0.022176092696251967,0.15089169987619178,0.003480200628552559,0.0018822942266325917,0.18181818479338843,0.005882371536755012,0.7032819684797671,0.004066622786694963,0.09360586054083385,0.09168805262653516,0.8437096051750209,0.23854514913960853,0.0,0.24425951082480948,0.038636729942233786,0.13625723008752338,0.05373454004857128,0.33984247730873596,0.1850508208799854,0.3376527659707219,0.23514326538791672,0.5145134222959858,0.11083916123405488,0.1255704959381035,0.5249211340762457,0.11330868912774168,0.007279183198539744,0.13941922541373897,0.15582997396590983,0.04174940232844725,0.007279183198539744,0.719258638640674,0.06907478691641528,0.0004149857359505276,0.00910597757611817,0.08314249018125174,0.11632170814590818,0.02411565508146371,0.16137175065161735,0.029533703067817173,0.7528333645656727,0.3407023443207614,0.05996735055754464,0.08791306683720307,0.216416660333384,0.015975803074714363,0.7636297950604309,0.466990624032551,0.531904106803833,0.6713525356552716
300237.XSHE,4,1,-0.05005867553473947,0.5136963373085981,0.4490220842230293,0.3578373242308442,0.33873877940300023,0.29862079787345586,0.4839050357124953,0.17657755772372682,0.23590348622467483,0.13468135667286052,0.016121257734576178,0.0005449441735259175,0.010692278122489702,0.004806424956690561,0.00013468958752792023,0.0009788107003517355,0.0006861607168872478,0.001124635404278288,0.6179171869870871,0.022090315591754357,0.15089896513761292,0.0035639649596911314,0.0016564743750203843,0.6363636304132232,0.0021366441976330445,0.7015362879309539,0.001481733208816217,0.07660305688703987,0.09135897266395356,0.6780059556524022,0.14956962201672766,0.4939759036144578,0.16495465451656297,0.20315696864487076,0.12284205462166878,0.04273766345301282,0.33528440053528197,0.18603458585473054,0.1504054261328924,0.5287505381263149,0.5335639820868531,0.14753388709972579,0.2714464933193283,0.5316204819509287,0.1222191064482422,0.042519234557662204,0.1837930386646789,0.19807760340691802,0.09167893288292264,0.042519234557662204,0.7339821004771103,0.08390487907938557,0.00027310150916734575,0.00911340680735002,0.053025066236645144,0.019515460857977285,0.037053813753627186,0.016103805459256184,0.029410408717868687,0.6111241091853017,0.2743528244695938,0.03966186572096166,0.04829922295842329,0.10501975984192127,0.013837859663815278,0.8368188209228671,0.6195933395250104,0.6332433795512697,0.8188127171819394
300238.XSHE,4,1,-0.2095334029876631,0.8395641112681921,0.13960688579743402,0.32316415733773085,0.13623700107577302,0.08543272439603411,0.8343345427396056,0.1990952116501532,0.8404160215817673,0.653387718324674,0.180928885493714,0.0005000208318859683,0.010655143136512174,0.00477655678939624,5.961715503827801e-05,0.00020867190345485906,0.00025099199534240913,0.0011047702381688795,0.6178782568444141,0.022556155986548927,0.15089727914003456,0.0035182113407378345,0.026844542183067,0.6363636304132232,0.026894872854130773,0.6922547012797194,0.0073895468293323574,0.1781676765849688,0.09113509030555789,0.28973756922551225,0.10382718911279254,0.8674698795180722,0.09783833211893783,0.587037867814257,0.07273801750520895,0.030389360675121956,0.2842013620167786,0.18140641265204735,0.1381932474906215,0.18563918698020543,0.5318427242963106,0.07877416130710135,0.10561998865885622,0.5240109480869192,0.10992607260519262,0.006428523949385499,0.13749849933077787,0.1550307805327291,0.029824599071664126,0.006428523949385499,0.7178844488692733,0.1044887653600985,0.0002078850252087209,0.009061622888820873,0.07836688215233081,0.08486847429938853,0.026316448268612055,0.11604663087760707,0.02945348287141478,0.9727264058156464,0.3270279672022072,0.029955546578349153,0.03282959944765333,0.15774987966762932,0.0500394807680804,0.9210643578418145,0.75833665030295,0.769545803814498,0.4084146046940094
300239.XSHE,4,1,-0.2963763650654254,0.8214917665875772,0.09947735099421873,0.3214421238259848,0.19925205771894322,0.14086330113290826,0.8285711148703939,0.3752104995171177,0.8332655683172352,0.5443198363422966,0.1776807813881376,0.0002546187933214931,0.010874864165783675,0.004873510640154149,0.00010778563782336782,0.0002037371051422531,0.00027206684572067525,0.0011160329265416122,0.6178404023378555,0.022474599211243798,0.1509938214978186,0.0035175338438579065,0.03311190252016361,0.7272727282644629,0.02870545617576079,0.7035316417130065,0.010530125430696362,0.1756805643483766,0.09120780535329863,0.4441309600509178,0.17163687038114797,0.38554216867469876,0.1460146966009663,0.0901530542583454,0.08292061379277148,0.05240744391559792,0.31586124515897196,0.17989684644796633,0.14729746241456673,0.07657629043032473,0.5318427242963106,0.04214872940840694,0.06314418193667794,0.5243367457713347,0.11857486935072317,0.01359604264945525,0.13234585578659488,0.15002696820144806,0.024957343255516084,0.01359604264945525,0.7041121694086193,0.06015715215153111,0.0007354359975714755,0.009088812866214725,0.048379002891141824,0.04741772470335177,0.06399551675222638,0.08695118240148735,0.029788493319750736,0.638015707833847,0.30851560223342067,0.02910362557985991,0.06157310769419802,0.17869721208896996,0.04370027516898965,0.8440540185482381,0.6609946486223524,0.6596816058598463,0.4961589606164699
300240.XSHE,4,1,-0.2060337792691794,0.799099598904395,0.4357590584907437,0.4834030498674344,0.47591864915672594,0.14491330181986997,0.5860480754530302,0.33757205903935456,0.6772939189752876,0.1832366868596244,0.12030950501875004,0.0030697549376025603,0.010887716826394713,0.004864390210613312,0.0006585939902598079,0.001173537342916078,0.0007269884675826034,0.0011038969336432055,0.6191428483409438,0.023374146743329008,0.15097930980868662,0.0037623505008559112,0.007644806460148159,0.5454545434710744,0.00783957896936596,0.6975737143897541,0.004848580123657826,0.08248168580989418,0.09094710218109762,0.2612690789099691,0.030832992494263294,0.6184738955823292,0.07468071061241108,0.9302042194889841,0.0605465278201229,0.04342819250904623,0.3072253555889096,0.1790906962808237,0.13484610965093574,0.26841945890518437,0.5377790737342261,0.13896850428899418,0.1585925582351041,0.5176049586447715,0.11577885385122719,0.055797428242619504,0.16103050678124978,0.1812786932817021,0.019853112888685312,0.055797428242619504,0.6991003497406452,0.05965299760478649,0.0007745923234309796,0.009007805239489535,0.055578362924575436,0.027140812394926564,0.08915401746371518,0.026291378614496232,0.029153332765168245,0.5865416707786166,0.283965923653114,0.03902540309272705,0.04923690521766791,0.16790015263211228,0.023114942872524975,0.9285605232137024,0.7593096280571405,0.7900666203695148,0.38413705941805076
300241.XSHE,4,1,-0.136409040498243,0.7037110903630962,0.1339188300792601,0.3276658805222161,0.7509877134515095,0.15973413859705068,0.7049255856753928,0.6849536566681649,0.9177840576286578,0.7021201638897321,0.2229952218084666,0.0005320216386707444,0.010679095078603512,0.004797144292635971,0.0001369634103396064,0.0002042028881574921,0.0005565968235470638,0.0011084054575803033,0.6181832779304296,0.022246002978499393,0.15092818272894373,0.0035195504712989697,0.017337431853806696,0.8181818152066116,0.02725037390583377,0.7090273318199153,0.009478208957922125,0.2014560911639685,0.09203386242539106,0.6056967154542201,0.2021417303636803,0.008032128514056224,0.22068947797683905,0.05650144389841277,0.18648544295364572,0.0835797394042617,0.32627143139670745,0.19576696799200904,0.15208484441983375,0.2825031313376023,0.5318427242963106,0.08953327015754031,0.1422805626775554,0.5232454138606178,0.11590209228574397,0.022642033180968645,0.14082191225837984,0.1586324196828488,0.029415327588158374,0.022642033180968645,0.7140259670451532,0.06977901297465176,0.00040302995874854784,0.009089132812810324,0.05010727671746963,0.028873859490677892,0.052480335676387324,0.03535552825647981,0.029332441530446285,0.5830194390819688,0.29200126998884385,0.02648056332800713,0.12164119856256275,0.15314178319906774,0.04523135131901657,0.6799798682024114,0.6249668303038347,0.555626556257641,0.7219418414723783
300242.XSHE,4,1,-0.02942037766239903,0.5156923041925698,0.3112830572584905,0.2815798369265252,0.2985068738302953,0.17009912495543786,0.4701460195452318,0.237903343275586,0.14758122800747142,0.11374790448917874,0.0,0.00028224187119362985,0.010482183595038136,0.004713250885434902,5.724194077236262e-05,0.0003665059611270107,0.00023803061660610715,0.0011079222036057227,0.6177469415104532,0.02223716483980201,0.15080319114865262,0.003438969556867397,0.0014453126995277873,0.5454545434710744,0.0011839633867209466,0.6978176526641566,0.0014256798125607947,0.04210002713213349,0.09131410946816387,0.3569678059469009,0.05473509315311977,0.8795180722891565,0.11362327739208458,0.7341091613891401,0.08106208767796286,0.04041399965980792,0.30667315550160995,0.1817472005477376,0.13952040389229883,0.20236794096427244,0.5190061829988338,0.08482554296577523,0.10538143148252975,0.5151438712938957,0.09534947234628746,0.006585034285276934,0.13172011033021927,0.14863681380727192,0.03178666352821176,0.006585034285276934,0.6820959198482783,0.06461919159529422,0.0005204717596609272,0.009222447458411194,0.06227801291647559,0.04799190537925662,0.028538349634204964,0.04643340417940305,0.029371472799680037,0.6055045057731778,0.2725128590263718,0.0496043863222691,0.04324761775763996,0.21027353447839084,0.014526230783035233,0.9023785346039681,0.6923040776613156,0.7214698201540481,0.40944687246011446
300243.XSHE,4,1,-0.2303025779737638,0.8206973411752202,0.3238480178613206,0.37328427470870185,0.16918206978064088,0.18856194333506157,0.5770257969382424,0.2904835621199626,0.14758122800747142,0.23066957734005955,0.0,0.00029477582610692906,0.01069145116644881,0.004803100072293579,0.00018726557878143594,0.001162380397106535,0.00038507959620138435,0.0011267772880616995,0.6178804954846606,0.02221830425235496,0.15089537184033486,0.003521892332485607,0.003946402638509589,0.5454545434710744,0.0036909742016837627,0.6957041463805452,0.0027218098102061096,0.0814416206927738,0.09133966835233233,0.35492640212552506,0.038904189439556404,0.8835341365461846,0.10786598871336883,0.9127542477715304,0.07627552173351033,0.03731608698359625,0.314907704797858,0.18214423329018056,0.11964945392908485,0.19184799923287563,0.46715323331417535,0.05588525647711876,0.12043288202492405,0.5051802434035906,0.11396178320444647,0.039407440820526614,0.1494418815707221,0.16690875205552702,0.038456410333892896,0.039407440820526614,0.6510936844528423,0.06212077631178245,0.0006184976855759722,0.009073565642592022,0.04370048741516933,0.017438627111612377,0.06859414358438855,0.017528485483258124,0.029541753420339385,0.5701036654938831,0.2797166001596636,0.03594756914240938,0.03821654619646281,0.16693820616101737,0.02219058443500628,0.8787689423527574,0.6699642872937956,0.7380443766123688,0.5178733088974199
300244.XSHE,4,1,-0.03894384833295576,0.4424016082260977,0.09232181289440833,0.3287309737431059,0.3235412074570213,0.12341808994280862,0.6010873469753035,0.5791513912710333,0.9725283844673802,0.4386960363666597,0.2696888641529021,0.0013089701930851113,0.010808923964666104,0.004848095813634191,0.00024196300517626785,0.0005194416822798218,0.0005018596172247678,0.001108222851520143,0.6182591559301298,0.022043965948361218,0.15099048711384433,0.0035636025303427184,0.019370698498079937,0.5454545434710744,0.023160606626329763,0.7054575942847088,0.003125027715243983,0.10604142172379488,0.09126041056059034,0.4441021598503983,0.2621704233402485,0.028112449799196783,0.15257177340829642,0.07935127743689295,0.11228066745572327,0.061133225122184914,0.3138105855620067,0.1831133736729337,0.14945262922551777,0.28123401069417103,0.6170980915064528,0.12401106269803383,0.1581055875093011,0.5060909914591625,0.13033282558402048,0.041491340139903056,0.15627981678665887,0.17719079637069526,0.010381022738688905,0.041491340139903056,0.6422946632124958,0.0649890156695418,0.0005090562216402527,0.009105495874174323,0.058317665726170496,0.030431072522042385,0.06470765219042847,0.02991130751702084,0.02951505921418409,0.6595083623202709,0.29008674818032837,0.03642250705533131,0.09334584318525405,0.19968792749658004,0.021281479930609557,0.8186398432063173,0.6658291318384859,0.6476936360779799,0.4342629308638314
300245.XSHE,4,1,-0.03849127741561724,0.9620174051920634,0.2755635917854015,0.369084991960007,0.22331409981535483,0.12713437187477628,0.7352618370794268,0.28435899037918044,0.5741473682731513,0.33303839884604297,0.09084301176500342,0.0006846857867028901,0.010635638663966438,0.0047679837169026466,0.00011348588733321605,0.00026040974336786143,0.00035492944996357104,0.0010976805318788424,0.6183231505423423,0.02249657059531437,0.15089479212221094,0.003567826972125276,0.007824092575248178,0.7272727282644629,0.011029069927985559,0.6959938500555111,0.004882889734954278,0.14438817038979831,0.09162545988751626,0.6416145400592128,0.11730126200517696,0.48594377510040154,0.15617147879112087,0.293726818321341,0.10577272437211424,0.04909945194805203,0.3119694210698413,0.1832763964612297,0.1422332103666383,0.18107693859728152,0.5318427242963106,0.10282707362651579,0.10989570529543119,0.5131068227776222,0.10870691724452089,0.010735770228587538,0.14294638216875788,0.16054477639619802,0.03285225378967103,0.010735770228587538,0.6508073949171338,0.0666128705516587,0.00046556192339122717,0.009064598364743793,0.061991088592205465,0.05382779728384131,0.03521144390286801,0.06552261628194231,0.029172755773055593,0.6852872395749593,0.3103654955477392,0.03566121214711359,0.05661417188099477,0.15626797068956783,0.04310447448704911,0.857947444291375,0.6282727433550046,0.6550646531806408,0.6372066499239013
300246.XSHE,4,1,-0.09051739113106974,0.9332251220416675,0.14136443467205012,0.33917030389066244,0.19437404971291822,0.14705101811337182,0.8516341485949717,0.5265638435347539,0.7395311831771811,0.535459813564795,0.1407734643898918,0.00030344827557963187,0.010614030441013417,0.004767959792675923,7.60587324629334e-05,0.00021023260225279205,0.00033895401436984373,0.0010990663682991905,0.6180417694399387,0.02226134129322484,0.15088821678384817,0.0035110953350679123,0.023537757187459867,0.5454545434710744,0.030792225927933174,0.7059843714523909,0.00635118901091035,0.4050827530071448,0.0916355431867682,0.6000648991333568,0.3255029582692572,0.012048192771084336,0.20134106154415765,0.027834953120781353,0.14156517990001408,0.07626972249858835,0.3114997465415266,0.18802803288964484,0.1502234458231619,0.24806328872691893,0.5265782809626879,0.16131970687996192,0.14319380095079132,0.523407449529663,0.11478337276789172,0.013493666476801558,0.1528550670828836,0.16900572292710234,0.05322888428193397,0.013493666476801558,0.7136204875802926,0.07269149210972979,0.00036203910498316656,0.009090520344704353,0.05638109143638405,0.07495015875288802,0.028764766025310598,0.06376356539368938,0.02996043969994048,0.7212835271771251,0.32494778621127723,0.03167923791534317,0.10505106918207874,0.1875623036682373,0.04646991086917509,0.7395071437701495,0.6409408031489101,0.5846234483632724,0.6734262009205875
300247.XSHE,4,1,-0.2359349641945332,0.6084835848490857,0.4579004479092451,0.2891953862605276,0.5009755514486157,0.11583945633129197,0.5469114150301979,0.18585685098402288,0.23777485446621222,0.26655168346620206,0.01647407683144053,0.000362199668284829,0.010655720118219282,0.004789436899476415,0.00010116042845650461,0.0004763319038868705,0.0002541122527195547,0.0011071696939448706,0.617994247790017,0.022202029286336623,0.15089883913343155,0.0035680370296616304,0.0036642629822785312,0.7272727282644629,0.005222808472154988,0.6996713531146467,0.00417115273367382,0.10084109613819299,0.09145418194594673,0.6753035533124283,0.2014777764107644,0.27710843373493976,0.1683580362895628,0.14083886750730673,0.10976212595761763,0.05257211942410116,0.3154565210363344,0.1840294296631167,0.1463147687420221,0.3656300906628613,0.49064383437998227,0.09927377226628835,0.19375990544910274,0.5161509735629732,0.11534891185510224,0.016597604008841423,0.1629944876396151,0.1793765944632914,0.05783504397680405,0.016597604008841423,0.6906366962421285,0.06739113201195145,0.00044787557554425714,0.009107244476905032,0.054114982911182996,0.04328408216192545,0.037242909776717036,0.04401909788677223,0.02996043969994048,0.6611838202436566,0.2859779721953424,0.05789854232881914,0.070106113149013,0.22812658332066676,0.02111847221391398,0.8474128687278977,0.6220893591614707,0.6329080332600148,0.6606083378910532
300248.XSHE,4,1,0.02244132446526059,0.8499408642352269,0.36526591369357325,0.34824617305719646,0.1296641699035983,0.12338681510823984,0.5795761567562887,0.3027730145069919,0.3024542937407079,0.22237609174421905,0.02900525343569449,0.00032894470549645874,0.013684344003226122,0.004701184204203603,7.821197970694078e-05,0.00020098593654681738,0.00028781005813470354,0.0011010340429327633,0.6183282544308455,0.022215032737459568,0.1508115233239362,0.0035463571632953664,0.0036618544748255374,0.6363636304132232,0.0036347356821353136,0.7006927514535194,0.001493860680805682,0.07366374242561273,0.09129040938272084,0.3077308669017499,0.057931031781838886,0.9156626506024095,0.10038724502635873,0.8130456965873077,0.07955812557479296,0.03812962535487003,0.3087110008280888,0.180991049812759,0.13792677632280187,0.27588426824200907,0.5318427242963106,0.11395862844141365,0.15350260633804877,0.5116489835272836,0.09759700718594956,0.01074673618153366,0.15363782972336076,0.17097294680057235,0.042520762443085676,0.01074673618153366,0.6697340545492576,0.07415693526450023,0.0003454065735422605,0.009103035822072936,0.05607714953150204,0.07918016735676361,0.02568278721810651,0.12741951402837853,0.02996043969994048,0.7612028922994358,0.3233587428434163,0.047167979366436366,0.03981965444523403,0.10979109667122663,0.024471645630196808,0.9137182045419039,0.7071530449781083,0.7563828017522503,0.4464809780273812
300249.XSHE,4,1,-0.2243590168316678,0.6406473223784599,0.314680858046328,0.29960549938706227,0.5625211372266787,0.1256944640288784,0.5522064517412095,0.21676736869511465,0.4057053460011469,0.3337078021644427,0.05050237192915252,0.00040500961644347977,0.010621887310191857,0.004772145360523507,8.62165913987207e-05,0.00036770497009842114,0.0005518426405196151,0.0011145202280895457,0.6182267105473044,0.022723180026316042,0.15088380750190739,0.0034995581138653675,0.003920510412348971,0.6363636304132232,0.005098564621233325,0.6975529888658782,0.003301336366856376,0.07248801664104187,0.0913975278147609,0.6217663223312785,0.1480968993428517,0.3132530120481927,0.16107034577989882,0.21437451429474824,0.11274800893825941,0.0497857579032064,0.3078061663630858,0.18296760082068844,0.1428181470764863,0.3451554058879372,0.4801998091446144,0.0884028166868179,0.17011086964674701,0.5237183123109851,0.11249684723708307,0.01942679941007265,0.14696949394966977,0.16474578965820275,0.03386376932144431,0.01942679941007265,0.7192294254227445,0.0660452635561157,0.0004796579659930774,0.009014916169095426,0.05382607979846962,0.0287025658430572,0.03199163839002149,0.030997880798733075,0.02996043969994048,0.6649505512600309,0.2987526116627569,0.037707246040978845,0.060697912846244886,0.16234855537822365,0.026735658311898065,0.848953821135902,0.6437104727787362,0.6444840816132533,0.677936538758382
300250.XSHE,4,1,-0.03740966891222285,0.7617472887855019,0.2367351216532519,0.32462943521019344,0.289300530196456,0.18076890536632773,0.644435384600724,0.19628732993993428,0.3874597251872466,0.2722903377373703,0.046554050665906566,0.00034354348949827847,0.010650624279037221,0.00478126592340885,7.419195680456178e-05,0.0002183149394430663,0.0003957352851396046,0.0011058555163973019,0.6179698728073357,0.022368913168307455,0.15090370630077019,0.003500613167390193,0.004073845114393334,0.7272727282644629,0.005926072306561101,0.7022358049943295,0.001952046153007618,0.12688794428868588,0.09143895671039658,0.34529179595183723,0.12242467005201765,0.8795180722891565,0.13146369133185146,0.3128378121730953,0.0937714055466644,0.03630345446842963,0.30680088122064203,0.1821143875854044,0.14180295692006123,0.2159414048375694,0.5318427242963106,0.10738743273393811,0.12559512314343954,0.5228054364331982,0.11671497856991545,0.012206987844834465,0.14653843413901813,0.16411935930026733,0.035427430254864264,0.012206987844834465,0.7076165870314346,0.07166278143819636,0.0003751620376420139,0.00908122379876588,0.0573289311006971,0.042864264947539234,0.03026691083794572,0.044391737051456506,0.02996043969994048,0.6392881022528312,0.30592053459444557,0.03623885800401276,0.03665067063155579,0.14983620547702287,0.02351887300352934,0.8966416824075782,0.699728561319712,0.696532730590183,0.6650900381118048
300251.XSHE,4,1,-0.02809286356892745,0.4730290513391785,0.08112672835696383,0.332287836175028,0.23611571539742998,0.19545271136545564,1.0000000000000002,0.7634541507270903,0.8144034761257848,0.7814235745209086,0.5354962664872905,0.0006231295705705524,0.012378060957571931,0.005513874227609892,0.0002886640932610619,0.00020736925413627927,0.0006391567398879724,0.0010747508630371294,0.6215868105567264,0.022796066945584562,0.15191788646696086,0.004071685318905227,0.1857464233832265,0.9090909021487603,0.3459787063411471,0.7220465997768399,0.024075379115126166,0.6528895722166953,0.09239178613997287,0.7295542462855097,0.6033253234589508,0.0,0.38305305612615304,0.0024925597911505913,0.31976207336562995,0.13875614755390492,0.41032379044222594,0.5066791525371397,0.19068026839495963,0.2426967191343346,0.5318427242963106,0.06981625841214005,0.11417306923671093,0.5391637321455642,0.13544809094439458,0.008544727820444633,0.14069702943065882,0.15930426987532129,0.021775946658990176,0.008544727820444633,0.7901509388543979,0.09483605728299566,0.0002307464691156347,0.009079886164284361,0.045347103238406,0.08290704638200638,0.03350842498070241,0.10682424430717712,0.02996043969994048,0.725328022726794,0.41001582035458856,0.034883911017106826,0.30961372224376604,0.19372086689973148,0.03986301369863014,0.47655728508329664,0.4791500818185841,0.38566539833594304,0.9741176083099808
300252.XSHE,4,1,-0.1242475872390516,0.5712828646694055,0.20848158660019833,0.276453931929299,0.5438296015627546,0.23937631833370573,0.7630174831505552,0.6194714732959915,0.8493891049661073,0.6219029461867019,0.18512115337963198,0.000570542533293331,0.01086362106638998,0.0047720679167710545,0.00022076382721723898,0.0018281699697059936,0.000743972500749577,0.0011280258875898677,0.6182736360746836,0.023827221515386764,0.15083805105273232,0.0035237595993064153,0.012833036606009629,0.6363636304132232,0.010995022384505058,0.6945848857032845,0.006122041997333611,0.13624853034276926,0.09151376884706132,0.6312369217766205,0.23551404440980664,0.004016064257028112,0.1975048455038599,0.057747723793988084,0.14474927320303754,0.09551641334308869,0.33614343628709337,0.18989894666379398,0.15086427648528428,0.372046142434417,0.5284649730914813,0.1295410272928971,0.1740065530879358,0.5001454145672154,0.11841594747118388,0.019277142794772537,0.14196689774949606,0.1602646548074407,0.02556276817023573,0.019277142794772537,0.6563929621852422,0.07971636550130433,0.0002980396003693193,0.009024699626048283,0.049655585275492194,0.01957914448653444,0.03264432913312914,0.015750139078328767,0.02996043969994048,0.5702616752583322,0.2812910437170884,0.03865409124716417,0.16559019679514414,0.1707107843137255,0.03512816294789735,0.7562161807104004,0.5988014683118839,0.5843131870308123,0.7690837340148117
300253.XSHE,4,1,0.07023544211231929,0.518529369717272,0.1211929566774047,0.32050930402753974,0.27387727159883946,0.09626285612636046,0.5572106343230246,0.4631832199156775,0.9314390742742631,0.24742090232164227,0.23246486829818774,0.0006298003765050666,0.01061610137940581,0.004711893024122444,0.00010840245860091561,0.0002042669352275397,0.0003588988333340882,0.0010949796059856814,0.6185142997004539,0.0220604821750655,0.15081579678565216,0.0035438467104106403,0.010170265626026999,0.7272727282644629,0.015629868490530944,0.7032806961385645,0.0025018689267488374,0.0847879171565524,0.09148594606790607,0.6146848203578376,0.28978935374704173,0.004016064257028112,0.18753977529511126,0.07685871764574236,0.1413143414304544,0.058611960041561904,0.33539615411451984,0.19247485290329222,0.15284786186134658,0.2598679705526653,0.5318427242963106,0.13926535352291877,0.14018228085479958,0.5106068324130435,0.09860293220441357,0.008212291683464249,0.14616574347610567,0.16329911901452876,0.039421803302110474,0.008212291683464249,0.6519654068758567,0.06184146340860233,0.0006324117268682668,0.009128578362369136,0.06513828565156754,0.07882946299569973,0.026855007044681346,0.08685434296604384,0.02996043969994048,0.7731911208491944,0.3175392584036023,0.025027263389448273,0.08869969490227657,0.11744914374018342,0.017264610875157026,0.7816836147761004,0.6351582194507102,0.6049343434210075,0.5648469364420656
300254.XSHE,4,1,-0.09314332402828324,0.5973092687736689,0.34782783600868494,0.3535433075048965,0.4828624423140738,0.2548024045105181,0.766320044779935,0.24250185649993014,0.5103561922442281,0.30108512172815105,0.07463727621850214,0.001028189889795284,0.010654262896446557,0.004786329450304141,0.00015348777621605075,0.0003585991977805954,0.00037806583569019155,0.0011045151429226827,0.6181083513365063,0.02252402672784089,0.15090275286039473,0.003479203124334777,0.013045049104725015,0.5454545434710744,0.0070491941780017565,0.7049282963198331,0.008472101345335057,0.20168219227638598,0.09135500017690705,0.37903121892991753,0.12635463167486466,0.4939759036144578,0.11169298149682916,0.37141707362393345,0.06234249799542767,0.044984566212909013,0.3069836034989928,0.18098399643882365,0.14148189165932246,0.26861719793330513,0.5364712399187286,0.08768768983204302,0.12529869066181948,0.5277097053102734,0.10971910862406202,0.015663881757893815,0.12917773716127393,0.1473008557571988,0.01864014248161128,0.015663881757893815,0.7414630213244806,0.06549621624911241,0.0004943840131280049,0.00904241019171166,0.0681321925661931,0.03337451548452383,0.04342871458675821,0.04113823714986071,0.02996043969994048,0.8092894217729694,0.2900193943881833,0.04508487116291457,0.05285202152238795,0.1809465565942139,0.018546838547586292,0.8860032523327321,0.6879975454424838,0.7120906860868257,0.3670106679900039
300255.XSHE,4,1,0.07314887163507185,0.5319489034046552,0.21667056597901138,0.2828924779982551,0.3063602677813915,0.12039509697368067,0.689486286144944,0.6673348173117954,0.9749213823360754,0.5534167219346567,0.27259499123373293,0.0006920123061939435,0.011001480215996052,0.0049324720278785365,0.00022359949000650951,0.0014143871492394914,0.000328774061108694,0.0011078673638989236,0.619391368834877,0.022156759184543188,0.1510730756013463,0.003676504398658397,0.020609688979932338,0.8181818152066116,0.019737659069259013,0.7000111519863228,0.005814639487872648,0.09812788278918332,0.0914278991504953,0.6129310640356967,0.16721384235615627,0.03614457831325301,0.16345258126018675,0.30702115493394405,0.12939673587125392,0.08157287597906324,0.31610554929213086,0.18708317441631153,0.1418653501691117,0.335403957244249,0.46485875716436414,0.09741267184093194,0.16570419228614428,0.5022442100753104,0.12196984452984101,0.01741728853269637,0.145941481692462,0.16356688640829198,0.034605176276991965,0.01741728853269637,0.6337667406345345,0.08399198087957653,0.00027265124122164645,0.009105648582189534,0.051736215363946673,0.030640017361525697,0.02974428712000198,0.03463977509935969,0.02996043969994048,0.74012383530171,0.31269796126300436,0.039574375875162514,0.12832252740241004,0.11843159421391296,0.03371941735957409,0.8172196105722118,0.6364518376011681,0.631832020553823,0.7646023703240554
300256.XSHE,4,1,-0.04005867553473946,0.9076629008431186,0.2425701161642199,0.27729697579042223,0.07750547708068461,0.1182369526090443,0.7765898472021449,0.46062415408555496,0.8238652579739519,0.8381306593293978,0.1735260090016304,0.0008966489669611217,0.010008035470059809,0.004504299798030088,0.0001450921972589286,0.00083267895565336,0.0005890921788026656,0.0011177143803337893,0.6180324096299955,0.022423618562319288,0.1504977807045491,0.003394497685622269,0.02830020972217905,0.5454545434710744,0.020921588594034403,0.7036679938628327,0.010971846879742711,0.180564348376594,0.09107831084587979,0.3939608113363835,0.1894003347465326,0.1325301204819277,0.1568204007900378,0.06356438103313934,0.07852234867588663,0.06894003633106566,0.32529829658992565,0.18135708840934903,0.14548935805145882,0.34136696442653947,0.47576740690975294,0.06988649961525818,0.13572917695660128,0.5338790648630871,0.0632911172068879,0.01083865787292715,0.11550768798161236,0.13262426775889674,0.019016014867369795,0.01083865787292715,0.8077887113114749,0.08056882264261596,0.00029238088318251336,0.009165107106588969,0.06214503833308971,0.02229451717475822,0.03575328206771097,0.019403475727922146,0.02996043969994048,0.5168748884229295,0.25139744518890506,0.025211928063976784,0.0815423402205552,0.1394599926533921,0.07032152898247293,0.7649692519634717,0.6797272345318652,0.6885372300396342,0.6394633440835851
300257.XSHE,4,1,-0.04630477172462087,0.46910595077778583,0.1594675480171202,0.3271858360131834,0.014751213901629034,0.16094843376351597,0.6194919499283431,0.5945558059390043,0.8544209867230332,0.3198968631629016,0.5103887379782878,0.0010806100267357534,0.011998378222895923,0.005355576951679078,0.0005798776962192925,0.00026899567473330705,0.0014742912116880165,0.001036271611148117,0.6227832820959375,0.02265299749271445,0.15180647088113347,0.0042463937863222116,0.032735345289393654,0.7272727282644629,0.037127154225319675,0.7040136228479297,0.0037933528399043378,0.0638509541466944,0.09156834313861566,0.6560001430704245,0.2471377788247258,0.0,0.16913740149232293,0.09181510298234571,0.10127990617364406,0.08432305661590742,0.3114139018454188,0.18148329297884597,0.14599240362192809,0.6276435618756899,0.4976766764225249,0.23254949664053595,0.2966563777845146,0.5226191516204209,0.15806512872759276,0.03084824858080417,0.17580776857332514,0.1926125212114121,0.062421853400757094,0.03084824858080417,0.6995712668136677,0.0701119205844006,0.00039769375858823386,0.009092193552993082,0.04680401920955052,0.051919033917534343,0.032566639951195304,0.05121582683802364,0.02996043969994048,0.6160351635484226,0.3257902926055075,0.03404751686625152,0.1737893862936306,0.14643040355677156,0.016834509780463,0.8339029057959695,0.6283307903232944,0.614012457982694,0.553218989197854
300258.XSHE,4,1,-0.1991495846256485,0.6925761915939947,0.34808381439555536,0.39823295456859475,0.28786633331912337,0.15271917512533434,0.5132904178480027,0.29444317919268964,0.8162651845594118,0.20089079754126726,0.17025622075181635,0.0005487049331822724,0.01107950952568399,0.004958563230192138,0.00015600389996821133,0.00041550293549287316,0.0003686974396366533,0.0011170871303724176,0.6179966340698196,0.022506121719320663,0.1511310665148495,0.003682793707024542,0.0047157752276999355,0.4545454565289256,0.004449462583248983,0.6993706008271338,0.001958997994879756,0.04155738446233156,0.09123428498693159,0.2978764653286542,0.05138254909238759,0.8192771084337348,0.10081151484087905,0.7769004998465249,0.06669506151874435,0.03429258345610111,0.3065701015470705,0.18120713845606437,0.13830243567645978,0.3662815988939496,0.4139525458809793,0.04224243292211019,0.18638775015900608,0.5265065222167121,0.1343594847728296,0.017097475516924487,0.15559585880816412,0.17248762141804858,0.048038770520896036,0.017097475516924487,0.7136683972576968,0.08011853266884696,0.00029532790438724105,0.009096001109393846,0.052445940818922905,0.023858519414211705,0.042568267636552824,0.03480389945864194,0.02996043969994048,0.691129165497764,0.3448757487999443,0.024776396331601464,0.03191084277190115,0.14352904760095253,0.018784620446252318,0.918120925707631,0.7216039759409139,0.7553173511339721,0.5022597826365786
300259.XSHE,4,1,-0.228520213996278,0.8205433979639883,0.20009570076994648,0.37202387012910204,0.17144294850415726,0.1454388275082598,0.7155106872319597,0.42282667665350343,0.8492626492989175,0.3019778528434172,0.18506107022997387,0.00033257893499846167,0.010928434051638987,0.004797841849644956,0.00010217224081730339,0.00021561210860048224,0.00042754605415934325,0.0010924413931041655,0.6185234493622616,0.022592257382517272,0.15094262498105213,0.003592351116905605,0.01239253216931891,0.8181818152066116,0.01533620775291735,0.7039017845842654,0.005352136324598841,0.1588586415845166,0.09165892002397755,0.7734623676397036,0.18585410507381434,0.06827309236947791,0.18358958615246568,0.17781457531524003,0.14046561362079285,0.049464060651167485,0.3458246146386205,0.1940937072489718,0.146923102920264,0.21165740811636585,0.5318427242963106,0.11797465465682964,0.12013705355502907,0.5245775911575096,0.11297030562957694,0.0066012990848891805,0.1427378873641994,0.16043442716127346,0.03178162715632924,0.0066012990848891805,0.6999288366011239,0.0758689768332049,0.00032851298139941257,0.009107210206704132,0.051818401043956006,0.06724398993920747,0.026711683898699955,0.06297887452899087,0.02996043969994048,0.718971040413908,0.3604500479165779,0.026247205614300103,0.060354860875314414,0.12085399566803466,0.02613641801758689,0.8110158568973598,0.5902934412454117,0.6137932946584881,0.7578588302914296
300260.XSHE,4,1,-0.2315480372368671,0.7533047293119446,0.42288158829401723,0.3159613648279834,0.17594063270834848,0.21890883729204041,0.7565211194486533,0.16063410305631287,0.37404708190375496,0.622310736943058,0.04369445414458528,0.0003998013150622651,0.010605916661903398,0.0047680203690287385,0.00011195723757242214,0.0006933026523587165,0.00042106308361894136,0.0011140617045745998,0.6182410122222787,0.02212541608910902,0.1508724564211273,0.0035282327710387767,0.0055268175247750245,0.4545454565289256,0.005087266818789351,0.6933380890337066,0.0032793210479259097,0.1259383196165325,0.09135222849594091,0.33124406268561185,0.07431703828853556,0.8554216867469878,0.1018399079782489,0.6385541921303686,0.06531212527078797,0.048308383911988724,0.30656906819056545,0.1807237597468138,0.139443712190341,0.3503313215641576,0.4724481434820795,0.08361144125731462,0.17012728778363773,0.5148212452690081,0.10804250890476019,0.02009545657450922,0.14530738286968364,0.16256806930848733,0.03763866258349443,0.02009545657450922,0.6922971755492378,0.06697423734675122,0.0004571278921175322,0.009134136440631858,0.05227616077049272,0.025777006125857482,0.030534204117286457,0.028696433230099225,0.02996043969994048,0.5809204041058145,0.27383774315740955,0.031194615019491025,0.05373568958909424,0.15997982849470538,0.06014341688101932,0.9225786808879295,0.7239866657821414,0.7664814780585825,0.505286652830652
300261.XSHE,4,1,-0.2816488896020177,0.6442821471175458,0.17996127506455034,0.2925301993326832,0.2977713025212542,0.213131489528173,0.6420327306189435,0.5245430848148842,0.875087706665004,0.3196975116836208,0.19795229397917147,0.0005304491278740273,0.010804001512667194,0.0048479742056372,8.59773363242846e-05,0.00043894744524209674,0.0002947911989941668,0.0011097455654357853,0.6182940075461342,0.02232310802762265,0.15098569585238614,0.003516192556902973,0.007360650342931641,0.5454545434710744,0.010723681384080478,0.7031577783440214,0.0029731797065976483,0.11522112688794428,0.09114282672032967,0.3250054770318606,0.07583741940945771,0.4578313253012048,0.09796086967406326,0.7183212383956866,0.06500620382559583,0.03963944445669725,0.305750138440193,0.17730942154559848,0.13838822639390416,0.24665874583377315,0.45598088591556,0.05233323024246659,0.12196539704683292,0.5074371802646015,0.11852804570823022,0.013651956734159993,0.13312793971605183,0.15106164600753644,0.023086198565058128,0.013651956734159993,0.6131305234891801,0.07636472655040014,0.0003240562140374774,0.009099037997516777,0.05770556050106088,0.040253214759635586,0.03450669863655024,0.053840408297435985,0.02996043969994048,0.6381243741981698,0.3102572622863732,0.03410446489088063,0.04226157011835911,0.14014786631706946,0.02338577495962194,0.9196956086406953,0.7280720666932026,0.7441373810774914,0.213562184875619
300262.XSHE,4,1,-0.188630104106168,0.623897516572428,0.0870982870197361,0.22932829360379203,0.4825359489580381,0.2982865367802901,0.994577973558791,0.7681417099880521,0.9643566260574197,0.5842736625952043,0.2606614838550252,0.0003333996697018819,0.010628772854000004,0.0047825313173367,3.76396993261769e-05,0.0008272706213058032,0.0006956359579443543,0.0011322155813743124,0.618354059947179,0.022039208047706628,0.15087928983327828,0.0035032355800406908,0.03777388937923338,0.7272727282644629,0.043285509192395925,0.6978384930026534,0.007986481510404575,0.3682282716830967,0.09104972572066097,0.35981163059948607,0.11760242806018037,0.1325301204819277,0.12359361803331176,0.3061906438667938,0.09051555170186326,0.07420065369339764,0.3111812988873468,0.18363618661228395,0.14177436001424645,0.18058307410278132,0.4767945060023757,0.041000934229860765,0.09967431687783923,0.49654317214772253,0.1067958511815833,0.012349688445206067,0.1329878642031858,0.1512130268222151,0.020228190057830803,0.012349688445206067,0.6022608693619951,0.08140469984824143,0.000287145874926777,0.009133407170756712,0.04808614220154197,0.01839342107317505,0.03482216659886184,0.02186484234809832,0.02996043969994048,0.6221670512494969,0.3017224077695909,0.03437066379670506,0.10541479910534354,0.20691634050260932,0.04163127355386732,0.8869184147363338,0.7240944672946799,0.7100191965947829,0.5658012160956477
300263.XSHE,4,1,0.06048480272613001,0.680792181959699,0.26344770492827196,0.33736965003143926,0.0,0.18498251140175614,0.6802307442758292,0.43993304324357707,0.890220234838712,0.38041792268411,0.20619814157848826,0.00042327537144354934,0.010750274594805126,0.004817274338877779,9.307849237062086e-05,0.00021785450952577446,0.0009531750939709132,0.0011039908573811856,0.6189941016398055,0.02254959636175516,0.15097057522761548,0.003594109335029693,0.015559038972128,0.5454545434710744,0.0226616433978396,0.709108124380925,0.006146497950164817,0.1857194537397124,0.0915029865936821,0.5922914117525946,0.283289000297933,0.01606425702811245,0.16275556656490336,0.06231810113756403,0.12488544820239843,0.06585769694472116,0.2996711743858663,0.18625685440737852,0.14148709109674332,0.33543221717864247,0.5318427242963106,0.1126708973390206,0.16018745119516622,0.5246690473651618,0.11486535765865077,0.013547227791751071,0.14068679655681546,0.15835361177545965,0.030687674169005263,0.013547227791751071,0.7204727399778214,0.07149115138466748,0.0003774831719903512,0.00907990480727365,0.04990161463860198,0.03241191500451183,0.025255866226064617,0.03195949776185699,0.02996043969994048,0.6344197382471228,0.3065399558852128,0.04178870259741167,0.09966882290498635,0.14661375208998328,0.02278444098821559,0.789771839627331,0.7174771129096462,0.633451980787562,0.6504735959488215
300264.XSHE,4,1,0.01236067930397017,0.7544178269768516,0.48237549636834626,0.270729166537551,0.06459603343171594,0.03430469715474932,0.6018287764114816,0.0981673922575021,0.23082550083908604,0.20556366582427288,0.015165348376106058,0.0004474218184551179,0.010418767550963994,0.004676709588659175,6.281376971590585e-05,0.00021553162904448022,0.00023286279375417965,0.0010943205803212036,0.6185980924176802,0.02251992169726352,0.15076825021566836,0.0034755593156744987,0.005909736354724879,0.6363636304132232,0.00867956499601031,0.6970584932950316,0.007960539374154134,0.10925205752012299,0.09144590189849652,0.4093630777877464,0.112853327764918,0.9156626506024095,0.12044782864769925,0.5679268739625029,0.09051555170186326,0.03200892167836142,0.30719946064241144,0.18184246998288336,0.14016513413248685,0.22886086458813643,0.5084976279775419,0.0920894961822194,0.10890691064640401,0.5126315556195062,0.09368766820175106,0.004648684317854611,0.12648307168109854,0.1436233025944005,0.02615387918592085,0.004648684317854611,0.6603519374790396,0.06873575325132586,0.0004210908092901804,0.00926943025887509,0.06613902492692993,0.10396499604244852,0.018620738965457226,0.2992114695915371,0.02996043969994048,0.664683875131259,0.28623531818729536,0.027119650326616295,0.027213051148347912,0.11890041546334296,0.017610366692588385,0.8905479967618695,0.7246472955641066,0.7199330363626282,0.5790953124921465
300265.XSHE,4,1,-0.1923765563294415,0.6666056777001788,0.37077760051492087,0.304378852330624,0.5346658876297802,0.29832431967291945,0.6911241014906897,0.3304710956748362,0.6181148621413687,0.25879186429404244,0.1028411198234187,0.0006606647093428378,0.010715971726735284,0.004822590965588369,0.00023962623363866313,0.0013513464800704548,0.0006751021571576475,0.0011270772308688303,0.6185641473586398,0.022161996540826144,0.15095750964235227,0.003570156055145528,0.0059535271584804685,0.4545454565289256,0.004380089829353507,0.695347929082,0.004193008793834458,0.10364474993216966,0.09110791153373843,0.30673282184190853,0.04667353705461965,0.9799196787148593,0.09130233704152177,0.9347735702428602,0.07436867447005607,0.03511644348304972,0.3077606054826918,0.18117291975029673,0.13664511499855714,0.307597228465306,0.5186335285108072,0.07629549934955844,0.15320688768846744,0.5112545334657455,0.11496892668200881,0.022271584468290705,0.14307450192596,0.1617824598996666,0.022415300815865735,0.022271584468290705,0.6776777127686302,0.06562452937466948,0.0004908397229198599,0.009104555499861635,0.04824180689241036,0.019940493126526487,0.04450472361311415,0.02043100844492297,0.02996043969994048,0.6074227997556116,0.28714615169436647,0.06412148511088248,0.034417121921783735,0.08763513641890865,0.02290632290482742,0.8611971140872876,0.6933102251116718,0.7537607634277141,0.37518773895733
300266.XSHE,4,1,-0.1017025111511777,0.803575718390213,0.3256614627608613,0.3439682699610245,0.12259215329306078,0.2502684573949979,0.7836602542031944,0.3161947806929871,0.4667606009805583,0.42682447208595886,0.06425237814075635,0.00047081495774528164,0.010599050995668463,0.004764955822090502,0.00011839673602926181,0.0003542449303124916,0.0003874169860970387,0.0011114497114155539,0.6178796338690767,0.02218502573970537,0.15086855368750093,0.003543387591267863,0.005926642558482319,0.5454545434710744,0.004199041149988525,0.6970663568251813,0.002129244038648136,0.11499502577552682,0.09124312455694346,0.24183536216241935,0.025672020975216224,0.9558232931726907,0.07443168267780131,0.9783964463570951,0.06256617666080967,0.040047105058051514,0.30968485588722766,0.17916906209962083,0.1350397886948632,0.31413251944722276,0.45882386524572477,0.07366531604151329,0.16562127794933845,0.5222527647235662,0.10829438180694351,0.01348632174339175,0.15275915999487208,0.17009289208658188,0.04194449547084377,0.01348632174339175,0.7172487692471287,0.0729172564561339,0.00035932812959450853,0.009103691342475748,0.057935759556624736,0.025065509968367216,0.03580626036240664,0.03221273552608381,0.02996043969994048,0.6320939453984784,0.29638257576863625,0.03788160823366549,0.04478242485378543,0.16937145336170645,0.042250254232218704,0.8871403260854129,0.7371743841493084,0.7987380945465299,0.522996923801022
300267.XSHE,4,1,-0.2857483307071532,0.5975834249638626,0.2146206216103771,0.35561842428887097,0.4496261542409447,0.15798383253754245,0.7129998951765033,0.3147062827475503,0.9838106010244665,0.2844358894537073,0.28491565093768106,0.00076279189253855,0.01114632560195091,0.005002875538987611,0.0002591029935992258,0.00024879988343162843,0.00034450571509962887,0.0010840024232089194,0.6192924840781305,0.022091431655689945,0.15122545099732676,0.0037188036311883214,0.02130046629949365,0.6363636304132232,0.01611782221461177,0.6970445169280342,0.007847046904220901,0.11996925024871122,0.09105462236173263,0.24612612504639392,0.05161187958973989,0.9919678714859437,0.09440332775106691,0.8620694611122689,0.07712314466948124,0.032252568446851884,0.3064258702529405,0.17949366618493023,0.13643583764236708,0.2669388315732869,0.5318427242963106,0.09782417308015363,0.1385898588517946,0.5237116076636287,0.1279211468972548,0.01513878446626119,0.14235290159011288,0.16126978875807946,0.019949864243270544,0.01513878446626119,0.7001695535168625,0.05663627766205682,0.0011707733505464078,0.009115726762870128,0.049377103781913234,0.09175401632523981,0.04742204015302089,0.12566869771946748,0.02996043969994048,0.6612082147336067,0.32125637014062347,0.031796286459045114,0.028961379233851968,0.16610656698079748,0.020455225219836098,0.9330937282526879,0.7445491132634561,0.7700884310810561,0.4199812600558013
300268.XSHE,4,1,-0.04005867553473946,0.7211392268285561,0.4505137035245195,0.4666567387819477,0.0,0.3425521783555005,0.8391160271811886,0.0,0.14758122800747142,0.7668975998545952,0.0,0.0002626356234916941,0.010511298581614124,0.004704345474665363,0.00010208799570770924,0.0011483127441587085,0.00038274246554544913,0.0011229903570358362,0.6176185588342477,0.022877259963756023,0.1507401012533831,0.003331017531101946,0.007056818525683839,0.363636358677686,0.002964369028045356,0.6895141777624165,0.0033583202215459137,0.21226372433752372,0.09170315522934494,0.9019910786325478,0.13484206822244824,0.899598393574297,0.1681149375914914,0.34981249339132875,0.1037365747450728,0.017640780457906766,0.3398804887539856,0.18428178279756435,0.14148709109674332,0.26772382975088344,0.49819160803200835,0.06253784162845631,0.10070709456248328,0.5300784532065398,0.08932071079333698,0.011182489599069825,0.10608571718179657,0.12431215853193703,0.0021704112091613195,0.011182489599069825,0.7677385580589337,0.06476516881039789,0.0005158895061019624,0.009304539120131246,0.04589628299102051,0.01917996260966793,0.03823785785521692,0.014094167128631135,0.02996043969994048,0.5480693424465234,0.27901736657184584,0.034258238369854865,0.027114444322809423,0.1730218783249734,0.0560212657773524,0.7821354262828251,0.5218615939144664,0.6412362395798401,0.5654190808577689
300269.XSHE,4,1,-0.2300028096129518,0.7106616753767148,0.4330517006471446,0.3182082422809958,0.41706207803910056,0.1723679063071037,0.5777338734436508,0.19170420738858576,0.29527969095640005,0.1836104467136009,0.02758268322311319,0.0006436652160992929,0.010615463469132447,0.004772848460854085,0.00017800450202716124,0.00022506373322144519,0.0010806393512733594,0.0011211014237761602,0.6182960772460812,0.022031181397990478,0.1508781635490798,0.0035853188651703252,0.004324198394359964,0.7272727282644629,0.007880669111745639,0.7024571020858533,0.004807298725921486,0.1202857918060957,0.09138317515584939,0.4932036878450539,0.14189502884358873,0.5261044176706826,0.14349872389653612,0.24179472517680434,0.10130138491819048,0.043830703179325664,0.3080025497973459,0.1826279303128616,0.1428246463732624,0.39961817688641704,0.5318427242963106,0.1252436355112563,0.21644183611437717,0.5116195151969866,0.1123784826389596,0.03620169996412129,0.17359300399298744,0.18886567834411078,0.07546579150427679,0.03620169996412129,0.6953026314098183,0.08136312914052131,0.0002873993179268482,0.009086196267835628,0.05185533842822986,0.02077644382094147,0.03982254165008497,0.020731414114335007,0.02996043969994048,0.5934198081040714,0.2847757264719675,0.02782163283937212,0.05111088845718766,0.14294725642194864,0.016733564634802894,0.8780100055389073,0.6785994648622355,0.673689574955177,0.6408650675058002
300270.XSHE,4,1,0.01287573183004775,0.6213859870103307,0.12444360694508105,0.3228734037103491,0.2891316831459716,0.12521847189350502,0.8401006637026063,0.845809092259939,0.8916643761213061,0.7535375703095845,0.20701671802345412,0.00044810051232415423,0.010675477237090584,0.00477650108540933,4.642312269781114e-05,0.0002057248021056815,0.000306382117597957,0.0011035735474126795,0.618235773021086,0.022177699279151246,0.15089348213971412,0.0035083674130600216,0.030496356964399608,0.5454545434710744,0.04800500339035075,0.7073639146872419,0.006134842595936819,0.2794609749479967,0.09132154117162351,0.36929980535952545,0.0883153561815847,0.1606425702811245,0.10017445131503877,0.8791026374115978,0.08792347382862989,0.06057723718308983,0.33355614956679874,0.18144110005900663,0.13121820219052296,0.4540969698989832,0.684182281970237,0.13880652690877462,0.22186874418878944,0.5240832940422263,0.11955485859695131,0.011526321325212498,0.16085915835291348,0.17783251574370254,0.05079552144606429,0.011526321325212498,0.7119004133086073,0.07891351792208065,0.0003036913175057577,0.00910410505234101,0.07158425496504403,0.07092745658338907,0.02044458719793134,0.09745338103417164,0.02996043969994048,0.8285605144132626,0.37456767527997087,0.028458477341933682,0.07655536650588167,0.11049892017530527,0.04043847580307471,0.8645524136853617,0.7311900181327675,0.7359042335488881,0.4199895647476275
300271.XSHE,4,1,-0.1228744105243876,0.8380389948939881,0.3058334065557144,0.36213169510250126,0.11569282876485038,0.07447026215180982,0.6495642781410693,0.35203031376268795,0.8033271891100595,0.24605212528786077,0.16485822409569206,0.001334137764774521,0.010708965858208658,0.004769663414855308,0.00019099809701194037,0.0002175005455471716,0.0007197722971695674,0.0011007783824855395,0.6190162255319506,0.02208145359357477,0.15090080893852345,0.003729896371194616,0.012715938511052542,0.6363636304132232,0.012870130372393315,0.6985091980232947,0.004386176408113698,0.08808899339784751,0.09129163399206204,0.47379037734681295,0.10456248283218914,0.4538152610441767,0.13109476105835552,0.47112562480815595,0.09051555170186326,0.04421526567086917,0.3090715108769567,0.18252469767581894,0.14058498870422217,0.27429736423376005,0.4948839539349801,0.11470639851091564,0.16262694473243294,0.4970856865173476,0.10852884815057925,0.012062875582609723,0.1628277596670703,0.17857558423672917,0.06373846703972928,0.012062875582609723,0.6140408073598613,0.06348794970954123,0.0005597773513003268,0.009080297680856764,0.06618823079955188,0.040550119465432743,0.03419584953166633,0.042534878529001355,0.02996043969994048,0.7342464264844324,0.32343368853698806,0.02501345903877844,0.05071103911967586,0.12638690973805544,0.02342989172698451,0.8806960205081593,0.6839757197824068,0.6967373710435076,0.50077907236766
300272.XSHE,4,1,-0.2339839091795993,0.8486528400169201,0.17447181961675223,0.3431872015990387,0.34282320627174845,0.08144274246674199,0.7392086696075252,0.33813253604761295,0.7834653067998901,0.3704474483590724,0.1569435114490022,0.0004044982411634864,0.010618179015458333,0.004774761839534691,9.689879623508754e-05,0.0002011531353438256,0.0002660494745230571,0.0011055102672786284,0.6178402241305498,0.022069276593594384,0.15089283983887616,0.003487114228567546,0.011876993345146171,0.8181818152066116,0.012665821793918503,0.6964253912542857,0.006518001037619013,0.1143167224382744,0.09098761521541116,0.304890275411692,0.11291318309138795,0.5943775100401605,0.11691729769115528,0.38886601875168736,0.0894582558811854,0.048617183029376135,0.3088020999803956,0.18153329412241553,0.141258315850225,0.18387636286754117,0.4810149751319091,0.05638138962237957,0.0968716475633316,0.5229293318927307,0.10763589169708898,0.007678519832038427,0.12920483339354283,0.14556509136052975,0.03537653639163039,0.007678519832038427,0.7153580897827355,0.05816447779557488,0.0009249789349208569,0.009130860757749059,0.05710941750272676,0.050014971595945146,0.038801450838544325,0.09502781820849746,0.02996043969994048,0.704932565867895,0.327925174219538,0.03373827178629597,0.05645670607847272,0.163666432335208,0.036157504336902554,0.8912510119157517,0.7179166113838402,0.7236614533961074,0.6201314544784071
300273.XSHE,4,1,-0.08290488823558112,0.5258225519156321,0.0808298865882357,0.29865780546882426,0.2948012661857033,0.12125397985828343,0.8085276607663054,0.8614714839228848,0.9774834268432013,0.5442728504941248,0.40150948749073334,0.0008339916869454605,0.01126443399496465,0.004986419135766548,0.00015745230798379784,0.0008781384143957511,0.0004689520906780882,0.0010937959508434763,0.6194312289334475,0.02442405406638216,0.1512006699845656,0.003659050802566473,0.07405034476723381,0.9090909021487603,0.11854177975813575,0.7167261031201381,0.016997241032249002,0.2388984353803021,0.0931457640741715,0.635644211451311,0.2206071475338285,0.004016064257028112,0.20031332721084757,0.08392165478046892,0.17170269099299615,0.10462950120926462,0.3073652311327676,0.20843905113679362,0.1471362798545197,0.2514420819085616,0.5169698762495609,0.12432219333840153,0.13306578725488036,0.4903582754779811,0.13138278919560986,0.014370001604588971,0.1421319550487603,0.15978130391596396,0.03182271334800243,0.014370001604588971,0.5419051925910606,0.07152931594467121,0.00037696362413439685,0.009049426809724676,0.05421286697950871,0.041168622747458014,0.0306758182860196,0.041947367698377966,0.02996043969994048,0.7627929695079965,0.3481755006226333,0.02433785022953897,0.2002885636079996,0.17516157787404368,0.032250403780582644,0.7354310761102669,0.639931891557207,0.5800421427307749,0.681859957428087
300274.XSHE,4,1,-0.04908802090719996,0.5416092811479575,0.35616290727082356,0.25850441079627356,0.16594204533961243,0.15802161543017176,0.7140398437011231,0.2522086073804507,0.9801815868254271,0.44709664196203613,0.27954114543781416,0.0017628152121184548,0.010539251108193873,0.004638063483407198,0.0002573557194465178,0.0005646921380357873,0.0019788104454598076,0.0010981040397961864,0.6213524599632025,0.027215434604451093,0.15074085273448265,0.003761275818265308,0.01929116169577959,0.6363636304132232,0.02047761442215841,0.6916050564450611,0.009237910088619157,0.10278556570498328,0.09111762919397501,0.5025159407269172,0.23150221266599788,0.1646586345381526,0.1610097358063959,0.04860799569653597,0.10408893704477522,0.05511972440140524,0.31095403016949497,0.18430473195393016,0.1463290671949295,0.345696611810994,0.48966302183941246,0.12895239289518973,0.15997574508552723,0.5201881749612656,0.09537645251203619,0.009816266890508499,0.1371680453767393,0.15484954840525927,0.028188043282049813,0.009816266890508499,0.714571669956075,0.09328356785429279,0.00023541035561491482,0.008210408398247316,0.05746150992639434,0.02799080197231421,0.025304733737649635,0.029551665687188557,0.02996043969994048,0.6361961006516655,0.28180651435755094,0.025882751256650908,0.07511809419786553,0.1170134930587222,0.028121672548902313,0.8011727570976126,0.6962042811021183,0.6523937651995046,0.49451153773006584
300275.XSHE,4,1,-0.3186355112652468,0.7701782780049666,0.17253705493584126,0.3491010807995831,0.37351542066738047,0.16080652194191775,0.6642310740762378,0.41421376288945966,0.8370605555794612,0.2606221854413479,0.17939518404191546,0.00031218058225697035,0.010811199255177796,0.004846216764360501,6.435929839230991e-05,0.00021583354728059778,0.0003176960927527092,0.001098303729627651,0.6185026727344213,0.022468037453758884,0.15098716790817135,0.003603386323874804,0.011650496860927229,0.6363636304132232,0.02116150845207041,0.7066131836888075,0.004362984394194605,0.17115854210002712,0.09118059655180451,0.31468077558118507,0.09565720681837014,0.6907630522088353,0.09406470246432246,0.6506022488473964,0.07809272959001082,0.04927704859548334,0.30667979165490034,0.18055271729623298,0.13887697351146605,0.1913748264852105,0.5318427242963106,0.07918507963177435,0.09839592606171671,0.5202031098643589,0.1164725052093478,0.007475711079137539,0.14169504788162673,0.15919269081103082,0.03296835541517332,0.007475711079137539,0.6790834528153947,0.06997279214504204,0.0003999004215246787,0.009090640427488306,0.05300752097911507,0.07550940102929107,0.026252661847535576,0.10622509553187814,0.02996043969994048,0.7865260361282396,0.3835621318292804,0.03086131998192353,0.06082602131663923,0.1315161562040837,0.02372809116468266,0.9194168879862521,0.769686214674274,0.7577347490051833,0.37921090077540087
300276.XSHE,4,1,-0.2136435811951168,0.7524675527912454,0.3100874328162597,0.2807962895445739,0.17573667884538707,0.1863855402519775,0.8299709021574169,0.24762291971693626,0.5113414926510816,0.452279200351137,0.07487806057013935,0.00032474654230684916,0.01070409703169248,0.004808589244753507,9.294114963944906e-05,0.0002592620133115784,0.0005610730156677576,0.0011074466272407843,0.6184248746028137,0.022159923831618165,0.15093219657692306,0.003523861946036339,0.014647498762866293,0.7272727282644629,0.027126664987928154,0.7033906448895826,0.00984636216308487,0.3941846793886226,0.0916133593589358,0.570988207826242,0.17453660503288032,0.17670682730923692,0.179717794692938,0.14956385336603362,0.12904165759113373,0.05668890724969171,0.32379544518349435,0.19132449504436194,0.14579482499993499,0.3889600754757632,0.4821070563220394,0.1378125118746069,0.19207419108965199,0.5141434736721747,0.12328821727423389,0.017532697003907294,0.15364957664486464,0.1704314305702207,0.047775553821983334,0.017532697003907294,0.6828601376293124,0.07614713789616195,0.0003259902867772575,0.00911674609572569,0.053627145600309,0.030092029750267014,0.023010454876164734,0.0389929825345159,0.02996043969994048,0.6535832733635456,0.3143627289809936,0.035016307658757746,0.06883354289603072,0.15443876032325074,0.0441849614165221,0.7836098052861058,0.6510630887621072,0.6359182283153733,0.7699008505556809
300277.XSHE,4,1,-0.1965804146651743,0.7609822792733802,0.36870500131800277,0.366900090006132,0.0,0.21885333801913512,0.6687500854539377,0.11024797122530461,0.4039810702891532,0.2556683688563103,0.05012606167603073,0.0008611258691255274,0.01053779401736952,0.004724331972296367,0.0001382640485306429,0.00023433594034849757,0.0005597324771191095,0.0011057686888469216,0.6183559021580666,0.022463453150831286,0.15081661226190457,0.003540941820184816,0.005635606649196735,0.5454545434710744,0.005191311804768646,0.6997369047915882,0.0032464641130836563,0.15266347110427783,0.09129667035958629,0.36250512256850975,0.06840189132249211,0.9116465863453814,0.12029432730176255,0.6672206829080001,0.08662743288315194,0.03515334960718818,0.30724816273283656,0.18187075996405672,0.13921493694382267,0.2117830883374149,0.47240617901849186,0.08847979783940536,0.11599781611324274,0.5074078725246602,0.09890876543809435,0.009707548468949402,0.13876155443514288,0.1556834845180275,0.03646041663518934,0.009707548468949402,0.639609384220422,0.07662974224779942,0.0003217459915323601,0.008849073071285348,0.06799565616360939,0.03268669588710417,0.02889261599890921,0.038438576277612595,0.02996043969994048,0.7044934650487946,0.30534705404051704,0.02712657281441541,0.03494225532343884,0.1323082123676344,0.024271549919243882,0.9038910823592905,0.6923234266507454,0.7273766678196945,0.4639032770237955
300278.XSHE,4,1,-0.3206197977792285,0.5506287844781316,0.24732149001017342,0.2487779759616517,0.0,0.2906377607652319,0.6717321689224436,0.3368069227247135,0.653269537620122,0.5085322819846977,0.11301459749484888,0.0002959111042058341,0.010602352355059961,0.004761177565089209,5.3939960300627015e-05,0.00045104997152799355,0.000548296059424093,0.001120531399531662,0.6181618639670682,0.0223406176885216,0.15085574509607153,0.0034715832734366586,0.006167301473986053,0.5454545434710744,0.005423739943060583,0.7004325113584826,0.0030836678584243117,0.12358686804739079,0.09125528420926712,0.24790699255267862,0.07691354039433562,0.7590361445783131,0.08087215116654434,0.7154139363658109,0.053757665578510715,0.038933770716791855,0.30735692422325256,0.18089618489310047,0.13877688434111426,0.17129215772328307,0.4849496335974631,0.0357373615837526,0.08693966312728608,0.5160399253319081,0.10285866170370869,0.004342374154591008,0.12426128505212852,0.14274327583107746,0.011938852083613316,0.004342374154591008,0.674990096719122,0.09912866984968302,0.00021943479948938427,0.00907931892391907,0.05382647555615827,0.019186848194527904,0.022762283666574654,0.0276760104171145,0.02996043969994048,0.6354077150900989,0.30354602142512455,0.031064858998186014,0.04176266040102033,0.17116424735268784,0.03663097445713944,0.928407848205536,0.7441427844854278,0.7941515078700758,0.37532391419166855
300279.XSHE,4,1,-0.04005867553473946,0.6064795776190497,0.23948355460607587,0.3215844904011461,0.0,0.15395697161257385,0.7173121598156433,0.28429925991017346,0.36461647489020754,0.37814926031126667,0.04170538566379911,0.0003773515703234621,0.010635057453816644,0.004764945870689826,0.00011046691878782174,0.00027443745012329973,0.0005017842508562349,0.0011146034915785635,0.6178902924278217,0.02245297585570969,0.15087246064305718,0.003472630705116891,0.008888630762524469,0.7272727282644629,0.015647020208990434,0.7109874663704553,0.00832492512930227,0.28362123541647827,0.09172213916542976,0.6699821171854697,0.26268656278022356,0.34538152610441764,0.18841005545812572,0.12796029972312872,0.13431779105905595,0.04173456318360901,0.3093098725220297,0.19565612755761594,0.1465357448324091,0.14263851655150542,0.5108677406754961,0.0548943746086503,0.083090214038144,0.5205461308644386,0.10664232533519374,0.015724767347385697,0.13004954146675038,0.1483712824669013,0.01734128868033008,0.015724767347385697,0.6958939069407101,0.07376163606515618,0.0003496771189760361,0.00907975127677362,0.0522553175322239,0.02425478857088862,0.04169188562822188,0.02797765811927763,0.02996043969994048,0.5480277609295632,0.2825043852963947,0.035131203081254565,0.0460662927317719,0.1475778360439783,0.026162588981276543,0.7859043686355827,0.6315648356994386,0.60712069561911,0.8108363266500394
300280.XSHE,4,1,-0.180131757142535,0.516332786393695,0.4657783997857318,0.3114484860536534,0.27316276437728454,0.2437708845390957,0.6491275826251532,0.35066878886946534,0.3174072373037193,0.2507882214406286,0.03199811709347544,0.0005158703492916488,0.01052657688425318,0.004722893942664552,0.00012722750628956577,0.0002800111325474202,0.0004630012771726521,0.0011093137553996823,0.6180568861280497,0.02240374778737559,0.15082062457855813,0.003466636303314356,0.004599325146580668,0.4545454565289256,0.001977170892735507,0.6912639096990011,0.003129371526231742,0.08383829248439903,0.09112489645748116,0.31794277750913164,0.0485952965416566,0.9196787148594376,0.09811964145247848,0.9094311769132295,0.0714571233735993,0.040210499591574814,0.30659655359030996,0.1816161605618741,0.1395775977039284,0.30683445177458296,0.4984380675882163,0.0675852622734753,0.1373335144636373,0.5262213940399137,0.10008214154978598,0.012263617989899497,0.12792358361298184,0.1459965658132983,0.018274342839617798,0.012263617989899497,0.7412795623158838,0.06798060551181573,0.00043559388423251876,0.008936351048128762,0.055381935191776255,0.027760001022878796,0.03874777971523451,0.03548032809850107,0.02996043969994048,0.5756900036924387,0.2820673643040086,0.06705503556549981,0.04312111734335935,0.21691920631301614,0.01964856134473889,0.8784777946627658,0.6935258281367478,0.7372891873265506,0.2118534049719571
300281.XSHE,4,1,-0.3328763550927505,0.7117524169574428,0.3036130216565337,0.36291010737166685,0.3727698188404889,0.1454033947477079,0.635870724868981,0.48260716534767995,0.5742751411868743,0.26384951380281796,0.09087689324037462,0.0002594393291746258,0.010599003328296882,0.004756412542493724,9.04134620265405e-05,0.0002918401489608429,0.00035528390486006277,0.0011052078360662596,0.618063543273754,0.022441200934657013,0.150858813906095,0.0035174370163947566,0.009046257283686115,0.6363636304132232,0.010664328337062448,0.7044009904993396,0.0041221220835770634,0.14881975219318078,0.09119111118230994,0.4185139793272509,0.16360220991206537,0.0321285140562249,0.13368517862154472,0.16867484721778792,0.09505535314738277,0.06351127950047847,0.31109859052758554,0.1833572684574794,0.14388793132583053,0.5741367173759387,0.45452600057855674,0.1597433966438039,0.2661186980779852,0.5089209950049975,0.10985122440343807,0.012312964778157031,0.16401203208454943,0.1809312944364951,0.05342344727992181,0.012312964778157031,0.684780030311635,0.06393239961017719,0.0005434788663806357,0.009010407581465056,0.05013379248260908,0.044269127721045534,0.03245292368132544,0.04837231510171388,0.02996043969994048,0.6562311843635755,0.3269100007338839,0.02826811705244369,0.09532991642025268,0.149296768125855,0.02254815457318897,0.8728589993040861,0.6804155057273009,0.67683971767539,0.5866585310359306
300282.XSHE,4,1,-0.1691411016622667,0.6481646537366136,0.26825328098021295,0.3111529514591954,0.33568766304815734,0.14481098068480677,0.6312756853820113,0.26796059474690687,0.14758122800747142,0.23565317096467936,0.0,0.0003866936417141001,0.010504201122267614,0.004724512397315093,5.8027029196132015e-05,0.00021381485442481556,0.0002253980887171459,0.0011038161612206862,0.6178377056904855,0.022181124985110615,0.15082431916197175,0.003452659603743808,0.002950636736567145,0.5454545434710744,0.0034907139688420837,0.7012092328004091,0.0018957925494316693,0.11146784842181423,0.09132891087708253,0.38391129854568407,0.07340570745629507,0.9236947791164657,0.11900636536482591,0.6410467519215193,0.0862031493327714,0.033073177000919,0.30686624752910985,0.18165883963284368,0.13914864411670655,0.2920830075590896,0.5318427242963106,0.1279035110291258,0.1489551118802682,0.516970064672948,0.10024715572481693,0.00879786538724002,0.1440639059678251,0.16114398280407857,0.03851737694089181,0.00879786538724002,0.6950782738961202,0.06240351997590173,0.0006051414865328188,0.009035861019238917,0.06962222026395454,0.12181356710368678,0.029235750917212703,0.16708047546813196,0.02996043969994048,0.6594335155897424,0.2815528669842418,0.05744780874823707,0.03094681313171608,0.10930090059279526,0.022168899922234853,0.9067235588189344,0.6844870859316265,0.7126702806610812,0.5252605222535182
300283.XSHE,4,1,-0.2855460401556781,0.786440760397099,0.35316717675318193,0.36678251363062564,0.2795050608141938,0.2650285522969468,0.7163716486001506,0.2193676595421898,0.420447530118842,0.3752251163528153,0.05374460324566466,0.0005140699675777271,0.010684601266878445,0.004795699751045095,0.0002562223120903935,0.001022206401044044,0.0002305523910826261,0.0011161396998588097,0.6181366619066572,0.022274700470566358,0.15087555836674507,0.0035133160527292344,0.003938171104159592,0.7272727282644629,0.005120015263723985,0.700467845607396,0.0031127798706983706,0.1353893461155829,0.09112787199278055,0.6710662322018879,0.10160881943331401,0.7108433734939757,0.1418523725510606,0.47860433077130754,0.10011966826677689,0.043012210413327964,0.307334632855044,0.1831118506979553,0.13931372625481922,0.4474063700468527,0.3969754829029236,0.09557689176628466,0.21320891826606683,0.5445024380827824,0.11325855823912469,0.04220308367916151,0.15479427498901074,0.1703355318303458,0.06030869778773388,0.04220308367916151,0.7782821926740261,0.054750699980130796,0.001796533279552935,0.009099888720983912,0.04731850420479351,0.02086299016128096,0.06165795919664396,0.02659067916815336,0.02996043969994048,0.5502709451645131,0.2833597395238087,0.03814670214143747,0.04761790195269552,0.12937036087044637,0.036295687025183945,0.886772840891338,0.6446972712396621,0.6770786849144339,0.6748095020394966
300284.XSHE,4,1,-0.255248548952461,0.7917187573233335,0.3056043175444706,0.41114829444311735,0.33954623608997037,0.17411803158722133,0.5616670830603987,0.4762264488348986,0.9609919393293811,0.3166221622384599,0.2572665600228406,0.001586941372607341,0.010910619172984247,0.004897964373979229,0.00036024757001790805,0.0033288838684598625,0.0019156317363720214,0.0011419387077717378,0.6198545089131193,0.021968778988337823,0.15111906575389208,0.003910956280655353,0.014116240564623137,0.7272727282644629,0.017243380088710104,0.7085558345570909,0.011276638439710504,0.06801121461517591,0.09144964766638211,0.46262107226442767,0.24917731787892536,0.01606425702811245,0.15910118044511434,0.08350588595204388,0.10798391009809113,0.06631812572428966,0.31575565673804346,0.18371723014894722,0.1481293724019061,0.292900613353294,0.5301323443590815,0.15058755782740024,0.16492888832685293,0.5175847242599354,0.12038393298057201,0.017929844538590242,0.15895010087864622,0.1758498351511562,0.05021342288532684,0.017929844538590242,0.7036879934842839,0.08414807515479267,0.00027185035310606795,0.00909965321616333,0.05435151408976522,0.020565571446038572,0.027292782351678323,0.016150386577314896,0.02996043969994048,0.6588236533409918,0.30473327800978506,0.02772427113597212,0.10349671801932017,0.15223960708314332,0.026594185559609976,0.8059198846771101,0.6700333908274736,0.6442041862835446,0.6592199671105978
300285.XSHE,4,1,-0.04487795264317331,0.7594293158469534,0.14624093939198246,0.33705145011158244,0.6060572625546559,0.23095669899725285,0.7001039119880377,0.5906321004366005,0.9020912605961506,0.2703855739911094,0.21311267307222304,0.0003204024856490763,0.010830439662444603,0.004862635235832006,6.829578596625014e-05,0.00021088772772042335,0.0003134767417974096,0.0011020607349065939,0.6181049055632819,0.021583450483479802,0.15100403084005723,0.003548340493663296,0.007534102200173362,0.6363636304132232,0.008020378270502962,0.7011983737236531,0.0018873894991034267,0.09631907388984352,0.09143502011317713,0.6984162783710055,0.20568231259999928,0.04016064257028112,0.17877109325898508,0.16742856732221262,0.1347104993282187,0.06602889477100977,0.31256827196789055,0.18425267202950008,0.14381513920193834,0.5119036721087571,0.5318427242963106,0.15410052878728964,0.2536437419141362,0.525452166235428,0.14853904143126473,0.020678677508529763,0.17232840873669195,0.186023319074114,0.08958035624113829,0.020678677508529763,0.7052456422642815,0.0680302210807021,0.00043460028884799895,0.009141576090004782,0.054702419240366854,0.08383240259429992,0.03123613188057334,0.0798173961493386,0.02996043969994048,0.7223712996608058,0.37038804154833527,0.03389790337994529,0.10140960549641825,0.2023935058519532,0.022650146557396663,0.8066894732357162,0.6019581177303084,0.6134460660183305,0.500762875504647
300286.XSHE,4,1,-0.1132294072420565,0.7056748958628105,0.2598419878659045,0.39677192644464443,0.05656426343817722,0.21723915884072684,0.6861683945970739,0.4759519818331428,0.40304802066145096,0.30415969774371243,0.049922772823804085,0.0003682624473148584,0.010619124662965489,0.004752522438933111,7.267202246721792e-05,0.00021376066395033618,0.000260330203528432,0.0010978649586213236,0.6180789697688867,0.022229043551916232,0.15089643148173554,0.0035006310167740315,0.004813876982955009,0.5454545434710744,0.0031573849476628866,0.7005925388562737,0.0010807038141504423,0.10129329836302794,0.09126356990288889,0.5129409861121166,0.04141145955046072,0.6144578313253011,0.12964670973488404,0.9260496109738332,0.08968544201831993,0.041457937968517815,0.308678107646631,0.18188678392596266,0.13644363679849839,0.30132038303724407,0.5318427242963106,0.16081963906149738,0.16035429570667914,0.5316300772246904,0.1175816511199989,0.00989118726306202,0.15190536763570153,0.168680321257145,0.046670997946485625,0.00989118726306202,0.7435757212451375,0.06555644465874148,0.0004927123393350898,0.009107964151123926,0.06429281530938488,0.13044318601130148,0.02561313484809686,0.1255222063133366,0.02996043969994048,0.8128931532428594,0.35132010512642176,0.04079411497537235,0.04550580271171862,0.1099780076759386,0.024862864150266197,0.8822875687037537,0.6472071115828584,0.696627789381405,0.4634351637999503
300287.XSHE,4,1,-0.1008694863455503,0.5516187275740532,0.1416553480744983,0.2814636771338562,0.47833282762805834,0.15822824627359441,0.6385729337445066,0.8282105905785997,0.8585452856185658,0.4968241047068991,0.1895433635450684,0.0005182957766546859,0.010600988065670655,0.0047628887418698146,0.00011318961136183283,0.0005241586194945169,0.0006547064448742407,0.0011277949332707548,0.6183987516838049,0.022231487749263288,0.15087673228808335,0.0035460897779735607,0.010554214749290507,0.7272727282644629,0.014189641241878492,0.7031563392030995,0.0047617612268650925,0.09084742696934069,0.09129704145001293,0.4553216582044902,0.16621030686515367,0.0321285140562249,0.1485767855895835,0.22559205994462572,0.1078167487352782,0.07052464051991875,0.3222688739078449,0.1806288628222725,0.14317430853981597,0.2930418325126278,0.36530588224178484,0.025528086881373285,0.162016453608852,0.4903422967375748,0.11050849605419427,0.0207521043837604,0.15616986560138274,0.17641552870881527,0.016617111418064726,0.0207521043837604,0.6128874695160071,0.08608939299587286,0.00026249427108028604,0.009103647202456988,0.05273774615468637,0.014609658335994225,0.034586096795732324,0.026991894865898217,0.02996043969994048,0.6477030924451374,0.30367488908524015,0.02742845665734514,0.10508263243733683,0.13526276789785682,0.02950559310881139,0.8395696340060501,0.6583493653531471,0.6493096355287513,0.5395678453318562
300288.XSHE,4,1,-0.06767662720332407,0.5277208580108224,0.06498463388632986,0.3282164000274108,0.5747520163430571,0.2051867776507501,0.8973674386730756,0.89018626561993,0.9971938258020494,0.7240186628562367,0.31474219133637116,0.0005857648784431769,0.01085624120078684,0.0048574237059844485,5.4298871160732996e-05,0.00021583800002022424,0.00020125519775899392,0.0010908949756902831,0.6184310611175412,0.022709358121642337,0.15102359138508997,0.0035845438825201446,0.032647941720975196,0.7272727282644629,0.043202027065844126,0.705102090661962,0.0045813210032397515,0.2889572216695306,0.09151758398647042,0.5980458990660245,0.10136052179895869,0.08433734939759036,0.16022312375897782,0.570004691514928,0.12215116304087098,0.05125388720211847,0.3193290515621281,0.1843587962061356,0.13862350093719858,0.4580545684035737,0.5318427242963106,0.26510585709988277,0.2609072300038761,0.5259734425304928,0.16293583194037348,0.016259009752762565,0.19669379500718767,0.2126553578452674,0.08442814780532143,0.016259009752762565,0.6922808161471973,0.1371369890709274,0.00016877368496701994,0.009083778710783356,0.0808154349719988,0.4649933867330607,0.020061037277135506,0.7491170907501108,0.02996043969994048,0.9527717130365263,0.5484222179525888,0.035229312283337096,0.05945317433369267,0.18140627374981,0.04547750792606329,0.7996238158810414,0.6269238423776042,0.6357201891669946,0.5809436220742964
300289.XSHE,4,1,-0.05575581311553354,0.6560392902296265,0.13619828691387242,0.3334402263132741,0.5393312486573734,0.3241678182313846,0.7064028511991105,0.6031265785746076,0.9827225553880214,0.3776886829847421,0.28324371306636836,0.0005547666577452582,0.011013561794809593,0.004942307112232788,0.00010984546774755202,0.00026928160885211674,0.00044539811996170144,0.0011102287524986751,0.6184624502660822,0.02218116463567787,0.1511208304225075,0.003629232609636573,0.015735025469651727,0.5454545434710744,0.022752833017597746,0.705301620049977,0.007624982187559111,0.1329022338789907,0.09148603960004847,0.467049434591457,0.14584935922740902,0.11244979919678715,0.1345745641022938,0.32322382016612267,0.09436640212655803,0.044210342755681614,0.30831424945168756,0.18257157795145526,0.1416482736567903,0.262054613168598,0.4945422074051648,0.11081176425026605,0.14211344361525835,0.5233882589821398,0.1322581650249671,0.010407057605480653,0.14729295195934605,0.16391101502541233,0.04506492546037077,0.010407057605480653,0.704122686167074,0.07775338450800533,0.0003124697924343017,0.009098539845876498,0.057983910075410296,0.07167713935924738,0.030137813772841634,0.051707495771318585,0.02996043969994048,0.8105823297403207,0.3848568430187503,0.033183229639557756,0.05032537366173137,0.1414137311901505,0.028412095471675537,0.8846646830750877,0.6877847065587548,0.6808783960413294,0.6043319682554946
300290.XSHE,4,1,-0.05601612234325,0.7541340615925809,0.19041679590858027,0.3329001541065054,0.568736380437481,0.1507396407985821,0.6791671793902919,0.482141780711859,0.52015738461579,0.25057610837295546,0.07704511973487516,0.00045529957090223623,0.010609049266801817,0.004738569186709477,0.00011755111272530503,0.00025732135712429067,0.00034734849650159763,0.0011099085714395321,0.617966439798101,0.02276370455707558,0.1508329674960797,0.0035108324652822786,0.005586810387155513,0.6363636304132232,0.008294313524602638,0.6997890062433118,0.0037969904094063683,0.12213982092791896,0.09133929764885279,0.6230366484204837,0.17053678060128302,0.08433734939759036,0.16250587982623382,0.1890321209651175,0.11879563753600486,0.057571138206952546,0.30908908069027063,0.18343653435562438,0.1433432902559943,0.23655996568873608,0.4787738717489602,0.08458691232240188,0.14239587400688802,0.45925132133744784,0.10226353146696732,0.014134008568705612,0.15582750810022022,0.1727783083590859,0.04763400526486412,0.014134008568705612,0.41525771316593,0.07258172900323204,0.0003633781734417071,0.008993779954150112,0.05382489252540368,0.02692284026456152,0.045971857486447346,0.049099334571662816,0.02996043969994048,0.6369501121592118,0.30885178720172834,0.028764886801887008,0.07958919114158995,0.15710974312205503,0.02291783812885087,0.8391338001164592,0.643594378842157,0.6493386812705135,0.6670907415029188
300291.XSHE,4,1,-0.1365336291525502,0.5781736373525455,0.11953322584640652,0.30513778658577506,0.5788529935662586,0.07552673691030665,0.7691451001644445,0.6707409198235716,0.9997945095408167,0.5083781761369898,0.34382921206596134,0.00018318701321955703,0.01098086687128051,0.004917501116542578,0.00014988087667793554,0.00020377880524325215,0.0005678871244732226,0.0010912258444030346,0.6197214097730371,0.02243615505405105,0.15110449408647295,0.003730531557450548,0.04758206551195193,0.7272727282644629,0.07615753839868536,0.7100534467445563,0.00780516148376362,0.1956226824635977,0.09180975057274304,0.7141521979916605,0.2871469367959167,0.0,0.22455599900388823,0.03697570780793327,0.1501502212385016,0.07853704155394693,0.3510557603804676,0.19742328419691232,0.15663435216309593,0.8739143173281464,0.5318427242963106,0.31944988751024334,0.4462553112535566,0.5152074650748094,0.17857353600833842,0.01669394481560126,0.23809012911667926,0.2590976557467788,0.06434283166563155,0.01669394481560126,0.6915247780671835,0.08482713521829019,0.00026845357866522683,0.009070748357916455,0.04444622681981257,0.06276752451487735,0.021628908430966737,0.07587843108613555,0.02996043969994048,0.7043238124595966,0.4012956455773379,0.03555410858588361,0.1267493949688872,0.1512544649642803,0.029010588024167016,0.7327610387581485,0.5478942771217552,0.5399761824917548,0.6916648674072361
300292.XSHE,4,1,-0.05700782807711235,0.5663774691461525,0.2514510205788414,0.2954825350387338,0.49497746894927813,0.22820957537813624,0.8371703704992707,0.24251926261819906,0.25910371033221835,0.5343547760244558,0.020535336345923527,0.0002661896663713665,0.010518582779207553,0.004726482709942049,9.807189794323499e-05,0.000496291815984813,0.00037203212590962735,0.0011138633185072977,0.6178661344843904,0.022307019534627683,0.15081745433210908,0.0034583161288000994,0.015322864274318844,0.6363636304132232,0.015787334853627592,0.7141057386612663,0.010550179220663161,0.4398118838744687,0.09089277926500529,0.26992913456542766,0.13377520061731416,0.48192771084337344,0.10390262348952697,0.37266335351950874,0.0796568410169002,0.03881164464469692,0.3225324521848138,0.18982369059679138,0.14157808125160856,0.27240861836214597,0.49255932367959687,0.0882618242303515,0.13825345177600587,0.5101589057630097,0.09840989347012102,0.011791386411723535,0.14026583909865714,0.1581482023206824,0.028361400503690203,0.011791386411723535,0.6733705159171139,0.08227819528822936,0.0002819795289297926,0.00826645251399071,0.05177565921358197,0.02398534053629047,0.03256049687081647,0.02728669671825217,0.02996043969994048,0.5724388834863718,0.28407162628067106,0.07189105954200756,0.05346475275003365,0.23939681815878805,0.025953221271759287,0.8736845095226597,0.7456464773782678,0.7474485956383858,0.5550170689642127
300293.XSHE,4,1,-0.2022208376969016,0.9283179615644004,0.16806050321243343,0.11648826281436403,0.4379043239054824,0.36620571537658875,0.9082272357961056,0.6286468795135669,0.8961772627441407,0.5290065103436541,0.20961384604890043,0.00034632566250205276,0.011039254842329132,0.00495125681915512,5.7118530115555414e-05,0.0032477045603505573,0.0004842144349074489,0.0011361130555828766,0.6185873916842861,0.022247115976691458,0.1510683823070949,0.0036253959783203813,0.024240798847253175,0.5454545434710744,0.048585715013771825,0.7135301324535751,0.009156332032239528,0.48322329745862347,0.09153862605977643,0.6299578421171782,0.1818062097302475,0.004016064257028112,0.21831778336150814,0.10718725714737411,0.18152473686237786,0.0704695386183833,0.3151875747568461,0.19796562330563938,0.1485089313336297,0.3444627557010794,0.5518773745101716,0.19227480107403463,0.19576107865951348,0.45081141489096554,0.14548523479967923,0.04188341387546168,0.17158224428276678,0.18955371197301216,0.04852279236602654,0.04188341387546168,0.5766642478122221,0.07654425788796242,0.00032248583509105714,0.00908379982122711,0.04562716776273956,0.023192673720575343,0.034275247690848415,0.01532636141556996,0.02996043969994048,0.6030683832995322,0.3142646182548633,0.029385042583862445,0.09557139284666546,0.1924798601611187,0.04165564993718968,0.7003113860050276,0.6130312679669188,0.572609073361622,0.7029346707455115
300294.XSHE,4,1,0.107038098658809,0.5792957558935247,0.19560919786028313,0.36599684137441824,0.505634058289011,0.09189070656540124,0.7580012852272205,0.35413169029348734,0.8968701344206179,0.43095613300668817,0.21001816498832893,0.0006644427999603223,0.010825529402375115,0.004861481979115192,8.782010514450512e-05,0.00023579412014794975,0.00024793633066874703,0.0010844303607309023,0.618701529490928,0.022188188653968786,0.1510319151265666,0.0035917588532739992,0.012528422652623298,0.6363636304132232,0.017679193617392123,0.6993476615858963,0.0043094270246972185,0.1116487293117482,0.09129050806742249,0.5308751988936088,0.1346955140189953,0.38152610441767065,0.12727303870737372,0.3967594669535642,0.08606993772518054,0.04392078913715395,0.30430888875184287,0.1822176267321858,0.14086835804365966,0.5458939321734201,0.5162425089663233,0.2521990360269244,0.26652075024625826,0.5328438994293261,0.14606905077336468,0.015474003009212976,0.17355131547378375,0.1860992330867926,0.10127825769100374,0.015474003009212976,0.7294096476067948,0.05825054891706203,0.000914465682804173,0.00910250915762551,0.07136117954787585,0.2375422582692287,0.021915508534355244,0.20873015627745065,0.02996043969994048,0.7820956641011796,0.3880635453829268,0.0468241380974566,0.05281305708578587,0.12771151580787354,0.03778459053657953,0.8855754072517079,0.7087811242315687,0.696621188076459,0.4684417422557364
300295.XSHE,4,1,-0.1623991010666543,0.6593944678104746,0.18491950654819805,0.3777341155467664,0.4607270955214573,0.07182654434409982,0.7938602433479549,0.2116409920314791,0.8941372869463503,0.4433147645776977,0.2084325119409613,0.000837392914576097,0.010742725490900261,0.00479985953509972,0.00011071399899384099,0.00024765256777584414,0.00023357933118364245,0.001073431263868411,0.6189590401533672,0.022597882622002494,0.1509581339067733,0.003647219712322349,0.020472088509780384,0.6363636304132232,0.0299904259746223,0.704023356821312,0.0057380841184775854,0.17161074432486206,0.09151234666381049,0.5803561488221883,0.18921110708876798,0.48594377510040154,0.15290973989098108,0.11840480279725159,0.0879171860928994,0.03851086191232101,0.30733788410655455,0.18354174053913463,0.14876890320467323,0.6614798817849104,0.5318427242963106,0.46662775954935165,0.3561316277726128,0.5263284676596718,0.14238982649316506,0.023210666942506758,0.2212773346621451,0.23709103317154462,0.10232078667068516,0.023210666942506758,0.7127394169275407,0.05174243497243973,0.0269633766568808,0.00905994913220893,0.06989291852299008,0.27820968968200355,0.025107369959764207,0.26930306667079246,0.02996043969994048,0.9834760595802152,0.39758748839071745,0.03508695440924285,0.041119870893710164,0.14318807949536405,0.03474008494347072,0.8448262700430331,0.6692953650877893,0.660057880241766,0.5716836735718532
300296.XSHE,4,1,-0.05047534220140614,0.6785430422277015,0.30334455135500216,0.26594943897122086,0.47776142246117137,0.27617215549052315,0.7378681303838571,0.12335386217029382,0.6747011387157198,0.3049777929026232,0.11950764343496723,0.0007987489713076655,0.010680556302285297,0.004767249790557703,0.00015839115614559818,0.0004391467294060167,0.0007238574242003138,0.0011158733578725405,0.6186315215173812,0.022543896478079813,0.15087448873872666,0.0035283098067366747,0.008433020660219599,0.8181818152066116,0.018618009547468006,0.7117117626495144,0.009789076801869405,0.28344035452654426,0.09215636276054241,0.6613262815144167,0.24808398169139032,0.3092369477911646,0.21911493627388326,0.0594097725179884,0.17203455889016747,0.04929590060013848,0.3064258702529405,0.23157144606073293,0.1553591901356273,0.39893913333463765,0.444159571908194,0.09365866571515583,0.1867377749536874,0.4938849199874611,0.10838872535427133,0.022694878435557873,0.14534027424989446,0.16381752004293446,0.02612339588242139,0.022694878435557873,0.6248648888670765,0.07103719301515368,0.0003838195558178838,0.009073999366254607,0.055269935765888734,0.02298123379357668,0.036645876265613116,0.02996992755095826,0.02996043969994048,0.6551217894910756,0.2922393442310212,0.035470307483583055,0.06514348705318974,0.16262832814004155,0.024381767063468323,0.7269709278379799,0.616514086064305,0.580920116288588,0.6940766801832673
300297.XSHE,4,1,0.1458917376884011,0.6578977868064981,0.2773183882042448,0.3218582450344787,0.4607270955214573,0.14454469264249573,0.74921537748267,0.17816224737538644,0.7194124377930324,0.40993025598586164,0.13388242405241413,0.0007231938509946337,0.010818326709275931,0.0047763227784819,0.00010328764987411045,0.0006561769050281146,0.00048585762301495497,0.001112017281724473,0.6182540483595087,0.024443977800365724,0.15087177704098564,0.0035678923134855925,0.011163102475999791,0.6363636304132232,0.0133352391990838,0.6915632204631925,0.006701667365502949,0.0990775074613367,0.09134856730694497,0.5874600886367843,0.10122588533200155,0.718875502008032,0.14224172575041075,0.5276280952962686,0.10807936716724154,0.03761343360350234,0.32094749149072294,0.18466782618127825,0.13982197126270937,0.37825447161128567,0.4378773660670221,0.1325555698814902,0.18926759569893134,0.49686607920573295,0.10810308372850573,0.019048248985889745,0.1544521002177383,0.17165583750667077,0.044312915616649386,0.019048248985889745,0.6327898506269741,0.08402104924218395,0.00027250156367408205,0.008958336341571567,0.0633918069715619,0.032829847517598876,0.028480613916358772,0.027385580128852977,0.02996043969994048,0.7003403031348029,0.3113798903768367,0.03201468607411579,0.0394031060634642,0.13417352244515376,0.031782018304719745,0.8617980500205933,0.6491060766883376,0.6737846337463991,0.5371962207507803
300298.XSHE,4,1,-0.04184438982045371,0.4355198564190299,0.07621592380355502,0.33636830303823373,0.505634058289011,0.2565458409531846,0.8832011438605127,0.7341473777866051,0.9953092850951799,0.4966297805200153,0.366059073933445,0.00036087965816346853,0.011295095757070361,0.005024964268234969,0.00013064314518334915,0.0005369730612124388,0.00038014277325091857,0.001086598107150176,0.6191468996579955,0.022161996540826144,0.15125327183543502,0.003566106790635155,0.03706472011192219,0.8181818152066116,0.05425836417560521,0.7052164530225125,0.006969059716257079,0.25092701456091165,0.09160939300620596,0.6401885654014053,0.1813502630880432,0.01606425702811245,0.16207370436299573,0.1948477516145689,0.13147291808539982,0.0556005004636064,0.3109170445596322,0.18958431313910404,0.1440465141671671,0.39001157047057455,0.5318427242963106,0.17627769495331164,0.1722366340029938,0.5217549346204543,0.15892797183479573,0.015937907828342163,0.1431485597399743,0.15700731197844578,0.06845277619397136,0.015937907828342163,0.673640446050782,0.0631057472353385,0.0005747949299446783,0.009110201584000268,0.05061213160895551,0.08536736330009827,0.023156872656622682,0.059500331984596616,0.02996043969994048,0.8526517364995903,0.4129891204159273,0.036565969927478,0.0714411295810787,0.18259590173278614,0.029881258599030926,0.8285672693187145,0.6476936004599536,0.6299651715151051,0.49623026155230665
300299.XSHE,4,1,0.0706283473660239,0.681658578274632,0.21885686277208283,0.3010339461057518,0.36525311593857646,0.1271112321127832,0.808217333497405,0.3894679426023173,0.5055706355890156,0.4821374500412817,0.0734722052187411,0.0002693455625243673,0.010538624554851838,0.004739155832762852,4.3868662381851206e-05,0.00039586796867817104,0.0002452035418294442,0.0011049102726794155,0.6181646016525677,0.02221466178249328,0.15083853467831052,0.003457493281216185,0.014506228157473197,0.6363636304132232,0.02561491428033076,0.7100388023836163,0.010512915873064004,0.3402369539658135,0.03932879275813811,0.6004557351365716,0.2243472086394653,0.020080321285140562,0.19431030461782114,0.07062731816786588,0.1432735235473433,0.06270226933943622,0.3204880364546593,0.2000086838347774,0.1481956652290222,0.3395692783435266,0.489861938422502,0.12421497349360036,0.1607513510506811,0.5160244283625693,0.10369887628479985,0.007722199514015971,0.1398816103484009,0.15729162616731418,0.032583205502262784,0.007722199514015971,0.6938384649271949,0.06456904508403079,0.0005220695211573146,0.009065508855441296,0.061850462693505706,0.060885339720300476,0.019169228284996065,0.06634092026920387,0.02996043969994048,0.6950333927302202,0.31697512172835285,0.03982675418034576,0.08492496872021615,0.16818230037493034,2.9909672788179694e-07,0.7428588927866384,0.6496837822298884,0.606888329685012,0.6637962105484937
300300.XSHE,4,1,-0.1615540026375431,0.5337271926268851,0.13964796090665882,0.3005829415448863,0.4607270955214573,0.21947883471051072,0.7381705855324516,0.5267529289458435,0.925532101737097,0.372784172536675,0.22825362678606198,0.00039029589553391013,0.01073546616218368,0.004814530794571848,9.679585515150007e-05,0.00022570691770273818,0.0008077131433423641,0.0011113432670808374,0.6184860433849729,0.022558074608821577,0.1509532761259686,0.003563558473828212,0.011835256222104103,0.7272727282644629,0.018781908822988025,0.7064996868712811,0.005265608840819091,0.1847246088450755,0.0915084552421038,0.6383586925592504,0.20673258578301737,0.01606425702811245,0.19397365574325615,0.10386315969937347,0.1403842386690452,0.05557768566962297,0.32475595182233696,0.19051188768019553,0.14860642078527103,0.36695057836652906,0.4613114784417242,0.12917809012201384,0.19001020065983337,0.5098258413649923,0.12490876787501255,0.021231803448550787,0.15882318191786454,0.17598014116260968,0.0476886101389588,0.021231803448550787,0.6706349901902015,0.07736049022563682,0.00031562156511227943,0.009072455562244477,0.04954160706116144,0.02871743999137835,0.032900352400346305,0.029019997431437152,0.02996043969994048,0.6199859620798742,0.309215614477795,0.04762199544123303,0.07538024857661263,0.1888703640370877,0.0224466112340731,0.7718192114868414,0.604791362611119,0.5975620060573574,0.7414526456213328
300301.XSHE,4,1,0.25729366662412,0.7935552900280295,0.2509352527124922,0.31362807582188806,0.47776142246117137,0.3076434972568535,0.8733046456696503,0.17339975019471954,0.8076705900122856,0.5053368575942085,0.1666476177482914,0.0007867495840584409,0.010738394150228307,0.00480771325722397,0.00019129885672660295,0.0005689407349836861,0.0009535301026602553,0.0011275819538650136,0.6178226092180243,0.022782181926582244,0.15092358688206756,0.00350786078316775,0.015669132891786876,0.6363636304132232,0.025006645719750645,0.714564819717002,0.012116632785574155,0.41439811883874467,0.09205734027641982,0.5728049417912634,0.16821931726556086,0.7429718875502007,0.17302829826958524,0.1940172405474187,0.1347104993282187,0.034438719939185805,0.29236580352622227,0.20566291612089607,0.14498111304356867,0.14393919814730768,0.46260684856025197,0.03715592057016912,0.07581912089168384,0.51883644578855,0.10591716810610202,0.010305806670535983,0.12255641517786836,0.14095890522378687,0.011548930871024612,0.010305806670535983,0.6877177115066192,0.08658657115903286,0.00026026496092206394,0.009056799289503833,0.0537289872455212,0.018859402760860382,0.04622469374203939,0.014911864769195305,0.02996043969994048,0.6003417446273909,0.28547009345630664,0.0318898862940754,0.03582493381715206,0.18810205768353855,0.036916462283902614,0.7821629432901109,0.6804293264340369,0.6407266188380119,0.7289326116378824
300302.XSHE,4,1,0.01068759312197693,0.5347618478911643,0.2605620726415423,0.31327782571533447,0.3079014568491301,0.2295965148625968,0.7506025279449913,0.027826519998438992,0.5285289254166231,0.48209858520390503,0.07912363531064115,0.0003036193996754355,0.010526828684671677,0.004731872766312156,7.736866035913323e-05,0.00020982706844469495,0.000274406391769599,0.0010959089485457125,0.6182607394156674,0.022251125635986628,0.15084592500365968,0.003471005555138033,0.008237697854168237,0.6363636304132232,0.011831316858980033,0.7063536505331189,0.004661777896253235,0.25468029302704165,0.09155872632645705,0.6124397750192011,0.2807393275430202,0.6787148594377509,0.1739914698050335,0.04694594697253564,0.11768164763296743,0.03790590513290114,0.3144440024810881,0.1848383430624212,0.1480565802780139,0.4793382441209071,0.5318427242963106,0.2097171345217771,0.21681588410266944,0.49782022680497134,0.1062438892100399,0.010679037789185324,0.14787105712295598,0.16539407743805076,0.03687021826310377,0.010679037789185324,0.6352250644735721,0.07117556108173717,0.0003818571740508821,0.00908272072114118,0.055872410887241236,0.09623631789847924,0.02415339114664798,0.1308559154773046,0.02996043969994048,0.6575983846412292,0.3084934105215578,0.02554065685959228,0.0398730501546517,0.14007345024573137,0.03003334928515882,0.8005052477595831,0.6397162885321306,0.6289036816797944,0.6823001060948807
300303.XSHE,4,1,-0.1518411528761292,0.9022035058654325,0.17033805450074152,0.34378924930494476,0.47776142246117137,0.08914014813786378,0.8655448066586537,0.5912228091239574,0.9568158287368747,0.5496091280161337,0.25326222138698107,0.0006373722156920009,0.011058224799383792,0.004961593731723065,0.00016668848760805453,0.0003301003058597757,0.0006531467650752321,0.0011005946531200204,0.6189265789209786,0.02217536424893225,0.1511767946673628,0.0036904384121446247,0.0355978362108099,0.9090909021487603,0.059881271425061874,0.7140035698300761,0.013463703749368923,0.28448041964366466,0.09231965240112504,0.6649163446210111,0.32529902144571793,0.008032128514056224,0.2614174037586089,0.017864713956178987,0.21594688786189742,0.08594487022212435,0.2728595866586124,0.27604966387745855,0.15533319294852296,0.1662271079435294,0.5043503830677057,0.08242444507536849,0.10458468510699821,0.5270194879608622,0.1269756226369509,0.013020268743181698,0.14268040576164048,0.15978088465595286,0.037395856444316145,0.013020268743181698,0.7188192718430152,0.07740564684550397,0.00031525437129373594,0.009107959216214996,0.05250939396833621,0.03708095192578886,0.033425054604132504,0.04089404568716744,0.02996043969994048,0.63564722462779,0.3213610994474848,0.02707146103654992,0.1274508372921407,0.16843222754217968,0.04542651193395944,0.6249911235460368,0.6068561761974265,0.5167620335187859,0.7964311819010521
300304.XSHE,4,1,-0.2244849050429362,0.5818533703659907,0.37201938152318775,0.41598326874010716,0.5192091939726617,0.23930617593016418,0.6205841030402544,0.24353632959199514,0.6827877151831983,0.15757796653756834,0.12202074540149321,0.0004835544218054089,0.010985862651662688,0.00493010052086636,0.0001503258270451728,0.0002104725565325042,0.00042456800851278613,0.0010843363855418872,0.6191098112890873,0.022301768853183808,0.1511061464027358,0.0036303461874137516,0.00477215127694715,0.7272727282644629,0.004889883565437122,0.6991909416764471,0.002991400145813337,0.10459437460432305,0.09126598433960562,0.468327270071329,0.0967948017420685,0.8112449799196786,0.12515300724289183,0.4815126593908832,0.08454863513165106,0.04035285066041114,0.30771653971032953,0.18242478214254493,0.13990906183950896,0.48182882192867854,0.5466898129581036,0.22096935264825548,0.2373873154352945,0.5232955180516407,0.1472902949210621,0.022845435241025197,0.16662282454518726,0.18353285870677682,0.055262253161449906,0.022845435241025197,0.6991260573724231,0.07220027313012022,0.00036814242831022747,0.009107847906602474,0.052625482890339755,0.07960379680786857,0.02697172557187921,0.08937207048972043,0.02996043969994048,0.6589389727480283,0.3406585448894532,0.04118816053086706,0.04340225915391096,0.18021165830673355,0.018051235269486154,0.9076422718041215,0.6830248551589939,0.7049256296984787,0.585541718250292
300305.XSHE,4,1,-0.3239461435654301,0.5972894620675103,0.4077996127506454,0.3747162628844849,0.489855886534782,0.22772110946481344,0.653328187452586,0.27315971066267664,0.8168891203339834,0.4097396055895757,0.1705218515187258,0.0004287114494879312,0.010681461517407278,0.00478816604794844,0.00015259479608990272,0.0002011347331500922,0.0002969374984835756,0.0010816849357751985,0.6189960889960772,0.02246702149301398,0.15091753890067286,0.003777566861535293,0.007063222470414077,0.4545454565289256,0.006439388285085284,0.7014535103647748,0.0022716904193857733,0.08976214162973682,0.09109895220440394,0.29773503108555394,0.037640357334611664,0.9638554216867469,0.08927585575353347,0.933527290347285,0.0654047860050704,0.03130023195672159,0.3083982920202003,0.18082517372758608,0.13431446717465167,0.8116125947845043,0.5318427242963106,0.2708266169129669,0.40466561718714256,0.5217692271621243,0.12079803500841868,0.031205910501334113,0.21874652568481354,0.21982263568588603,0.24038841560246804,0.031205910501334113,0.7151991698771993,0.058286288195578524,0.000910179078431319,0.009082106873302664,0.04911946552660309,0.18796883149526056,0.03526354461465242,0.18195184214581328,0.02996043969994048,0.5941355646160141,0.3203373607397082,0.040638716499262165,0.0314685448762075,0.1967034472057557,0.03458216187114913,0.9253277186803199,0.7259906682588122,0.7839920995582406,0.35719274189909067
300306.XSHE,4,1,-0.196150046093115,0.7117065281530757,0.42466496790742425,0.38381462030356306,0.4379043239054824,0.15564635501745966,0.7787909334718828,0.17299757725155931,0.6535878721989851,0.6004586437525257,0.11310946562588797,0.0005280520238492333,0.010697425198605125,0.004784229534754855,7.240624116523336e-05,0.00021672180934695004,0.0002843163735922711,0.0010711554738236234,0.6192356745327021,0.022398932129126053,0.15091841925342936,0.0036162689758627332,0.009985543730532434,0.5454545434710744,0.008532114396374472,0.6998640864002221,0.0032135212397396942,0.14782490729854392,0.09134554727414079,0.3213452933281675,0.03793804451879738,0.9277108433734939,0.09461150983396818,0.9721650468792187,0.0787179997090285,0.034334275075143354,0.30597086775641813,0.18110183548217532,0.13629415297264835,0.4275763499291609,0.5318427242963106,0.23027303316707273,0.20667963388323476,0.5208183315175917,0.11405003445628265,0.0060287167619357705,0.15501603076273363,0.1717995877891472,0.048676004100136845,0.0060287167619357705,0.7050411497387755,0.05995430623170748,0.0007506263127528373,0.009097059647359237,0.07375617316034676,0.2107004708690608,0.013791815901950156,0.21219716845480918,0.02996043969994048,0.8417684674605226,0.4060666689637036,0.031150415097393386,0.0363666837986491,0.17252677395247507,0.042447658072620686,0.8972692477027737,0.732867851930477,0.7478657981109704,0.44013497762178655
300307.XSHE,4,1,-0.1625557308939856,0.7675130013376391,0.5152851279521411,0.40884298294806115,0.4379043239054824,0.34333712246935966,0.638155504207234,0.0,0.9973325757702161,0.4658157652022421,0.3589344772924093,0.0019036363521312018,0.012213130459123263,0.005503588548661864,0.0006676776890869304,0.00027955443496924254,0.0018017811336128893,0.0011280555700215477,0.6264327137950828,0.023250918782540122,0.15204174070290474,0.005031378649492839,0.0071738110401450925,0.5454545434710744,0.004577906601337317,0.6951220111058894,0.0034079336069379545,0.03812064755358596,0.09120534724872974,0.4364297509814132,0.0383794819782201,0.9397590361445782,0.12163631117160395,0.8915664629570506,0.08867537452576461,0.029095585026019485,0.307366198047715,0.18190455238589862,0.1384714173926381,0.23438435330360646,0.5318427242963106,0.03661657888398605,0.14080680152344935,0.5320254908283636,0.12520032773068432,0.011199695506584164,0.15495291063785288,0.17177708750188422,0.04824844263453143,0.011199695506584164,0.7496310370575513,0.06586957144178487,0.00048424742548624404,0.009076614319664061,0.05108558972380861,0.023215739894429745,0.02424867817538134,0.06491365838184532,0.02996043969994048,0.6737885640848795,0.30804996561257986,0.045342676958531856,0.02675067316733658,0.2005387248568678,0.02725339474786146,0.8872211018164775,0.6649667197381808,0.7045797213193103,0.43443578786768766
300308.XSHE,4,1,-0.1898048684281405,0.6402356958811661,0.330039984713284,0.3248268714431597,0.4379043239054824,0.1321833594740332,0.6660830939587278,0.20587113865878717,0.45757983172614625,0.3463901140228587,0.0621286872644955,0.0002486287725174705,0.010803398959872305,0.004754838892353006,3.024002233259227e-05,0.00022915156684590005,0.00025348412175433903,0.0011002749095214031,0.618183167878303,0.025107252744511185,0.15085557930118093,0.0034864991306905227,0.005864530682668047,0.7272727282644629,0.014424050175405802,0.7093045469831567,0.005980914818732234,0.20584245274486748,0.09177884952035767,0.6199025839438328,0.22691017401395155,0.35742971887550196,0.19675710289597087,0.10261687980379817,0.15329246594384544,0.04888666178433587,0.31377894683536367,0.18659964348793587,0.15088377437561254,0.48984844382363835,0.5318427242963106,0.14787347125650183,0.2221960361785452,0.5271521355947881,0.10801239555847289,0.005415871387866759,0.1490958172632184,0.16650371893412588,0.03878377450625663,0.005415871387866759,0.712023108823911,0.07067810001302251,0.00038904478459148907,0.00892207024417143,0.07264211526680135,0.1038297258901139,0.013904331268888816,0.13598693858799382,0.02996043969994048,0.7266985495258045,0.3663294889112494,0.0364402926489842,0.05894814163345927,0.1822253255307291,0.026787102949093738,0.75070834102626,0.6303071513864937,0.6026186056459641,0.6845017396049656
300309.XSHE,4,1,-0.2491179089842168,0.5059701530587732,0.20191126294315853,0.32209003340125253,0.4379043239054824,0.21019346287261342,0.8305851347023365,0.502275162880042,0.9900574231672052,0.5074372990291525,0.29590815680708205,0.00036160960266534914,0.010719933873948704,0.004801619389579366,5.18014149789026e-05,0.00020737546230198636,0.00033315486257542624,0.0010799160299235246,0.619862857673147,0.02210996767420314,0.1509403583822169,0.003709124927329484,0.02043760722851395,0.0,0.0,0.6843701692453925,0.0012235384194418683,0.0,0.09134051696217903,0.7348960920704882,0.272479832027618,0.12449799196787148,0.1401381643874242,0.23514755687050282,0.09212264070645801,0.04444513348306551,0.28352273305428344,0.18715088308098482,0.14148709109674332,0.3019738235715388,0.4890597889574459,0.1166387602398504,0.1529028226950487,0.5200222449760913,0.11041676349064858,0.00281630631474605,0.14452140940399538,0.16231656920315524,0.032042723277607196,0.00281630631474605,0.7026398232249758,0.08220577161274317,0.00028239664957816336,0.00909918933472395,0.05785753145350189,0.19154947483333723,0.013607107793416614,0.19481975131726867,0.02996043969994048,0.8281319475784588,0.5222550750401057,0.027805667242511482,0.04645472074765537,0.09992297144956175,0.03402419692528564,0.7807391600744202,0.6365319977002346,0.6242695656077293,0.7096734233675551
300310.XSHE,4,1,-0.1437001321173724,0.838701440967289,0.17967650175574912,0.2847492639524113,0.49497746894927813,0.2292646039015085,0.9133762239593369,0.7176124815426439,0.8629896754216726,0.5181179750839654,0.1917470147032051,0.0011731189270841838,0.010804911703793725,0.0048533512650755705,0.00018174470631994742,0.00023828279241618592,0.0003612924451858912,0.001100443757625449,0.6186856978136925,0.022173587983793628,0.15099945938650855,0.0035858961854810063,0.01583689493289543,0.5454545434710744,0.02218005709117894,0.691141027524712,0.007154122192479865,0.2863344487654879,0.09167559597683357,0.5654165944573819,0.12348713386499088,0.08433734939759036,0.16063948792478036,0.31574614079267094,0.11570503261810118,0.06610124927460252,0.31976410745166817,0.18984043070193735,0.1420356317446452,0.16104966252727065,0.5950829308262807,0.07210682113124989,0.09749949029646927,0.4980389508696289,0.11652368049147765,0.015239401176315318,0.1376224163005086,0.15613365796729162,0.020624207931119395,0.015239401176315318,0.5176266714342639,0.06047098451362745,0.0007132940147236592,0.009106213080938754,0.060437739664260276,0.04185050981919739,0.04754176093754676,0.0867969356255012,0.02996043969994048,0.6459134239551674,0.29524748917326726,0.03015503122675746,0.086510120342384,0.13950638394892842,0.042101603158461454,0.8315373308147875,0.6520858210605462,0.65540924129882,0.5906528164092198
300311.XSHE,4,1,0.2005428282246589,0.6727712503895156,0.24416950469558363,0.3967972478628634,0.4607270955214573,0.31052385528682097,0.8207984318736352,0.42568421160636305,0.4673327250581565,0.32014726099575186,0.06438519352421113,0.0007121933798156846,0.010563774296268678,0.004728392211653831,9.322598716079357e-05,0.00022841345646408014,0.0004927564139020365,0.0011037890000164562,0.6180446522399667,0.02266803812209097,0.15082108323544846,0.0034985882472820906,0.009934062874831444,0.7272727282644629,0.014226916300282067,0.7049346256462591,0.00907781796163889,0.31731030116668174,0.0917747939446448,0.9232459879393051,0.14099095156116095,0.2329317269076305,0.17961238604336774,0.2426252362439546,0.13249175626619772,0.050995388751594525,0.5180061685480624,0.20364153465330487,0.15024814315091106,0.30592498106544136,0.5318427242963106,0.17391423148345522,0.16047647080561492,0.5161253995488053,0.09934027402448858,0.009218110983259102,0.15052860233117918,0.16795215046984652,0.03959648588477258,0.009218110983259102,0.6968521004887956,0.0770817969017372,0.0003179159345621527,0.008912375067256091,0.07982208317349118,0.050142103265397066,0.027086365613234614,0.03512307253631655,0.02996043969994048,0.7730580599949215,0.3151382709113572,0.02875321119746526,0.06503832430657218,0.13859684539190353,0.02352021893880481,0.7985142591356464,0.5344439653266111,0.5994895871015782,0.6933246442012195
300312.XSHE,4,1,-0.1793775609836559,0.6333806144903118,0.3194199517049875,0.23577232893124309,0.49497746894927813,0.3242952677017371,0.8000232849032207,0.37574147773546773,0.7836325971096099,0.44572941178745373,0.1570085638817148,0.0009219776777092465,0.01076066509013093,0.00483219743985872,0.00011934109977889022,0.0007910642026389032,0.000681494017584809,0.0011115154663454104,0.6194995330840847,0.022243108116854447,0.1509589014662622,0.003602678098070364,0.01086941688689261,0.8181818152066116,0.009548800114108994,0.6926616335075171,0.0050346173671202985,0.15266347110427783,0.09166256526331751,0.676268576482989,0.0969608022084455,0.6224899598393573,0.15048072932244635,0.6780224597294525,0.12250852740510021,0.043796243983764194,0.3085687206699464,0.18362905097092505,0.13924483370899268,0.47155846936144064,0.7140372085580567,0.15328831022799722,0.22457606201597036,0.47726016472716337,0.12112580050586941,0.022586160013998775,0.15777180633899907,0.17520171507531263,0.04439482292779141,0.022586160013998775,0.6017957949325584,0.0948162744051883,0.00023080380776349806,0.009086048768890955,0.06053232575184725,0.025903773705285703,0.02291341268160885,0.03631453401689079,0.02996043969994048,0.7460067883212489,0.3088866320826358,0.03328849695402412,0.04933707886711209,0.13467353511171912,0.029685798887360174,0.8300833676556219,0.6461429171642123,0.6645824146517283,0.5969518545967224
300313.XSHE,4,1,0.05851048185794736,0.7104959658053888,0.2641104115874153,0.30178066233392997,0.5177238414542913,0.12010151124339341,0.7719544113083423,0.24974445070046805,0.36163115516373817,0.357182163940005,0.041079707751946026,0.0002253928695797851,0.01046087641966989,0.004693351690507859,3.598669087811504e-05,0.00026204727486301604,0.0002680096479751488,0.0011143344536087417,0.6179226948800325,0.022640835554865284,0.15078486708084513,0.0034390903218035514,0.005602443182853479,0.6363636304132232,0.003992370807957128,0.6950393478406521,0.003748226981541254,0.14221759971059056,0.09140993799954886,0.4517220541153826,0.10129902911173261,0.8955823293172689,0.11123643028337796,0.6942251249616312,0.08906510968026887,0.03865420519192866,0.3075935862911762,0.18219043069901797,0.13933582386385793,0.2527161138226424,0.5375031134114002,0.027035066718395475,0.11888765530171017,0.5180859669081089,0.0927108121360615,0.0029253725370515715,0.12823767018972504,0.14591626354583676,0.022225244045351734,0.0029253725370515715,0.7024540271589446,0.07295930463107445,0.00035882958188965676,0.009422541839970112,0.07047586959836925,0.024549112520929554,0.016124107960064988,0.07317251115120477,0.02996043969994048,0.6862874136629102,0.3161828386820226,0.0364889938131484,0.041047982538984534,0.13691741716066272,0.029401357899144585,0.8697335998636577,0.697594644199726,0.7319038427516351,0.5703783605654672
300314.XSHE,4,1,-0.2313371690927176,0.7587645165016337,0.14749817649805042,0.35360563714974325,0.505634058289011,0.2176605556001478,0.8960403649183517,0.44411399285176534,0.9207790371630374,0.40529915290123103,0.22499513236137164,0.00040383406830708926,0.010958950719507685,0.0049192966004624784,9.609581381397691e-05,0.00021983069970952167,0.0002988386799930557,0.0010871369741178036,0.6184956820279208,0.02218584802543553,0.1510976362066588,0.003556056610085612,0.017796748839745052,0.5454545434710744,0.02904430623716935,0.7031104658363767,0.00704109393393839,0.27267794157547254,0.0915449940776353,0.6095929847879142,0.20111070137743703,0.1285140562248996,0.17036014182733797,0.14582501367930772,0.12669409429222694,0.05357145607278178,0.31042453691696964,0.18521385255319514,0.1449759136061478,0.42720816565570974,0.5318427242963106,0.22545695673356836,0.21284118494580945,0.5208503291459933,0.15742456737304222,0.01700485822403814,0.16099380417761772,0.17799423830532196,0.050629056101736826,0.01700485822403814,0.6787772982914942,0.0662112406263061,0.00047542324434647675,0.009108036255626619,0.0568690606664876,0.12029153159372977,0.027048075285159016,0.11946011828924327,0.02996043969994048,0.7787741325263933,0.3746527435087783,0.03743377527297108,0.06616893206725714,0.17062512666565333,0.03359723634623437,0.8172293746715711,0.6503554685772412,0.6409444619012286,0.6771960750658597
300315.XSHE,4,1,-0.09841829698584359,0.6292702326974204,0.0533370879653105,0.30882621414872313,0.4607270955214573,0.20697757829374624,0.9677317645440531,0.9018410359681861,0.9344700585472177,0.7678206880816432,0.44968036216134893,0.000374333202592804,0.010779462593211372,0.004812188618513021,8.446640299913466e-05,0.00020908768699763865,0.0002524808874098171,0.0010712438503543062,0.6191349354284784,0.023082059228808474,0.15098354359986405,0.0035729311262094666,0.0825038984113688,0.7272727282644629,0.13989327927221631,0.7346859599593999,0.023621447484477892,0.5260920683729764,0.09184727135542425,0.6702663781301756,0.4159701939514227,0.004016064257028112,0.3301721718529918,0.001246279895575294,0.2855506237877803,0.11120026781724082,0.3555306030379183,0.3429741600840184,0.17750619382982757,0.32187203788988944,0.7147282401440803,0.1686223146174166,0.15266124546009688,0.5256027598416193,0.11616545351656869,0.00690171709433099,0.13792741859128882,0.1568690400267812,0.016746996798192842,0.00690171709433099,0.7191184151946127,0.06592789877296895,0.0004827113261982411,0.009064048396559754,0.05674571618685883,0.34849151827660174,0.018522126359375928,0.31201021612034896,0.02996043969994048,0.7351007880529095,0.41230526529510214,0.04697817970095827,0.23568822843138043,0.21949376488321426,0.03638481785009272,0.5047959480762949,0.5751625315112117,0.4436552217642382,0.6259583627937301
300316.XSHE,4,1,-0.1180728599319025,0.8673058545681815,0.4584568674300849,0.3362057501576391,0.4379043239054824,0.2133563790900433,0.7958110790563897,0.12827301441538075,0.9103266859218838,0.5787012956879366,0.21818179354074518,0.0007778581294389279,0.010762126255245483,0.004834255515243301,7.091946864781819e-05,0.0002142681287515342,0.0004321274449891033,0.0010526106720586729,0.6211979403389133,0.02219223276955529,0.1510408498138249,0.004022427036888005,0.010604400716805852,0.6363636304132232,0.009281350579922904,0.6953795824584444,0.004310049639328026,0.1177082391245365,0.09120751038628146,0.30420989325713066,0.06917350695301286,0.8714859437751002,0.09332288909297173,0.8512676842908163,0.0764798389941095,0.038188495720134254,0.30786883095053946,0.17995098374679827,0.13766940417046875,0.6694121474724146,0.5318427242963106,0.30276118970964916,0.35139790551796,0.5264127775964891,0.1271437699925204,0.009684470866480705,0.2142046959545612,0.2297611103972821,0.10001677907053491,0.009684470866480705,0.7220712872629201,0.07096285463604561,0.0003848854164282564,0.009112081784302431,0.06520239839712857,0.07858900295210616,0.013229747141573892,0.17173663131691502,0.02996043969994048,0.7612988069985575,0.3845644574817508,0.03181024518444286,0.041051198651212005,0.16343827582712672,0.04497009032721182,0.905100943034469,0.7286829419309191,0.7749205863014998,0.4803205671837464
300317.XSHE,4,1,-0.002267977860320888,0.739602214664297,0.3651856690214278,0.25507946764108674,0.47776142246117137,0.343392621742265,0.7029163305478457,0.07594857389840803,0.44879774908912407,0.38443685624070667,0.06011612762745189,0.0008107022683325943,0.01082330466864426,0.004879933391665843,0.00013181490586609043,0.0015492987048541917,0.0006556881470863805,0.001118835234291773,0.6184990396154505,0.022161996540826144,0.15099220719666756,0.0034574768723484592,0.005031867580511921,0.7272727282644629,0.007322615844970678,0.7042280555592728,0.008305943217516253,0.21022881432576648,0.09152861883305567,0.5905423935389544,0.2288695532184117,0.36947791164658633,0.1683672595464002,0.13252965047700488,0.12337425018098533,0.044038593432130846,0.31021255530795117,0.18738016524537995,0.14525668322687485,0.25754212159323875,0.6589277159853145,0.12126713818867392,0.11611010738395,0.5251981122924851,0.12000116275811097,0.024865175552119877,0.12516522371398553,0.14385895467131257,0.010537150267046992,0.024865175552119877,0.7207052771925397,0.06990408462667341,0.0004010025176898951,0.009094299662459577,0.0585720060007419,0.024846863200605314,0.029168500353065462,0.018997810227801327,0.02996043969994048,0.595896403254225,0.27021407020717914,0.04074048194490057,0.05044065891542387,0.16364426584587324,0.022039839684153857,0.8081185823237846,0.6570944451815492,0.6410830893050938,0.8107379079100431
300318.XSHE,4,1,-0.2800586755347394,0.675992879783295,0.2270481711519344,0.35055661966503837,0.5278712148378106,0.21590663395282814,0.8126091479838464,0.3550265479948061,0.8058181023043911,0.2437803691966193,0.16588189640490436,0.00023952920203790712,0.010664301446915872,0.00479358351054525,4.838808500802922e-05,0.00020433440072131228,0.00028849383754190586,0.001087658971482229,0.6184353572941463,0.022073398818994124,0.1509110916090251,0.0036404131973465843,0.01525387380277604,0.8181818152066116,0.028035525097737605,0.7167793674932302,0.012253079262870559,0.42253775888577366,0.09166109135982178,0.5972345985422655,0.23017903977415924,0.008032128514056224,0.1786037570277923,0.08932254319119513,0.143579810605284,0.04727547191626777,0.31591904589197584,0.19339688016329096,0.14848293414652533,0.30788441702935593,0.5318427242963106,0.17427257820226752,0.1788735972033598,0.5225113954916506,0.11418580561295368,0.004339796337293972,0.16738525195932777,0.18189469804069452,0.07854009893024809,0.004339796337293972,0.712642429044015,0.09912061883521106,0.00021945404962789498,0.009121980114968705,0.06265385080146207,0.19090139459115146,0.014348896296304505,0.135333766277915,0.02996043969994048,0.8903805873084341,0.4671487718736794,0.02847828605702082,0.05681286989156135,0.14489450334397325,0.022154842376024407,0.7959267728053856,0.6471324797664857,0.6181910840134877,0.7244601388524933
300319.XSHE,4,1,0.04172571108236098,0.6027123813289045,0.21754182409478603,0.34930896433097536,0.47776142246117137,0.2283118965131994,0.7678714739633765,0.44187300093021964,0.2749242802784484,0.3134980867285281,0.023591897177402066,0.0001696695498256611,0.010627700337715089,0.004777919917665488,5.087214273185457e-05,0.00020553402843640273,0.0002783416618594319,0.0011060986300153648,0.6178855548123378,0.022163582729866335,0.1508920863962466,0.0034520694589599676,0.0043784319891178305,0.5454545434710744,0.004696162460084018,0.7020465239143542,0.0027713716109350867,0.21972506104730033,0.09137420723932402,0.7033514870722262,0.13264305106386579,0.34939759036144574,0.16403562285312226,0.24636510252038035,0.11304483827740806,0.04657566668839239,0.3115703490900453,0.1849904224760151,0.14276485284292237,0.3026304846111775,0.5318427242963106,0.12010050758377293,0.15352481749648453,0.5249897463057794,0.12160413273475659,0.012367774084020188,0.14498729231083846,0.15979813021774322,0.060657267736445065,0.012367774084020188,0.7158313439131924,0.07832147292646525,0.0003080761284675914,0.009108406099634729,0.05306503776319864,0.06440543702914192,0.025785048721555688,0.08561020756108073,0.02996043969994048,0.6536492493704559,0.3272804465906815,0.03495977400839831,0.05499263283522764,0.10969878907635405,0.024064126338457857,0.8474545880615245,0.613597916943081,0.6414540826430568,0.6159639321480407
300320.XSHE,4,1,-0.2604534123768447,0.7699731511273252,0.27003517850204994,0.3994163324564095,0.489855886534782,0.25323269706219026,0.7851045811182638,0.5464751602782854,0.6805308327896032,0.2911562192440885,0.12131555896076929,0.0005329449512212585,0.010835987238966121,0.004862477643565334,0.0002117596958975503,0.0002429925503300728,0.0004616327591227125,0.0011071323404933358,0.6183499578827261,0.02252417574963475,0.1509949710245202,0.003680177717248666,0.007827392601156268,0.7272727282644629,0.01314849888386346,0.7027063573922249,0.0045065581964506,0.20701817852943838,0.09129062858283823,0.4491276209967786,0.14253969901976252,0.19277108433734938,0.1438103382168282,0.23223922825092724,0.10366446064371412,0.05873842847354867,0.3099827144654719,0.18261576233953689,0.14277265199905367,0.39466882376114604,0.6659569897920311,0.13640466394302272,0.2529595888151744,0.5300348529249285,0.1431212500833339,0.040348794229028144,0.20968844840891732,0.22621159924187728,0.08781948158768707,0.040348794229028144,0.7241524369082133,0.06511572776356012,0.000505287929820347,0.009083117707148402,0.04986071967744164,0.026372582444919766,0.04514794569849503,0.04769912357083595,0.02996043969994048,0.6071943786224432,0.2989355959535555,0.04046822179975908,0.07709357051748689,0.16376721069564776,0.03158655859304899,0.8629555396173894,0.6868006722391757,0.6734822939798739,0.6460390859180944
300321.XSHE,4,1,-0.2312498667259307,0.4902663766651116,0.41262699672140163,0.4441661842906984,0.489855886534782,0.3492321576164888,0.6415421732272504,0.2212718888808068,0.19548641084568108,0.19547563020010553,0.008615381557364299,0.00039203434645437304,0.010642468951249724,0.004783571254959631,0.0001474354454525691,0.0006447137538610025,0.00035450529788698897,0.0011176023032512617,0.6177929620802239,0.02218345261339845,0.15088519863720926,0.003578136987489494,0.002454490280855159,0.5454545434710744,0.0030969968395500743,0.7011042327064348,0.001340607999947805,0.11309577643122003,0.09132609140935673,0.3361697696044975,0.0725849772525595,0.8313253012048192,0.12261068237606906,0.5151642697508159,0.08496503189274156,0.04186121625518409,0.3067457592015518,0.18167940021090764,0.1391746413038109,0.5534203336749485,0.6550477369645309,0.13005362777415863,0.3083896075499708,0.539121095406088,0.12342677348027253,0.037889720198595864,0.21091996955511197,0.22538017868917576,0.10820936569016716,0.037889720198595864,0.747541707711238,0.0687926288418879,0.0004200498606237626,0.00910477702244025,0.0509730626210029,0.02152585888354707,0.045905715448082744,0.02246051929956551,0.02996043969994048,0.5717924295026962,0.2851335191597206,0.04282128265248932,0.04634337316983113,0.1681108926128591,0.02182119997607226,0.9108386828762551,0.6732536154968822,0.7088217198775855,0.34187839080431565
300322.XSHE,4,1,-0.1435069513968083,0.6362151306369935,0.15057393996047047,0.32761506061292345,0.49497746894927813,0.2535015160159693,0.8372153244494385,0.9006019035697385,0.8481030332675004,0.5838859810084361,0.18451173857595704,0.0006166410519443983,0.010591306482474144,0.004757745154600719,0.00013151652274645323,0.0002189034846550698,0.0004236376911322611,0.0011066890839959004,0.618050806046328,0.022301921074014387,0.15086686189484613,0.0034808728101658228,0.01520011010543185,0.6363636304132232,0.016441036629738528,0.6972612619190134,0.006412088473774913,0.22370444062584788,0.09106709399771898,0.3834081727797147,0.11056173514577364,0.09236947791164658,0.09834758765717416,0.8371418100213633,0.06839309970783161,0.048473105429045114,0.3154246257342673,0.17731880591783672,0.13630195212877966,0.31618124392179936,0.6336202295451132,0.09686848467756283,0.1498911927787433,0.5269638835501517,0.10764128773023872,0.018156569707524738,0.13714019212064016,0.15512997745135806,0.02524547674163704,0.018156569707524738,0.7370448142448325,0.07310228196314483,0.0003571486433241965,0.009079642160453955,0.05701351222284429,0.034437679770787766,0.04369836348338708,0.043593872815768056,0.02996043969994048,0.6044339203165074,0.29236899054769344,0.028380217479866687,0.05619321165296417,0.1004067550792927,0.038058712687683204,0.8932064947238358,0.6890617398611298,0.7097274189161713,0.3870816751677219
300323.XSHE,4,1,-0.2444921730716852,0.8182673917097757,0.5251111833336685,0.35938511805358686,0.47776142246117137,0.2329866707739744,0.7248654592491406,0.0,0.8727452032467493,0.4840234581197539,0.19672578457073753,0.0005942395417092423,0.010951418438763657,0.004606589808881231,8.422309877298602e-05,0.0005001978110925873,0.0004715542643867732,0.0011107578607509963,0.6190066918499327,0.030601115122778987,0.15066032984639213,0.0036538236364160844,0.00811554973701118,0.5454545434710744,0.011798372957751074,0.7022499410616434,0.010214177970919822,0.15433661933616713,0.09214547697437551,0.835455203190153,0.23309150251014069,0.5140562248995983,0.18715173970388072,0.09347715170634606,0.13384393283060617,0.04207732872073858,0.3387535508795164,0.18914008613409145,0.15734277551168963,0.562081319209163,0.5735112867822292,0.05620837329789407,0.2384269843446201,0.5266461956787062,0.08601851257127768,0.004445548223074735,0.1415913878254227,0.16018010403853322,0.022551547928898092,0.004445548223074735,0.7270515566555307,0.09074122998172016,0.00024384572513353297,0.00872072760481494,0.06390325782452524,0.03528781926759694,0.01643440280205757,0.04852752029667332,0.02996043969994048,0.5871093970901808,0.3413258535584508,0.03584720931929357,0.04672606990879641,0.16321977757511275,0.029419901896273255,0.8059971098265897,0.5932842421830085,0.6107342499465294,0.8190466598078958
300324.XSHE,4,1,-0.1164917965538478,0.4937274514868071,0.2072783399727506,0.32403234554421834,0.4607270955214573,0.2296675611630912,0.6689889421569031,0.5457259643035327,0.7541798427910171,0.45626236278875504,0.14598172478393778,0.0004069151164453475,0.010521492759624126,0.004712757339169839,0.00010166863238460227,0.00026588011579385223,0.00033507588357565914,0.0010904799559581571,0.6185813086404137,0.022623966067866565,0.15082791991562794,0.0035463763868639935,0.006467640938293771,0.5454545434710744,0.006066638472587536,0.7022858981446739,0.001661644211173489,0.09545988966265714,0.09137384485403272,0.5063829786581312,0.11660845008972362,0.3132530120481927,0.1469363634806463,0.48525149907760906,0.1211591994059524,0.04695051229458477,0.3099348027919149,0.1887292620782083,0.14092815157399968,0.5386381336334201,0.5318427242963106,0.29759631178306745,0.2692522010873638,0.4987279236437823,0.1006663056546424,0.018701266594161804,0.1785300262668996,0.1962213157323881,0.05584037563912222,0.018701266594161804,0.6590665558901443,0.0703957349237107,0.0003932933004549904,0.008905141039088568,0.05635444375201505,0.06999681035722179,0.02471162625535926,0.08531403653876495,0.02996043969994048,0.6862513763482114,0.3137250092611465,0.032121253386290904,0.05519098037202584,0.159083510665248,0.02695953221271759,0.8438613994972377,0.6815957940825261,0.6771222535270773,0.6490537107626516
300325.XSHE,4,1,-0.2704508323974846,0.7462245182312887,0.3088564499037169,0.3710347411628693,0.489855886534782,0.31801824570233156,0.785322100231979,0.4764453994804916,0.6671871254080172,0.3494946604354021,0.11720415486273716,0.0003883623741012629,0.010836127719652392,0.004854176139176666,0.00023018639323098308,0.0013481116392707194,0.0008517907440276909,0.0011241965193446687,0.6184897908758733,0.022254476693597123,0.15092793819958636,0.0036666857982825575,0.007918419425092683,0.7272727282644629,0.012732517568119231,0.7028449797173429,0.005740356351559661,0.22872388532151577,0.09163172703562095,0.6686622914972773,0.22925319142651243,0.1285140562248996,0.17426092066549748,0.10594097725179884,0.11321455089401578,0.06154232893920657,0.31990634428817005,0.1882447538493084,0.1477498134701825,0.4003036614488844,0.6558550628843769,0.16701594784984136,0.23400273573383334,0.5043518380529768,0.12463531084023025,0.0476309848810811,0.18983732575954484,0.20529642227823597,0.08459434807744455,0.0476309848810811,0.6800708595814097,0.07424754327687874,0.00034444859606108137,0.0091049198606376,0.044499126430861916,0.02000185300405003,0.04136782659109476,0.018316286319727083,0.02996043969994048,0.5552385503906999,0.28623843281352174,0.04750727876842117,0.0813941722809472,0.18255212291635,0.033996979123048394,0.8204772691766911,0.6280156782097213,0.6244755263220434,0.6627644204378662
300326.XSHE,4,1,-0.05018013302461815,0.5157868272853262,0.10549781867879998,0.32255113111483474,0.505634058289011,0.20783266481114698,0.7865018824725585,0.3797280284859371,0.9204053782297787,0.32000901045483454,0.22474305418461066,0.00020476271965134306,0.010769904354813384,0.004838157003128881,4.498680439876846e-05,0.00020808895384107475,0.00024179186221505154,0.0010938057501113229,0.6182534501387762,0.02218039819979711,0.15099614265788472,0.003482727108587014,0.012790732378523314,0.8181818152066116,0.02706550928522755,0.7044356117630493,0.004173424669161141,0.23785837026318168,0.09154929794659467,0.6796789135897622,0.31507610540286973,0.02409638554216867,0.1976537352213779,0.054424652935687226,0.1492652696426765,0.0484117808706955,0.3022617086046336,0.18926743936858736,0.15786531897248715,0.5367034150480205,0.5318427242963106,0.2532967369864418,0.24789668017035546,0.5013722847382635,0.1565968855141053,0.01083700070466477,0.1588233646477546,0.17366333829187489,0.06966203559018458,0.01083700070466477,0.6243145118412858,0.06281475110923943,0.000586911605363194,0.009107585808105993,0.06139296680542809,0.1867435828972695,0.01586817706999638,0.20765690306351,0.02996043969994048,0.9019707421358263,0.5268522633502127,0.02779665663339268,0.06035960257923954,0.104494730708821,0.020115750433690256,0.7698433128346422,0.6295083145371727,0.596812097815496,0.6844206141644195
300327.XSHE,4,1,-0.1900586755347395,0.714356900764284,0.396976321469896,0.35558743653930225,0.47776142246117137,0.2162295059443879,0.6145797468574703,0.12366863807751446,0.37532085930138515,0.22073932135419785,0.04396460244154432,0.0009514708499377278,0.010541803342696695,0.00473729423687894,0.00010848450079689983,0.00021461389387967842,0.00028422136844164273,0.0011092130550788087,0.6185494829950544,0.022280446806920737,0.1508599568597846,0.003454209286197391,0.0023067170279541366,0.6363636304132232,0.0027074097531929954,0.6988207200731771,0.002919207005535885,0.08668716650085918,0.09123895748101986,0.3487903419814347,0.07760580652287027,0.791164658634538,0.1210190117675581,0.5326132148785698,0.0895589520604908,0.03405844229684268,0.30663902271202453,0.1818631523586396,0.13988046493369416,0.2803970013552691,0.5318427242963106,0.04485855341666801,0.1258668185994099,0.521314595864734,0.10456258971993021,0.010364053066128521,0.1258985970756065,0.14342007329168105,0.022146252528457488,0.010364053066128521,0.710910669485158,0.06213392592605129,0.0006178606809925274,0.009065557107884164,0.07872702164900092,0.03725647544280254,0.025693549155913042,0.14477547431666002,0.02996043969994048,0.6737946627073671,0.285209243509849,0.034141734200193466,0.031589850032274505,0.10618880465622942,0.018664234013279896,0.9121266563463095,0.7076284772898154,0.7154032209087091,0.45696788232627283
300328.XSHE,4,1,-0.2685778711471709,0.6342205364950328,0.19168821874824654,0.32891583780338995,0.4379043239054824,0.23768964661967848,0.8277089105358387,0.686096047693497,0.8329336221908621,0.55011688454823,0.17753215464950967,0.0004993381086568326,0.01071564878370855,0.0047976302158133505,0.00010968004978031859,0.0002994451132274867,0.00030204075774178886,0.0011003143240557855,0.6182460012657309,0.02269989963640772,0.15091678624438157,0.0035165533104468036,0.01218758205145958,0.7272727282644629,0.01648073003115231,0.6981693360414392,0.00830426672322012,0.23378855023966716,0.09188599049080838,0.8184694216776912,0.15782310762655558,0.02409638554216867,0.18587036580754224,0.2164523318471736,0.12836989840493562,0.05704010688106537,0.3238442339623271,0.18694697937311217,0.14570253498571453,0.30774891426700773,0.6387757272315897,0.10712781716681159,0.14945490412768983,0.5303430659653793,0.11379050266833839,0.014286017953760955,0.1395425941937995,0.1578112570250858,0.02421249036131197,0.014286017953760955,0.744974450119599,0.06751794666106467,0.0004451568795118113,0.009069267885237587,0.05740742304227905,0.05645987902487868,0.03266017181410614,0.07112357764267506,0.02996043969994048,0.6261821625271805,0.30365425468649054,0.0330512067472481,0.07068899225803445,0.18418888065562142,0.03935051145540468,0.8095858601638948,0.5547465835212955,0.5906002698613462,0.722049943591602
300329.XSHE,4,1,-0.2982553968462148,0.6255412770775813,0.31169846635281606,0.32152162953773533,0.5013742645331755,0.2516559392176302,0.686602397019201,0.35192019716185,0.4731079729419999,0.18570489406914845,0.06573322449097596,0.0004786164292217448,0.010714530476689348,0.004802976027508899,0.00010171541927099588,0.0004511393713290453,0.0003691265725923684,0.0011080759017877174,0.6180568800186139,0.02258043720842433,0.15091598373851006,0.0035199247701997827,0.004482738908481728,0.6363636304132232,0.007030031574325257,0.7014684473766378,0.0033079157578185994,0.1522112688794429,0.09139937480495912,0.5630214993582097,0.13898309106296416,0.22088353413654616,0.1475101818167444,0.31948498047939683,0.10766987285342577,0.05190497966358992,0.30701286007693124,0.18300625707302698,0.1416469737974351,0.4348925329443607,0.6484766045351372,0.12905385645882253,0.2137056904548631,0.510351413452076,0.12311502201668557,0.022809795893950314,0.15932430558921917,0.17581162658881025,0.05437532156571789,0.022809795893950314,0.6723889517946849,0.07192218751841156,0.0003717279982271575,0.009065696107819012,0.056552322596339286,0.031569335729959486,0.033710961878906855,0.03496699694045281,0.02996043969994048,0.6320052381622966,0.29536448232089496,0.04597579209266643,0.06913808398464759,0.19057781704413032,0.01869175091224502,0.8614900370680718,0.6740828579010216,0.6615233699397696,0.6553260979456655
300330.XSHE,4,1,-0.2422005764718211,0.6976237639683854,0.27308595813514763,0.2801910545272836,0.4607270955214573,0.2980188025028545,0.7028765556241949,0.3533278940740596,0.4165072066557833,0.24420807576516354,0.05287317169911987,0.00043627603111398463,0.010613758126595258,0.0047723143358300805,6.64596061750277e-05,0.00021098160950873762,0.0006371691860988323,0.0011071462272037647,0.61833647736118,0.022152932603453628,0.15088915137965922,0.0034515213356956734,0.003347947897879943,0.6363636304132232,0.004452667637843329,0.6976718585928557,0.0027985534720530933,0.13118386542461788,0.09134861934530636,0.4185139793272509,0.0848400121473003,0.41365461847389556,0.1333248128008264,0.4200250693204694,0.0996615876346297,0.04643067981376087,0.30704093058206106,0.18199737929348236,0.14065518110940395,0.3213131191874407,0.5318427242963106,0.14527764347467056,0.14806556733970228,0.509775134960135,0.11366064974157353,0.013112190434575191,0.13373909288549266,0.15120458572065806,0.027936224687923866,0.013112190434575191,0.6659585382640572,0.12509944664997935,0.0001791537302428866,0.009110439830436924,0.05946100968867589,0.030493396167275724,0.022456145796267,0.03377627872357214,0.02996043969994048,0.6186414930314922,0.30220556416295496,0.03586984552939725,0.05410389320693187,0.165255136292243,0.023159807381707243,0.8930671343966141,0.6795862633231615,0.6899908373887349,0.564471662073774
300331.XSHE,4,1,-0.191778163060026,0.5281122855899546,0.1310655920797026,0.3066584882617519,0.47776142246117137,0.25181972534548747,0.7951585217152439,1.0,0.8654199952754758,0.6638974664379892,0.19296855482858466,0.0004603386391592728,0.01058028208417134,0.004720358054835063,8.765248441887298e-05,0.0002733160531887779,0.00044629846658468596,0.001106271766423793,0.6181342376331577,0.023275717189829525,0.15082260027466196,0.0035203507249320747,0.014041934717848497,0.6363636304132232,0.01626575536840549,0.7048372896250253,0.003639326804748985,0.19200506466491815,0.09145804885902191,0.4641407438700134,0.09374154056315459,0.0642570281124498,0.1314748910008683,0.6987955023052072,0.09656735069557565,0.04788204202192656,0.30775155401256593,0.18292996713315116,0.1392318351154405,0.40687389491378345,0.6936328299406949,0.14918998376473686,0.20833641059003874,0.5186550188340369,0.09971277437740657,0.020405919887862493,0.16330356219651665,0.1790486772332674,0.064083591049784,0.020405919887862493,0.7052129234602006,0.07203038035989905,0.0003703213998709537,0.008877290606382976,0.059850831011994614,0.03538703379905517,0.028492853888542162,0.04000108281784411,0.02996043969994048,0.5904885883684854,0.2958649638226431,0.03179605895944608,0.05488821226835487,0.1573115373410346,0.0409298917269845,0.8596091164732784,0.703924527884658,0.6794577952169583,0.6488482646282558
300332.XSHE,4,1,-0.2770957125717765,0.7981657421249223,0.2077034885259646,0.3322499425841269,0.5704348814601758,0.27871825242732484,0.9166379748597624,0.5560796731167634,0.9858830689034099,0.4160455704720047,0.2882699169994204,0.0005801461360742854,0.010811703962158388,0.0048565878544707865,6.217649643837842e-05,0.0010001905428721502,0.00047871719365890665,0.0011155754974383407,0.6178478248549594,0.022112167278534333,0.15096504374680372,0.003601993227775425,0.025610409694503393,0.6363636304132232,0.0399266363234739,0.6933156174342904,0.026609264488385184,0.2752554942570317,0.09207906017429131,0.5167705452642193,0.14640038945021383,0.10040160642570281,0.1455574865834553,0.2438715161395299,0.09753954311801519,0.05868451431913546,0.3170016707222818,0.18617932724926364,0.14295983174620505,0.20955771914472074,0.5752862579498786,0.04981077682945272,0.10285819995610482,0.5237923846126175,0.10710760264517026,0.003511785054392252,0.1269899382918551,0.14658339007551738,0.0032285794488989823,0.003511785054392252,0.7228238197567824,0.12919756274664118,0.0001752586139810281,0.009126647990492856,0.06444848000025327,0.025193766033480565,0.023885035530098873,0.01710373962174059,0.02996043969994048,0.7807800249045567,0.29599917104153156,0.025289976676416106,0.07581621732837145,0.13394916590667275,0.03373212897050906,0.8574246211529448,0.680517778957145,0.6729304248863914,0.7160176542767215
300333.XSHE,4,1,-0.1018564283437282,0.8837242412315613,0.3615524274013323,0.38073054239363185,0.49497746894927813,0.206265126715506,0.7713157337582621,0.033408387293826836,0.6895728520758488,0.43777816878940856,0.12415708536189252,0.0004783671862015564,0.01074072968763496,0.004826297514767531,8.716929806474184e-05,0.0002099011146565877,0.0002188250234024494,0.0010709843445124738,0.6191225212246144,0.023268605190217836,0.15101079397874184,0.003484090563971055,0.010304294019623943,0.6363636304132232,0.01162348723823471,0.7051522999225781,0.006680114319113206,0.25300714479515235,0.09086663407408865,0.28131353954760946,0.05879079616604271,0.7991967871485942,0.055663013817756346,0.9177403939435314,0.04029402030827752,0.025380786642231187,0.3064258702529405,0.17711024558749153,0.13704807139867464,0.47924009922054916,0.5318427242963106,0.23720680172383865,0.20166460689516721,0.5188318288158196,0.12788563751781779,0.006373591890317721,0.13349702798970312,0.14987019290795975,0.03813328731679866,0.006373591890317721,0.6904415519463599,0.055435380062829165,0.0014992560670221726,0.009031827279512213,0.0646607380405984,0.2843220544169378,0.01598406420285726,0.6363583357199271,0.02996043969994048,0.8591223749588344,0.45915703030511856,0.02619888632446285,0.024972699124248512,0.11472923633277601,0.03588876592690076,0.9359768004999218,0.7867713723408967,0.8389241985355664,0.428829675796881
300334.XSHE,4,1,-0.1361924268409045,0.7009867857892963,0.11176706601976888,0.3070418509921303,0.5704348814601758,0.24716519837645645,0.9155826964166524,0.4931153305577599,0.9916328500209444,0.6219905370888495,0.2992149888033018,0.0003110217966120463,0.010713945909145851,0.004807469235720322,9.112968755401203e-05,0.0003330671734997126,0.00042170358044806944,0.0010966971479901442,0.618841755699295,0.02239111874852455,0.1509250241097326,0.003541134556484855,0.028204068140206887,0.9090909021487603,0.027890798627340854,0.6966664789118208,0.0073987486146696564,0.2301257122185041,0.0914948450925552,0.5892239909876678,0.1964999788976279,0.004016064257028112,0.1724393274401114,0.15911935029191077,0.1445378325204255,0.06341438972516457,0.3147365428390938,0.1837237711968445,0.14486282584224386,0.364285771219648,0.6838566678869028,0.1381691462819324,0.17246072235299686,0.5129137128747215,0.11449407576483113,0.01001070796662774,0.14300114892723587,0.16099483804279252,0.029140182640050236,0.01001070796662774,0.6748837606058589,0.07054829207370354,0.00039098225441453567,0.009087010527809006,0.05069906638122862,0.05821685968542322,0.023186433344159933,0.06233257740807756,0.02996043969994048,0.6646944091155557,0.3278903293386306,0.030023081459318923,0.08175095457715648,0.1314304193899782,0.04110411557097566,0.7985870460581443,0.6123927513157317,0.6100992044107278,0.5886231714384865
300335.XSHE,4,1,-0.05019381066987478,0.7161632331447383,0.2403031512442687,0.3432424483296983,0.5704348814601758,0.24110312307243972,0.8222251500985466,0.3435227528197454,0.8431220850431926,0.37200861600573876,0.18217933781141027,0.0005046770755882905,0.01080511311843532,0.004820102203173666,0.00014069619925857245,0.00038618855722027284,0.00027866680295219346,0.0011020761321991392,0.6183242424445725,0.02317249786297949,0.15094285310779873,0.0035508828982216585,0.012391666122373574,0.7272727282644629,0.016834611367405765,0.7013032793847727,0.009186019198941416,0.21737360947815865,0.0911414015870999,0.5036005534151634,0.13503227704677281,0.4257028112449799,0.12853267206973834,0.3016202665232178,0.08277771545620542,0.04456776746537225,0.30782548929638903,0.18267699745286725,0.14174576310843165,0.31425288583445427,0.6186499725497125,0.08638815471003883,0.15138181135099468,0.5270874176813836,0.11413393406848192,0.013714458574179382,0.13918149382677086,0.1559888176087863,0.037829249498417115,0.013714458574179382,0.7261015428084654,0.06283908289153498,0.0005858745684896286,0.009064408370750005,0.0529345696451742,0.037689763988065644,0.047381671339102836,0.06638450877291742,0.02996043969994048,0.6289670153230662,0.3028532117538986,0.029680605187933355,0.05021151091921641,0.1054123442012464,0.03539884548663037,0.891464934456264,0.6820270001326789,0.6910100788723914,0.5695686368286941
300336.XSHE,4,1,-0.04005867553473946,0.8676478634349183,0.14242434187194514,0.2870095989423792,0.4607270955214573,0.2533279678010212,0.9768277923964435,0.5325771993409129,0.9845890937256034,0.5997847932139286,0.28614758138217444,0.00015246980798875142,0.011004499744622696,0.004936540697798746,0.00010231582862929039,0.00020113044826486413,0.0007484395592185314,0.0011032388733826339,0.6194544521949109,0.022220242468727516,0.15111205285768156,0.0036223773962051537,0.03640259947815208,0.7272727282644629,0.04570412618414743,0.6983575269174168,0.01118015202768264,0.40974043592294473,0.0919855354123709,0.6818719368831592,0.29542403498102515,0.0,0.24858719469372853,0.013710105441028062,0.18017419952875408,0.07971559846768467,0.42598145016006816,0.20312351815186078,0.1617765957723374,0.5248762701974999,0.5318427242963106,0.1563164420120068,0.25265417852291344,0.4898530983660895,0.15030928843555247,0.02354885202123688,0.1671814559233708,0.1856729574581618,0.040639014864453996,0.02354885202123688,0.6190257508673405,0.07873283122812064,0.00030500928287127845,0.00907105322562366,0.04357054697406309,0.029483806657146214,0.023334791044737513,0.04934299792594223,0.02996043969994048,0.6897985569550354,0.35982089341885326,0.02964895836871087,0.11456935948032573,0.14519937173835942,0.04375336483818867,0.6774145730070587,0.525789438768741,0.5149506354416142,0.7056907754186289
300337.XSHE,4,1,-0.05227508042130147,0.5570290960513469,0.30705613210093885,0.32748845352182854,0.5495605379366723,0.30377029881387024,0.6746844211982114,0.36471864109152125,0.9831888606607837,0.3212453376696952,0.2839534170371418,0.004585277962534866,0.01085791843809714,0.004872624721860587,0.0029840589171838032,0.0015290693361304513,0.0008241321829615142,0.0011393960645252228,0.6202375919318608,0.022275181125833494,0.15105224957778585,0.0036872681378005254,0.008271793186483179,0.6363636304132232,0.009457632440320909,0.6976172928267604,0.004547950767047628,0.07583431310482047,0.09146894192788027,0.778925476619543,0.15070084456567673,0.36947791164658633,0.16118827170660555,0.30037398662764253,0.11616059012051114,0.04406381580527081,0.32428322090716144,0.18328423743358435,0.14241649053572403,0.5612331991268245,0.5318427242963106,0.053104098300960745,0.24487467223441015,0.5079344884490569,0.12029115602351348,0.03874328460692614,0.14744059771051454,0.16535276635162258,0.03289121940370947,0.03874328460692614,0.6796653801165491,0.07474128671978711,0.0010165370293848852,0.009103743433181115,0.05305644375124136,0.029247760156912796,0.06504798281099847,0.03032673324301245,0.02996043969994048,0.6137324122247689,0.29599917104153156,0.04480730540212423,0.04987975657329014,0.15539263185894514,0.023023419273793144,0.8493497109826591,0.5959709875724206,0.6321422818862832,0.6351086676524534
300338.XSHE,4,1,-0.3336192815953455,0.6953767814024051,0.42993824971337397,0.3359165901859495,0.4379043239054824,0.22576706503213173,0.7337806354955563,0.2607747994586148,0.49822918157716567,0.3291925201623428,0.07169681590929522,0.004585277962534866,0.010544651422937427,0.004741825578292928,0.0029840589171838032,0.00022177437937136066,0.000359510657959154,0.001095647146923207,0.6186596291184979,0.022160822627643205,0.15084205586492405,0.0035973976966520637,0.0058572274293092,0.6363636304132232,0.0050260373913458105,0.6998687359809947,0.002268418977856181,0.11327665732115401,0.09115015163468963,0.3020962486203199,0.06534594287210824,0.6867469879518071,0.0949751696749856,0.7752394777122243,0.06782130145771932,0.03860573457580448,0.30667455292535933,0.18069477434320283,0.13948270797099752,0.6830076718073178,0.5318427242963106,0.23002259850408827,0.33337188941511725,0.514492918286488,0.10516102720279563,0.01668031920988836,0.1918087724391326,0.2106051204895973,0.054267702250754585,0.01668031920988836,0.7057259075670415,0.07474128671978711,0.0010165370293848852,0.009079018991120794,0.05305644375124136,0.029247760156912796,0.06504798281099847,0.0903310273512042,0.02996043969994048,0.6137324122247689,0.29599917104153156,0.03843399351008643,0.04105060078419536,0.15762606399148807,0.030044714960818328,0.9181608697504651,0.716390805360223,0.7629154531267739,0.3160380545079371
300339.XSHE,4,1,0.001139826337919668,0.8370006136156789,0.1641338074614841,0.3263275638865579,0.4607270955214573,0.25904764693929644,0.9099518516262766,0.6012274794603225,0.9188699078542142,0.45502081492409746,0.22371576785135877,0.0007421888082460393,0.010896952005736546,0.004853184650284234,0.00012306232607879847,0.0006534375733487722,0.0002536552910196499,0.0010938296854877195,0.6185191985731591,0.02322880624097429,0.15096852437993952,0.003592456153182989,0.03203675089179774,0.6363636304132232,0.04265707811488573,0.7121399500088726,0.01043129602760553,0.5023062313466582,0.09162687889273397,0.5763279657756403,0.28413874470091943,0.008032128514056224,0.19402174843962255,0.022434064710055136,0.14604504897882972,0.06468802573549928,0.33617935725259973,0.19724655377011072,0.1516844877384267,0.47720570599475326,0.7325503216739468,0.22855041137919152,0.24208265549032654,0.5027995315258139,0.13285329526170847,0.022809611764143384,0.17298276447299693,0.18919007379004144,0.06619277057974206,0.022809611764143384,0.6478568599062606,0.05931017745908587,0.0008041205947195399,0.00905418543274081,0.06017812262050688,0.04738786932140837,0.03765057013328544,0.04912184763774956,0.02996043969994048,0.6805901914191274,0.3122920865328818,0.030781459497677632,0.08712078995962746,0.1623686635506916,0.0354084165819226,0.7446688017497267,0.6351333421785856,0.5918360341472302,0.449942156464454
300340.XSHE,4,1,-0.2980178592082088,0.7602357037254062,0.36795125189099,0.26514322626387077,0.47776142246117137,0.2556110307245421,0.8507980465540623,0.0,0.7525266983918177,0.6121683678895232,0.1453854108174064,0.0004080776737244874,0.01055232683536371,0.004745361718485305,0.00010303836690969253,0.0006832549007152256,0.00044499693111073953,0.0010934923633768097,0.6194261781373814,0.022161996540826144,0.15086080070329433,0.0037619376446828153,0.018139293149494203,0.363636358677686,0.01965512490573468,0.7035508272958104,0.0045500563960154256,0.2797775165053812,0.09122219846666163,0.21458086727994635,0.1730820662292844,0.6787148594377509,0.07610438618566942,0.33693392560715074,0.05168254404310785,0.04067639370295753,0.2827059894673191,0.18006195356025018,0.14250878054994448,0.9486194136409818,1.0,0.3972344420744515,0.5121029947615161,0.49805822171233,0.11256595127451692,0.03665952849962175,0.276476797519802,0.29196355982047956,0.14244874232516566,0.03665952849962175,0.690870401985564,0.07050029321263471,0.00039170531844073407,0.00910899499876699,0.04918885504134612,0.04455315006512178,0.027526635103242547,0.050456592754829825,0.02996043969994048,0.5628679271225702,0.2804923367541663,0.031469361410250515,0.04444689776082309,0.14907921986624106,0.05024346473649578,0.9360131939611707,0.8714674273583656,0.7970309970875042,0.5901880250621052
300341.XSHE,4,1,-0.2159207445002566,0.6790248746735571,0.35292284337150415,0.3359165901859495,0.4379043239054824,0.2290265174441265,0.6428837482562219,0.13832953666195727,0.3343465886388365,0.1475543189275625,0.03543460220211514,0.004585277962534866,0.010676055870282216,0.0047974264575471205,0.0029840589171838032,0.00022570216538781004,0.00030909021197325404,0.0010993463699016646,0.6181476572351948,0.022198578325475234,0.15092630139504487,0.0035228848806271025,0.0027116030463670226,0.6363636304132232,0.0041644557587926815,0.6994066212271369,0.0032001490657514353,0.10798589129058514,0.091429675589597,0.6344355540599041,0.1446091334482763,0.429718875502008,0.15068495858098874,0.2729537757455864,0.10509599526316944,0.043799433708324356,0.3086473647829323,0.1829238652207155,0.14243468856669705,0.28474758202445954,0.5318427242963106,0.12484692572870786,0.1491841421443855,0.5281376384610048,0.11860863807430547,0.01406254574474891,0.14703880078654252,0.1656367171818147,0.02611835951053887,0.01406254574474891,0.7341083015785655,0.07474128671978711,0.0010165370293848852,0.009102086948750424,0.05305644375124136,0.029247760156912796,0.06504798281099847,0.08079877805884013,0.02996043969994048,0.6137324122247689,0.29599917104153156,0.030148758737812722,0.050269421555414945,0.14953244540710342,0.0195703475503978,0.8689862024399597,0.6535674008226087,0.665294035324903,0.5115188301070981
300342.XSHE,4,1,-0.1383850353673756,0.6897697186055374,0.2878412383510248,0.3878138107264715,0.4727628810656422,0.24157387260548657,0.7646627562944853,0.6165131660794698,0.7370530033660041,0.31380397813514516,0.1399088091384212,0.004585277962534866,0.011039079713048006,0.0049418497702104856,0.0029840589171838032,0.00021664295387776447,0.0004312088343040231,0.0010953202863538132,0.6186431857879993,0.022521851916044274,0.15112626205713464,0.0035903877097140414,0.008279193326617773,0.7272727282644629,0.0076884027841624715,0.6966436065737026,0.004308243886066488,0.13964004702903138,0.0915047074827885,0.5777143584795558,0.09057507859435787,0.2610441767068273,0.1293594711648051,0.5961775959117092,0.09051555170186326,0.05742539824495096,0.3069047024270058,0.18042705171551254,0.14029122048994297,0.392960265163528,0.5318427242963106,0.15741567312221458,0.19831709154956298,0.5264790612658631,0.15067099672217094,0.022331099313664327,0.1582883576339288,0.176243799808264,0.03975738471280884,0.022331099313664327,0.7013275654755854,0.07474128671978711,0.0010165370293848852,0.009096773422641322,0.05305644375124136,0.029247760156912796,0.06504798281099847,0.06693777079492405,0.02996043969994048,0.6137324122247689,0.29599917104153156,0.03491401408905016,0.07432363201326357,0.15049486687439834,0.03152958066638751,0.8806862564087998,0.6736544159922166,0.6851996102589561,0.553844902422205
300343.XSHE,4,0,0.2611913244652606,,,,,,,,,,,,,,,,,,,,,,,,,,,,,,,,,,,,,,,,,,,,,,,,,,,,,,,,,,,,,,,,,,,,
300344.XSHE,4,0,-0.2366029519926228,,,,,,,,,,,,,,,,,,,,,,,,,,,,,,,,,,,,,,,,,,,,,,,,,,,,,,,,,,,,,,,,,,,,
300345.XSHE,4,0,-0.1945530575572114,,,,,,,,,,,,,,,,,,,,,,,,,,,,,,,,,,,,,,,,,,,,,,,,,,,,,,,,,,,,,,,,,,,,
300346.XSHE,4,0,0.02843447515019208,,,,,,,,,,,,,,,,,,,,,,,,,,,,,,,,,,,,,,,,,,,,,,,,,,,,,,,,,,,,,,,,,,,,
300347.XSHE,4,0,-0.05518606406977141,,,,,,,,,,,,,,,,,,,,,,,,,,,,,,,,,,,,,,,,,,,,,,,,,,,,,,,,,,,,,,,,,,,,
300348.XSHE,4,0,-0.07657552946732371,,,,,,,,,,,,,,,,,,,,,,,,,,,,,,,,,,,,,,,,,,,,,,,,,,,,,,,,,,,,,,,,,,,,
300349.XSHE,4,0,0.03089050950840533,,,,,,,,,,,,,,,,,,,,,,,,,,,,,,,,,,,,,,,,,,,,,,,,,,,,,,,,,,,,,,,,,,,,
300350.XSHE,4,0,-0.1048965807716471,,,,,,,,,,,,,,,,,,,,,,,,,,,,,,,,,,,,,,,,,,,,,,,,,,,,,,,,,,,,,,,,,,,,
300351.XSHE,4,0,-0.2725079735066583,,,,,,,,,,,,,,,,,,,,,,,,,,,,,,,,,,,,,,,,,,,,,,,,,,,,,,,,,,,,,,,,,,,,
300352.XSHE,4,0,-0.01803224381667787,,,,,,,,,,,,,,,,,,,,,,,,,,,,,,,,,,,,,,,,,,,,,,,,,,,,,,,,,,,,,,,,,,,,
300353.XSHE,4,0,0.000453051544151685,,,,,,,,,,,,,,,,,,,,,,,,,,,,,,,,,,,,,,,,,,,,,,,,,,,,,,,,,,,,,,,,,,,,
300354.XSHE,4,0,-0.1347253422014061,,,,,,,,,,,,,,,,,,,,,,,,,,,,,,,,,,,,,,,,,,,,,,,,,,,,,,,,,,,,,,,,,,,,
300355.XSHE,4,0,-0.1792449710379515,,,,,,,,,,,,,,,,,,,,,,,,,,,,,,,,,,,,,,,,,,,,,,,,,,,,,,,,,,,,,,,,,,,,
300356.XSHE,4,0,-0.09824049371655769,,,,,,,,,,,,,,,,,,,,,,,,,,,,,,,,,,,,,,,,,,,,,,,,,,,,,,,,,,,,,,,,,,,,
300357.XSHE,4,0,,,,,,,,,,,,,,,,,,,,,,,,,,,,,,,,,,,,,,,,,,,,,,,,,,,,,,,,,,,,,,,,,,,,,
300358.XSHE,4,0,,,,,,,,,,,,,,,,,,,,,,,,,,,,,,,,,,,,,,,,,,,,,,,,,,,,,,,,,,,,,,,,,,,,,
300359.XSHE,4,0,,,,,,,,,,,,,,,,,,,,,,,,,,,,,,,,,,,,,,,,,,,,,,,,,,,,,,,,,,,,,,,,,,,,,
300360.XSHE,4,0,,,,,,,,,,,,,,,,,,,,,,,,,,,,,,,,,,,,,,,,,,,,,,,,,,,,,,,,,,,,,,,,,,,,,
300362.XSHE,4,0,,,,,,,,,,,,,,,,,,,,,,,,,,,,,,,,,,,,,,,,,,,,,,,,,,,,,,,,,,,,,,,,,,,,,
300363.XSHE,4,0,,,,,,,,,,,,,,,,,,,,,,,,,,,,,,,,,,,,,,,,,,,,,,,,,,,,,,,,,,,,,,,,,,,,,
300364.XSHE,4,0,,,,,,,,,,,,,,,,,,,,,,,,,,,,,,,,,,,,,,,,,,,,,,,,,,,,,,,,,,,,,,,,,,,,,
300365.XSHE,4,0,,,,,,,,,,,,,,,,,,,,,,,,,,,,,,,,,,,,,,,,,,,,,,,,,,,,,,,,,,,,,,,,,,,,,
300366.XSHE,4,0,,,,,,,,,,,,,,,,,,,,,,,,,,,,,,,,,,,,,,,,,,,,,,,,,,,,,,,,,,,,,,,,,,,,,
300367.XSHE,4,0,,,,,,,,,,,,,,,,,,,,,,,,,,,,,,,,,,,,,,,,,,,,,,,,,,,,,,,,,,,,,,,,,,,,,
300368.XSHE,4,0,,,,,,,,,,,,,,,,,,,,,,,,,,,,,,,,,,,,,,,,,,,,,,,,,,,,,,,,,,,,,,,,,,,,,
300369.XSHE,4,0,,,,,,,,,,,,,,,,,,,,,,,,,,,,,,,,,,,,,,,,,,,,,,,,,,,,,,,,,,,,,,,,,,,,,
300370.XSHE,4,0,,,,,,,,,,,,,,,,,,,,,,,,,,,,,,,,,,,,,,,,,,,,,,,,,,,,,,,,,,,,,,,,,,,,,
300371.XSHE,4,0,,,,,,,,,,,,,,,,,,,,,,,,,,,,,,,,,,,,,,,,,,,,,,,,,,,,,,,,,,,,,,,,,,,,,
300372.XSHE,4,0,,,,,,,,,,,,,,,,,,,,,,,,,,,,,,,,,,,,,,,,,,,,,,,,,,,,,,,,,,,,,,,,,,,,,
300373.XSHE,4,0,,,,,,,,,,,,,,,,,,,,,,,,,,,,,,,,,,,,,,,,,,,,,,,,,,,,,,,,,,,,,,,,,,,,,
300374.XSHE,4,0,,,,,,,,,,,,,,,,,,,,,,,,,,,,,,,,,,,,,,,,,,,,,,,,,,,,,,,,,,,,,,,,,,,,,
300375.XSHE,4,0,,,,,,,,,,,,,,,,,,,,,,,,,,,,,,,,,,,,,,,,,,,,,,,,,,,,,,,,,,,,,,,,,,,,,
300376.XSHE,4,0,,,,,,,,,,,,,,,,,,,,,,,,,,,,,,,,,,,,,,,,,,,,,,,,,,,,,,,,,,,,,,,,,,,,,
300377.XSHE,4,0,,,,,,,,,,,,,,,,,,,,,,,,,,,,,,,,,,,,,,,,,,,,,,,,,,,,,,,,,,,,,,,,,,,,,
300378.XSHE,4,0,,,,,,,,,,,,,,,,,,,,,,,,,,,,,,,,,,,,,,,,,,,,,,,,,,,,,,,,,,,,,,,,,,,,,
300379.XSHE,4,0,,,,,,,,,,,,,,,,,,,,,,,,,,,,,,,,,,,,,,,,,,,,,,,,,,,,,,,,,,,,,,,,,,,,,
300380.XSHE,4,0,,,,,,,,,,,,,,,,,,,,,,,,,,,,,,,,,,,,,,,,,,,,,,,,,,,,,,,,,,,,,,,,,,,,,
300381.XSHE,4,0,,,,,,,,,,,,,,,,,,,,,,,,,,,,,,,,,,,,,,,,,,,,,,,,,,,,,,,,,,,,,,,,,,,,,
300382.XSHE,4,0,,,,,,,,,,,,,,,,,,,,,,,,,,,,,,,,,,,,,,,,,,,,,,,,,,,,,,,,,,,,,,,,,,,,,
300383.XSHE,4,0,,,,,,,,,,,,,,,,,,,,,,,,,,,,,,,,,,,,,,,,,,,,,,,,,,,,,,,,,,,,,,,,,,,,,
300384.XSHE,4,0,,,,,,,,,,,,,,,,,,,,,,,,,,,,,,,,,,,,,,,,,,,,,,,,,,,,,,,,,,,,,,,,,,,,,
300385.XSHE,4,0,,,,,,,,,,,,,,,,,,,,,,,,,,,,,,,,,,,,,,,,,,,,,,,,,,,,,,,,,,,,,,,,,,,,,
300386.XSHE,4,0,,,,,,,,,,,,,,,,,,,,,,,,,,,,,,,,,,,,,,,,,,,,,,,,,,,,,,,,,,,,,,,,,,,,,
300387.XSHE,4,0,,,,,,,,,,,,,,,,,,,,,,,,,,,,,,,,,,,,,,,,,,,,,,,,,,,,,,,,,,,,,,,,,,,,,
300388.XSHE,4,0,,,,,,,,,,,,,,,,,,,,,,,,,,,,,,,,,,,,,,,,,,,,,,,,,,,,,,,,,,,,,,,,,,,,,
300389.XSHE,4,0,,,,,,,,,,,,,,,,,,,,,,,,,,,,,,,,,,,,,,,,,,,,,,,,,,,,,,,,,,,,,,,,,,,,,
300390.XSHE,4,0,,,,,,,,,,,,,,,,,,,,,,,,,,,,,,,,,,,,,,,,,,,,,,,,,,,,,,,,,,,,,,,,,,,,,
300391.XSHE,4,0,,,,,,,,,,,,,,,,,,,,,,,,,,,,,,,,,,,,,,,,,,,,,,,,,,,,,,,,,,,,,,,,,,,,,
300392.XSHE,4,0,,,,,,,,,,,,,,,,,,,,,,,,,,,,,,,,,,,,,,,,,,,,,,,,,,,,,,,,,,,,,,,,,,,,,
300393.XSHE,4,0,,,,,,,,,,,,,,,,,,,,,,,,,,,,,,,,,,,,,,,,,,,,,,,,,,,,,,,,,,,,,,,,,,,,,
300394.XSHE,4,0,,,,,,,,,,,,,,,,,,,,,,,,,,,,,,,,,,,,,,,,,,,,,,,,,,,,,,,,,,,,,,,,,,,,,
300395.XSHE,4,0,,,,,,,,,,,,,,,,,,,,,,,,,,,,,,,,,,,,,,,,,,,,,,,,,,,,,,,,,,,,,,,,,,,,,
300396.XSHE,4,0,,,,,,,,,,,,,,,,,,,,,,,,,,,,,,,,,,,,,,,,,,,,,,,,,,,,,,,,,,,,,,,,,,,,,
300397.XSHE,4,0,,,,,,,,,,,,,,,,,,,,,,,,,,,,,,,,,,,,,,,,,,,,,,,,,,,,,,,,,,,,,,,,,,,,,
300398.XSHE,4,0,,,,,,,,,,,,,,,,,,,,,,,,,,,,,,,,,,,,,,,,,,,,,,,,,,,,,,,,,,,,,,,,,,,,,
300399.XSHE,4,0,,,,,,,,,,,,,,,,,,,,,,,,,,,,,,,,,,,,,,,,,,,,,,,,,,,,,,,,,,,,,,,,,,,,,
300400.XSHE,4,0,,,,,,,,,,,,,,,,,,,,,,,,,,,,,,,,,,,,,,,,,,,,,,,,,,,,,,,,,,,,,,,,,,,,,
300401.XSHE,4,0,,,,,,,,,,,,,,,,,,,,,,,,,,,,,,,,,,,,,,,,,,,,,,,,,,,,,,,,,,,,,,,,,,,,,
300402.XSHE,4,0,,,,,,,,,,,,,,,,,,,,,,,,,,,,,,,,,,,,,,,,,,,,,,,,,,,,,,,,,,,,,,,,,,,,,
300403.XSHE,4,0,,,,,,,,,,,,,,,,,,,,,,,,,,,,,,,,,,,,,,,,,,,,,,,,,,,,,,,,,,,,,,,,,,,,,
300404.XSHE,4,0,,,,,,,,,,,,,,,,,,,,,,,,,,,,,,,,,,,,,,,,,,,,,,,,,,,,,,,,,,,,,,,,,,,,,
300405.XSHE,4,0,,,,,,,,,,,,,,,,,,,,,,,,,,,,,,,,,,,,,,,,,,,,,,,,,,,,,,,,,,,,,,,,,,,,,
300406.XSHE,4,0,,,,,,,,,,,,,,,,,,,,,,,,,,,,,,,,,,,,,,,,,,,,,,,,,,,,,,,,,,,,,,,,,,,,,
300407.XSHE,4,0,,,,,,,,,,,,,,,,,,,,,,,,,,,,,,,,,,,,,,,,,,,,,,,,,,,,,,,,,,,,,,,,,,,,,
300408.XSHE,4,0,,,,,,,,,,,,,,,,,,,,,,,,,,,,,,,,,,,,,,,,,,,,,,,,,,,,,,,,,,,,,,,,,,,,,
300409.XSHE,4,0,,,,,,,,,,,,,,,,,,,,,,,,,,,,,,,,,,,,,,,,,,,,,,,,,,,,,,,,,,,,,,,,,,,,,
300410.XSHE,4,0,,,,,,,,,,,,,,,,,,,,,,,,,,,,,,,,,,,,,,,,,,,,,,,,,,,,,,,,,,,,,,,,,,,,,
300411.XSHE,4,0,,,,,,,,,,,,,,,,,,,,,,,,,,,,,,,,,,,,,,,,,,,,,,,,,,,,,,,,,,,,,,,,,,,,,
300412.XSHE,4,0,,,,,,,,,,,,,,,,,,,,,,,,,,,,,,,,,,,,,,,,,,,,,,,,,,,,,,,,,,,,,,,,,,,,,
300413.XSHE,4,0,,,,,,,,,,,,,,,,,,,,,,,,,,,,,,,,,,,,,,,,,,,,,,,,,,,,,,,,,,,,,,,,,,,,,
300414.XSHE,4,0,,,,,,,,,,,,,,,,,,,,,,,,,,,,,,,,,,,,,,,,,,,,,,,,,,,,,,,,,,,,,,,,,,,,,
300415.XSHE,4,0,,,,,,,,,,,,,,,,,,,,,,,,,,,,,,,,,,,,,,,,,,,,,,,,,,,,,,,,,,,,,,,,,,,,,
300416.XSHE,4,0,,,,,,,,,,,,,,,,,,,,,,,,,,,,,,,,,,,,,,,,,,,,,,,,,,,,,,,,,,,,,,,,,,,,,
300417.XSHE,4,0,,,,,,,,,,,,,,,,,,,,,,,,,,,,,,,,,,,,,,,,,,,,,,,,,,,,,,,,,,,,,,,,,,,,,
300418.XSHE,4,0,,,,,,,,,,,,,,,,,,,,,,,,,,,,,,,,,,,,,,,,,,,,,,,,,,,,,,,,,,,,,,,,,,,,,
300419.XSHE,4,0,,,,,,,,,,,,,,,,,,,,,,,,,,,,,,,,,,,,,,,,,,,,,,,,,,,,,,,,,,,,,,,,,,,,,
300420.XSHE,4,0,,,,,,,,,,,,,,,,,,,,,,,,,,,,,,,,,,,,,,,,,,,,,,,,,,,,,,,,,,,,,,,,,,,,,
300421.XSHE,4,0,,,,,,,,,,,,,,,,,,,,,,,,,,,,,,,,,,,,,,,,,,,,,,,,,,,,,,,,,,,,,,,,,,,,,
300422.XSHE,4,0,,,,,,,,,,,,,,,,,,,,,,,,,,,,,,,,,,,,,,,,,,,,,,,,,,,,,,,,,,,,,,,,,,,,,
300423.XSHE,4,0,,,,,,,,,,,,,,,,,,,,,,,,,,,,,,,,,,,,,,,,,,,,,,,,,,,,,,,,,,,,,,,,,,,,,
300424.XSHE,4,0,,,,,,,,,,,,,,,,,,,,,,,,,,,,,,,,,,,,,,,,,,,,,,,,,,,,,,,,,,,,,,,,,,,,,
300425.XSHE,4,0,,,,,,,,,,,,,,,,,,,,,,,,,,,,,,,,,,,,,,,,,,,,,,,,,,,,,,,,,,,,,,,,,,,,,
300426.XSHE,4,0,,,,,,,,,,,,,,,,,,,,,,,,,,,,,,,,,,,,,,,,,,,,,,,,,,,,,,,,,,,,,,,,,,,,,
300427.XSHE,4,0,,,,,,,,,,,,,,,,,,,,,,,,,,,,,,,,,,,,,,,,,,,,,,,,,,,,,,,,,,,,,,,,,,,,,
300428.XSHE,4,0,,,,,,,,,,,,,,,,,,,,,,,,,,,,,,,,,,,,,,,,,,,,,,,,,,,,,,,,,,,,,,,,,,,,,
300429.XSHE,4,0,,,,,,,,,,,,,,,,,,,,,,,,,,,,,,,,,,,,,,,,,,,,,,,,,,,,,,,,,,,,,,,,,,,,,
300430.XSHE,4,0,,,,,,,,,,,,,,,,,,,,,,,,,,,,,,,,,,,,,,,,,,,,,,,,,,,,,,,,,,,,,,,,,,,,,
300431.XSHE,4,0,,,,,,,,,,,,,,,,,,,,,,,,,,,,,,,,,,,,,,,,,,,,,,,,,,,,,,,,,,,,,,,,,,,,,
300432.XSHE,4,0,,,,,,,,,,,,,,,,,,,,,,,,,,,,,,,,,,,,,,,,,,,,,,,,,,,,,,,,,,,,,,,,,,,,,
300433.XSHE,4,0,,,,,,,,,,,,,,,,,,,,,,,,,,,,,,,,,,,,,,,,,,,,,,,,,,,,,,,,,,,,,,,,,,,,,
300434.XSHE,4,0,,,,,,,,,,,,,,,,,,,,,,,,,,,,,,,,,,,,,,,,,,,,,,,,,,,,,,,,,,,,,,,,,,,,,
300435.XSHE,4,0,,,,,,,,,,,,,,,,,,,,,,,,,,,,,,,,,,,,,,,,,,,,,,,,,,,,,,,,,,,,,,,,,,,,,
300436.XSHE,4,0,,,,,,,,,,,,,,,,,,,,,,,,,,,,,,,,,,,,,,,,,,,,,,,,,,,,,,,,,,,,,,,,,,,,,
300437.XSHE,4,0,,,,,,,,,,,,,,,,,,,,,,,,,,,,,,,,,,,,,,,,,,,,,,,,,,,,,,,,,,,,,,,,,,,,,
300438.XSHE,4,0,,,,,,,,,,,,,,,,,,,,,,,,,,,,,,,,,,,,,,,,,,,,,,,,,,,,,,,,,,,,,,,,,,,,,
300439.XSHE,4,0,,,,,,,,,,,,,,,,,,,,,,,,,,,,,,,,,,,,,,,,,,,,,,,,,,,,,,,,,,,,,,,,,,,,,
300440.XSHE,4,0,,,,,,,,,,,,,,,,,,,,,,,,,,,,,,,,,,,,,,,,,,,,,,,,,,,,,,,,,,,,,,,,,,,,,
300441.XSHE,4,0,,,,,,,,,,,,,,,,,,,,,,,,,,,,,,,,,,,,,,,,,,,,,,,,,,,,,,,,,,,,,,,,,,,,,
300442.XSHE,4,0,,,,,,,,,,,,,,,,,,,,,,,,,,,,,,,,,,,,,,,,,,,,,,,,,,,,,,,,,,,,,,,,,,,,,
300443.XSHE,4,0,,,,,,,,,,,,,,,,,,,,,,,,,,,,,,,,,,,,,,,,,,,,,,,,,,,,,,,,,,,,,,,,,,,,,
300444.XSHE,4,0,,,,,,,,,,,,,,,,,,,,,,,,,,,,,,,,,,,,,,,,,,,,,,,,,,,,,,,,,,,,,,,,,,,,,
300445.XSHE,4,0,,,,,,,,,,,,,,,,,,,,,,,,,,,,,,,,,,,,,,,,,,,,,,,,,,,,,,,,,,,,,,,,,,,,,
300446.XSHE,4,0,,,,,,,,,,,,,,,,,,,,,,,,,,,,,,,,,,,,,,,,,,,,,,,,,,,,,,,,,,,,,,,,,,,,,
300447.XSHE,4,0,,,,,,,,,,,,,,,,,,,,,,,,,,,,,,,,,,,,,,,,,,,,,,,,,,,,,,,,,,,,,,,,,,,,,
300448.XSHE,4,0,,,,,,,,,,,,,,,,,,,,,,,,,,,,,,,,,,,,,,,,,,,,,,,,,,,,,,,,,,,,,,,,,,,,,
300449.XSHE,4,0,,,,,,,,,,,,,,,,,,,,,,,,,,,,,,,,,,,,,,,,,,,,,,,,,,,,,,,,,,,,,,,,,,,,,
300450.XSHE,4,0,,,,,,,,,,,,,,,,,,,,,,,,,,,,,,,,,,,,,,,,,,,,,,,,,,,,,,,,,,,,,,,,,,,,,
300451.XSHE,4,0,,,,,,,,,,,,,,,,,,,,,,,,,,,,,,,,,,,,,,,,,,,,,,,,,,,,,,,,,,,,,,,,,,,,,
300452.XSHE,4,0,,,,,,,,,,,,,,,,,,,,,,,,,,,,,,,,,,,,,,,,,,,,,,,,,,,,,,,,,,,,,,,,,,,,,
300453.XSHE,4,0,,,,,,,,,,,,,,,,,,,,,,,,,,,,,,,,,,,,,,,,,,,,,,,,,,,,,,,,,,,,,,,,,,,,,
300454.XSHE,4,0,,,,,,,,,,,,,,,,,,,,,,,,,,,,,,,,,,,,,,,,,,,,,,,,,,,,,,,,,,,,,,,,,,,,,
300455.XSHE,4,0,,,,,,,,,,,,,,,,,,,,,,,,,,,,,,,,,,,,,,,,,,,,,,,,,,,,,,,,,,,,,,,,,,,,,
300456.XSHE,4,0,,,,,,,,,,,,,,,,,,,,,,,,,,,,,,,,,,,,,,,,,,,,,,,,,,,,,,,,,,,,,,,,,,,,,
300457.XSHE,4,0,,,,,,,,,,,,,,,,,,,,,,,,,,,,,,,,,,,,,,,,,,,,,,,,,,,,,,,,,,,,,,,,,,,,,
300458.XSHE,4,0,,,,,,,,,,,,,,,,,,,,,,,,,,,,,,,,,,,,,,,,,,,,,,,,,,,,,,,,,,,,,,,,,,,,,
300459.XSHE,4,0,,,,,,,,,,,,,,,,,,,,,,,,,,,,,,,,,,,,,,,,,,,,,,,,,,,,,,,,,,,,,,,,,,,,,
300460.XSHE,4,0,,,,,,,,,,,,,,,,,,,,,,,,,,,,,,,,,,,,,,,,,,,,,,,,,,,,,,,,,,,,,,,,,,,,,
300461.XSHE,4,0,,,,,,,,,,,,,,,,,,,,,,,,,,,,,,,,,,,,,,,,,,,,,,,,,,,,,,,,,,,,,,,,,,,,,
300462.XSHE,4,0,,,,,,,,,,,,,,,,,,,,,,,,,,,,,,,,,,,,,,,,,,,,,,,,,,,,,,,,,,,,,,,,,,,,,
300463.XSHE,4,0,,,,,,,,,,,,,,,,,,,,,,,,,,,,,,,,,,,,,,,,,,,,,,,,,,,,,,,,,,,,,,,,,,,,,
300464.XSHE,4,0,,,,,,,,,,,,,,,,,,,,,,,,,,,,,,,,,,,,,,,,,,,,,,,,,,,,,,,,,,,,,,,,,,,,,
300465.XSHE,4,0,,,,,,,,,,,,,,,,,,,,,,,,,,,,,,,,,,,,,,,,,,,,,,,,,,,,,,,,,,,,,,,,,,,,,
300466.XSHE,4,0,,,,,,,,,,,,,,,,,,,,,,,,,,,,,,,,,,,,,,,,,,,,,,,,,,,,,,,,,,,,,,,,,,,,,
300467.XSHE,4,0,,,,,,,,,,,,,,,,,,,,,,,,,,,,,,,,,,,,,,,,,,,,,,,,,,,,,,,,,,,,,,,,,,,,,
300468.XSHE,4,0,,,,,,,,,,,,,,,,,,,,,,,,,,,,,,,,,,,,,,,,,,,,,,,,,,,,,,,,,,,,,,,,,,,,,
300469.XSHE,4,0,,,,,,,,,,,,,,,,,,,,,,,,,,,,,,,,,,,,,,,,,,,,,,,,,,,,,,,,,,,,,,,,,,,,,
300470.XSHE,4,0,,,,,,,,,,,,,,,,,,,,,,,,,,,,,,,,,,,,,,,,,,,,,,,,,,,,,,,,,,,,,,,,,,,,,
300471.XSHE,4,0,,,,,,,,,,,,,,,,,,,,,,,,,,,,,,,,,,,,,,,,,,,,,,,,,,,,,,,,,,,,,,,,,,,,,
300472.XSHE,4,0,,,,,,,,,,,,,,,,,,,,,,,,,,,,,,,,,,,,,,,,,,,,,,,,,,,,,,,,,,,,,,,,,,,,,
300473.XSHE,4,0,,,,,,,,,,,,,,,,,,,,,,,,,,,,,,,,,,,,,,,,,,,,,,,,,,,,,,,,,,,,,,,,,,,,,
300474.XSHE,4,0,,,,,,,,,,,,,,,,,,,,,,,,,,,,,,,,,,,,,,,,,,,,,,,,,,,,,,,,,,,,,,,,,,,,,
300475.XSHE,4,0,,,,,,,,,,,,,,,,,,,,,,,,,,,,,,,,,,,,,,,,,,,,,,,,,,,,,,,,,,,,,,,,,,,,,
300476.XSHE,4,0,,,,,,,,,,,,,,,,,,,,,,,,,,,,,,,,,,,,,,,,,,,,,,,,,,,,,,,,,,,,,,,,,,,,,
300477.XSHE,4,0,,,,,,,,,,,,,,,,,,,,,,,,,,,,,,,,,,,,,,,,,,,,,,,,,,,,,,,,,,,,,,,,,,,,,
300478.XSHE,4,0,,,,,,,,,,,,,,,,,,,,,,,,,,,,,,,,,,,,,,,,,,,,,,,,,,,,,,,,,,,,,,,,,,,,,
300479.XSHE,4,0,,,,,,,,,,,,,,,,,,,,,,,,,,,,,,,,,,,,,,,,,,,,,,,,,,,,,,,,,,,,,,,,,,,,,
300480.XSHE,4,0,,,,,,,,,,,,,,,,,,,,,,,,,,,,,,,,,,,,,,,,,,,,,,,,,,,,,,,,,,,,,,,,,,,,,
300481.XSHE,4,0,,,,,,,,,,,,,,,,,,,,,,,,,,,,,,,,,,,,,,,,,,,,,,,,,,,,,,,,,,,,,,,,,,,,,
300482.XSHE,4,0,,,,,,,,,,,,,,,,,,,,,,,,,,,,,,,,,,,,,,,,,,,,,,,,,,,,,,,,,,,,,,,,,,,,,
300483.XSHE,4,0,,,,,,,,,,,,,,,,,,,,,,,,,,,,,,,,,,,,,,,,,,,,,,,,,,,,,,,,,,,,,,,,,,,,,
300484.XSHE,4,0,,,,,,,,,,,,,,,,,,,,,,,,,,,,,,,,,,,,,,,,,,,,,,,,,,,,,,,,,,,,,,,,,,,,,
300485.XSHE,4,0,,,,,,,,,,,,,,,,,,,,,,,,,,,,,,,,,,,,,,,,,,,,,,,,,,,,,,,,,,,,,,,,,,,,,
300486.XSHE,4,0,,,,,,,,,,,,,,,,,,,,,,,,,,,,,,,,,,,,,,,,,,,,,,,,,,,,,,,,,,,,,,,,,,,,,
300487.XSHE,4,0,,,,,,,,,,,,,,,,,,,,,,,,,,,,,,,,,,,,,,,,,,,,,,,,,,,,,,,,,,,,,,,,,,,,,
300488.XSHE,4,0,,,,,,,,,,,,,,,,,,,,,,,,,,,,,,,,,,,,,,,,,,,,,,,,,,,,,,,,,,,,,,,,,,,,,
300489.XSHE,4,0,,,,,,,,,,,,,,,,,,,,,,,,,,,,,,,,,,,,,,,,,,,,,,,,,,,,,,,,,,,,,,,,,,,,,
300490.XSHE,4,0,,,,,,,,,,,,,,,,,,,,,,,,,,,,,,,,,,,,,,,,,,,,,,,,,,,,,,,,,,,,,,,,,,,,,
300491.XSHE,4,0,,,,,,,,,,,,,,,,,,,,,,,,,,,,,,,,,,,,,,,,,,,,,,,,,,,,,,,,,,,,,,,,,,,,,
300492.XSHE,4,0,,,,,,,,,,,,,,,,,,,,,,,,,,,,,,,,,,,,,,,,,,,,,,,,,,,,,,,,,,,,,,,,,,,,,
300493.XSHE,4,0,,,,,,,,,,,,,,,,,,,,,,,,,,,,,,,,,,,,,,,,,,,,,,,,,,,,,,,,,,,,,,,,,,,,,
300494.XSHE,4,0,,,,,,,,,,,,,,,,,,,,,,,,,,,,,,,,,,,,,,,,,,,,,,,,,,,,,,,,,,,,,,,,,,,,,
300495.XSHE,4,0,,,,,,,,,,,,,,,,,,,,,,,,,,,,,,,,,,,,,,,,,,,,,,,,,,,,,,,,,,,,,,,,,,,,,
300496.XSHE,4,0,,,,,,,,,,,,,,,,,,,,,,,,,,,,,,,,,,,,,,,,,,,,,,,,,,,,,,,,,,,,,,,,,,,,,
300497.XSHE,4,0,,,,,,,,,,,,,,,,,,,,,,,,,,,,,,,,,,,,,,,,,,,,,,,,,,,,,,,,,,,,,,,,,,,,,
300498.XSHE,4,0,,,,,,,,,,,,,,,,,,,,,,,,,,,,,,,,,,,,,,,,,,,,,,,,,,,,,,,,,,,,,,,,,,,,,
300499.XSHE,4,0,,,,,,,,,,,,,,,,,,,,,,,,,,,,,,,,,,,,,,,,,,,,,,,,,,,,,,,,,,,,,,,,,,,,,
300500.XSHE,4,0,,,,,,,,,,,,,,,,,,,,,,,,,,,,,,,,,,,,,,,,,,,,,,,,,,,,,,,,,,,,,,,,,,,,,
300501.XSHE,4,0,,,,,,,,,,,,,,,,,,,,,,,,,,,,,,,,,,,,,,,,,,,,,,,,,,,,,,,,,,,,,,,,,,,,,
300502.XSHE,4,0,,,,,,,,,,,,,,,,,,,,,,,,,,,,,,,,,,,,,,,,,,,,,,,,,,,,,,,,,,,,,,,,,,,,,
300503.XSHE,4,0,,,,,,,,,,,,,,,,,,,,,,,,,,,,,,,,,,,,,,,,,,,,,,,,,,,,,,,,,,,,,,,,,,,,,
300504.XSHE,4,0,,,,,,,,,,,,,,,,,,,,,,,,,,,,,,,,,,,,,,,,,,,,,,,,,,,,,,,,,,,,,,,,,,,,,
300505.XSHE,4,0,,,,,,,,,,,,,,,,,,,,,,,,,,,,,,,,,,,,,,,,,,,,,,,,,,,,,,,,,,,,,,,,,,,,,
300506.XSHE,4,0,,,,,,,,,,,,,,,,,,,,,,,,,,,,,,,,,,,,,,,,,,,,,,,,,,,,,,,,,,,,,,,,,,,,,
300507.XSHE,4,0,,,,,,,,,,,,,,,,,,,,,,,,,,,,,,,,,,,,,,,,,,,,,,,,,,,,,,,,,,,,,,,,,,,,,
300508.XSHE,4,0,,,,,,,,,,,,,,,,,,,,,,,,,,,,,,,,,,,,,,,,,,,,,,,,,,,,,,,,,,,,,,,,,,,,,
300509.XSHE,4,0,,,,,,,,,,,,,,,,,,,,,,,,,,,,,,,,,,,,,,,,,,,,,,,,,,,,,,,,,,,,,,,,,,,,,
300510.XSHE,4,0,,,,,,,,,,,,,,,,,,,,,,,,,,,,,,,,,,,,,,,,,,,,,,,,,,,,,,,,,,,,,,,,,,,,,
300511.XSHE,4,0,,,,,,,,,,,,,,,,,,,,,,,,,,,,,,,,,,,,,,,,,,,,,,,,,,,,,,,,,,,,,,,,,,,,,
300512.XSHE,4,0,,,,,,,,,,,,,,,,,,,,,,,,,,,,,,,,,,,,,,,,,,,,,,,,,,,,,,,,,,,,,,,,,,,,,
300513.XSHE,4,0,,,,,,,,,,,,,,,,,,,,,,,,,,,,,,,,,,,,,,,,,,,,,,,,,,,,,,,,,,,,,,,,,,,,,
300514.XSHE,4,0,,,,,,,,,,,,,,,,,,,,,,,,,,,,,,,,,,,,,,,,,,,,,,,,,,,,,,,,,,,,,,,,,,,,,
300515.XSHE,4,0,,,,,,,,,,,,,,,,,,,,,,,,,,,,,,,,,,,,,,,,,,,,,,,,,,,,,,,,,,,,,,,,,,,,,
300516.XSHE,4,0,,,,,,,,,,,,,,,,,,,,,,,,,,,,,,,,,,,,,,,,,,,,,,,,,,,,,,,,,,,,,,,,,,,,,
300517.XSHE,4,0,,,,,,,,,,,,,,,,,,,,,,,,,,,,,,,,,,,,,,,,,,,,,,,,,,,,,,,,,,,,,,,,,,,,,
300518.XSHE,4,0,,,,,,,,,,,,,,,,,,,,,,,,,,,,,,,,,,,,,,,,,,,,,,,,,,,,,,,,,,,,,,,,,,,,,
300519.XSHE,4,0,,,,,,,,,,,,,,,,,,,,,,,,,,,,,,,,,,,,,,,,,,,,,,,,,,,,,,,,,,,,,,,,,,,,,
300520.XSHE,4,0,,,,,,,,,,,,,,,,,,,,,,,,,,,,,,,,,,,,,,,,,,,,,,,,,,,,,,,,,,,,,,,,,,,,,
300521.XSHE,4,0,,,,,,,,,,,,,,,,,,,,,,,,,,,,,,,,,,,,,,,,,,,,,,,,,,,,,,,,,,,,,,,,,,,,,
300522.XSHE,4,0,,,,,,,,,,,,,,,,,,,,,,,,,,,,,,,,,,,,,,,,,,,,,,,,,,,,,,,,,,,,,,,,,,,,,
300523.XSHE,4,0,,,,,,,,,,,,,,,,,,,,,,,,,,,,,,,,,,,,,,,,,,,,,,,,,,,,,,,,,,,,,,,,,,,,,
300525.XSHE,4,0,,,,,,,,,,,,,,,,,,,,,,,,,,,,,,,,,,,,,,,,,,,,,,,,,,,,,,,,,,,,,,,,,,,,,
300526.XSHE,4,0,,,,,,,,,,,,,,,,,,,,,,,,,,,,,,,,,,,,,,,,,,,,,,,,,,,,,,,,,,,,,,,,,,,,,
300527.XSHE,4,0,,,,,,,,,,,,,,,,,,,,,,,,,,,,,,,,,,,,,,,,,,,,,,,,,,,,,,,,,,,,,,,,,,,,,
300528.XSHE,4,0,,,,,,,,,,,,,,,,,,,,,,,,,,,,,,,,,,,,,,,,,,,,,,,,,,,,,,,,,,,,,,,,,,,,,
300529.XSHE,4,0,,,,,,,,,,,,,,,,,,,,,,,,,,,,,,,,,,,,,,,,,,,,,,,,,,,,,,,,,,,,,,,,,,,,,
300530.XSHE,4,0,,,,,,,,,,,,,,,,,,,,,,,,,,,,,,,,,,,,,,,,,,,,,,,,,,,,,,,,,,,,,,,,,,,,,
300531.XSHE,4,0,,,,,,,,,,,,,,,,,,,,,,,,,,,,,,,,,,,,,,,,,,,,,,,,,,,,,,,,,,,,,,,,,,,,,
300532.XSHE,4,0,,,,,,,,,,,,,,,,,,,,,,,,,,,,,,,,,,,,,,,,,,,,,,,,,,,,,,,,,,,,,,,,,,,,,
300533.XSHE,4,0,,,,,,,,,,,,,,,,,,,,,,,,,,,,,,,,,,,,,,,,,,,,,,,,,,,,,,,,,,,,,,,,,,,,,
300534.XSHE,4,0,,,,,,,,,,,,,,,,,,,,,,,,,,,,,,,,,,,,,,,,,,,,,,,,,,,,,,,,,,,,,,,,,,,,,
300535.XSHE,4,0,,,,,,,,,,,,,,,,,,,,,,,,,,,,,,,,,,,,,,,,,,,,,,,,,,,,,,,,,,,,,,,,,,,,,
300536.XSHE,4,0,,,,,,,,,,,,,,,,,,,,,,,,,,,,,,,,,,,,,,,,,,,,,,,,,,,,,,,,,,,,,,,,,,,,,
300537.XSHE,4,0,,,,,,,,,,,,,,,,,,,,,,,,,,,,,,,,,,,,,,,,,,,,,,,,,,,,,,,,,,,,,,,,,,,,,
300538.XSHE,4,0,,,,,,,,,,,,,,,,,,,,,,,,,,,,,,,,,,,,,,,,,,,,,,,,,,,,,,,,,,,,,,,,,,,,,
300539.XSHE,4,0,,,,,,,,,,,,,,,,,,,,,,,,,,,,,,,,,,,,,,,,,,,,,,,,,,,,,,,,,,,,,,,,,,,,,
300540.XSHE,4,0,,,,,,,,,,,,,,,,,,,,,,,,,,,,,,,,,,,,,,,,,,,,,,,,,,,,,,,,,,,,,,,,,,,,,
300541.XSHE,4,0,,,,,,,,,,,,,,,,,,,,,,,,,,,,,,,,,,,,,,,,,,,,,,,,,,,,,,,,,,,,,,,,,,,,,
300542.XSHE,4,0,,,,,,,,,,,,,,,,,,,,,,,,,,,,,,,,,,,,,,,,,,,,,,,,,,,,,,,,,,,,,,,,,,,,,
300543.XSHE,4,0,,,,,,,,,,,,,,,,,,,,,,,,,,,,,,,,,,,,,,,,,,,,,,,,,,,,,,,,,,,,,,,,,,,,,
300545.XSHE,4,0,,,,,,,,,,,,,,,,,,,,,,,,,,,,,,,,,,,,,,,,,,,,,,,,,,,,,,,,,,,,,,,,,,,,,
300546.XSHE,4,0,,,,,,,,,,,,,,,,,,,,,,,,,,,,,,,,,,,,,,,,,,,,,,,,,,,,,,,,,,,,,,,,,,,,,
300547.XSHE,4,0,,,,,,,,,,,,,,,,,,,,,,,,,,,,,,,,,,,,,,,,,,,,,,,,,,,,,,,,,,,,,,,,,,,,,
300548.XSHE,4,0,,,,,,,,,,,,,,,,,,,,,,,,,,,,,,,,,,,,,,,,,,,,,,,,,,,,,,,,,,,,,,,,,,,,,
300549.XSHE,4,0,,,,,,,,,,,,,,,,,,,,,,,,,,,,,,,,,,,,,,,,,,,,,,,,,,,,,,,,,,,,,,,,,,,,,
300550.XSHE,4,0,,,,,,,,,,,,,,,,,,,,,,,,,,,,,,,,,,,,,,,,,,,,,,,,,,,,,,,,,,,,,,,,,,,,,
300551.XSHE,4,0,,,,,,,,,,,,,,,,,,,,,,,,,,,,,,,,,,,,,,,,,,,,,,,,,,,,,,,,,,,,,,,,,,,,,
300552.XSHE,4,0,,,,,,,,,,,,,,,,,,,,,,,,,,,,,,,,,,,,,,,,,,,,,,,,,,,,,,,,,,,,,,,,,,,,,
300553.XSHE,4,0,,,,,,,,,,,,,,,,,,,,,,,,,,,,,,,,,,,,,,,,,,,,,,,,,,,,,,,,,,,,,,,,,,,,,
300554.XSHE,4,0,,,,,,,,,,,,,,,,,,,,,,,,,,,,,,,,,,,,,,,,,,,,,,,,,,,,,,,,,,,,,,,,,,,,,
300555.XSHE,4,0,,,,,,,,,,,,,,,,,,,,,,,,,,,,,,,,,,,,,,,,,,,,,,,,,,,,,,,,,,,,,,,,,,,,,
300556.XSHE,4,0,,,,,,,,,,,,,,,,,,,,,,,,,,,,,,,,,,,,,,,,,,,,,,,,,,,,,,,,,,,,,,,,,,,,,
300557.XSHE,4,0,,,,,,,,,,,,,,,,,,,,,,,,,,,,,,,,,,,,,,,,,,,,,,,,,,,,,,,,,,,,,,,,,,,,,
300558.XSHE,4,0,,,,,,,,,,,,,,,,,,,,,,,,,,,,,,,,,,,,,,,,,,,,,,,,,,,,,,,,,,,,,,,,,,,,,
300559.XSHE,4,0,,,,,,,,,,,,,,,,,,,,,,,,,,,,,,,,,,,,,,,,,,,,,,,,,,,,,,,,,,,,,,,,,,,,,
300560.XSHE,4,0,,,,,,,,,,,,,,,,,,,,,,,,,,,,,,,,,,,,,,,,,,,,,,,,,,,,,,,,,,,,,,,,,,,,,
300561.XSHE,4,0,,,,,,,,,,,,,,,,,,,,,,,,,,,,,,,,,,,,,,,,,,,,,,,,,,,,,,,,,,,,,,,,,,,,,
300562.XSHE,4,0,,,,,,,,,,,,,,,,,,,,,,,,,,,,,,,,,,,,,,,,,,,,,,,,,,,,,,,,,,,,,,,,,,,,,
300563.XSHE,4,0,,,,,,,,,,,,,,,,,,,,,,,,,,,,,,,,,,,,,,,,,,,,,,,,,,,,,,,,,,,,,,,,,,,,,
300565.XSHE,4,0,,,,,,,,,,,,,,,,,,,,,,,,,,,,,,,,,,,,,,,,,,,,,,,,,,,,,,,,,,,,,,,,,,,,,
300566.XSHE,4,0,,,,,,,,,,,,,,,,,,,,,,,,,,,,,,,,,,,,,,,,,,,,,,,,,,,,,,,,,,,,,,,,,,,,,
300567.XSHE,4,0,,,,,,,,,,,,,,,,,,,,,,,,,,,,,,,,,,,,,,,,,,,,,,,,,,,,,,,,,,,,,,,,,,,,,
300568.XSHE,4,0,,,,,,,,,,,,,,,,,,,,,,,,,,,,,,,,,,,,,,,,,,,,,,,,,,,,,,,,,,,,,,,,,,,,,
300569.XSHE,4,0,,,,,,,,,,,,,,,,,,,,,,,,,,,,,,,,,,,,,,,,,,,,,,,,,,,,,,,,,,,,,,,,,,,,,
300570.XSHE,4,0,,,,,,,,,,,,,,,,,,,,,,,,,,,,,,,,,,,,,,,,,,,,,,,,,,,,,,,,,,,,,,,,,,,,,
300571.XSHE,4,0,,,,,,,,,,,,,,,,,,,,,,,,,,,,,,,,,,,,,,,,,,,,,,,,,,,,,,,,,,,,,,,,,,,,,
300572.XSHE,4,0,,,,,,,,,,,,,,,,,,,,,,,,,,,,,,,,,,,,,,,,,,,,,,,,,,,,,,,,,,,,,,,,,,,,,
300573.XSHE,4,0,,,,,,,,,,,,,,,,,,,,,,,,,,,,,,,,,,,,,,,,,,,,,,,,,,,,,,,,,,,,,,,,,,,,,
300575.XSHE,4,0,,,,,,,,,,,,,,,,,,,,,,,,,,,,,,,,,,,,,,,,,,,,,,,,,,,,,,,,,,,,,,,,,,,,,
300576.XSHE,4,0,,,,,,,,,,,,,,,,,,,,,,,,,,,,,,,,,,,,,,,,,,,,,,,,,,,,,,,,,,,,,,,,,,,,,
300577.XSHE,4,0,,,,,,,,,,,,,,,,,,,,,,,,,,,,,,,,,,,,,,,,,,,,,,,,,,,,,,,,,,,,,,,,,,,,,
300578.XSHE,4,0,,,,,,,,,,,,,,,,,,,,,,,,,,,,,,,,,,,,,,,,,,,,,,,,,,,,,,,,,,,,,,,,,,,,,
300579.XSHE,4,0,,,,,,,,,,,,,,,,,,,,,,,,,,,,,,,,,,,,,,,,,,,,,,,,,,,,,,,,,,,,,,,,,,,,,
300580.XSHE,4,0,,,,,,,,,,,,,,,,,,,,,,,,,,,,,,,,,,,,,,,,,,,,,,,,,,,,,,,,,,,,,,,,,,,,,
300581.XSHE,4,0,,,,,,,,,,,,,,,,,,,,,,,,,,,,,,,,,,,,,,,,,,,,,,,,,,,,,,,,,,,,,,,,,,,,,
300582.XSHE,4,0,,,,,,,,,,,,,,,,,,,,,,,,,,,,,,,,,,,,,,,,,,,,,,,,,,,,,,,,,,,,,,,,,,,,,
300583.XSHE,4,0,,,,,,,,,,,,,,,,,,,,,,,,,,,,,,,,,,,,,,,,,,,,,,,,,,,,,,,,,,,,,,,,,,,,,
300584.XSHE,4,0,,,,,,,,,,,,,,,,,,,,,,,,,,,,,,,,,,,,,,,,,,,,,,,,,,,,,,,,,,,,,,,,,,,,,
300585.XSHE,4,0,,,,,,,,,,,,,,,,,,,,,,,,,,,,,,,,,,,,,,,,,,,,,,,,,,,,,,,,,,,,,,,,,,,,,
300586.XSHE,4,0,,,,,,,,,,,,,,,,,,,,,,,,,,,,,,,,,,,,,,,,,,,,,,,,,,,,,,,,,,,,,,,,,,,,,
300587.XSHE,4,0,,,,,,,,,,,,,,,,,,,,,,,,,,,,,,,,,,,,,,,,,,,,,,,,,,,,,,,,,,,,,,,,,,,,,
300588.XSHE,4,0,,,,,,,,,,,,,,,,,,,,,,,,,,,,,,,,,,,,,,,,,,,,,,,,,,,,,,,,,,,,,,,,,,,,,
300589.XSHE,4,0,,,,,,,,,,,,,,,,,,,,,,,,,,,,,,,,,,,,,,,,,,,,,,,,,,,,,,,,,,,,,,,,,,,,,
300590.XSHE,4,0,,,,,,,,,,,,,,,,,,,,,,,,,,,,,,,,,,,,,,,,,,,,,,,,,,,,,,,,,,,,,,,,,,,,,
300591.XSHE,4,0,,,,,,,,,,,,,,,,,,,,,,,,,,,,,,,,,,,,,,,,,,,,,,,,,,,,,,,,,,,,,,,,,,,,,
300592.XSHE,4,0,,,,,,,,,,,,,,,,,,,,,,,,,,,,,,,,,,,,,,,,,,,,,,,,,,,,,,,,,,,,,,,,,,,,,
300593.XSHE,4,0,,,,,,,,,,,,,,,,,,,,,,,,,,,,,,,,,,,,,,,,,,,,,,,,,,,,,,,,,,,,,,,,,,,,,
300595.XSHE,4,0,,,,,,,,,,,,,,,,,,,,,,,,,,,,,,,,,,,,,,,,,,,,,,,,,,,,,,,,,,,,,,,,,,,,,
300596.XSHE,4,0,,,,,,,,,,,,,,,,,,,,,,,,,,,,,,,,,,,,,,,,,,,,,,,,,,,,,,,,,,,,,,,,,,,,,
300597.XSHE,4,0,,,,,,,,,,,,,,,,,,,,,,,,,,,,,,,,,,,,,,,,,,,,,,,,,,,,,,,,,,,,,,,,,,,,,
300598.XSHE,4,0,,,,,,,,,,,,,,,,,,,,,,,,,,,,,,,,,,,,,,,,,,,,,,,,,,,,,,,,,,,,,,,,,,,,,
300599.XSHE,4,0,,,,,,,,,,,,,,,,,,,,,,,,,,,,,,,,,,,,,,,,,,,,,,,,,,,,,,,,,,,,,,,,,,,,,
300600.XSHE,4,0,,,,,,,,,,,,,,,,,,,,,,,,,,,,,,,,,,,,,,,,,,,,,,,,,,,,,,,,,,,,,,,,,,,,,
300601.XSHE,4,0,,,,,,,,,,,,,,,,,,,,,,,,,,,,,,,,,,,,,,,,,,,,,,,,,,,,,,,,,,,,,,,,,,,,,
300602.XSHE,4,0,,,,,,,,,,,,,,,,,,,,,,,,,,,,,,,,,,,,,,,,,,,,,,,,,,,,,,,,,,,,,,,,,,,,,
300603.XSHE,4,0,,,,,,,,,,,,,,,,,,,,,,,,,,,,,,,,,,,,,,,,,,,,,,,,,,,,,,,,,,,,,,,,,,,,,
300604.XSHE,4,0,,,,,,,,,,,,,,,,,,,,,,,,,,,,,,,,,,,,,,,,,,,,,,,,,,,,,,,,,,,,,,,,,,,,,
300605.XSHE,4,0,,,,,,,,,,,,,,,,,,,,,,,,,,,,,,,,,,,,,,,,,,,,,,,,,,,,,,,,,,,,,,,,,,,,,
300606.XSHE,4,0,,,,,,,,,,,,,,,,,,,,,,,,,,,,,,,,,,,,,,,,,,,,,,,,,,,,,,,,,,,,,,,,,,,,,
300607.XSHE,4,0,,,,,,,,,,,,,,,,,,,,,,,,,,,,,,,,,,,,,,,,,,,,,,,,,,,,,,,,,,,,,,,,,,,,,
300608.XSHE,4,0,,,,,,,,,,,,,,,,,,,,,,,,,,,,,,,,,,,,,,,,,,,,,,,,,,,,,,,,,,,,,,,,,,,,,
300609.XSHE,4,0,,,,,,,,,,,,,,,,,,,,,,,,,,,,,,,,,,,,,,,,,,,,,,,,,,,,,,,,,,,,,,,,,,,,,
300610.XSHE,4,0,,,,,,,,,,,,,,,,,,,,,,,,,,,,,,,,,,,,,,,,,,,,,,,,,,,,,,,,,,,,,,,,,,,,,
300611.XSHE,4,0,,,,,,,,,,,,,,,,,,,,,,,,,,,,,,,,,,,,,,,,,,,,,,,,,,,,,,,,,,,,,,,,,,,,,
300612.XSHE,4,0,,,,,,,,,,,,,,,,,,,,,,,,,,,,,,,,,,,,,,,,,,,,,,,,,,,,,,,,,,,,,,,,,,,,,
300613.XSHE,4,0,,,,,,,,,,,,,,,,,,,,,,,,,,,,,,,,,,,,,,,,,,,,,,,,,,,,,,,,,,,,,,,,,,,,,
300615.XSHE,4,0,,,,,,,,,,,,,,,,,,,,,,,,,,,,,,,,,,,,,,,,,,,,,,,,,,,,,,,,,,,,,,,,,,,,,
300616.XSHE,4,0,,,,,,,,,,,,,,,,,,,,,,,,,,,,,,,,,,,,,,,,,,,,,,,,,,,,,,,,,,,,,,,,,,,,,
300617.XSHE,4,0,,,,,,,,,,,,,,,,,,,,,,,,,,,,,,,,,,,,,,,,,,,,,,,,,,,,,,,,,,,,,,,,,,,,,
300618.XSHE,4,0,,,,,,,,,,,,,,,,,,,,,,,,,,,,,,,,,,,,,,,,,,,,,,,,,,,,,,,,,,,,,,,,,,,,,
300619.XSHE,4,0,,,,,,,,,,,,,,,,,,,,,,,,,,,,,,,,,,,,,,,,,,,,,,,,,,,,,,,,,,,,,,,,,,,,,
300620.XSHE,4,0,,,,,,,,,,,,,,,,,,,,,,,,,,,,,,,,,,,,,,,,,,,,,,,,,,,,,,,,,,,,,,,,,,,,,
300621.XSHE,4,0,,,,,,,,,,,,,,,,,,,,,,,,,,,,,,,,,,,,,,,,,,,,,,,,,,,,,,,,,,,,,,,,,,,,,
300622.XSHE,4,0,,,,,,,,,,,,,,,,,,,,,,,,,,,,,,,,,,,,,,,,,,,,,,,,,,,,,,,,,,,,,,,,,,,,,
300623.XSHE,4,0,,,,,,,,,,,,,,,,,,,,,,,,,,,,,,,,,,,,,,,,,,,,,,,,,,,,,,,,,,,,,,,,,,,,,
300624.XSHE,4,0,,,,,,,,,,,,,,,,,,,,,,,,,,,,,,,,,,,,,,,,,,,,,,,,,,,,,,,,,,,,,,,,,,,,,
300625.XSHE,4,0,,,,,,,,,,,,,,,,,,,,,,,,,,,,,,,,,,,,,,,,,,,,,,,,,,,,,,,,,,,,,,,,,,,,,
300626.XSHE,4,0,,,,,,,,,,,,,,,,,,,,,,,,,,,,,,,,,,,,,,,,,,,,,,,,,,,,,,,,,,,,,,,,,,,,,
300627.XSHE,4,0,,,,,,,,,,,,,,,,,,,,,,,,,,,,,,,,,,,,,,,,,,,,,,,,,,,,,,,,,,,,,,,,,,,,,
300628.XSHE,4,0,,,,,,,,,,,,,,,,,,,,,,,,,,,,,,,,,,,,,,,,,,,,,,,,,,,,,,,,,,,,,,,,,,,,,
300629.XSHE,4,0,,,,,,,,,,,,,,,,,,,,,,,,,,,,,,,,,,,,,,,,,,,,,,,,,,,,,,,,,,,,,,,,,,,,,
300630.XSHE,4,0,,,,,,,,,,,,,,,,,,,,,,,,,,,,,,,,,,,,,,,,,,,,,,,,,,,,,,,,,,,,,,,,,,,,,
300631.XSHE,4,0,,,,,,,,,,,,,,,,,,,,,,,,,,,,,,,,,,,,,,,,,,,,,,,,,,,,,,,,,,,,,,,,,,,,,
300632.XSHE,4,0,,,,,,,,,,,,,,,,,,,,,,,,,,,,,,,,,,,,,,,,,,,,,,,,,,,,,,,,,,,,,,,,,,,,,
300633.XSHE,4,0,,,,,,,,,,,,,,,,,,,,,,,,,,,,,,,,,,,,,,,,,,,,,,,,,,,,,,,,,,,,,,,,,,,,,
300634.XSHE,4,0,,,,,,,,,,,,,,,,,,,,,,,,,,,,,,,,,,,,,,,,,,,,,,,,,,,,,,,,,,,,,,,,,,,,,
300635.XSHE,4,0,,,,,,,,,,,,,,,,,,,,,,,,,,,,,,,,,,,,,,,,,,,,,,,,,,,,,,,,,,,,,,,,,,,,,
300636.XSHE,4,0,,,,,,,,,,,,,,,,,,,,,,,,,,,,,,,,,,,,,,,,,,,,,,,,,,,,,,,,,,,,,,,,,,,,,
300637.XSHE,4,0,,,,,,,,,,,,,,,,,,,,,,,,,,,,,,,,,,,,,,,,,,,,,,,,,,,,,,,,,,,,,,,,,,,,,
300638.XSHE,4,0,,,,,,,,,,,,,,,,,,,,,,,,,,,,,,,,,,,,,,,,,,,,,,,,,,,,,,,,,,,,,,,,,,,,,
300639.XSHE,4,0,,,,,,,,,,,,,,,,,,,,,,,,,,,,,,,,,,,,,,,,,,,,,,,,,,,,,,,,,,,,,,,,,,,,,
300640.XSHE,4,0,,,,,,,,,,,,,,,,,,,,,,,,,,,,,,,,,,,,,,,,,,,,,,,,,,,,,,,,,,,,,,,,,,,,,
300641.XSHE,4,0,,,,,,,,,,,,,,,,,,,,,,,,,,,,,,,,,,,,,,,,,,,,,,,,,,,,,,,,,,,,,,,,,,,,,
300642.XSHE,4,0,,,,,,,,,,,,,,,,,,,,,,,,,,,,,,,,,,,,,,,,,,,,,,,,,,,,,,,,,,,,,,,,,,,,,
300643.XSHE,4,0,,,,,,,,,,,,,,,,,,,,,,,,,,,,,,,,,,,,,,,,,,,,,,,,,,,,,,,,,,,,,,,,,,,,,
300644.XSHE,4,0,,,,,,,,,,,,,,,,,,,,,,,,,,,,,,,,,,,,,,,,,,,,,,,,,,,,,,,,,,,,,,,,,,,,,
300645.XSHE,4,0,,,,,,,,,,,,,,,,,,,,,,,,,,,,,,,,,,,,,,,,,,,,,,,,,,,,,,,,,,,,,,,,,,,,,
300647.XSHE,4,0,,,,,,,,,,,,,,,,,,,,,,,,,,,,,,,,,,,,,,,,,,,,,,,,,,,,,,,,,,,,,,,,,,,,,
300648.XSHE,4,0,,,,,,,,,,,,,,,,,,,,,,,,,,,,,,,,,,,,,,,,,,,,,,,,,,,,,,,,,,,,,,,,,,,,,
300649.XSHE,4,0,,,,,,,,,,,,,,,,,,,,,,,,,,,,,,,,,,,,,,,,,,,,,,,,,,,,,,,,,,,,,,,,,,,,,
300650.XSHE,4,0,,,,,,,,,,,,,,,,,,,,,,,,,,,,,,,,,,,,,,,,,,,,,,,,,,,,,,,,,,,,,,,,,,,,,
300651.XSHE,4,0,,,,,,,,,,,,,,,,,,,,,,,,,,,,,,,,,,,,,,,,,,,,,,,,,,,,,,,,,,,,,,,,,,,,,
300652.XSHE,4,0,,,,,,,,,,,,,,,,,,,,,,,,,,,,,,,,,,,,,,,,,,,,,,,,,,,,,,,,,,,,,,,,,,,,,
300653.XSHE,4,0,,,,,,,,,,,,,,,,,,,,,,,,,,,,,,,,,,,,,,,,,,,,,,,,,,,,,,,,,,,,,,,,,,,,,
300654.XSHE,4,0,,,,,,,,,,,,,,,,,,,,,,,,,,,,,,,,,,,,,,,,,,,,,,,,,,,,,,,,,,,,,,,,,,,,,
300655.XSHE,4,0,,,,,,,,,,,,,,,,,,,,,,,,,,,,,,,,,,,,,,,,,,,,,,,,,,,,,,,,,,,,,,,,,,,,,
300656.XSHE,4,0,,,,,,,,,,,,,,,,,,,,,,,,,,,,,,,,,,,,,,,,,,,,,,,,,,,,,,,,,,,,,,,,,,,,,
300657.XSHE,4,0,,,,,,,,,,,,,,,,,,,,,,,,,,,,,,,,,,,,,,,,,,,,,,,,,,,,,,,,,,,,,,,,,,,,,
300658.XSHE,4,0,,,,,,,,,,,,,,,,,,,,,,,,,,,,,,,,,,,,,,,,,,,,,,,,,,,,,,,,,,,,,,,,,,,,,
300659.XSHE,4,0,,,,,,,,,,,,,,,,,,,,,,,,,,,,,,,,,,,,,,,,,,,,,,,,,,,,,,,,,,,,,,,,,,,,,
300660.XSHE,4,0,,,,,,,,,,,,,,,,,,,,,,,,,,,,,,,,,,,,,,,,,,,,,,,,,,,,,,,,,,,,,,,,,,,,,
300661.XSHE,4,0,,,,,,,,,,,,,,,,,,,,,,,,,,,,,,,,,,,,,,,,,,,,,,,,,,,,,,,,,,,,,,,,,,,,,
300662.XSHE,4,0,,,,,,,,,,,,,,,,,,,,,,,,,,,,,,,,,,,,,,,,,,,,,,,,,,,,,,,,,,,,,,,,,,,,,
300663.XSHE,4,0,,,,,,,,,,,,,,,,,,,,,,,,,,,,,,,,,,,,,,,,,,,,,,,,,,,,,,,,,,,,,,,,,,,,,
300664.XSHE,4,0,,,,,,,,,,,,,,,,,,,,,,,,,,,,,,,,,,,,,,,,,,,,,,,,,,,,,,,,,,,,,,,,,,,,,
300665.XSHE,4,0,,,,,,,,,,,,,,,,,,,,,,,,,,,,,,,,,,,,,,,,,,,,,,,,,,,,,,,,,,,,,,,,,,,,,
300666.XSHE,4,0,,,,,,,,,,,,,,,,,,,,,,,,,,,,,,,,,,,,,,,,,,,,,,,,,,,,,,,,,,,,,,,,,,,,,
300667.XSHE,4,0,,,,,,,,,,,,,,,,,,,,,,,,,,,,,,,,,,,,,,,,,,,,,,,,,,,,,,,,,,,,,,,,,,,,,
300668.XSHE,4,0,,,,,,,,,,,,,,,,,,,,,,,,,,,,,,,,,,,,,,,,,,,,,,,,,,,,,,,,,,,,,,,,,,,,,
300669.XSHE,4,0,,,,,,,,,,,,,,,,,,,,,,,,,,,,,,,,,,,,,,,,,,,,,,,,,,,,,,,,,,,,,,,,,,,,,
300670.XSHE,4,0,,,,,,,,,,,,,,,,,,,,,,,,,,,,,,,,,,,,,,,,,,,,,,,,,,,,,,,,,,,,,,,,,,,,,
300671.XSHE,4,0,,,,,,,,,,,,,,,,,,,,,,,,,,,,,,,,,,,,,,,,,,,,,,,,,,,,,,,,,,,,,,,,,,,,,
300672.XSHE,4,0,,,,,,,,,,,,,,,,,,,,,,,,,,,,,,,,,,,,,,,,,,,,,,,,,,,,,,,,,,,,,,,,,,,,,
300673.XSHE,4,0,,,,,,,,,,,,,,,,,,,,,,,,,,,,,,,,,,,,,,,,,,,,,,,,,,,,,,,,,,,,,,,,,,,,,
300674.XSHE,4,0,,,,,,,,,,,,,,,,,,,,,,,,,,,,,,,,,,,,,,,,,,,,,,,,,,,,,,,,,,,,,,,,,,,,,
300675.XSHE,4,0,,,,,,,,,,,,,,,,,,,,,,,,,,,,,,,,,,,,,,,,,,,,,,,,,,,,,,,,,,,,,,,,,,,,,
300676.XSHE,4,0,,,,,,,,,,,,,,,,,,,,,,,,,,,,,,,,,,,,,,,,,,,,,,,,,,,,,,,,,,,,,,,,,,,,,
300677.XSHE,4,0,,,,,,,,,,,,,,,,,,,,,,,,,,,,,,,,,,,,,,,,,,,,,,,,,,,,,,,,,,,,,,,,,,,,,
300678.XSHE,4,0,,,,,,,,,,,,,,,,,,,,,,,,,,,,,,,,,,,,,,,,,,,,,,,,,,,,,,,,,,,,,,,,,,,,,
300679.XSHE,4,0,,,,,,,,,,,,,,,,,,,,,,,,,,,,,,,,,,,,,,,,,,,,,,,,,,,,,,,,,,,,,,,,,,,,,
300680.XSHE,4,0,,,,,,,,,,,,,,,,,,,,,,,,,,,,,,,,,,,,,,,,,,,,,,,,,,,,,,,,,,,,,,,,,,,,,
300681.XSHE,4,0,,,,,,,,,,,,,,,,,,,,,,,,,,,,,,,,,,,,,,,,,,,,,,,,,,,,,,,,,,,,,,,,,,,,,
300682.XSHE,4,0,,,,,,,,,,,,,,,,,,,,,,,,,,,,,,,,,,,,,,,,,,,,,,,,,,,,,,,,,,,,,,,,,,,,,
300683.XSHE,4,0,,,,,,,,,,,,,,,,,,,,,,,,,,,,,,,,,,,,,,,,,,,,,,,,,,,,,,,,,,,,,,,,,,,,,
300684.XSHE,4,0,,,,,,,,,,,,,,,,,,,,,,,,,,,,,,,,,,,,,,,,,,,,,,,,,,,,,,,,,,,,,,,,,,,,,
300685.XSHE,4,0,,,,,,,,,,,,,,,,,,,,,,,,,,,,,,,,,,,,,,,,,,,,,,,,,,,,,,,,,,,,,,,,,,,,,
300686.XSHE,4,0,,,,,,,,,,,,,,,,,,,,,,,,,,,,,,,,,,,,,,,,,,,,,,,,,,,,,,,,,,,,,,,,,,,,,
300687.XSHE,4,0,,,,,,,,,,,,,,,,,,,,,,,,,,,,,,,,,,,,,,,,,,,,,,,,,,,,,,,,,,,,,,,,,,,,,
300688.XSHE,4,0,,,,,,,,,,,,,,,,,,,,,,,,,,,,,,,,,,,,,,,,,,,,,,,,,,,,,,,,,,,,,,,,,,,,,
300689.XSHE,4,0,,,,,,,,,,,,,,,,,,,,,,,,,,,,,,,,,,,,,,,,,,,,,,,,,,,,,,,,,,,,,,,,,,,,,
300690.XSHE,4,0,,,,,,,,,,,,,,,,,,,,,,,,,,,,,,,,,,,,,,,,,,,,,,,,,,,,,,,,,,,,,,,,,,,,,
300691.XSHE,4,0,,,,,,,,,,,,,,,,,,,,,,,,,,,,,,,,,,,,,,,,,,,,,,,,,,,,,,,,,,,,,,,,,,,,,
300692.XSHE,4,0,,,,,,,,,,,,,,,,,,,,,,,,,,,,,,,,,,,,,,,,,,,,,,,,,,,,,,,,,,,,,,,,,,,,,
300693.XSHE,4,0,,,,,,,,,,,,,,,,,,,,,,,,,,,,,,,,,,,,,,,,,,,,,,,,,,,,,,,,,,,,,,,,,,,,,
300694.XSHE,4,0,,,,,,,,,,,,,,,,,,,,,,,,,,,,,,,,,,,,,,,,,,,,,,,,,,,,,,,,,,,,,,,,,,,,,
300695.XSHE,4,0,,,,,,,,,,,,,,,,,,,,,,,,,,,,,,,,,,,,,,,,,,,,,,,,,,,,,,,,,,,,,,,,,,,,,
300696.XSHE,4,0,,,,,,,,,,,,,,,,,,,,,,,,,,,,,,,,,,,,,,,,,,,,,,,,,,,,,,,,,,,,,,,,,,,,,
300697.XSHE,4,0,,,,,,,,,,,,,,,,,,,,,,,,,,,,,,,,,,,,,,,,,,,,,,,,,,,,,,,,,,,,,,,,,,,,,
300698.XSHE,4,0,,,,,,,,,,,,,,,,,,,,,,,,,,,,,,,,,,,,,,,,,,,,,,,,,,,,,,,,,,,,,,,,,,,,,
300699.XSHE,4,0,,,,,,,,,,,,,,,,,,,,,,,,,,,,,,,,,,,,,,,,,,,,,,,,,,,,,,,,,,,,,,,,,,,,,
300700.XSHE,4,0,,,,,,,,,,,,,,,,,,,,,,,,,,,,,,,,,,,,,,,,,,,,,,,,,,,,,,,,,,,,,,,,,,,,,
300701.XSHE,4,0,,,,,,,,,,,,,,,,,,,,,,,,,,,,,,,,,,,,,,,,,,,,,,,,,,,,,,,,,,,,,,,,,,,,,
300702.XSHE,4,0,,,,,,,,,,,,,,,,,,,,,,,,,,,,,,,,,,,,,,,,,,,,,,,,,,,,,,,,,,,,,,,,,,,,,
300703.XSHE,4,0,,,,,,,,,,,,,,,,,,,,,,,,,,,,,,,,,,,,,,,,,,,,,,,,,,,,,,,,,,,,,,,,,,,,,
300705.XSHE,4,0,,,,,,,,,,,,,,,,,,,,,,,,,,,,,,,,,,,,,,,,,,,,,,,,,,,,,,,,,,,,,,,,,,,,,
300706.XSHE,4,0,,,,,,,,,,,,,,,,,,,,,,,,,,,,,,,,,,,,,,,,,,,,,,,,,,,,,,,,,,,,,,,,,,,,,
300707.XSHE,4,0,,,,,,,,,,,,,,,,,,,,,,,,,,,,,,,,,,,,,,,,,,,,,,,,,,,,,,,,,,,,,,,,,,,,,
300708.XSHE,4,0,,,,,,,,,,,,,,,,,,,,,,,,,,,,,,,,,,,,,,,,,,,,,,,,,,,,,,,,,,,,,,,,,,,,,
300709.XSHE,4,0,,,,,,,,,,,,,,,,,,,,,,,,,,,,,,,,,,,,,,,,,,,,,,,,,,,,,,,,,,,,,,,,,,,,,
300710.XSHE,4,0,,,,,,,,,,,,,,,,,,,,,,,,,,,,,,,,,,,,,,,,,,,,,,,,,,,,,,,,,,,,,,,,,,,,,
300711.XSHE,4,0,,,,,,,,,,,,,,,,,,,,,,,,,,,,,,,,,,,,,,,,,,,,,,,,,,,,,,,,,,,,,,,,,,,,,
300712.XSHE,4,0,,,,,,,,,,,,,,,,,,,,,,,,,,,,,,,,,,,,,,,,,,,,,,,,,,,,,,,,,,,,,,,,,,,,,
300713.XSHE,4,0,,,,,,,,,,,,,,,,,,,,,,,,,,,,,,,,,,,,,,,,,,,,,,,,,,,,,,,,,,,,,,,,,,,,,
300715.XSHE,4,0,,,,,,,,,,,,,,,,,,,,,,,,,,,,,,,,,,,,,,,,,,,,,,,,,,,,,,,,,,,,,,,,,,,,,
300716.XSHE,4,0,,,,,,,,,,,,,,,,,,,,,,,,,,,,,,,,,,,,,,,,,,,,,,,,,,,,,,,,,,,,,,,,,,,,,
300717.XSHE,4,0,,,,,,,,,,,,,,,,,,,,,,,,,,,,,,,,,,,,,,,,,,,,,,,,,,,,,,,,,,,,,,,,,,,,,
300718.XSHE,4,0,,,,,,,,,,,,,,,,,,,,,,,,,,,,,,,,,,,,,,,,,,,,,,,,,,,,,,,,,,,,,,,,,,,,,
300719.XSHE,4,0,,,,,,,,,,,,,,,,,,,,,,,,,,,,,,,,,,,,,,,,,,,,,,,,,,,,,,,,,,,,,,,,,,,,,
300720.XSHE,4,0,,,,,,,,,,,,,,,,,,,,,,,,,,,,,,,,,,,,,,,,,,,,,,,,,,,,,,,,,,,,,,,,,,,,,
300721.XSHE,4,0,,,,,,,,,,,,,,,,,,,,,,,,,,,,,,,,,,,,,,,,,,,,,,,,,,,,,,,,,,,,,,,,,,,,,
300722.XSHE,4,0,,,,,,,,,,,,,,,,,,,,,,,,,,,,,,,,,,,,,,,,,,,,,,,,,,,,,,,,,,,,,,,,,,,,,
300723.XSHE,4,0,,,,,,,,,,,,,,,,,,,,,,,,,,,,,,,,,,,,,,,,,,,,,,,,,,,,,,,,,,,,,,,,,,,,,
300724.XSHE,4,0,,,,,,,,,,,,,,,,,,,,,,,,,,,,,,,,,,,,,,,,,,,,,,,,,,,,,,,,,,,,,,,,,,,,,
300725.XSHE,4,0,,,,,,,,,,,,,,,,,,,,,,,,,,,,,,,,,,,,,,,,,,,,,,,,,,,,,,,,,,,,,,,,,,,,,
300726.XSHE,4,0,,,,,,,,,,,,,,,,,,,,,,,,,,,,,,,,,,,,,,,,,,,,,,,,,,,,,,,,,,,,,,,,,,,,,
300727.XSHE,4,0,,,,,,,,,,,,,,,,,,,,,,,,,,,,,,,,,,,,,,,,,,,,,,,,,,,,,,,,,,,,,,,,,,,,,
300729.XSHE,4,0,,,,,,,,,,,,,,,,,,,,,,,,,,,,,,,,,,,,,,,,,,,,,,,,,,,,,,,,,,,,,,,,,,,,,
300730.XSHE,4,0,,,,,,,,,,,,,,,,,,,,,,,,,,,,,,,,,,,,,,,,,,,,,,,,,,,,,,,,,,,,,,,,,,,,,
300731.XSHE,4,0,,,,,,,,,,,,,,,,,,,,,,,,,,,,,,,,,,,,,,,,,,,,,,,,,,,,,,,,,,,,,,,,,,,,,
300732.XSHE,4,0,,,,,,,,,,,,,,,,,,,,,,,,,,,,,,,,,,,,,,,,,,,,,,,,,,,,,,,,,,,,,,,,,,,,,
300733.XSHE,4,0,,,,,,,,,,,,,,,,,,,,,,,,,,,,,,,,,,,,,,,,,,,,,,,,,,,,,,,,,,,,,,,,,,,,,
300735.XSHE,4,0,,,,,,,,,,,,,,,,,,,,,,,,,,,,,,,,,,,,,,,,,,,,,,,,,,,,,,,,,,,,,,,,,,,,,
300736.XSHE,4,0,,,,,,,,,,,,,,,,,,,,,,,,,,,,,,,,,,,,,,,,,,,,,,,,,,,,,,,,,,,,,,,,,,,,,
300737.XSHE,4,0,,,,,,,,,,,,,,,,,,,,,,,,,,,,,,,,,,,,,,,,,,,,,,,,,,,,,,,,,,,,,,,,,,,,,
300738.XSHE,4,0,,,,,,,,,,,,,,,,,,,,,,,,,,,,,,,,,,,,,,,,,,,,,,,,,,,,,,,,,,,,,,,,,,,,,
300739.XSHE,4,0,,,,,,,,,,,,,,,,,,,,,,,,,,,,,,,,,,,,,,,,,,,,,,,,,,,,,,,,,,,,,,,,,,,,,
300740.XSHE,4,0,,,,,,,,,,,,,,,,,,,,,,,,,,,,,,,,,,,,,,,,,,,,,,,,,,,,,,,,,,,,,,,,,,,,,
300741.XSHE,4,0,,,,,,,,,,,,,,,,,,,,,,,,,,,,,,,,,,,,,,,,,,,,,,,,,,,,,,,,,,,,,,,,,,,,,
300742.XSHE,4,0,,,,,,,,,,,,,,,,,,,,,,,,,,,,,,,,,,,,,,,,,,,,,,,,,,,,,,,,,,,,,,,,,,,,,
300743.XSHE,4,0,,,,,,,,,,,,,,,,,,,,,,,,,,,,,,,,,,,,,,,,,,,,,,,,,,,,,,,,,,,,,,,,,,,,,
300745.XSHE,4,0,,,,,,,,,,,,,,,,,,,,,,,,,,,,,,,,,,,,,,,,,,,,,,,,,,,,,,,,,,,,,,,,,,,,,
300746.XSHE,4,0,,,,,,,,,,,,,,,,,,,,,,,,,,,,,,,,,,,,,,,,,,,,,,,,,,,,,,,,,,,,,,,,,,,,,
300747.XSHE,4,0,,,,,,,,,,,,,,,,,,,,,,,,,,,,,,,,,,,,,,,,,,,,,,,,,,,,,,,,,,,,,,,,,,,,,
300748.XSHE,4,0,,,,,,,,,,,,,,,,,,,,,,,,,,,,,,,,,,,,,,,,,,,,,,,,,,,,,,,,,,,,,,,,,,,,,
300749.XSHE,4,0,,,,,,,,,,,,,,,,,,,,,,,,,,,,,,,,,,,,,,,,,,,,,,,,,,,,,,,,,,,,,,,,,,,,,
300750.XSHE,4,0,,,,,,,,,,,,,,,,,,,,,,,,,,,,,,,,,,,,,,,,,,,,,,,,,,,,,,,,,,,,,,,,,,,,,
300751.XSHE,4,0,,,,,,,,,,,,,,,,,,,,,,,,,,,,,,,,,,,,,,,,,,,,,,,,,,,,,,,,,,,,,,,,,,,,,
300752.XSHE,4,0,,,,,,,,,,,,,,,,,,,,,,,,,,,,,,,,,,,,,,,,,,,,,,,,,,,,,,,,,,,,,,,,,,,,,
300753.XSHE,4,0,,,,,,,,,,,,,,,,,,,,,,,,,,,,,,,,,,,,,,,,,,,,,,,,,,,,,,,,,,,,,,,,,,,,,
300755.XSHE,4,0,,,,,,,,,,,,,,,,,,,,,,,,,,,,,,,,,,,,,,,,,,,,,,,,,,,,,,,,,,,,,,,,,,,,,
300756.XSHE,4,0,,,,,,,,,,,,,,,,,,,,,,,,,,,,,,,,,,,,,,,,,,,,,,,,,,,,,,,,,,,,,,,,,,,,,
300757.XSHE,4,0,,,,,,,,,,,,,,,,,,,,,,,,,,,,,,,,,,,,,,,,,,,,,,,,,,,,,,,,,,,,,,,,,,,,,
300758.XSHE,4,0,,,,,,,,,,,,,,,,,,,,,,,,,,,,,,,,,,,,,,,,,,,,,,,,,,,,,,,,,,,,,,,,,,,,,
300759.XSHE,4,0,,,,,,,,,,,,,,,,,,,,,,,,,,,,,,,,,,,,,,,,,,,,,,,,,,,,,,,,,,,,,,,,,,,,,
300760.XSHE,4,0,,,,,,,,,,,,,,,,,,,,,,,,,,,,,,,,,,,,,,,,,,,,,,,,,,,,,,,,,,,,,,,,,,,,,
300761.XSHE,4,0,,,,,,,,,,,,,,,,,,,,,,,,,,,,,,,,,,,,,,,,,,,,,,,,,,,,,,,,,,,,,,,,,,,,,
300762.XSHE,4,0,,,,,,,,,,,,,,,,,,,,,,,,,,,,,,,,,,,,,,,,,,,,,,,,,,,,,,,,,,,,,,,,,,,,,
300763.XSHE,4,0,,,,,,,,,,,,,,,,,,,,,,,,,,,,,,,,,,,,,,,,,,,,,,,,,,,,,,,,,,,,,,,,,,,,,
300765.XSHE,4,0,,,,,,,,,,,,,,,,,,,,,,,,,,,,,,,,,,,,,,,,,,,,,,,,,,,,,,,,,,,,,,,,,,,,,
300766.XSHE,4,0,,,,,,,,,,,,,,,,,,,,,,,,,,,,,,,,,,,,,,,,,,,,,,,,,,,,,,,,,,,,,,,,,,,,,
300767.XSHE,4,0,,,,,,,,,,,,,,,,,,,,,,,,,,,,,,,,,,,,,,,,,,,,,,,,,,,,,,,,,,,,,,,,,,,,,
300768.XSHE,4,0,,,,,,,,,,,,,,,,,,,,,,,,,,,,,,,,,,,,,,,,,,,,,,,,,,,,,,,,,,,,,,,,,,,,,
300769.XSHE,4,0,,,,,,,,,,,,,,,,,,,,,,,,,,,,,,,,,,,,,,,,,,,,,,,,,,,,,,,,,,,,,,,,,,,,,
300770.XSHE,4,0,,,,,,,,,,,,,,,,,,,,,,,,,,,,,,,,,,,,,,,,,,,,,,,,,,,,,,,,,,,,,,,,,,,,,
300771.XSHE,4,0,,,,,,,,,,,,,,,,,,,,,,,,,,,,,,,,,,,,,,,,,,,,,,,,,,,,,,,,,,,,,,,,,,,,,
300772.XSHE,4,0,,,,,,,,,,,,,,,,,,,,,,,,,,,,,,,,,,,,,,,,,,,,,,,,,,,,,,,,,,,,,,,,,,,,,
300773.XSHE,4,0,,,,,,,,,,,,,,,,,,,,,,,,,,,,,,,,,,,,,,,,,,,,,,,,,,,,,,,,,,,,,,,,,,,,,
300775.XSHE,4,0,,,,,,,,,,,,,,,,,,,,,,,,,,,,,,,,,,,,,,,,,,,,,,,,,,,,,,,,,,,,,,,,,,,,,
300776.XSHE,4,0,,,,,,,,,,,,,,,,,,,,,,,,,,,,,,,,,,,,,,,,,,,,,,,,,,,,,,,,,,,,,,,,,,,,,
300777.XSHE,4,0,,,,,,,,,,,,,,,,,,,,,,,,,,,,,,,,,,,,,,,,,,,,,,,,,,,,,,,,,,,,,,,,,,,,,
300778.XSHE,4,0,,,,,,,,,,,,,,,,,,,,,,,,,,,,,,,,,,,,,,,,,,,,,,,,,,,,,,,,,,,,,,,,,,,,,
300779.XSHE,4,0,,,,,,,,,,,,,,,,,,,,,,,,,,,,,,,,,,,,,,,,,,,,,,,,,,,,,,,,,,,,,,,,,,,,,
300780.XSHE,4,0,,,,,,,,,,,,,,,,,,,,,,,,,,,,,,,,,,,,,,,,,,,,,,,,,,,,,,,,,,,,,,,,,,,,,
300781.XSHE,4,0,,,,,,,,,,,,,,,,,,,,,,,,,,,,,,,,,,,,,,,,,,,,,,,,,,,,,,,,,,,,,,,,,,,,,
600000.XSHG,4,1,-0.2114367674075309,0.770564606828058,0.7328208119532802,1.0,0.48724076335584343,0.2621071573453197,0.6754411805528798,0.5110795439450436,0.0,0.19442995338153085,0.9999999999999999,0.0,0.013684344003226122,0.09350681551686699,0.0029840589171838032,0.008062098247688082,0.0896799983399542,0.19253157716395308,0.6194366714067405,0.04482189115670829,0.2669252175966156,0.1099187376549156,0.4899569723904294,0.363636358677686,0.46582970242290794,0.6149509611396379,0.0688988056378361,0.0293931446142715,0.09216623255937195,0.4707314050724752,0.11602458307608088,0.285140562248996,0.12439538257410555,0.41587046080531853,0.08253812259195542,0.05910251473743554,0.24611237094048766,0.22626860825799316,0.1404771003777391,0.3002243645560521,0.0,0.39963393694984933,0.2768900117161801,0.7388932498092187,0.20829784571209448,0.02413548958611936,0.2308065679074261,0.21732057579157477,0.38657865209193654,0.02413548958611936,0.7572253051904878,0.05154028217855038,0.0010165370293848852,0.009084445471812062,0.05305644375124136,0.029247760156912796,0.06504798281099847,0.03229344616550119,0.02996043969994048,0.7595035943063261,0.29599917104153156,0.04239433090499177,0.08549312793096572,0.16080196775092465,0.020638272417299753,0.90719933675136,0.6882269691742957,0.7036925059345731,0.24618772578923692
600001.XSHG,4,1,-0.04005867553473946,0.5832710543596483,0.33323445031838866,0.36979524077594106,0.5086859991960199,0.19531619973499242,0.5201466800399461,0.3337110635790617,0.8075837911617676,0.3255274155849768,0.29448349460704565,0.004585277962534866,0.013684344003226122,0.008150090726543492,0.0029840589171838032,0.008062098247688082,0.00966583515757642,0.003724127055187232,0.6194366714067405,0.02795801905504902,0.1535011777904567,0.007249247564261568,0.03212743887797873,0.512508658030105,0.03385548310334353,0.6973754749785577,0.011416551503228026,0.07601564141075765,0.09146680527188153,0.4259820692575249,0.13112622332231372,0.5511172547939428,0.12284974011172788,0.494504656209718,0.08633157970599001,0.045919982486072305,0.31147779666162767,0.18463137997985954,0.14208910423830812,0.20470555979997465,0.5318427242963106,0.077915971133906,0.12469801664167228,0.521515575256219,0.11601091851739048,0.03148564188991912,0.14997234261458614,0.16450473416111355,0.0632184951466207,0.03151351181947201,0.7073590212283098,0.07474128671978711,0.0010165370293848852,0.009470773081934954,0.05305644375124136,0.029247760156912796,0.06504798281099847,0.03229344616550119,0.02996043969994048,0.6137324122247689,0.29599917104153156,0.04246130980234155,0.05485061095598209,0.16042323302325237,0.02380545148233199,0.8768056165474607,0.6953581940533766,0.7048157031587168,0.46648362214367545
600002.XSHG,4,1,-0.04005867553473946,0.5832710543596483,0.33323445031838866,0.36979524077594106,0.5086859991960199,0.19531619973499242,0.5201466800399461,0.3337110635790617,0.8075837911617676,0.3255274155849768,0.29448349460704565,0.004585277962534866,0.013684344003226122,0.008150090726543492,0.0029840589171838032,0.008062098247688082,0.00966583515757642,0.003724127055187232,0.6194366714067405,0.02795801905504902,0.1535011777904567,0.007249247564261568,0.03212743887797873,0.512508658030105,0.03385548310334353,0.6973754749785577,0.011416551503228026,0.07601564141075765,0.09146680527188153,0.4259820692575249,0.13112622332231372,0.5511172547939428,0.12284974011172788,0.494504656209718,0.08633157970599001,0.045919982486072305,0.31147779666162767,0.18463137997985954,0.14208910423830812,0.20470555979997465,0.5318427242963106,0.077915971133906,0.12469801664167228,0.521515575256219,0.11601091851739048,0.03148564188991912,0.14997234261458614,0.16450473416111355,0.0632184951466207,0.03151351181947201,0.7073590212283098,0.07474128671978711,0.0010165370293848852,0.009470773081934954,0.05305644375124136,0.029247760156912796,0.06504798281099847,0.03229344616550119,0.02996043969994048,0.6137324122247689,0.29599917104153156,0.04246130980234155,0.05485061095598209,0.16042323302325237,0.02380545148233199,0.8768056165474607,0.6953581940533766,0.7048157031587168,0.46648362214367545
600003.XSHG,4,1,-0.04005867553473946,0.5832710543596483,0.33323445031838866,0.36979524077594106,0.5086859991960199,0.19531619973499242,0.5201466800399461,0.3337110635790617,0.8075837911617676,0.3255274155849768,0.29448349460704565,0.004585277962534866,0.013684344003226122,0.008150090726543492,0.0029840589171838032,0.008062098247688082,0.00966583515757642,0.003724127055187232,0.6194366714067405,0.02795801905504902,0.1535011777904567,0.007249247564261568,0.03212743887797873,0.512508658030105,0.03385548310334353,0.6973754749785577,0.011416551503228026,0.07601564141075765,0.09146680527188153,0.4259820692575249,0.13112622332231372,0.5511172547939428,0.12284974011172788,0.494504656209718,0.08633157970599001,0.045919982486072305,0.31147779666162767,0.18463137997985954,0.14208910423830812,0.20470555979997465,0.5318427242963106,0.077915971133906,0.12469801664167228,0.521515575256219,0.11601091851739048,0.03148564188991912,0.14997234261458614,0.16450473416111355,0.0632184951466207,0.03151351181947201,0.7073590212283098,0.07474128671978711,0.0010165370293848852,0.009470773081934954,0.05305644375124136,0.029247760156912796,0.06504798281099847,0.03229344616550119,0.02996043969994048,0.6137324122247689,0.29599917104153156,0.04246130980234155,0.05485061095598209,0.16042323302325237,0.02380545148233199,0.8768056165474607,0.6953581940533766,0.7048157031587168,0.46648362214367545
600004.XSHG,4,1,-0.144277037817618,0.34492986563012884,0.6748399076445224,0.6334476810804561,0.6019676532516849,0.05185602584711413,0.1295467191695659,0.3489137024810682,0.9607227819544251,0.005341691529205633,0.4230856627600572,0.004450521164353512,0.016271646139267855,0.007138979114784578,0.0015028421570974844,0.0043363231126631735,0.004194913765351779,0.0012068539891764785,0.6169954979996187,0.02746666055636435,0.15401650845285164,0.007201880504846995,0.008790295236029436,0.6363636304132232,0.010207225245879867,0.7019993550269332,0.009498876791447465,0.00931536583159989,0.09128075303000192,0.5337796457696687,0.13521044522838702,0.3253012048192771,0.1354632907789831,0.3207312603749721,0.09462575415011952,0.043106184093897826,0.30710382078801657,0.18231611535311307,0.14148709109674332,0.2676189217893031,0.5557078505409747,0.05013950420275925,0.1796934607549147,0.5303317443452924,0.14625617127775106,0.021063099627667028,0.18121991466566342,0.1915109015568829,0.12782603417257843,0.021063099627667028,0.7240507749098188,0.05418068894665594,0.002161627494753857,0.009059677438056198,0.04971006791729613,0.017698994312678244,0.10837871822641786,0.008299810510789197,0.02954925209895779,0.6758221774743498,0.3323899909150247,0.03454394536629629,0.05243701934841978,0.15722587969296245,0.00588054076688401,0.9071407521552031,0.6751359957542795,0.6832139377312105,0.5330997496727056
600005.XSHG,4,1,-0.1971467981401033,0.2536315399635596,0.9999999999999999,0.46516366047130064,0.5260192468920022,0.18271264537374693,0.06860138524458054,0.2917439483049281,0.6171734699522894,0.1372762129793088,0.6403526564657825,0.033481921656381905,0.024081497526998494,0.009725250432040918,0.030373578840570275,0.12233584734222332,0.0639671502811516,0.004793811332016387,0.5487144666195053,0.030262597322481335,0.1537537815540591,0.02289075702172479,0.014328683682925334,0.18181818479338843,0.016359269889348754,0.6977839700015788,0.011343922515362845,0.005019444695667902,0.09051656465366541,0.24066818026394904,0.05919962598180712,0.7590361445783131,0.09904921398087621,0.7050269017830836,0.0675133229386013,0.04368455579947838,0.28764620534066554,0.17804526898914189,0.13506578588196755,0.12210022679603758,0.5253986523527138,0.018103686435399936,0.0994123679747053,0.525852919468433,0.10575563524278059,0.04739621937724395,0.15200733091435503,0.1607075610831789,0.12331662583229358,0.04739621937724395,0.7324560019724765,0.06605340774921674,0.0004794478615401345,0.00902864097331336,0.04325420466160342,0.013399551599577049,0.1537607938079228,0.0035307568188673814,0.02963860283900763,0.4943510123158909,0.2693267910609449,0.05062551014753836,0.04918361258877036,0.21765347127222984,0.00846697972124185,0.9210803354589481,0.7196690769979219,0.740997800445192,0.15175097153767164
600006.XSHG,4,1,-0.2158162512923151,0.47859963841975434,0.7329743142944555,0.17696554852832092,0.5851068542707855,0.17375159176253396,0.1674327482690658,0.23362198784833083,0.9954849179662768,0.16468636462951752,0.3655088387734183,0.012926429997523397,0.009954905620806628,0.003763891267116636,0.005333143231864741,0.001089431001098732,0.026075355033280633,0.001695986366690228,0.6213960894808167,0.02894044984188953,0.14956876934117108,0.007419847178021624,0.006814849711254693,0.5454545434710744,0.009711246926473602,0.7015058578083548,0.008960817470852835,0.011666817400741611,0.09160166495430483,0.47322169013491017,0.14379037391028537,0.6506024096385541,0.13403961520572472,0.2808472239474632,0.08493538110060679,0.036628039362554696,0.29650219576984277,0.1818218370619485,0.14258547225190232,0.068532112182117,0.5444210683117138,0.05442487337183314,0.0831035846613309,0.5028296823651234,0.0964345972061429,0.045753986088092904,0.15393142444814725,0.16599529629398466,0.09270767810797823,0.045753986088092904,0.6662880633623012,0.08232448733950438,0.0002817138358415782,0.009443943717512802,0.04774262452779511,0.015498487752086563,0.07141626547271049,0.010248540337683475,0.029641245425114753,0.5250836342911128,0.26926333055158286,0.07396769213194261,0.034673112085428184,0.2508430390890206,0.013509601004965005,0.9067439746630497,0.6889152403697314,0.686915949544906,0.5831838588316158
600007.XSHG,4,1,-0.1955042200891949,0.37236254587164513,0.31581889264469704,0.43448277815976327,0.658090072378545,0.1905488896168272,0.0,0.4337547873696076,0.9020069568180242,0.0760227156273384,0.4767272663205937,0.0008525304900010431,0.013905948845267802,0.006137569509887706,0.0006283286163385879,0.0002907269592623894,0.0023529728121499866,0.0013943082362800883,0.6169800321171386,0.022917862804268593,0.15224587543053184,0.005772135357721273,0.0026036514136767597,0.363636358677686,0.0017687846501834136,0.6989814337701787,0.0012963311363342535,0.0021027403454824995,0.09132258896523772,0.3490445636591176,0.044582594038565314,0.5502008032128513,0.10757150329863191,0.7087657414698095,0.06788608723321704,0.041674459062669394,0.3065662644606261,0.1814252496288226,0.1387794840598247,0.19088788607719986,0.5280983996814118,0.01956206577192441,0.13275557232389723,0.5331374184522173,0.12368021297272513,0.010101913597660946,0.16146950228998402,0.17123213333944148,0.11958838527820785,0.010101913597660946,0.7449826298206192,0.05311043496426345,0.003563240373909021,0.009076060513217521,0.043957597993561276,0.015350560117163313,0.1454735012454287,0.007563157952180215,0.029595814738596845,0.7240877846809257,0.34343289820058315,0.026548106333962585,0.04663391592381689,0.12983957795004306,0.008482682299455644,0.9048319864793852,0.682836893547389,0.7195435593708164,0.19913525252336978
600008.XSHG,4,1,-0.2637783520846047,0.5570971448338914,0.24219895808962624,0.3364766716252968,0.6234070492807701,0.2160165478222953,0.6927258708118766,0.8114155186720928,0.7799153273928443,0.6104235107129666,0.5556196040927015,0.005657180484905745,0.013978315346854755,0.00593070026342633,0.001077842537733965,0.01841312446578043,0.008935269564473722,0.0018766447207945046,0.6240151006914275,0.028714058811790576,0.15149066108465403,0.005744128220195429,0.2145726926118456,0.4545454565289256,0.20043461826200615,0.652626973568802,0.07578549866861613,0.10405173193452112,0.09062449965831425,0.3891893622319502,0.0990928667274587,0.08032128514056225,0.11549493972601654,0.6310765127569169,0.08931264156420159,0.08966806395611199,0.29518227152454135,0.24650753353946875,0.1399506573388759,0.10185604969110926,0.5129907404782883,0.04634225310390157,0.07342800320257999,0.520851694164018,0.103955448957791,0.006172624435486143,0.13420163444577463,0.14683969769564356,0.07402830494012416,0.006172624435486143,0.7168678288853289,0.11336505371990582,0.00019316299280856304,0.009013887788906827,0.0576240344171993,0.016396001786097153,0.02085123140586565,0.01219132405502921,0.029483047144027656,0.7014879530029063,0.3336465479332217,0.0455184366487554,0.15132001821638952,0.22238150428129907,0.03404064724531913,0.8777747795088835,0.7320496660917257,0.7012817093683079,0.5348721011781122
600009.XSHG,4,1,-0.1578019298274624,0.20029443355075605,0.46530031939073324,0.4720475447697725,0.5988769163513322,0.12237698143251033,0.403550160529106,0.38659996397849633,0.6302835856153166,0.14336194378326952,0.6339093033562085,0.002284974285040448,0.02054657449189009,0.00795769163689283,0.001655816282711415,0.0007806110202639357,0.0017522408976902667,0.001008184224414707,0.6308721538826702,0.030978482025000822,0.15519396325842766,0.01801805575509553,0.03477850153647746,0.6363636304132232,0.025620174797894652,0.6985355464963724,0.008462598732295122,0.01908293388803473,0.09161204715468824,0.6733659549717508,0.11405910855664314,0.18072289156626506,0.13870592436138826,0.5172410607135415,0.09401226399350553,0.046395181793499225,0.3108101430266886,0.18187929595099062,0.1395529003761793,0.14882607346890533,0.5318427242963106,0.10536617653632686,0.23282257918827082,0.5286903503182259,0.15039632122829033,0.012604094461782539,0.27025077249713625,0.281384930973451,0.17955063369486532,0.012604094461782539,0.7154807852980392,0.0537799269304208,0.002529578965807735,0.009082553756722397,0.044532370076708384,0.062498119314399636,0.04479880626553552,0.08132920428184044,0.029478957946350554,0.6781912151006328,0.40354732567485685,0.036161280640742866,0.06338905660089511,0.15750478162841364,0.0070190524615660705,0.859689892204343,0.6359432355932957,0.6653640091573303,0.4347871251830683
600010.XSHG,4,1,-0.1912214662324139,0.5078617915499101,0.35758253926748673,0.48052774085316885,0.6206197355453968,0.27062548222902433,0.642458032276522,0.3253819131376068,0.46918038286209574,0.34623562146035103,0.7113546762534677,0.006577784928416879,0.01653357143787898,0.007251892755423671,0.01441947722357788,0.05109767248563774,0.07152009964530157,0.004167166783570177,0.5978340027390178,0.011841053139267196,0.15198248856802882,0.006777400400489443,0.19010610599614042,0.4545454565289256,0.07313753633697087,0.5150883207084077,0.06392117735754473,0.017997648548430858,0.08760189387474292,0.2558608672232254,0.05997107287667743,0.9879518072289155,0.0933637349446802,0.8766100776204472,0.0721488184988994,0.030312420450606226,0.27985487910109763,0.15084562267634566,0.13887697351146605,0.12409114319968961,0.5389379462681982,0.039358317463788345,0.06754479172495151,0.523996856283194,0.10222192979203862,0.023060867115134588,0.12055228595222986,0.13704181484130687,0.028346291388042646,0.023060867115134588,0.7282539727055063,0.07982731341216281,0.00029728380081346103,0.009181381339592235,0.04117898326156047,0.014920195000619918,0.06350827348217879,0.0067129229654515786,0.029752043339523682,0.5042241277029372,0.27071455170892733,0.04991121828147777,0.025468248416631666,0.1906990202411714,0.02053942094873482,0.9055909232932355,0.7082669939410025,0.7300554773667658,0.18035057154680356
600011.XSHG,4,1,-0.2222368933565216,0.21578739599273078,0.4489924423916299,0.7222980585909287,0.6409527654555651,0.45144301725141567,0.33683166216505683,0.4610968676132786,0.1496334981062386,0.30098322237841196,0.8764161892013864,0.037120998784910125,0.12189985932392461,0.05130928370481537,0.04645983253136236,0.14953904366069648,0.14823670377314457,0.01232330259496758,0.4808170594266093,0.20784637205392498,0.19464485571297163,0.03695313324422014,0.0711502000921838,0.5454545434710744,0.07466225934166006,0.6970495655023938,0.03083543372520464,0.0100841096138193,0.09169975448125724,0.5847200830997421,0.08395405207415485,0.5180722891566264,0.1258882325736444,0.5396761520132963,0.08733948580841774,0.04090319165498219,0.33573978669156146,0.17864199540585754,0.13916424242896916,0.13999552832832987,0.532889535258894,0.04164112013296864,0.1150294480425545,0.5527249453350429,0.15326405174900232,0.04677109868271286,0.16150424707336544,0.16976310216184157,0.13387286129805326,0.04677109868271286,0.7588483915786473,0.0562409198598014,0.0012603837747328483,0.00903871750902431,0.0423624306698489,0.014471914513204464,0.17063990020311887,0.002795502769576559,0.03072157821475552,0.5644513512884172,0.2882356868811749,0.025374175903014967,0.044357073395598086,0.14198190581142017,0.013455165400490519,0.8837450824445043,0.663587413205962,0.6885887202182128,0.367210089151898
600012.XSHG,4,1,-0.1472015326775966,0.2521140717234168,0.7355152544274839,0.6095915407339281,0.5803650941322306,0.18304112152641439,0.0,0.2839824685576796,0.9846606641205755,0.0,0.38996810172032054,0.000892360997346488,0.016908704373901406,0.007149759232362686,0.0007028204121445357,0.0010139124484394115,0.0018938132283956902,0.0013134147948431994,0.6180828077442341,0.02900758962504449,0.15379886930046965,0.009363232702467507,0.0031639935239008918,0.5454545434710744,0.0022411572500013795,0.703974495479471,0.003989216753449212,0.007235235597359139,0.09138777507865252,0.5237830003845743,0.1637451352574558,0.4497991967871486,0.13496325849758414,0.29538886704534134,0.09297287516206136,0.04253757467684586,0.3068121383188298,0.182831143508591,0.14173276451487948,0.054833370650939,0.5416066851249998,0.03034813442024066,0.11401141373501798,0.5299586929486702,0.13406078822815332,0.006979747214734902,0.18707045586852572,0.19626681941892743,0.14213145089656698,0.006979747214734902,0.729983395206929,0.07769659330563566,0.00031291954567041515,0.009068108729962355,0.04373742479944319,0.02154193238724041,0.10686909086474988,0.01266498840332602,0.02938718392759733,0.8046345095543238,0.29599917104153156,0.04109541381933314,0.0512842698920149,0.17395057506206618,0.0036980319435305376,0.9102936686029173,0.6618791738534342,0.6751682672630726,0.4548188451977544
600015.XSHG,4,1,-0.2155343626383336,0.718114095648349,0.7723005554667476,1.0,0.6128153239564709,0.27243815717827957,0.5841869404838703,0.40549421374823175,0.223334319804626,0.18391479126101892,0.8339274638270074,0.0,0.013684344003226122,0.03491249719939984,0.0029840589171838032,0.008062098247688082,0.03299431846034853,0.08441876236583812,0.6194366714067405,0.03405722643328724,0.19093680356257126,0.03532688790241662,0.16102234469657778,0.6363636304132232,0.17772331010559075,0.6438038735626205,0.09044730972575872,0.0277199963823822,0.09053888648443033,0.6731152442665539,0.2164618813041774,0.1967871485943775,0.15310013426426738,0.19318672948026844,0.10695168888360745,0.056741309780983504,0.3617869447136268,0.22493387625138925,0.14454696001892595,0.4236945943254213,0.7236376726900497,0.6856462793639105,0.31401762407375483,0.43163628404194365,0.20096463666158915,0.031769511381482776,0.2089831893460956,0.21607344496252248,0.17680369044125774,0.031769511381482776,0.7116515166918486,0.05154028217855038,0.0010165370293848852,0.00907531506780755,0.05305644375124136,0.029247760156912796,0.06504798281099847,0.03229344616550119,0.02996043969994048,0.70283075879061,0.29599917104153156,0.03579524191088613,0.08051611179453495,0.15319450777727112,0.019593078901716816,0.8741256692846289,0.6298151342267042,0.651538236078508,0.5819520613455536
600016.XSHG,4,1,-0.2272661638342715,0.9075309215040624,0.4432650053831682,0.6118394806240685,0.6451256280566958,0.26248968653576793,0.7652303776007519,0.7762379368729562,0.0,0.35051674765119095,0.9999999999999999,0.0,0.013684344003226122,0.11920813746954047,0.0029840589171838032,0.008062098247688082,0.08876375345829011,0.18124454055144107,0.6194366714067405,0.13919344026515937,0.29183303111575787,0.0796503727617282,1.0,0.5454545434710744,0.8430045885017895,0.620385746968285,0.06169946228398102,0.033146423080401555,0.09229755764539879,0.5725382391176991,0.1461265627368939,0.12048192771084337,0.1527700734303005,0.20108017768214526,0.10516349701908494,0.07990100506701397,0.6026195028100838,0.4170154362011829,0.1434381799889252,0.18065207342977618,0.5673388921421818,0.3642808982144854,0.1740976490381086,0.5544917202824334,0.19230522191534458,0.020821848662852412,0.1677559586977196,0.17848952413178168,0.11459734074263159,0.020821848662852412,0.7297975991408977,0.05154028217855038,0.0010165370293848852,0.009075136314439658,0.05305644375124136,0.029247760156912796,0.06504798281099847,0.03229344616550119,0.02996043969994048,0.7372147923751695,0.29599917104153156,0.041295077217426396,0.12810214125041205,0.15860138952221717,0.030834629419154155,0.8577344093962591,0.6463972181681483,0.6584894101866057,0.3282766842802486
600017.XSHG,4,1,-0.212343319729496,0.3071384741737221,0.7600857919291644,0.523881196155465,0.5416954417147504,0.10913489107318597,0.09021822760454279,0.2934127369911711,0.9512210436280835,0.0,0.4334262890433181,0.0016960882784023217,0.015815574669127613,0.006797011936688571,0.001295466723365451,0.013091118040113613,0.0012172354103631975,0.0013547361664316472,0.6155202817852619,0.022974615848367432,0.15294411049735446,0.006842948644450916,0.005228267629308649,0.363636358677686,0.005052012504144119,0.694578821031231,0.005843391055890175,0.005833408700370806,0.09118569209842672,0.24807842174955697,0.0910311939722126,0.7710843373493975,0.11918424246097573,0.506439283892089,0.08017582630459899,0.03805864444873923,0.30442643592359103,0.18125589214495064,0.13899006127537,0.11859196929956664,0.5224888314218645,0.025931682342028244,0.08080779100447534,0.5247746355241284,0.1126777013803923,0.008559703711408361,0.13523656433453468,0.152659417959215,0.029345348526211797,0.008559703711408361,0.7232152768770369,0.053630681137935204,0.002702659328821457,0.00909220068119487,0.04293403669148682,0.017774189611102383,0.09966044007734554,0.006646322626593749,0.029472171676254842,0.6166949236175254,0.29599917104153156,0.029743386952280494,0.0324919488959767,0.14655414006687947,0.004384608482383203,0.9254519890358042,0.6965193932156919,0.7029861663053552,0.2953645283684636
600018.XSHG,4,1,-0.1769881361156523,0.28583783249527434,0.5795763547110926,0.4942802811846103,0.5917629387411198,0.1239334919853265,0.0,0.3042714064564973,0.28966646439614346,0.031796657623985564,0.7989672022800877,0.026083293396766634,0.042697633964837174,0.01699033425284999,0.0085649471512315,0.04509445064150158,0.02258191252826566,0.00260420768775751,0.6281435607046154,0.09350437129600067,0.16531505821773054,0.026252523440407786,0.00942717573941711,0.363636358677686,0.006608825146039215,0.6653242357459184,0.025224628326552898,0.0012209460070543546,0.09017949452636205,0.36981810670754156,0.10580689992155248,0.393574297188755,0.12005649903616965,0.5085171014445143,0.08692830003342464,0.044749052061564334,0.3064258702529405,0.18230125059654476,0.13982197126270937,0.06865199549354686,0.5396256609026089,0.03244695468498806,0.06074529446038333,0.525097301696605,0.11079152669617774,0.005829795193847872,0.1326404946821817,0.14947756988288752,0.03315920740230035,0.005829795193847872,0.7267430650741958,0.05568859855464686,0.0014141698371534133,0.009043606907127077,0.049317080532468215,0.02148616236243367,0.07633197686728396,0.010919365160484518,0.029125592421832398,0.636926826509714,0.33084649895572427,0.026718373533866645,0.05755927593768741,0.167687433500532,0.0052023389364120355,0.916814311684254,0.6893519747025785,0.6951372147246067,0.40786417189092394
600019.XSHG,4,1,-0.2080376781594114,0.15648219563417054,0.9737813766725137,0.6528562825360303,0.5603570530004204,0.13440893455135255,0.2112638854879948,0.30614613700520593,0.18076705900122855,0.06981768330764901,0.8578504959570363,0.07641992636639339,0.05111208466419715,0.0220495155773182,0.06775355560264747,0.22690028237197074,0.10754540688784277,0.007316664136052993,0.5809432928608934,0.04111162277689234,0.17348186098853205,0.07803389107043046,0.06560452245356832,0.5454545434710744,0.05821939913898624,0.6615874329797697,0.06672303649635569,0.0047481233607669345,0.09277044579545711,0.6860031192502181,0.20996470883455284,0.285140562248996,0.13448430794609928,0.2542585507222571,0.08466449821343733,0.04318376662203063,0.3214427134372302,0.18198757418739053,0.14318990685207858,0.20986737073354497,0.4849446581700438,0.03182709792676604,0.18010007046620424,0.5271786731510911,0.12213242178667531,0.05538258378760373,0.20262129159803527,0.19004955681282004,0.3590021303853063,0.055479681572458736,0.7267676041772565,0.06006514602019448,0.0007422363406196909,0.009071436229388915,0.04370088317285798,0.014223026856415253,0.11553956383944555,0.007122471040392744,0.029471941471588808,0.5045562254183933,0.2830714419337313,0.04061053092393924,0.0565137302221983,0.17271930574555405,0.002520787222587785,0.9105661757395862,0.6631644995798509,0.6764845674692974,0.6695566161943682
600020.XSHG,4,1,-0.1632113848943453,0.32889015965577906,0.9380680512930718,0.667034151864409,0.6337349719855995,0.4857475336267744,0.0,0.30105548868959603,0.9994467564560447,0.055117686981439595,0.3473474644684968,0.0016875200915676314,0.0166062156409643,0.00717813612059012,0.0009661251084089591,0.036779423547393,0.009442568863254518,0.002570877555100987,0.6033762867477306,0.022655030480549825,0.15093084168510243,0.0068625455107514406,0.003481633903886923,0.4545454565289256,0.003730217367809211,0.6998915935394945,0.004455649121172573,0.006014289590304784,0.09118785853782789,0.3232166791590818,0.10773574838906408,0.5341365461847388,0.121657392901518,0.3747401444822343,0.08442809140313892,0.04164019903571303,0.3064258702529405,0.18171415654592402,0.1409749465107875,0.10525303872794547,0.5811578151300033,0.08365792869257331,0.08529235842253442,0.5209232371675458,0.10180417238689697,0.005848883317166396,0.1441065864492891,0.1531546758350073,0.11471794859560769,0.005848883317166396,0.7215057193638063,0.1328287802184213,0.00017213545915602344,0.009085874402108778,0.04401485093918575,0.01777685603509948,0.04463622248408064,0.004085485808690264,0.02943742303110397,0.7518392891002093,0.30313002415976636,0.06579216904130206,0.046548709565892875,0.2390243419719309,0.00733699228330442,0.9206471645055461,0.6948083897218167,0.6998492261950342,0.39205737971036553
600021.XSHG,4,1,-0.1644367849874757,0.38923393739865,0.5409083739232339,0.7595547184337976,0.9088033675791929,0.3874632023550493,0.13589392690777724,0.30480751489917923,0.9271848070541187,0.059274677721553704,0.45617250459545744,0.008771411169397204,0.023477163195622937,0.008689641345625939,0.005511123329092045,0.010324995013171962,0.010226307086677919,0.002330777823103802,0.6165222601964967,0.06382894649996676,0.15355614522852187,0.005441118481868931,0.008682626721835063,0.5454545434710744,0.009644664482632832,0.6897379739716091,0.011058653508851978,0.007461336709776612,0.09079450302841599,0.34482324303872247,0.10143320520117433,0.8755020080321284,0.1178639991251082,0.42417967783562033,0.08117201256587714,0.03643292193163124,0.307509831397911,0.18063725064467295,0.14056939039195956,0.16878547738879174,0.5504095229077725,0.06966003731308891,0.09406752312966808,0.5422011381359699,0.13650919475345435,0.036810167140558826,0.1318826877238327,0.14608147994088208,0.05767122935452002,0.036810167140558826,0.748793201967335,0.059722919815000636,0.0007688734881645467,0.009007922306495808,0.04582227630324325,0.019079152507223494,0.14336434618964586,0.008209415953951762,0.030412974557281765,0.5665897501006273,0.2897388833636718,0.03563192157373822,0.030661568716464034,0.18059244692709125,0.007826164981755099,0.9229923236426125,0.690056830746097,0.7089550662374937,0.3439742019145018
600022.XSHG,4,1,-0.2529619013411911,0.38741191653807017,0.7398666752769129,0.12162638583856294,0.9509522722884376,0.24201732445055718,0.14405503689331328,0.11943766878209028,0.8585114762908796,0.12748478760656407,0.5076854479966787,0.021946686152309023,0.015451478562026506,0.006634417407362075,0.010849293684626534,0.10685541857523412,0.04043049190134791,0.003616821822982826,0.5628974074035378,0.027710420956272776,0.15061971419347436,0.0017909685770494729,0.00849244877915121,0.5454545434710744,0.008271328978834104,0.6908648512163169,0.00951670325931458,0.005516867142986343,0.09138496544763948,0.22440681634105997,0.08830332178834291,0.9638554216867469,0.1172539465657203,0.5213956692286923,0.08258583706450183,0.03588514712464995,0.28878117866493286,0.18087846667171362,0.13840642442487722,0.13730970738407933,0.5256640084817468,0.03053579647276221,0.05671502622481634,0.5155236273378744,0.09908491981059575,0.05588699716425776,0.10655619444016116,0.12200477503611853,0.028830048160968805,0.05588699716425776,0.7014116995432222,0.06024937789727813,0.0007287636113263019,0.008245019656186408,0.04278562755824365,0.014047589007642443,0.18413841865841038,0.003301156796053098,0.028196922280215853,0.46426706200524925,0.25920269851216254,0.028933529004655126,0.02890994205431642,0.1215057696205097,0.007470838069031525,0.9295174049509309,0.7112025120516567,0.7131614177490606,0.4078086552974603
600023.XSHG,4,0,,,,,,,,,,,,,,,,,,,,,,,,,,,,,,,,,,,,,,,,,,,,,,,,,,,,,,,,,,,,,,,,,,,,,
600025.XSHG,4,0,,,,,,,,,,,,,,,,,,,,,,,,,,,,,,,,,,,,,,,,,,,,,,,,,,,,,,,,,,,,,,,,,,,,,
600026.XSHG,4,1,-0.243448506043214,0.4671280256459585,0.9999999999999999,0.35633680886030067,0.46769412604515903,0.5635705303561137,0.05716112282952174,0.16309422884574903,0.8210217617908933,0.060062222411282756,0.5314910243454212,0.0050168944292105794,0.006604736955849364,0.0032466809176092673,0.0036909035729379516,0.01778771034471872,0.007214534135233488,0.0031190618925761755,0.6160742711076591,0.01053856533883638,0.14608285725974832,0.022685651797042013,0.0046356928201846895,0.363636358677686,0.0038599071625945243,0.6886629770028536,0.00579453834903542,0.003255856018811612,0.09093959505807082,0.1934308303804777,0.07346621064433645,0.9437751004016063,0.11046562953339542,0.5641880342757769,0.07203208357132815,0.03913904150894572,0.30446547855926365,0.1811389590748995,0.13818804805320062,0.16163716321464724,0.4991087954098214,0.03621079749377347,0.1876720987271441,0.52054568924096,0.07484767955778987,0.01581701638065818,0.23001879324710728,0.23368278468921694,0.2234073600478402,0.01581701638065818,0.7319663884399792,0.05988220633730665,0.0007562034999412451,0.009126737093015196,0.04429293667507607,0.016120128633433716,0.08159262453455773,0.007982260877497899,0.02811718292551233,0.46125600575709963,0.2603965736775541,0.02921258976281054,0.03850830530058588,0.15347222222222223,0.007956870251839445,0.9325105452273081,0.7153017336694529,0.7245209433000714,0.27963810172200987
600027.XSHG,4,1,-0.2574499798825656,0.24827078630466284,0.4594183214042605,0.9078424327827017,0.9999999999999999,0.6766109793831951,0.287944759260203,0.5329758910604192,0.5433018452867602,0.3471668306981942,0.6760479201517527,0.023313252819815382,0.0618642639714377,0.025876137713444134,0.021412845169198273,0.18791657712598858,0.04502718674352296,0.009664108063630081,0.5124081885999294,0.09381801338676582,0.16388620108702845,0.012014084319926083,0.03179007479671963,0.363636358677686,0.024655082598019604,0.6844309926669547,0.047364377614039804,0.012028579180609568,0.09173289524217047,0.44691990615831845,0.11108998188945682,0.2570281124497992,0.11926791057657213,0.4594933369195533,0.06165898295316096,0.050630596014266456,0.31795547250241984,0.16824261634107468,0.14021842836605078,0.10397490066955112,0.4987888100928605,0.03290457903787549,0.07673688925285782,0.5569510009918061,0.1315815720942231,0.0458694354770387,0.13613199300436887,0.15088530524686294,0.05526278330585859,0.0458694354770387,0.7621681816641486,0.06327362714206124,0.0005680780727912873,0.00903637918467652,0.04354653767428508,0.01389705919990275,0.16401650484037783,0.0018004291604566663,0.03037952541065986,0.5621050448914058,0.29599917104153156,0.03859018823479323,0.06779449125330862,0.1751071908091402,0.015195459711670755,0.8952747084972519,0.6633745743222326,0.6991930564834055,0.3311874950490738
600028.XSHG,4,1,-0.2138554669785898,0.33025897954673233,0.657077463633178,0.7346345473035081,0.6462274804425798,0.20947757648595233,0.09369480452489476,0.4224028834792303,0.0,0.13287172476734266,0.9999999999999999,0.8038337680420022,0.46167656894724945,0.23371508598103985,1.0,0.8172766419703332,0.9242915794912004,0.044670684542042476,0.25118667179846327,0.3034105220514847,0.40147304028119146,0.5163495309775334,0.11765712193024963,0.363636358677686,0.10518707414085463,0.5838371733901083,0.09036595009627815,0.0017771547436013385,0.08668678641565768,0.37067242005296647,0.0382972098081159,0.393574297188755,0.10000118584730765,0.8113836478633075,0.062439899642273644,0.04441926275255149,0.2866766127699338,0.1433882030505786,0.13714556085031598,0.08347316364973752,0.5262954354524231,0.01907096026464612,0.1701088105158661,0.5264369464450434,0.14446259948500956,0.15870156242938493,0.23099198653729702,0.20080332454182356,0.5451042886827157,0.15870156242938493,0.7178517300651923,0.056169050714364094,0.0012783175949486938,0.009063838114607033,0.042412559977077706,0.013458983941681003,0.3710829317698685,0.006012338255551506,0.02941686670793769,0.5446247295815347,0.2757051562442514,0.032606193156584556,0.055266064222874924,0.12090022863150429,0.0076404259137405044,0.9046411427191774,0.6964530538233609,0.7295009677513051,0.22151518114492347
600029.XSHG,4,1,-0.2454967419999963,0.5305783185596877,0.7031277425310524,0.8478561700947675,0.6488193662551647,0.4871594206671338,0.3521785678624418,0.1761849123400401,0.5128949653959336,0.1181046334233734,0.6905546126466446,0.03031445478349404,0.01479755182888828,0.004058655909224222,0.032803433752871446,0.11740504811853102,0.06073461984697775,0.007282384198024737,0.5376462496739264,0.06401606029039389,0.1498064318972242,0.014089995844916953,0.038789660946179215,0.4545454565289256,0.03720570090898708,0.661882517496965,0.06467327352023591,0.013792167857465858,0.08728542158751038,0.3031511373473246,0.09064735786427494,0.8875502008032127,0.10984833012934958,0.6871621878269046,0.08429616546675174,0.0354715907693592,0.29279508157999456,0.18389359249560538,0.1382660396145137,0.15940704377657067,0.5217493019827129,0.04901917887232047,0.09359850802514687,0.5335400987694925,0.09883322097399791,0.04914508428347553,0.13444482182517453,0.15196545878882323,0.02788692125791605,0.04914508428347553,0.7454278392618638,0.059311895403432825,0.0008039661818437857,0.00891819579233851,0.04255780304881169,0.015277688569772789,0.25609781557604355,0.002421866066777236,0.029316501560020747,0.5410553721656652,0.2770216698173058,0.023797701181551664,0.03086195724756044,0.1452743419719309,0.010865286833762039,0.9095436082430302,0.7325499756755565,0.7307288104712539,0.5920658841490279
600030.XSHG,4,1,-0.2752518085819498,0.961208075723587,0.44908157961319517,0.12957571750363395,0.4428547188153289,0.1372379512343978,0.7189553613489665,0.37361188497084297,0.04387792110395794,0.15579250430703606,0.952492298740648,0.0,0.013684344003226122,0.014848680233624258,0.0029840589171838032,0.008062098247688082,0.0031766362649745133,0.0038111434795177514,0.6194366714067405,0.031083333652526107,0.1515681507885451,0.04351657027970158,0.5817736809599409,0.4545454565289256,0.5667244472963718,0.6499998707642335,0.09778880924975088,0.04096952157004612,0.09113668357607879,0.547804233887175,0.17518444785591358,0.40562248995983935,0.14787515926588143,0.26090571902855864,0.10848252955037921,0.049774071730705104,0.3380830416559904,0.2709350785152261,0.14260886972029624,0.29204766251293934,0.48032494868273795,0.21003489581513624,0.21950799181640987,0.5030846998502013,0.1207033433299199,0.005477166154707378,0.18767670143520493,0.19703781062869408,0.14097573608563105,0.005477166154707378,0.686129680979975,0.05154028217855038,0.0010165370293848852,0.009074566606619901,0.05305644375124136,0.029247760156912796,0.06504798281099847,0.03229344616550119,0.02996043969994048,0.717282276405095,0.29599917104153156,0.03431240764938152,0.061832643827734304,0.18741956731012818,0.02389812765448346,0.8633265753930492,0.6669513732254218,0.6745147380734222,0.6319681045989071
600031.XSHG,4,1,-0.2502859482620122,0.8477695785858522,0.23568220145647248,0.45808269408557184,0.467013388233701,0.20155275034149225,0.45975150616449173,0.22118064417661829,0.22925007398534697,0.2523199987625126,0.8307091754197575,0.039052220277663405,0.048947596740941714,0.01927506309760585,0.014670726180908863,0.035922681900386604,0.04351657740433651,0.003484194984106608,0.6687128922824878,0.09693390927482384,0.16832267132396597,0.02486064511905862,0.13625312625213923,0.363636358677686,0.17066508293209193,0.7008081665988213,0.0034345764503843994,0.014515691417201772,0.09097575662284647,0.23151891320144163,0.10025939044100457,0.7951807228915662,0.08647989132368228,0.7129203499849605,0.05852731691118988,0.04140348926736203,0.19377855635154562,0.16856670490945438,0.13447824945340914,0.04231792329577499,0.5257292418634674,0.03740132759517109,0.09072390640519841,0.5048660483723846,0.13902531279150546,0.030159091631195935,0.17052392496807905,0.18537184491818154,0.07743527798254606,0.030159091631195935,0.6387610323717511,0.06750090097874034,0.0004455197497698337,0.009074482439006491,0.049289113655803726,0.015249857100019963,0.04972851279811491,0.01675157932777119,0.02918480814515653,0.6275177608519443,0.29507715805151324,0.045395294365793676,0.04598595177439714,0.17200388230227492,0.02519321648621164,0.9483834202042296,0.7885404228030608,0.7767610301204342,0.31211518948435385
600033.XSHG,4,1,-0.1609377964138603,0.29285587797343277,0.891705051073934,0.644005118822083,0.43585809826396804,0.4476705129289804,0.26373943944702916,0.2585678868844167,0.993491923961505,0.0,0.37126191329143166,0.000897181855725155,0.017414123470140177,0.00779722211456032,0.000703320406017091,0.003922690108243283,0.005269922753187054,0.0017435940977367636,0.6128833772096748,0.03405332360848919,0.15376576574060005,0.0070272898118246795,0.004397675507964074,0.4545454565289256,0.004890130114692936,0.6983855717098124,0.00392222974806373,0.013385185855114405,0.09121370061285067,0.4509778949751757,0.12648415399340412,0.7028112449799195,0.13316867623865045,0.3190692116509718,0.08597575025634376,0.03970314148241283,0.3082846238275245,0.1817666720401071,0.14151698786191333,0.09174382393626104,0.5243138584047633,0.019882559477230576,0.0758227449620343,0.528428025971957,0.1166665883371532,0.004552773147310945,0.1394829198325599,0.1536735520247589,0.06284676414431908,0.004552773147310945,0.7373977099174202,0.1832501448499881,0.00014656592223413233,0.00903160164450949,0.04334127135310608,0.014976211321619158,0.12011699011601461,0.0026124545254646646,0.029472884084777533,0.8286470039685401,0.29599917104153156,0.058538888700208666,0.03923667225569246,0.2060632473273547,0.0044097326075252736,0.9144265455681642,0.6686292070231308,0.6824996765360576,0.4879779164240349
600035.XSHG,4,1,-0.1950586755347395,0.432543359527212,0.7259045257783361,0.5512054854337214,0.5760188707475828,0.37865147252044795,0.15932508583718552,0.3895141146213043,0.9684036464896697,0.21214651850333635,0.2649779838173038,0.0003878403245515324,0.013417601217245346,0.00597066589503282,0.0003094612293199358,0.000589357136376656,0.004427885477155652,0.0015412339727541595,0.617655164022894,0.022159838257385912,0.15199082555731624,0.005364930753605203,0.003591148507721447,0.6363636304132232,0.005323064520723697,0.6924606103264528,0.008471833882591708,0.010943293841005697,0.9999999999999999,0.7382691855992195,0.22685875963631594,0.05220883534136545,0.15483674176593742,0.16825907838936288,0.09855099672483698,0.053459620782201005,0.3064258702529405,0.18290673808200977,0.1473975515849185,0.11729555487334517,0.48698252288143784,0.06168554769394086,0.10232450068684369,0.5301254660332126,0.1206768853609276,0.005699472208275526,0.1563961896223571,0.16126936949806833,0.1625547340967943,0.005699472208275526,0.7352651450085712,0.20047263816472033,0.00014179899087576555,0.009061304038871702,0.0437718557183556,0.019932440311884653,0.02270597979453105,0.009639680235440904,0.029496597889694488,0.8073245564915401,0.36667793772032337,0.06913004315829893,0.0752465943742363,0.25255943785783047,0.01534440988215589,0.8700682421780688,0.6536033346601213,0.6517904059274438,0.7677920233337306
600036.XSHG,4,1,-0.153848453741104,0.6764447080109106,0.5862641870568942,1.0,0.6098312448959291,0.25838364423772925,0.5438673904045483,0.4138022456091235,0.0,0.18431388093438025,0.9999999999999999,0.0,0.013684344003226122,0.13446262796968608,0.0029840589171838032,0.008062098247688082,0.08685158579298863,0.18483307050556258,0.6194366714067405,0.04748785745897681,0.3140173692722201,0.14913431015228443,0.38628883860716534,0.2727272717355372,0.34088016375160995,0.6172637556334223,0.0806031490360269,0.01546531608935516,0.0889286661881009,0.3097346965001021,0.16517723221954334,0.321285140562249,0.11777176655673421,0.3282089397484239,0.0814724458021186,0.051963949310468854,0.29105048543929996,0.20256332504491037,0.14151958758062377,0.18592283298837697,0.93603942307557,0.6875535757672513,0.27468676912865314,0.5279347726939867,0.23737115012617144,0.029245050810722515,0.2525744748949884,0.25733899975350305,0.2281004634257348,0.029245050810722515,0.722432362636528,0.05154028217855038,0.0010165370293848852,0.009081764171293668,0.05305644375124136,0.029247760156912796,0.06504798281099847,0.03229344616550119,0.02996043969994048,0.7521364583414187,0.29599917104153156,0.047166183744601145,0.06918498562129824,0.2169324270405837,0.018471316623796134,0.9170229083523882,0.6930697448144709,0.7079701515395564,0.30791856273727325
600037.XSHG,4,1,-0.2392401216466085,0.5879426578207172,0.6101427995227664,0.5018455418278841,0.5977386197505912,0.19331987611549922,0.3138042601429163,0.19228777040633763,0.9864903195552275,0.07076358770788335,0.38663777856784354,0.0012361025852679027,0.011280064155397021,0.00429364293081991,0.0006779744496959242,0.0007646384443572248,0.002738727706433474,0.0012104398880818023,0.6235150613488002,0.05008916696375765,0.15020178120568822,0.006415046544632208,0.013929493484574187,0.5454545434710744,0.018117187683925912,0.6979103238499547,0.005435388507572774,0.017997648548430858,0.09125153852474316,0.3222043635300045,0.09099610112323364,0.9397590361445782,0.11575977895806183,0.5147485009223909,0.08110951287448845,0.038139619502291486,0.2979075024182048,0.18260333749543897,0.1379436744944197,0.1970777778609742,0.5396058597066166,0.1263342321997115,0.145544175303531,0.528780923278921,0.08915534848713508,0.009079236191098178,0.17162207939879986,0.18203319359769837,0.12024868013922652,0.009079236191098178,0.7393187711284599,0.06422344335114176,0.0005334248381564448,0.008449959021667727,0.045405807295555524,0.04269967483976666,0.0337888358151378,0.030775439578862095,0.030033071474753835,0.501935481009444,0.2948301292589351,0.026020786638363547,0.03717563910437871,0.1368427635912246,0.011239008195250344,0.9222910837795231,0.717604263411614,0.721195205868296,0.5136206010549477
600038.XSHG,4,1,-0.2299883312178199,0.6067445168271697,0.12719712135471634,0.3227877004486849,0.5835377469283628,0.17369898495987782,0.6221730283756792,0.5911165401913684,0.9563455717245128,0.5072327269000748,0.42797453377960504,0.0024474534476594694,0.010832097090216923,0.004864652632146899,0.0010994862805154269,0.0002548401881525208,0.01011377065129145,0.0013363601397761707,0.6203086003615202,0.02223092591843939,0.1510025051704144,0.0041669715624773705,0.06607700624986201,0.6363636304132232,0.06812374565408774,0.6954509162970086,0.008245777219135284,0.058560188116125525,0.09140569989785223,0.4298206128601544,0.13937469734344676,0.1646586345381526,0.12127331013464636,0.3506440310481788,0.0775282998429846,0.07606365139975987,0.3085040632945529,0.18037690849329552,0.14145979405028375,0.19046720756664173,0.5318427242963106,0.03866825593460748,0.13317494864664858,0.4835637376698725,0.10847889132754773,0.02221206962291709,0.1611333837093536,0.17060028055202903,0.12216753782646624,0.02221206962291709,0.6507700019981841,0.09174177081978482,0.00024039871503711316,0.009104276677507114,0.04846303544036484,0.01393627383716125,0.03597655763576577,0.011786920147230366,0.029994376658493516,0.5406201522881477,0.27775808425570075,0.03466478015332498,0.11396683322417106,0.15084082244008715,0.03446162588981277,0.8987152220533723,0.6917650700986244,0.7078935764021832,0.3577407755689819
600039.XSHG,4,1,-0.275168393403078,0.7241441590906016,0.37389676808760425,0.6046483749227298,0.7123003404524934,0.7200884228155161,0.7696184631881011,0.5805667835197408,0.9755953734789098,0.4773069954773703,0.40424620719470866,0.004182008377485846,0.015993000970313684,0.007062889285975077,0.007647105178933943,0.029537206312430092,0.03516086219959627,0.002762248349286554,0.61024413977585,0.022332574510449062,0.15170981493306315,0.005698862823566215,0.06829922891860944,0.4545454565289256,0.1579611377308715,0.7496200231249167,0.03926100066514351,0.21456995568418197,0.08501926297092238,0.4156237109852259,0.11660367341260688,0.2329317269076305,0.11153684493465321,0.46281640777785416,0.0854458689051938,0.054701040513940535,0.2170719226580843,0.17887924944913555,0.14023922611573425,0.0910973074884559,0.5715307148714218,0.14018005574630424,0.10186177279527896,0.5549092150600351,0.11393114766140275,0.06085391916509163,0.1581424869731209,0.17623429658134548,0.038366550856620586,0.06085391916509163,0.7524413486223631,0.07093158939679803,0.00038533619908354166,0.009063724337540045,0.040952873702112653,0.015005691905008741,0.0732908287597407,0.007298350701775889,0.029651195987750074,0.524825274465733,0.2758457037527159,0.02840763118155004,0.07791079288092942,0.16601330939352485,0.03411601962074535,0.8698800613540498,0.7938282252001243,0.73931710820595,0.510193976649356
600048.XSHG,4,1,-0.2400586755347394,0.6677476029473164,0.35712097360712497,0.42860573011299197,0.5932049928574353,0.3792051997937669,0.63233966458967,0.45244089660930653,0.172416594144927,0.3238684241565266,0.8627280731514605,0.015567795151104213,0.03318535778598921,0.014354667452602908,0.03206261174334445,0.11418411864398054,0.3405034117507283,0.012627718574358585,0.9080926315129609,0.010239536447806858,0.16153807374499612,0.03503778785775958,0.34400234078737696,0.6363636304132232,0.3112090368939239,0.6886217152654921,0.02387373094213237,0.03504567242470833,0.08991160150538552,0.41147361197563137,0.16131602724951596,0.321285140562249,0.1303661237682011,0.28915644097776505,0.09915581663627118,0.046605341599801474,0.4047143221617993,0.21072883111729918,0.1421448199304835,0.16306489374626976,0.6592578531844846,0.1971368184604083,0.16822338791604258,0.4991740035047239,0.1248568963305408,0.02131619627672754,0.20420824848466668,0.22649135747195825,0.029518175603443497,0.02131619627672754,0.7050563406120988,0.0794609145315778,0.0002998026865846809,0.009067298582413084,0.04165033066874078,0.01596234915081035,0.018032435094891653,0.015870146825483603,0.029365800774654234,0.6571570661412242,0.3209445181897092,0.03554631672461677,0.0552609514290774,0.09897297904950095,0.024278578692349104,0.8755893965431538,0.6723027508734689,0.6796003834037911,0.5565301078243191
600050.XSHG,4,1,-0.2289475644236284,0.34411484908760703,0.689245625977254,1.0,0.5769388364097767,0.14552578239512443,0.43501046784839625,0.21940631944697653,0.20816973863194288,0.1077128333239877,0.8422871531835711,0.24430776794664433,0.07179723013513373,0.0302815348411978,0.07834841634511718,0.6446217163002712,0.39021421243151494,0.01877177863416271,0.0,0.3586912244289158,0.17607094383800118,0.03463250617119366,0.16204684361857039,0.5454545434710744,0.1890370912732505,0.7025914984707394,0.31002588390562086,0.0176358867685629,0.10330776920564429,0.6125855468472418,0.18218411509254565,0.5582329317269076,0.13865783166502182,0.25924367030455836,0.09784270438784194,0.0396878315309749,0.31667521769525525,0.21572100305713934,0.1421305214775761,0.1428870590514275,0.5219135916012372,0.03765580622783718,0.09632660934668609,0.5546479746986682,0.1196157815518678,0.07016436101709295,0.1424290216414579,0.1624337104502598,0.009684943130083919,0.07016436101709295,0.7604305794617057,0.07957380498244108,0.0002990195044788555,0.00894220494676565,0.04949437997698272,0.013707196961073358,0.273222137112076,0.0005185046645469046,0.02957933262937201,0.6303342156007199,0.2768534800010824,0.02615956951875872,0.03972508837608391,0.17614782831737347,0.006846623197942215,0.8863964792433001,0.6704728893016676,0.6622019840882145,0.4814659741632027
600051.XSHG,4,1,-0.2782222336409088,0.6463063532657435,0.5925442324935872,0.21922044384019312,0.5461745694609181,0.2018085531791502,0.6768049218153442,0.37661947898541026,0.853116473572961,0.33728762106590193,0.18690286723114713,0.0014857812947442765,0.010877686494123451,0.0047901000827059075,0.001197081887831006,0.0056053223925825475,0.007092219876579847,0.0013426958253163327,0.6184559416393225,0.02257352452327592,0.1507551820847065,0.004378417581149088,0.07051798935095333,0.2727272717355372,0.04241339006523811,0.7098147142575945,0.013780378633179342,0.1688523107533689,0.09007375414721758,0.3585920448801273,0.0638674811029612,0.6144578313253011,0.040721337741171676,0.9389281787580112,0.023471948737524923,0.04159004184289033,0.309796012883854,0.16524029826027675,0.13971538279558152,0.23417896557529377,0.4957303796783843,0.08573609192300122,0.16862766394566706,0.4919705625030512,0.0984266037663267,0.03218732237227688,0.18143524878896417,0.1877633878735638,0.16555243565571043,0.03218732237227688,0.6821672001000261,0.06187172404744167,0.0006308679069364762,0.008752068388941768,0.04473671296328054,0.01499136389172314,0.03850256457439815,0.009893240732587297,0.029202332305088553,0.5117176714794038,0.270394718528308,0.050630937637972405,0.04582296085599712,0.07561377425647262,0.019599359933002335,0.920447444291375,0.7642380920790766,0.82072440079955,0.26176747963665137
600052.XSHG,4,1,-0.2531734296331002,0.6673673534102736,0.44121442583243253,0.4609555240798719,0.4044863162839606,0.27837386768828715,0.2509884690010404,0.20922062548061504,0.9412868093566655,0.21399752889242943,0.23994454280111255,0.001367453597998429,0.011830349394163851,0.005305725673129697,0.0007038732064900855,0.007974365381101583,0.010833103372179262,0.0015726748193439087,0.6257053960348613,0.02155573109688989,0.15106786697002667,0.004543901609148012,0.004865678368096051,0.4545454565289256,0.00472477640430893,0.6981927844989467,0.003962402662415724,0.013068644297729944,0.0911903819342519,0.4150592045575505,0.14050062242623448,0.8714859437751002,0.13049063773550595,0.2650603275437096,0.09051555170186326,0.0346659876627532,0.3087615024212388,0.18190716410269095,0.14252307900285188,0.04379516909706128,0.5478369756477454,0.0393368224898051,0.05983117762463822,0.5327680204861905,0.10432394580224304,0.008378049427437112,0.13982438978854209,0.15622474919237245,0.042119708197914565,0.008378049427437112,0.7503917492524338,0.13466030067030058,0.0001706636985662515,0.009004298164210259,0.048919475974606066,0.014276826511681969,0.012799546760758333,0.014296334853281509,0.029198459690499612,0.6951154469236885,0.28368268733065444,0.054844376461786484,0.03231862930946153,0.16459124993666718,0.018964975773165044,0.9083923321640084,0.6678082570430326,0.6854082114952482,0.4869725276343506
600053.XSHG,4,1,-0.3473757487054712,0.3477179046544387,0.14539127746765595,0.2722227760667621,0.4519632649001253,0.2070121071573453,0.2785690639758931,0.4977761393632769,0.9767953850706792,0.49323268436144674,0.27497301905177945,0.00018889771512913992,0.010559260981824546,0.004749405674467878,0.0001553254528647983,0.001702888891556643,0.004437201199534436,0.0012530153135150528,0.6198711710107891,0.022155270732739447,0.15084720051396794,0.00358273293224498,0.0,0.0,0.0,0.6963254590057697,1.1175993082556825e-05,0.0,0.09134051696217903,0.933687427520788,0.28240367975373426,0.0,0.13305799715660166,0.3190692116509718,0.15708485448827555,0.06669679609415086,0.37303252785896135,0.19140416117948034,0.16833438621941105,0.07625721886336934,0.5314573157579123,0.02407936206706162,0.052206078697126936,0.5246953440359311,0.10058049132100287,0.0022794247154698352,0.12204936583722176,0.1396671371788849,0.018650745369785005,0.0022794247154698352,0.7330870074797524,0.07576518800050724,0.00032946910592608267,0.009080211868273713,0.045049361537312815,0.013896256060144588,0.00996841810045239,0.013882503232316889,0.029474013313583104,0.5872180634545038,0.2790313823898644,0.04932200244497069,0.07359792453557587,0.22184626272989816,0.03715349644074894,0.7345540824587067,0.41410430763787565,0.5038036719098631,0.6687993477136798
600054.XSHG,4,1,-0.2305941674400943,0.5034245010524029,0.22601600023713458,0.4070842953553967,0.61365036456753,0.3283720237385033,0.6059740692357125,0.30942709868774365,0.9963749375405602,0.19687399091606933,0.36254579081396404,0.003140167981777416,0.010537818900153987,0.004737293491011458,0.000551157769643769,0.003975126463415031,0.001644668880165015,0.0011866868663194196,0.6168087238660896,0.022138964742729583,0.15082538593519643,0.0049881341705646665,0.011372934163762992,0.6363636304132232,0.016365941292741947,0.7005178772316925,0.004463250520648668,0.0731210997558108,0.09115166854255927,0.30064265999347384,0.06961310915184254,0.8755020080321284,0.0892995726996868,0.8172003051024588,0.06644850995910445,0.03828906981195472,0.29823700680046417,0.177718779478755,0.1291358275034641,0.06373524998488375,0.524096397046747,0.03449185535398087,0.11246860305870439,0.5152484156155492,0.09981982471247411,0.010509085977387917,0.18340693040698203,0.19351066000721517,0.13106892752051194,0.010509085977387917,0.6960820400641756,0.058228972497152046,0.0009170756721720877,0.007755007874025539,0.05777257546967202,0.01533898419611568,0.07252243563806929,0.007519569448466654,0.029394874670463728,0.6801993251597007,0.3157695667146125,0.04366736178627485,0.03824501703611755,0.13351557354207833,0.013730334390141773,0.921756721250941,0.7893530803591178,0.7696210586908818,0.443590304779259
600055.XSHG,4,1,-0.2857631428886914,0.6967350115692736,0.16837978808207815,0.318495985669848,0.5424420465934271,0.08768523560254857,0.3898191111050344,0.4616991193053823,0.8953689124549173,0.34512323633881625,0.2091440229237545,0.0009537135776309912,0.010566542599653887,0.004704548506869248,0.00025008619952297014,0.000820082966605691,0.000874561890989784,0.0011322976516048395,0.6179390161452378,0.02367661864761307,0.15076805329876755,0.003745204224045933,0.010332017043095812,0.7272727282644629,0.012765565198346665,0.7011623423858219,0.0015524759232425189,0.033236863525368546,0.09139190743930736,0.5878416137454887,0.12050129403578635,0.18875502008032127,0.14682634320265733,0.41046957239459225,0.10732275769932337,0.057878716281554256,0.3024187934896555,0.18362770215145188,0.1407539704204005,0.08446588442202113,0.5210211808468358,0.03351718579639808,0.08242766808589289,0.5068931402865959,0.09465512472582494,0.011813420611952957,0.14812259786875864,0.16056395055403952,0.08523158165668537,0.011813420611952957,0.6299561684878188,0.07142171059737028,0.000378433737653494,0.007632153590385699,0.05425165123299626,0.016396826342915533,0.05164233637328053,0.015631911252124316,0.02948331548911173,0.6428253032955847,0.2794473796552226,0.03467373388754402,0.07817098872979442,0.17223512628565638,0.026108901118621762,0.8607728195878483,0.6815460395382784,0.6683781649956562,0.6506744935003737
600056.XSHG,4,1,-0.2257879515053585,0.4450219766190659,0.235699774827945,0.4965257420547853,0.6448280560271291,0.27919749859172854,0.4077948906624638,0.36993497990326235,0.9921355991144591,0.23375768837361285,0.37470065716509626,0.0016696397943444464,0.01341301468036231,0.005968493892944867,0.003955961237746299,0.0010110641602998661,0.009794492702372615,0.0013889828189350417,0.6261959591282815,0.026972441373536014,0.1525349019001571,0.00514914577524881,0.016927610736093484,0.4545454565289256,0.016717223060280895,0.6994050781272482,0.0020065562708586953,0.022655331464230804,0.09118130131767278,0.2709779694214272,0.07784955871044466,0.7791164658634537,0.1041556042484956,0.6294144640329165,0.07002976718555592,0.040180154529266494,0.3030350386430792,0.1813073618583968,0.13806586127381015,0.13759625184706045,0.6121093460237892,0.16522599943158545,0.1879336907142587,0.4565946750807448,0.1921405558714846,0.16647668903345988,0.23121160176087918,0.24267345226882694,0.15025591395968305,0.16647668903345988,0.6334956419721494,0.0633475824046362,0.0005651797431133808,0.00905605411825547,0.04102503352067622,0.016991064095714214,0.07271725904436947,0.017651505404328995,0.029307857306703322,0.5219944047910778,0.2796046682796538,0.07409634315519517,0.04716669790006425,0.15188993071388762,0.0155956511335766,0.9140022510687251,0.7195198133651766,0.7467184913113623,0.44649141045724405
600057.XSHG,4,1,-0.1611524255347395,0.6551044529201459,0.32637265498707924,0.4201641359119154,0.9999999999999999,0.3209089081575615,0.4703589811156121,0.22482273700766112,0.9660997823030564,0.3067435326783673,0.26248701774802025,0.0013825277404561952,0.011914119541185113,0.0048367752827501095,0.009765970776502573,0.01466925009382933,0.014093813138034525,0.0016401809376475579,0.6178291650334903,0.03495116045568854,0.15048981371513054,0.004097945539662759,0.007126469470235652,0.4545454565289256,0.005739889041779583,0.698137562161714,0.002745473471466849,0.02762955593741521,0.09110418393329879,0.27986844883766415,0.11789748630126912,0.9718875502008031,0.10685143046125506,0.4889903387643349,0.06588583595681574,0.036774804225615375,0.30737029459017157,0.18065348953192228,0.14020153019443296,0.05422638590623128,0.4910546338115573,0.03791749842804341,0.05168289472289781,0.4410833730526813,0.10603849181917858,0.13575315770855037,0.12939784836598625,0.14828575342463454,0.01153514711639877,0.13575315770855037,0.5299160879528195,0.0594768935119887,0.0007894422096922619,0.008688542951261157,0.03974673618634171,0.01408585058572126,0.20197090341525709,0.008926127530045163,0.02996043969994048,0.47690673432071884,0.26959172895432465,0.05608584177370387,0.03816925285383573,0.21372406520747833,0.02955539271400371,0.9233287412478164,0.710796183273628,0.739240533068577,0.5084215708649178
600058.XSHG,4,1,-0.3489861000691004,0.7993208064741651,0.38954596124753993,0.3730252171223076,0.5585049178793144,0.23285379792190475,0.44768603166829707,0.06197164415078393,0.8020621933559842,0.42906935149861647,0.5428331870406519,0.016574225624512474,0.014171259763005904,0.006177584955796405,0.044065100485009265,0.05153468256334809,0.0745712261821873,0.003607375514306575,0.6109444922554582,0.01554173507237974,0.15164180560841578,0.007725867487391555,0.04318780399855193,0.363636358677686,0.04944252271206271,0.701938490133001,0.0062823644683619485,0.022519670796780317,0.09114072163420672,0.4186288290320802,0.12792961023606284,0.899598393574297,0.12625518643496086,0.4632321766062792,0.0885023754121425,0.03706577442327964,0.3062592972216738,0.18703455393715346,0.14065388125004874,0.32661310483203815,0.46188375310863694,0.0745475572109681,0.21620327893805075,0.4853025698953465,0.1125001544832071,0.6059977093024486,0.19648323796529849,0.19764638051015615,0.22462907783765756,0.6059977093024486,0.7017166855384055,0.062177587439141986,0.0006157570629151693,0.009153869770633143,0.04043522264536047,0.013699058478190654,0.21229820673784142,0.008042954225948955,0.02878884113584443,0.4668728370680928,0.2671683550860776,0.039365425618437346,0.04209404365707419,0.20433307366874398,0.03112490279356344,0.881018235787022,0.7056631727920042,0.7101050135590805,0.566156439789687
600059.XSHG,4,1,-0.098338046487561,0.4121518652720393,0.2569256551109398,0.3355125099315737,0.5748964558001051,0.040790880909045535,0.5658666520825281,0.3781955571890842,0.9847028160096387,0.37620060443523196,0.38989356247450413,0.0010734619772645448,0.012112339967553117,0.00541993363241792,0.0005498185024708931,0.0015728758525622064,0.0013452161234638296,0.0011512556649972186,0.6198984298734492,0.022201115428180356,0.15171363631774096,0.004470804409958475,0.04296154386120426,0.2727272717355372,0.029045598134693332,0.6968442837012325,0.003994126472585526,0.0361761779867957,0.09101497411798887,0.35519620161317056,0.021972154368038947,0.9718875502008031,0.07012442173473649,0.9696724870880681,0.026645897291206894,0.02940429454780339,0.3064258702529405,0.16582364515651155,0.13605107927322263,0.1630543465912682,0.52441412080579,0.02226493123776039,0.10902666969843945,0.5205022094021157,0.12321110621986815,0.017941117374547913,0.1479326370959062,0.16223950921311295,0.06741236779192468,0.017941117374547913,0.6915341262969209,0.06773744166800988,0.0004405518757891521,0.009079592811364659,0.04751888951447918,0.015366012526110341,0.04130297783280992,0.02250778500260514,0.029464465949652782,0.6771206296439625,0.3082843412361134,0.02976127004576154,0.02373313525380588,0.12183462532299742,0.019223245797690972,0.8825902557838974,0.7025894476139931,0.7775571474969172,0.17637670594518123
600060.XSHG,4,1,-0.2571967786961371,0.90675081182982,0.34669827050500146,0.45996550974936573,0.4987745214816077,0.11555382489418978,0.5962621515499169,0.5974813163642614,0.7308702872212158,0.4686853823739261,0.5825544735067191,0.007256251503842018,0.02153351150127984,0.009174770305895296,0.00793152017794029,0.0005634134359292637,0.024375457253181604,0.0015911758370382877,0.6325072826252173,0.038952281521851206,0.1568941681034,0.010571846977022554,0.1348165893331827,0.5454545434710744,0.17012317246924616,0.720652379757233,0.022717734369852437,0.07271411775345935,0.08989561081209879,0.36929919520022936,0.2556503486516001,0.0321285140562249,0.1346345152717369,0.07976704626531798,0.09340599770196718,0.08286636165320568,0.10477000259909139,0.1936478872533015,0.15964742614849073,0.17966845058508935,0.5318427242963106,0.06035191207083781,0.19686864397775325,0.5440288169758138,0.18018120575579188,0.10754989288657658,0.22667512340597865,0.22830829060677849,0.24042393527785,0.10754989288657658,0.7357068488636643,0.06471991197955229,0.0005172992956575983,0.009081665747276682,0.04221191082893294,0.015239394866103645,0.09004042239266422,0.014981017632053412,0.029308433499447298,0.5604512093568393,0.28514480967979117,0.031292732346559236,0.14088385773486328,0.15606388065562143,0.027938027157982895,0.7758162787064522,0.8372777630356905,0.6949048487905087,0.5693554505044003
600061.XSHG,4,1,-0.2761946326009291,0.6939699169471474,0.19791871998102917,0.3207115212275823,0.621590355322736,0.16670029163331285,0.42344363002526125,0.24165445337368138,0.8129198174471939,0.39829478109041966,0.1688404268343091,0.0008511334330949735,0.01065806868251809,0.0047971485745518,0.0011560492719206942,0.0021328419809369583,0.002109851074768895,0.0011788970153565738,0.6178937925791389,0.022182171532485404,0.150845182479924,0.0035522954325278165,0.007475179018134154,0.5454545434710744,0.006965808236521109,0.6925132599835133,0.0025889448451127993,0.026725151487745315,0.0912685317529501,0.32607046747436286,0.08946842062306284,0.6184738955823292,0.10337689784979529,0.6348153524436428,0.07046870336993587,0.042101547380968926,0.3078715258799839,0.1806015676395453,0.13954250150133754,0.04387374942745453,0.5290956964663609,0.026516527795169074,0.03972074451363795,0.5085887335587593,0.10015385657100195,0.042693748696898015,0.12067774307389108,0.13874803538252625,0.013439425832399616,0.042693748696898015,0.6254000750195438,0.0601608599577338,0.0007351649515035684,0.009129633336233633,0.04188277235120697,0.01471902455399561,0.12825823440664494,0.010891121140128954,0.029788757578361448,0.4888666874389445,0.2697087221019523,0.03893024326044625,0.04661476356318021,0.17388771723159546,0.023649727821977627,0.9110224254732926,0.7000409092919382,0.7408129639067051,0.4274698666428244
600062.XSHG,4,1,-0.1124820738634302,0.4141943092783829,0.284614301548468,0.3730510697590906,0.570339758715893,0.065704269503023,0.49466871010336927,0.5158149242256705,0.8765366778515533,0.43913689123839605,0.49539324873204216,0.005224019278747958,0.014142560838549747,0.0061691894950094825,0.001719535631362991,0.002540500864912894,0.004214286000873049,0.0011895501757348379,0.6232465203365626,0.025158022390305394,0.15273224330496196,0.007218645459145018,0.06551054613094802,0.4545454565289256,0.06890141961401636,0.7052314915772948,0.00589526321127658,0.041919146242199515,0.09077255061122912,0.2188681549829019,0.026483783191604403,0.6305220883534135,0.06234723980863059,0.986705663387397,0.05823028266819314,0.031371215284355186,0.2877160862604626,0.17477690672162932,0.12012390259373934,0.20544529484571808,0.526261863881553,0.07392434869409108,0.23313586908803619,0.5236968333508912,0.1557155914548419,0.06685689867179191,0.2521914208368825,0.26614055311743434,0.14074035196817436,0.06685689867179191,0.7003670348700655,0.06569799676800724,0.0004888393555854228,0.009081717563820443,0.047640650963353355,0.01865030800195555,0.08333093152747093,0.01995086987866377,0.029615935171271226,0.6473987157409882,0.29030087873339055,0.04366640303796464,0.028917013377996056,0.19435704514363886,0.024217413411497277,0.9312270099842355,0.7905471894210785,0.8264582942756125,0.29398705681754245
600063.XSHG,4,1,-0.2729904024423701,0.5406328693661443,0.45599384296816353,0.24552886615116032,0.41029649374889765,0.17467410899261768,0.5118494055099042,0.23179837632064346,0.9793258156610076,0.2569226783093602,0.27835032451677105,0.0029240496947520412,0.010496173261639053,0.0046435937751097495,0.0010125506728905305,0.008756909584923766,0.0015411600728232964,0.0013209156177150657,0.6147973583755992,0.024428367967398692,0.15030317396889506,0.0033536745578376208,0.014702065611843935,0.4545454565289256,0.01551264169202874,0.692133879901695,0.004578727944462279,0.03084019173374333,0.0912196759148977,0.3376340513582261,0.07453925272438289,0.9477911646586344,0.11772960309690611,0.5351057746697203,0.07123048364672634,0.03152376511759937,0.3328687600359849,0.17781909137834695,0.13813605367899193,0.08569458772338531,0.5267373438695798,0.020901093354602912,0.044703045048237744,0.5214556744923418,0.09409445947500775,0.009071564115809382,0.11147961638939885,0.12859688404282701,0.01630750708339198,0.009071564115809382,0.723952618497576,0.06571550585285325,0.0004883656168826088,0.009198758798902867,0.05047176954871486,0.014620859458488051,0.09770523153962776,0.00479885269816261,0.028716332114675242,0.4971569330803699,0.25321502425612513,0.057448125622678585,0.02565562818609002,0.19173451195723767,0.016462582999341988,0.9095027765547996,0.6687314802529745,0.7179909324475262,0.480653243368082
600064.XSHG,4,1,-0.212394276441769,0.8211066144004951,0.668816264049434,0.5534553731252633,0.5212861798689178,0.24911653111827958,0.4571242895929327,0.39232346210990376,0.9987934021755644,0.13809972214541633,0.35189164794526917,0.0014188516677206833,0.013502780655390147,0.005880782751360803,0.0011648729012207102,0.02353547152715247,0.010162069448867082,0.0017309284303711953,0.6196829921595741,0.023680803204243896,0.15168860244990795,0.0054760220746398,0.019177919422882172,0.5454545434710744,0.01583485996586583,0.6973828790063239,0.0026592572388352696,0.022203129239395856,0.09119769864789372,0.29873458961314653,0.05919962598180712,0.5983935742971886,0.10649435866083579,0.5916082451578331,0.07949436833625817,0.043319405890487654,0.3078977859391619,0.18230979708383127,0.13835702976937894,0.482265119890155,0.5503192113615845,0.1023715623388674,0.269363092149072,0.5568650851514303,0.13355721648937216,0.028064471865282613,0.19688399071847018,0.2019221059061409,0.1881493109315512,0.02822875657080003,0.7522426987404429,0.08912874347838087,0.00024978732670872064,0.009046246260919573,0.0457720150767849,0.014767020185943346,0.015474188531413958,0.009704666909700857,0.029471004307031232,0.68665055891103,0.3183891620351202,0.04828730176863063,0.04937796060138824,0.12499928750569995,0.020504576179936593,0.921616473278323,0.7108293529697938,0.7250120803880511,0.2972387507602728
600065.XSHG,4,0,-0.04005867553473946,,,,,,,,,,,,,,,,,,,,,,,,,,,,,,,,,,,,,,,,,,,,,,,,,,,,,,,,,,,,,,,,,,,,
600066.XSHG,4,1,-0.01995285542891922,0.34465041457789264,0.26961595831511587,0.38676111260540924,0.6428451898233709,0.1235670521606391,0.4539489248548112,0.5375313470448351,0.7183081461160108,0.25079634245142374,0.5892083435165989,0.01108497680403615,0.015615076379709924,0.0064632036571553916,0.004731899358426728,0.0033931847437289027,0.014370297980663065,0.001339882217093984,0.6270177894079684,0.03753291158313784,0.15334198184537873,0.008560908390652884,0.06298222995785402,0.363636358677686,0.06613016551963236,0.7027483412218835,0.001836636746484238,0.026725151487745315,0.09125987451749158,0.3381459937555889,0.10691431407854021,0.14056224899598393,0.12070146821072769,0.5454928092524477,0.09100791957792347,0.05715348285280112,0.30417050824080544,0.18043883981279124,0.13887827337082126,0.3536690533026644,0.47356585566194587,0.16825143523580735,0.297447852784991,0.4991778175256752,0.16188917557490817,0.12581063914708945,0.2652689814001594,0.26822695863672963,0.2537483197735647,0.12581063914708945,0.6699303673737435,0.06615540010966621,0.00047683715157879945,0.00906477958556615,0.045375202034300045,0.018435227174719886,0.09984731904887008,0.014820228179606779,0.029584786709151864,0.5715013588839742,0.28750842165731993,0.028851377274447552,0.09001625992124235,0.1521921074631403,0.012777412215110367,0.9022897700643364,0.7057239839016409,0.6912133990647271,0.3271778812772764
600067.XSHG,4,1,-0.09255547451041159,0.6710129639794458,0.3620250028847853,0.6935864034962681,0.5541832692634006,0.16645280464762116,0.677762834559934,0.520604721528675,0.9539433531300852,0.3369985517530748,0.4305639820039672,0.0017885683370153032,0.02386837309733851,0.005492273598139516,0.0022291834166817065,0.009881025683644743,0.01776885196773316,0.0015404576105961646,0.6290014285096803,0.18755160206180732,0.15174719340498977,0.0071482445857255095,0.09236288301296898,0.6363636304132232,0.12406213006124332,0.7068223586532328,0.008756998363674485,0.11033734285972686,0.09164812551012526,0.7936227022998743,0.24124258016224534,0.020080321285140562,0.18995956260680857,0.12172787365555245,0.14488543381895183,0.06778779752048382,0.3417647588575299,0.2236940025667356,0.14826585763420397,0.04541814276516292,0.6310110450468163,0.09778522710186874,0.10125647068151795,0.5416600289319585,0.2102673978117519,0.021012054753412238,0.1786852161521006,0.198122603981444,0.03938522333791112,0.021012054753412238,0.715552065549787,0.08369287279197767,0.0002742077230092489,0.008898041350108571,0.04281596898104003,0.017330824339006876,0.027866305878475273,0.013772920736442883,0.029231985117957597,0.5768276739964717,0.3290001095959104,0.03569987082897766,0.09988186972395241,0.1331357349141207,0.028214990728001436,0.7839036159122863,0.607668833753483,0.5945082423893555,0.7432992616976984
600068.XSHG,4,1,-0.2414316732464099,0.5637141535388407,0.5281014089397645,0.4650340431416762,0.5650573536651929,0.3736549109444566,0.383348435374657,0.09447308107165259,0.7554966502420661,0.07815177395746523,0.5692390536858752,0.022718471011065382,0.02793869034415526,0.01171449118616847,0.016266172913860955,0.03756117398740916,0.08472930827824289,0.0046486432957133636,0.6405919924256569,0.046397514844959284,0.15690493014346873,0.01073506100193486,0.03441562469910095,0.4545454565289256,0.03437000830342247,0.686689575253459,0.012404242422647427,0.016414940761508547,0.0907071895148697,0.31909323797504796,0.12028809966619086,0.9116465863453814,0.12313970203609981,0.3361034145400005,0.08225995557387263,0.03907517134578011,0.30457742428802764,0.180677740756001,0.141348006145735,0.12156530085840153,0.511528718669633,0.0871652162356129,0.10357856630349271,0.5257318343401278,0.12939078263542608,0.0798752238225671,0.1557308961969185,0.17285972865324375,0.04588108277754318,0.0798752238225671,0.7219018505989294,0.0667869966496903,0.00046144805555538347,0.009057101141433358,0.04379441390660856,0.015139762701971177,0.060393223655792395,0.010869566493015494,0.029449776440075872,0.5347055973157191,0.2777033836326003,0.035327876484617694,0.03921498411426104,0.16095032489740083,0.009727672429263623,0.9229639189899306,0.6962872053425331,0.704371120083018,0.4626682553632595
600069.XSHG,4,1,-0.24636935514639,0.5726154049500685,0.2985070044706233,0.3133569772813757,0.9999999999999999,0.23453341923969973,0.38771249027896726,0.25845685417209086,0.9936196968752278,0.15115057320801192,0.3038806938384052,0.0028617165779345585,0.009621012922031354,0.004334808539384223,0.0005256078483250819,0.0048966572915867335,0.005431164613047285,0.001398032703214719,0.6155534795955053,0.0244652517944314,0.1500966836377574,0.003630480519608741,0.013257129949788912,0.2727272717355372,0.011234586134889722,0.6874713452360162,0.0046334391433556716,0.021570046124626933,0.09113512012637628,0.20208787443963394,0.0484853225606939,0.9277108433734939,0.10222662596135981,0.7191527760525367,0.06625394371104068,0.03611798369927617,0.3064258702529405,0.17936169068402785,0.13821794481837063,0.11502550116900317,0.53329651517043,0.021477377250309737,0.06150950656799603,0.5206863663926781,0.08485105468949224,0.01905968549278691,0.11832527846925814,0.13521870460898958,0.023022051091607095,0.01905968549278691,0.7277071012658672,0.08433934846469257,0.00027087930200140833,0.009120175857431734,0.04854218697809454,0.01378563694412047,0.07173154868072498,0.00654371311773966,0.030906901143858658,0.4942684037021965,0.26857597147625306,0.030699722141739723,0.03344678375376785,0.13034774471804225,0.014195280253634026,0.9206489397963387,0.709438989872186,0.7313387710482606,0.1648247710567442
600070.XSHG,4,1,-0.23053486601093,0.6503594721061765,0.2716214399366511,0.49082789173694835,0.6000687090472763,0.1256778323249459,0.646098266434812,0.4532313176010119,0.660406379337144,0.43224215307331915,0.11515093745524818,0.0005712812610933232,0.01097869965830577,0.004872360755072813,0.00024261964571654804,0.0020159221636089223,0.0008868728048314732,0.0011496354987657065,0.6177644608010514,0.02708172300045212,0.15099314888568818,0.0036902377986869723,0.025098751361012916,0.5454545434710744,0.05366144922538416,0.7141096570379052,0.009985278597152168,0.1907388984353803,0.09162561762865243,0.41815779287289156,0.15469213847272403,0.3092369477911646,0.11786268151698856,0.3518903109437541,0.09682611211392796,0.04439510705139387,0.2785087992348646,0.18562420376532562,0.14170026803099903,0.10801776205312369,0.5194609069108586,0.055155811783741474,0.09090423136021189,0.5247779276264232,0.12167689214948543,0.026320169286489427,0.14854619185818782,0.162346532318616,0.07262766341237521,0.026320169286489427,0.7183799050453565,0.06023709824322864,0.0007296438676600179,0.008885939856766856,0.04530211878112963,0.016435601930439574,0.061717219137441305,0.011796044687047452,0.0297813270076324,0.544374686059547,0.31586066953173353,0.03323232080303458,0.05025231018907647,0.10254772128489639,0.029937638332236647,0.8450268779026004,0.821837269470612,0.7302561570371231,0.6833440438527678
600071.XSHG,4,1,-0.32460039920095,0.6953942348365447,0.27528093575027174,0.3573617065431784,0.5784410736331956,0.027095395838169167,0.5503355802021975,0.40475546144444036,0.6661640639338777,0.4884263994725209,0.11689289704232797,0.0009287693762284996,0.013684344003226122,0.0045772123668295205,0.00039175363084436703,0.0005066289522585052,0.000473553720564304,0.0011077107297130303,0.6179611999386526,0.020680973166932126,0.1506069728228613,0.003690351983680936,0.017315180102716165,0.5454545434710744,0.01082421072855529,0.6932164724334408,0.0028518217913184635,0.053812064755358595,0.09120738882040975,0.2642823216198531,0.07905298345253223,0.4417670682730923,0.06809925805486783,0.8782721263444475,0.04656290890245307,0.034980468836455225,0.30672868733890624,0.17888381637476522,0.13914994397606179,0.07857147400355753,0.5348145733586065,0.05463107939343515,0.07195649336490374,0.5189650786635799,0.08439065121590904,0.01165903799827495,0.14007747068627524,0.15272691882100395,0.07786151408712977,0.01165903799827495,0.7230481772704805,0.058749485753592394,0.0008584676475280744,0.009076839954666785,0.04820381415430011,0.02476425759934587,0.09976584240384555,0.025010510335414172,0.029045271425753753,0.49829460338440285,0.2663754880473299,0.03660430360991489,0.036803374114048694,0.18398890725540862,0.03916985703176407,0.9019853076934001,0.7535491574897177,0.7932299656996193,0.34496780129853466
600072.XSHG,4,1,-0.3233803782563027,0.5842464519031402,0.13750993795329497,0.25439207081922577,0.4295405437710902,0.10004114538929393,0.5256492324061219,0.19862707867986873,0.9920701758699755,0.3805378042720383,0.37485877071682805,0.0009874055787182214,0.010050110913592127,0.004539048060146304,0.000383488866432238,0.0008934023995881432,0.001354374837044718,0.0011556165239564658,0.6185221590370756,0.021536939422025513,0.15054403939676353,0.0038639486880456438,0.02571665086901032,0.4545454565289256,0.025597625313833708,0.6931322068503569,0.0042299379451241,0.030704531066292846,0.09119328585786865,0.3050932948391674,0.10658951461669444,0.9116465863453814,0.10439738533844739,0.4956375070706364,0.06565770163716848,0.03510178249436156,0.30421408734417654,0.18091881294500534,0.14019373103830163,0.11208807824475372,0.5305069086071276,0.030891811533379672,0.07629390156267167,0.519822631163779,0.0894852027716115,0.005648959264574094,0.13333481605586983,0.14648575839426323,0.0685829266463038,0.005648959264574094,0.7223715991432348,0.07441920907818356,0.00034265462727056895,0.009138526590447919,0.05060078655521426,0.017159691319337814,0.04117540499065697,0.017063280649368365,0.027571648266852686,0.4384260896852335,0.24574439858806213,0.051794841836591256,0.03535284565114624,0.15849134873587678,0.027370640665191123,0.9231991450199544,0.7400794967051434,0.746200949003599,0.40620484018499897
600073.XSHG,4,1,-0.2604195002770075,0.4386579446561409,0.21962818557056815,0.30975035737728895,0.7568607488283101,0.15728096226700247,0.5250115906613452,0.580558172071755,0.9944161919456522,0.5079852739004248,0.36871764036756427,0.0034598835675653237,0.011745267464933417,0.005180561964919145,0.0032935708970674967,0.00772513591818738,0.0036119034904563484,0.0012521779572954015,0.6171840639051915,0.023661842513606163,0.15121909105180506,0.003586139881759389,0.040515068903287765,0.5454545434710744,0.029929309191727843,0.680526624272409,0.013703657173725294,0.052591118748304244,0.09179437510271513,0.44723436317076043,0.08679218988085219,0.06827309236947791,0.121005176882302,0.8504361466339664,0.09051555170186326,0.057010929588481196,0.3075369857857253,0.18576282175888734,0.1391655422883244,0.14862165189219584,0.5303340753253577,0.06108241329683462,0.07205453544991487,0.520189821012413,0.11021275862447108,0.06715115856213524,0.11777844622111847,0.13521140948479624,0.017538767472565688,0.06715115856213524,0.7070533561897551,0.05644984436660738,0.0012112314798904372,0.009055466864092853,0.04354600999736688,0.017145888024027542,0.15526663370650007,0.008606123170608007,0.029843449575674367,0.5415792992793647,0.2726785182087863,0.04141432763224755,0.07499612932646982,0.1535183760196585,0.02848866423401328,0.8695196773231455,0.7107049666091729,0.6918761700813016,0.5479893673456456
600074.XSHG,4,0,-0.04655218202824596,,,,,,,,,,,,,,,,,,,,,,,,,,,,,,,,,,,,,,,,,,,,,,,,,,,,,,,,,,,,,,,,,,,,
600075.XSHG,4,1,-0.3167989132257412,0.4165997454936312,0.3735198933740978,0.3044176312857986,0.5311725926130251,0.13219167532599946,0.5129747043915245,0.18638563053480212,0.9554590648076513,0.37674703244730523,0.2520058962802206,0.0014855070626224186,0.010167506389804024,0.004561721418875962,0.0013712974784051073,0.006446274562970797,0.003441507319140872,0.001259790480111173,0.616719042449847,0.022892586148800572,0.15035655213844887,0.004605122727934245,0.021016773633632437,0.4545454565289256,0.03724245320752995,0.7026658964959954,0.00679639693275559,0.0789545084561816,0.09174562415534324,0.7863552414982715,0.30922134496812165,0.28112449799196787,0.18391701177019332,0.09638548032592169,0.12680465799802054,0.047563964916570084,0.2975027272121329,0.193032938142433,0.15837096426166686,0.08657426875809504,0.5004342191202358,0.03963195941224289,0.10673584541077656,0.5300028151489379,0.08178280061431226,0.0407732543517392,0.17055107340888798,0.18150679867841418,0.11436540256383136,0.0407732543517392,0.7560567764733103,0.06148393554372669,0.0006513626132257466,0.009169548524625575,0.04307875208630261,0.014525242993146392,0.09085500408861259,0.00791939641667879,0.02925202790763811,0.5339892863835501,0.26752147583449115,0.04007064187549369,0.0579708764544919,0.16369746542027663,0.021174702398755758,0.8123340103108889,0.6120499977886871,0.6162172938346451,0.8734119407334202
600076.XSHG,4,1,-0.2388034454092165,0.611183572278691,0.018237983677937164,0.30858008288072036,0.41026238998820574,0.11725170493043247,0.6170130606762317,0.6163286612258195,0.6979645906568581,0.739319227266487,0.12683688418724437,0.00030587288411071894,0.013684344003226122,0.00469023230382746,1.87679819356449e-05,0.0002781159714840065,0.0007042033211596588,0.0011265185636166227,0.6177044464759853,0.021785238122047038,0.15076133469178965,0.002454593890052363,0.038814393583600386,0.5454545434710744,0.028371513953321718,0.6992373637056738,0.02090571570255343,0.14484037261463326,0.08993768661388278,0.30437922439229526,0.06616574190503216,0.18473895582329317,0.07342107725004643,0.951392004303464,0.06950785297814625,0.05389892194986031,0.31438946912487203,0.19081670991694097,0.136882989260562,0.1391724476750407,0.5313119729690556,0.014162419010854488,0.007989180722339817,0.521867428164722,0.09672284981569065,5.405232776799628e-05,0.059609544337175906,0.06844210051389817,0.06008232612522488,5.405232776799628e-05,0.7206375025269434,0.6794480427537117,0.00011399015842968689,0.009086126904949006,0.30191325097000205,0.013684248581050155,0.00579454139734109,0.01748821232680929,0.029533871975382785,0.6758842725396771,0.4710204469371837,0.038744571087693455,0.07216186857769703,0.173468612251102,0.03976356403660944,0.9005757268040504,0.7868321834505334,0.7827550150113673,0.4775418715777002
600077.XSHG,4,1,-0.3019269756878788,0.7375897748761935,0.24798800776192523,0.533292795454469,0.6314157490832524,0.7711757746939224,0.8417768038445779,0.4731232127810012,0.9905557814389425,0.6577235646596812,0.3783666328002497,0.0011082392233891347,0.010397763381037527,0.00468737308784958,0.0010024721815500564,0.007419253571483437,0.010475346993263867,0.0015633557442620244,0.629415468718509,0.02252064721213291,0.15075262988976215,0.005411553514400456,0.05269186213983467,0.6363636304132232,0.055337782533993705,0.6882197135330507,0.01284844547321812,0.16686262096409513,0.09145842753712864,0.551976745172591,0.12340418675228493,0.5180722891566264,0.1438380079873404,0.32405433123327293,0.11217242197581878,0.04747944054529221,0.3236153723694289,0.1987774987000633,0.14258547225190232,0.0768547836299459,0.4556001903327143,0.02398820880450893,0.058227306853935186,0.5243764918844057,0.09837246936924375,0.002071664916649244,0.15111111911642058,0.17091964487782635,0.017369121261786104,0.002071664916649244,0.7319465234517871,0.07899297145630808,0.0003031173133756207,0.009282301598009817,0.04537612546890689,0.013882613392785952,0.013175244623927086,0.017146262128841006,0.030441683394804294,0.6685232351972572,0.31679953467484184,0.035428528807217974,0.053187280605998005,0.1576207598672544,0.05265822216904947,0.8491499907684879,0.6097944584494277,0.6661852114926077,0.6232029311806038
600078.XSHG,4,1,-0.2789620697906141,0.7318725005064438,0.2561623779524057,0.4498537643829639,0.5045689844685789,0.16542019276867975,0.6277518757398239,0.2718335476728845,0.9996368790390073,0.224391262565814,0.32824418514825854,0.0009370802848863118,0.011621680803638288,0.004852059248433375,0.0008750515135884765,0.013466783749929328,0.0014378006788236444,0.0012945822317472389,0.6161022588239546,0.03259796477326546,0.15065172599952922,0.004267073750530752,0.03559771671378594,0.4545454565289256,0.029219877253885907,0.6914942530727527,0.006005194174759103,0.045808085375780044,0.09076119167912562,0.26626940933338455,0.05003080154725175,0.9919678714859437,0.07605761109742262,0.862899972179419,0.04436942526186179,0.029129346828775243,0.30753815413877966,0.17241483737160715,0.13814385283512323,0.08767310518146298,0.5218575552217161,0.05102648155292225,0.075301812304235,0.5455453921488017,0.09528698280110169,0.017881336563897614,0.14000229038865056,0.1556399932795415,0.04947175085757484,0.017881336563897614,0.7996604255547883,0.07606450017274498,0.00032673373330305543,0.008830547149002164,0.04310632320527845,0.015152698606342633,0.0431796196056826,0.007397586184652599,0.029001533901365305,0.5402592247209326,0.27327633178010824,0.023220705323506865,0.023484834896961737,0.14080668604651164,0.019684303403720762,0.9077487892516793,0.7286304232453236,0.7810413162473957,0.18147035882337087
600079.XSHG,4,1,-0.1280817635578274,0.24322419446028,0.17338375267702782,0.3474114516202432,0.7404817490548325,0.18755753304104922,0.45209255459004694,0.484089616957297,0.8752128450856607,0.2768156743242642,0.4963188906391808,0.005241085480286483,0.01424648540630495,0.006230675983718536,0.001717604594512169,0.008628366317447232,0.004693309032399711,0.0013617946361139071,0.6204395386126691,0.035413858996544756,0.1524408374041814,0.005222605839320737,0.03737809523768573,0.7272727282644629,0.03718086047141319,0.7009796756483034,0.0024231384301092902,0.023288414578999727,0.0912167047140392,0.3191990716388814,0.0703995485217278,0.285140562248996,0.10855048613151572,0.7469877291733181,0.08843562497033665,0.0459855525103705,0.3098168266381517,0.18087908803187755,0.13107911723951468,0.2194722863840818,0.5603109752702159,0.07093224831562288,0.17257974011791516,0.515352598608902,0.15654884341251402,0.05713396513453005,0.19010630415771324,0.20551242503596062,0.08527743914803672,0.05713396513453005,0.6943759881370966,0.06852628813266244,0.00042498448436519855,0.00900675766798843,0.049745422270815395,0.015567482811577694,0.06422378068630309,0.012102200870299194,0.02949935762137131,0.6873219618048818,0.2981092466828745,0.0348010605381308,0.056836867036643264,0.18444047030957086,0.014004306992881499,0.9103247361917883,0.7219412011852642,0.7238106428878861,0.3739865114218335
600080.XSHG,4,1,-0.1628417587543848,0.6007303379710442,0.32498520555022115,0.3272345310482199,0.5834558310325832,0.01437611947637607,0.6051588904619319,0.4177897124710807,0.8247522039729912,0.2959172585014414,0.17391270957386584,0.000744638824131087,0.010587983957935603,0.004760967537514634,0.00015781262536846758,0.00022433652681269178,0.0005591260437330431,0.0011155837290970614,0.6175830029874856,0.0221304932936162,0.15086973826561362,0.00387446652320268,0.023093263148981243,0.2727272717355372,0.019794754596077088,0.6990638979929313,0.003992083476383609,0.07180971330378945,0.09094789271930882,0.28689144710161096,0.047738413162447306,0.9036144578313252,0.05860852676918535,0.9110932256372298,0.0354006391931346,0.03609534688574836,0.3041991768628549,0.17387780643370235,0.1365983200617693,0.10783048966737091,0.5318427242963106,0.028098740041132636,0.08852307986457178,0.5227713511301707,0.10222628143167552,0.006262377486931337,0.14634304367800394,0.1592678501556894,0.07945300760200573,0.006262377486931337,0.7229102908818537,0.0720483056719231,0.00037008978055732243,0.009062377107402275,0.057453990530310015,0.02248086701571192,0.08264650923383501,0.018366867370031445,0.02957818569251521,0.7550216611982352,0.29040327207058214,0.032124007756436326,0.0354273522510827,0.14734722538886355,0.019841179637494762,0.9212418869210777,0.7665268011145021,0.8110284040949214,0.1720232236527437
600081.XSHG,4,1,-0.2540259860845167,0.5584028185923394,0.24279348853655094,0.4268103884394091,0.6737436985361295,0.13206187572356948,0.27765879827525985,0.30344672289514685,0.8290969221217506,0.29859931899523756,0.1758227212787863,0.002669238900065457,0.011195625569794017,0.004903996632758204,0.0005582946671214055,0.002139271759106243,0.002124848770993191,0.001176948791241923,0.6174857191291974,0.025228815473394263,0.15101614556378185,0.003874867835222324,0.006632923872979551,0.5454545434710744,0.011687979071264218,0.7021060823805703,0.0013134989673926308,0.03233245907569865,0.09132260400295325,0.297666354077628,0.08709739725884144,0.5823293172690762,0.0954139331788218,0.626921904241766,0.07364486568872167,0.04347375974331606,0.30328171018355105,0.1832070197519695,0.1383401315977611,0.046748694548030656,0.5305551551760427,0.03201097103472105,0.06676158070307733,0.5137387859754515,0.11833639949862149,0.04485672153891765,0.14545617720873252,0.1586730599532592,0.07608791596787007,0.04485672153891765,0.6680303396796129,0.06864054945213005,0.0004228487484096835,0.009036610577072996,0.05167091534531968,0.014690218608002884,0.09966699885489286,0.009532327530647599,0.029519881252750693,0.5600231969422615,0.28059998602311487,0.034131764842764464,0.04973921659217037,0.17868874132340273,0.020233594544475684,0.9206098833989007,0.7912188757684318,0.760717218579769,0.41707471561885534
600082.XSHG,4,1,-0.2147955176400026,0.6870224696295538,0.47401988755159524,0.1658262493862212,0.4849021481189853,0.10227449398040783,0.40925682626769105,0.26444327630050735,0.8959823102572231,0.23675917529201798,0.2095004560446585,0.0002827747953029271,0.010819502259685683,0.004859824822960501,0.00021674014505386734,0.0030078985171136507,0.0008900750108258312,0.0011559605818442758,0.6217232930900191,0.02216599547001898,0.15093971370760287,0.00413537465379272,0.007808134576336688,0.5454545434710744,0.006452856509660874,0.6984690489736831,0.002838768973806425,0.019942118115221126,0.09102054319823466,0.3033337863169583,0.06917908564525824,0.9759036144578311,0.10167323055111593,0.6726215713187262,0.07377503989809384,0.03494323520406339,0.30716665205096927,0.18068202076529413,0.13898486183794911,0.09262873829215473,0.5158667888108969,0.03876338030252318,0.0729579448050791,0.5186300470337034,0.10266684142851448,0.005790902886850535,0.13647234047674073,0.15315260748561915,0.0372166676341802,0.005790902886850535,0.6946377385697443,0.07108584559169889,0.00038312644788958167,0.009075421990834357,0.0432600091077036,0.01909308430489507,0.0187979645249579,0.02811896623912444,0.029597168723437296,0.5428139931229715,0.28272630241502283,0.04894441811046307,0.03353446404417453,0.17503451639053555,0.020802925165998683,0.9236119001292413,0.7162139003140067,0.739789761640081,0.40165409703612276
600083.XSHG,4,1,-0.1620098950469346,0.2085518689588321,0.0,0.2913420404777921,0.6817238113627377,0.119057510262846,0.2626099973441952,0.4908789191936534,0.5774483880854173,0.45466793766930846,0.0917185090885928,7.389329056139029e-05,0.013684344003226122,0.0047182765490670995,1.7124333619861874e-05,0.00021532745600018444,0.00023938510182130125,0.0011144305466541603,0.6172031172478665,0.022161996540826144,0.15080426296127739,0.007249247564261568,0.003482691316364984,0.5454545434710744,0.00301251865743471,0.6953638701092917,0.0055146904384839514,0.025142443700823008,0.09151472916611662,0.5494583723302673,0.07648840571516397,0.20080321285140562,0.1123425622998059,0.7586210436516206,0.07135207198309146,0.05330164678269017,0.3076620301283679,0.18137376702385444,0.13635264664363314,0.07497376697115739,0.5318427242963106,0.015211847359307836,0.004421201097082969,0.5223021462579878,0.0983012765447842,0.0005893381353841411,0.14997234261458614,0.0934978334459419,0.0632184951466207,0.0005893381353841411,0.701443249818586,0.054302569523645955,0.00207089788604395,0.009149997786254686,0.08369285720693219,0.0230366183112995,0.09188694921510832,0.005876526375122918,0.02996043969994048,0.46812305467803156,0.29599917104153156,0.047850323788804314,0.07914291433782,0.18330095442569794,0.018874199916252915,0.8853250912499466,0.6514445402680114,0.7064228056602229,0.37521638743017915
600084.XSHG,4,1,-0.2724396279156918,0.4918352246776655,0.16049548438457728,0.26801074407253045,0.4745708819082057,0.17978275379076303,0.28939799410088163,0.17848838306505624,0.983115094854923,0.3114310961237642,0.28384047878590474,0.0008445175419190081,0.010369409263557249,0.004614683240961188,0.00017002346382365583,0.00504552051495667,0.0012678817983951564,0.001218076610625841,0.6178811307014213,0.02234112180339135,0.15040985108904076,0.0015510300557808993,0.006994864726166267,0.4545454565289256,0.006956097487751178,0.6996381869571839,0.0020131581926540105,0.014153929637333815,0.0911669799413434,0.23504818024029256,0.06329015936603058,0.9959839357429717,0.08213507854920804,0.7602830923756209,0.051883602930750186,0.027248893719496393,0.3070876643657859,0.17962855736104172,0.1366711121856615,0.19540657712534634,0.5312465385599645,0.02098929561225282,0.032730132448240176,0.5196397990436523,0.08365139467439378,0.0018241535383989721,0.06490040999105433,0.07762417426391427,0.026729085869345377,0.0018241535383989721,0.7125536208615095,0.07006081430395614,0.00039850051439309104,0.009156040856400541,0.054858743527382986,0.014432753418596506,0.021132196503192365,0.010364636170661638,0.029768404216705457,0.7435019177395623,0.27468784145306663,0.03408448555109421,0.01797551095467611,0.14345835233318133,0.01608347789675181,0.9344314098649358,0.743617597629473,0.779229918170224,0.24284765472734593
600085.XSHG,4,1,-0.1324334032035848,0.4091690929881711,0.0823210824349917,0.34483415622040114,0.523366509271124,0.1093784009122851,0.5454515510355775,0.6156518380586059,0.5521427649355999,0.2917714824905206,0.6718163497544044,0.00848310126451096,0.016959162266732865,0.007450563631005189,0.002326708943002911,0.0020873470422032147,0.0070880461257464816,0.0011314589662756885,0.63106444074321,0.05117299847170499,0.15447882452525985,0.006520867123591125,0.12176079556407621,0.5454545434710744,0.12678038806740335,0.7026804660490508,0.0052364673466522285,0.030568870398842363,0.09146771169419025,0.6470380602677381,0.16094373390996206,0.0,0.1615585195882211,0.24470305379638002,0.11807673841157951,0.057727469822190895,0.337211454662236,0.18855473059158137,0.14329779517856167,0.06472048308224261,0.58944989262123,0.12323571348394656,0.08975982132674251,0.5364860084046569,0.14709098982569246,0.04360866924867122,0.16218718698532983,0.17661730457682953,0.07580534899804031,0.04360866924867122,0.742242429978838,0.07230371283597337,0.0003668332130076662,0.00902053182129566,0.051107752154372924,0.02729676071890132,0.053493712996023714,0.026138804181820612,0.029516151664729404,0.704867698701437,0.3017870362637879,0.030466860052159154,0.08966729112845749,0.18534739638749556,0.014135909553149488,0.845978433767451,0.6240353146698512,0.626030793767312,0.7104001653209031
600086.XSHG,4,1,-0.07405300981235977,0.49792608098040453,0.07304445957118849,0.3159335643897989,0.8052412799275127,0.264225711023421,0.5647090360754415,0.5151549575098331,0.9831041178004793,0.49681656376830363,0.39265603209976147,0.0003608174004263175,0.013436767915994406,0.005796251983048407,0.002938614047888276,0.0041705043133996,0.006508848187910741,0.0013827762322793612,0.6208979959420694,0.024198863741398673,0.15199144122836247,0.0037682274511596577,0.043163302733995414,0.2727272717355372,0.0416418157133157,0.7001158288964131,0.007013598339037203,0.05254589852582074,0.09092351629095548,0.2787203829913317,0.09665903620446278,0.321285140562249,0.07578947784507825,0.7195685448809618,0.032124652540828406,0.047827461954244005,0.24537643220853814,0.16576187618862126,0.13484350993222532,0.07946025296586401,0.5337098777009786,0.01606778450975265,0.06736927140866021,0.5010965109496928,0.16927268957961594,0.18444254117873887,0.13542790863369755,0.15313874395458507,0.02674260455176688,0.18444254117873887,0.6580814861815637,0.05512488469701378,0.001619995612251076,0.009070240336458318,0.03977997983218818,0.013267547548925614,0.09391522807733223,0.012954362474759843,0.028958914708520127,0.4985174803153099,0.27611375627232193,0.03549603118824503,0.06069686142493975,0.18494808291533668,0.030816534067117304,0.8966887276135831,0.7662061607182347,0.7772006770298352,0.44664982923870955
600087.XSHG,4,0,-0.04005867553473946,,,,,,,,,,,,,,,,,,,,,,,,,,,,,,,,,,,,,,,,,,,,,,,,,,,,,,,,,,,,,,,,,,,,
600088.XSHG,4,1,-0.01777932677724162,0.5543281280917337,0.18957962589891494,0.14796880613762842,0.49439018212912783,0.07622237600522377,0.4452755055662106,0.4205805545076259,0.9833741533397908,0.40674159910436847,0.28423847318326395,0.0006427168084113172,0.010616239561604526,0.0047694507052721945,0.0003870698711422668,0.00020606515457519735,0.001796569845307546,0.0011082291898821509,0.6188497054329393,0.022238395402593522,0.15091142928034787,0.0038779059099860787,0.017693775481978126,0.6363636304132232,0.021923354738481365,0.6971436664264855,0.00550465201034057,0.03676404087908112,0.09134982429412562,0.4241365955367162,0.07416027453665294,0.3975903614457831,0.10949389354516956,0.8973831201962018,0.09657677225486508,0.045742277442559466,0.30770811665970826,0.1830400845306988,0.1307879487439459,0.11893865669984674,0.5318427242963106,0.08946007794951938,0.08966452474957262,0.5060447414366799,0.10413264772380526,0.011359908897481659,0.143826278797937,0.1552992466931775,0.09153340824273827,0.011359908897481659,0.6265954798972163,0.07195323226420511,0.00037132281884117834,0.009072807859909725,0.04517521248230302,0.024386257195034608,0.047952284985720336,0.018911523180849397,0.029684581112955983,0.5357412542981428,0.28339867235163824,0.03187619569320509,0.05374156517874058,0.11858303883568933,0.02316279834898606,0.875882319523938,0.7307643403653095,0.725705217407377,0.4214739442790786
600089.XSHG,4,1,-0.1652233659168212,0.6434467355508608,0.5650095118519686,0.4747326775381136,0.48044893254393156,0.24945748104889648,0.5054912182354767,0.21422900698461725,0.7520740046665655,0.1662921978355572,0.5711129251503998,0.011523702957070975,0.018801363929552242,0.0076267965752921905,0.0065083702169429535,0.012989388355709139,0.038568025415059985,0.002518218492203194,0.6287985198704333,0.03898192592878721,0.15377201532057672,0.011721500884535586,0.05399957771558417,0.5454545434710744,0.05108034084351654,0.6987284993228723,0.0025470617861266883,0.025730306593108435,0.09125165814811141,0.4505294994754557,0.12079480865814704,0.4698795180722891,0.12833766606803337,0.3190692116509718,0.08684974552288005,0.04618681813689711,0.3147556757212629,0.1815427312763195,0.14165217323485596,0.18310537388819098,0.4908121445459163,0.08616839592517957,0.1469816133888973,0.48431253035157723,0.11983875956686216,0.04074688287161318,0.17778177347137375,0.19425090548283364,0.06692887609120286,0.04074688287161318,0.647332190512248,0.08800213810846857,0.00025425037352760314,0.009081866159411544,0.04525726624308281,0.01682109830582701,0.04966708199432656,0.011201287035411782,0.029372420861499913,0.5550228809227327,0.2790052973952187,0.05663688642748767,0.056422978132292294,0.22138654557430207,0.01620326613626847,0.9097335643578417,0.6770487815664947,0.7010612257831128,0.5228556463377183
600090.XSHG,4,1,-0.2320357528986364,0.5815039094711943,0.1291181237567633,0.465154098537148,0.5697344169636117,0.08641869519220827,0.4031111862415225,0.1786219521199828,0.8807127884440598,0.18380921812068204,0.2009496751670018,0.0008716399423443982,0.011556077401670268,0.004827558464861224,0.0004727506663943124,0.0007572604845179266,0.0011946955775977242,0.0011279702738364607,0.6173621025740336,0.035835372922069966,0.15094497044258184,0.0030256684032128403,0.007714160199399953,0.4545454565289256,0.008770163703383562,0.6979390963036337,0.002728922172352596,0.02704169304512978,0.0913057053656374,0.5377074746555595,0.0658683942753035,0.9236947791164657,0.12266602191709344,0.5924387562249832,0.08050253544606557,0.03357018984475388,0.32199871008718967,0.18215160894416849,0.13445355212566,0.12549335122646102,0.5551976430746975,0.04120018170903769,0.037728960940044305,0.5386966149480072,0.12649067591581561,0.01584447218075835,0.09232114444043396,0.10695960158671466,0.026964204914597712,0.01584447218075835,0.8101818581242544,0.060461578599844516,0.0007139350340418736,0.008878576698482342,0.04679992971343448,0.019113741059474984,0.12596691161391377,0.00974700360087788,0.029521898608433503,0.6830579158456628,0.3013151703904944,0.035109639369260606,0.02785744871177181,0.14154641346202565,0.013465334689238499,0.8918315320049424,0.6315095528724961,0.6944401169223133,0.3284139993742496
600091.XSHG,4,0,-0.2766841899380317,,,,,,,,,,,,,,,,,,,,,,,,,,,,,,,,,,,,,,,,,,,,,,,,,,,,,,,,,,,,,,,,,,,,
600092.XSHG,4,0,-0.04005867553473946,,,,,,,,,,,,,,,,,,,,,,,,,,,,,,,,,,,,,,,,,,,,,,,,,,,,,,,,,,,,,,,,,,,,
600093.XSHG,4,1,-0.1394176498937138,0.4429116799361793,0.11446066158450402,0.331997259620501,0.26226527543384076,0.11057262956639702,0.43079370445823034,0.36023867269370313,0.8293116333066665,0.30527846365944344,0.17591804116283027,0.0005008118176588296,0.010705587930174653,0.004813975492414475,0.00011885678348668533,0.000913315948077567,0.0006429936461750457,0.0011323049594260076,0.6173080112338498,0.021947077789576868,0.15090050067463878,0.003381414061299194,0.014565765009854015,0.6363636304132232,0.02944971431038138,0.7100667474177336,0.006800568584168681,0.08659672605589219,0.09196882642191191,0.6785511670706041,0.3042627312402308,0.0,0.21206836805011126,0.05193209314453663,0.14673368259957606,0.060094404659637786,0.32954249047134476,0.1925965928316299,0.15484574569031628,0.05225269920616958,0.5344908690352917,0.018856447710725158,0.03408737424956347,0.5209723778164337,0.10368947674318416,0.005877750779119705,0.1126052325121687,0.13043273977948208,0.010326682936798568,0.005877750779119705,0.6930263374687565,0.06791207585328311,0.0004369762912381876,0.009129185356167472,0.053231387911660544,0.014903039935385587,0.05848198664078628,0.00969937604577691,0.02945654772643593,0.6173807414372569,0.28223282882228395,0.04710650572478366,0.08955328407321438,0.20890728707503672,0.01932449004007896,0.7573124227748504,0.5739269603290436,0.5578313921095921,0.6929496629396982
600094.XSHG,4,1,-0.2209956706882128,0.7064489262510044,0.19667249269805234,0.2994831420444796,0.67464978864863,0.8834762936753969,0.7949463887891064,0.38603783796955987,0.9513676970754492,0.3921204925973119,0.4332740482806506,0.0011818951207976935,0.012925485170805716,0.0057812093037945805,0.0009273662755762476,0.0026740459696914425,0.013271055100809476,0.0015060187552740098,0.6295658327539279,0.028882906102548133,0.1522578617823115,0.004011748034135035,0.017438143184014696,0.2727272717355372,0.012266667464859706,0.6970863177077757,0.006300258361173764,0.09527900877272316,0.09097343729312755,0.36300316253744097,0.15407714702262193,0.4939759036144578,0.11904721121653439,0.24927240455025612,0.09051555170186326,0.045870357990033736,0.3078166237031767,0.18301520086230638,0.14196543933946346,0.0636334015033802,0.548131078690757,0.04026351089359817,0.046336841854410435,0.537220066921213,0.11662759764600664,0.007356517717450806,0.12056194453213304,0.13591148985135024,0.039164153119488974,0.007356517717450806,0.7713995585298508,0.1307067843273105,0.00017392572203751773,0.009015374018979446,0.046213152980398374,0.016124476296657895,0.013630894909169244,0.017238025855640274,0.029332591367802873,0.7141547919094566,0.3252319958544325,0.04992917449982994,0.0525617673938585,0.16872007523939808,0.032069898905305975,0.905280247404525,0.6889290610764673,0.70172003601672,0.43020907968132516
600095.XSHG,4,1,-0.2682226684046147,0.5312888106033731,0.2579847154013662,0.3896040172872686,0.25599954528319074,0.1410355838921224,0.546204995813275,0.3008781295055509,0.7495545511306805,0.33764533225568805,0.14431882197272405,0.0006074121560891861,0.0103936741719398,0.004677587870182879,0.00016988300879602048,0.0007913571537769618,0.0010780678232230085,0.0011523480434684947,0.6184714949875302,0.02193159925040854,0.150671236079166,0.0033940467953182756,0.012617817626839561,0.363636358677686,0.01013095005582259,0.680886010873658,0.006224621944798565,0.04517500226101112,0.09086201286800592,0.2674460998316121,0.01925028167396265,0.9357429718875501,0.07859203031552761,0.9206487225631069,0.060135796047773596,0.039677973593085815,0.306729781992524,0.17958585533004756,0.13694018307219158,0.10328345817219736,0.5411336677222613,0.025502220048274796,0.05215015270240062,0.5277343157823062,0.09259592884964754,0.002309478791734478,0.11323337956138509,0.12945550059491598,0.025973099942558853,0.002309478791734478,0.7741724771757129,0.06626396683772826,0.000474097970104837,0.009132042394276082,0.061800069547817804,0.015704926795524408,0.018765355391518374,0.018945507935259228,0.02989267114731399,0.5672600441540269,0.2807779090462957,0.03442436995204796,0.04204171998506569,0.1834798696610427,0.0192376024406293,0.9212782803823265,0.7356679271151214,0.7772772521672084,0.17237310629007885
600096.XSHG,4,1,-0.347207837052833,0.5420058074831305,0.48343561529560836,0.3504893319802606,0.47234878785371154,0.49490563677370975,0.39667241331449,0.18284302741133832,0.9725687800277325,0.24879219300162222,0.4084353128095919,0.010441327670031992,0.010284247570592119,0.004582377444863703,0.0029483798717051565,0.036925536495711286,0.010424070873991593,0.0023671532406439066,0.6066450687526498,0.02382334161701854,0.14852657711420147,0.005005833930960841,0.024402442394376053,0.4545454565289256,0.027332291353313644,0.7022792620966253,0.01124590610623867,0.027358234602514242,0.09068118146690805,0.28572483104919183,0.042963454649544174,0.9959839357429717,0.07303172405069627,0.8637315098362691,0.040251569052221145,0.03095155855814154,0.31613487720035377,0.1756300178963652,0.12892005085049796,0.38352724398572635,0.5701615677079281,0.13995647158471916,0.19915990754667076,0.5230447160634036,0.04436235511433411,0.0610011616340342,0.16094820001791274,0.1431675669623223,0.38044726693327624,0.0610011616340342,0.7353796608228547,0.07261798838258697,0.0003629342878948723,0.009164889422272855,0.05128531543734653,0.01549705280905198,0.06606855234292466,0.005280780965157637,0.029314869694991707,0.5501922174924017,0.2573243842335285,0.035766698836193295,0.023360313628667265,0.10276376538987689,0.014756385715140275,0.9005872661942027,0.7321270620494449,0.7967577030627413,0.4612202862061684
600097.XSHG,4,1,-0.2004132283147556,0.5779532142067817,0.22247062547440158,0.47442191467815326,0.4974053557950063,0.15805777130828597,0.6071275420215854,0.4228296082102645,0.8930531930495049,0.2843453981905614,0.2078095445471379,0.0005271097544554442,0.013684344003226122,0.004471806358244053,0.00022550482883714035,0.0013781506641448971,0.0007718202192787721,0.0011430623233576976,0.6172723415088499,0.022252823058199426,0.15043507744235404,0.003850469852620318,0.013701521414236178,0.5454545434710744,0.011704692041778304,0.6958591791202962,0.006684286954281281,0.05806276566880709,0.09096907234618011,0.21382127520000077,0.12912729796603545,0.3293172690763052,0.09544819098993214,0.4777727931144575,0.05883795918033302,0.04677350165083048,0.3021642397722519,0.1807147638156464,0.14000525143179507,0.05134564387603598,0.5336606259952111,0.03266434537949322,0.11195033354351111,0.5241097111557623,0.06752299972097286,0.01733528939200972,0.16145219515896833,0.17649242099485313,0.06952605354935656,0.01733528939200972,0.7170022096878043,0.06363062113441424,0.0005544147980092176,0.009144490153727687,0.04638952899030604,0.015664726973495895,0.07675825121928598,0.009083044187456896,0.026248089944891487,0.5332419279187176,0.2995877208196996,0.03347995411658086,0.05624572086990887,0.17521184830521355,0.022081264580965484,0.9317445072502877,0.7614241961876962,0.7542981096503156,0.3947347363645183
600098.XSHG,4,1,-0.2726562986247225,0.3214812749164932,0.5164500519261367,0.5285056308282423,0.6042596265805379,0.2724441228981684,0.16310018184597908,0.40188546737534614,0.7452616446788949,0.14185975014356783,0.5748195585559985,0.0063841604616745535,0.019835940512526393,0.008317515762539238,0.005805166453439862,0.009557837482980374,0.010593522338646447,0.001918377437072819,0.6210618364466476,0.040677172263443966,0.15402696523820353,0.01141997576639453,0.012595620706829336,0.18181818479338843,0.017263621131063354,0.7027973910635221,0.004341007595982473,0.009224925386632901,0.09085404281626626,0.29823859998397295,0.030060885238884484,0.8313253012048192,0.08211794964365288,0.8167845362740337,0.054106938249601805,0.042354344403155886,0.3064258702529405,0.1785404986458395,0.13862220107784337,0.15375562048631078,0.5169245445775178,0.0699006717252234,0.1323327641163443,0.5277671565100761,0.12241736715009902,0.026619052880873476,0.1729165901485252,0.17022820126750127,0.2453471213291144,0.026619052880873476,0.7284105555536081,0.06259242103994916,0.0005965990574203445,0.009027244119924687,0.04372185833035635,0.020836486549261627,0.09767340761195094,0.011096613991829499,0.03024060711089246,0.5587629997682524,0.2893051716616512,0.03219380138342506,0.04845023592038637,0.17359535707047677,0.009331518813184184,0.9304689608157815,0.7362843306355318,0.7677370462593047,0.02676681423000367
600099.XSHG,4,1,-0.2549486924552133,0.558492242929055,0.27134619435937113,0.2970418385970305,0.5045042876284428,0.0037768430278089515,0.32862041920283597,0.2449368808345996,0.512562141105205,0.21840588425239324,0.0751766693064101,0.0003163213447377944,0.010490606930049618,0.0047193597836661366,8.444775529584754e-05,0.00020181955764013435,0.0003356419094291621,0.0011013056263348324,0.618000482788106,0.022161996540826144,0.15082496482972868,0.0034407159555004613,0.003931701574325876,0.7272727282644629,0.004428994880175305,0.6983531524352327,0.00306832598153927,0.02803653793976666,0.0914250797327074,0.8893060338928902,0.16592162516512657,0.5100401606425702,0.15720514236096927,0.22476052228777565,0.10413495202069928,0.0444218900830869,0.31359435050496515,0.18249250973664286,0.14502270854293564,0.11448574447335116,0.5318427242963106,0.055123860780040945,0.061713525255679524,0.5204623829938667,0.09982260976184172,0.0051812695549691,0.11869439284717942,0.134936850078853,0.02944342524181874,0.0051812695549691,0.6978243163814873,0.06949657726883175,0.0004077122718510013,0.009164125882196807,0.05626315564516681,0.058385262029914536,0.030553326187037117,0.06401956105741075,0.029081784065239015,0.5055602804479272,0.2682641195253388,0.055826329731093846,0.05128952699854058,0.1679610313117495,0.023702967039540588,0.8684935592450043,0.5965044668524171,0.6479510869708724,0.7900431152460106
600100.XSHG,4,1,-0.1766634500705485,0.666779427617569,0.4779781306802482,0.3835585729556983,0.4947283777559892,0.2091818214029782,0.5140320544452414,0.1802493325669756,0.8327180328415906,0.11700655674943006,0.5242810463864502,0.01582557409968302,0.016085960824194615,0.005051607100969733,0.006924579603505832,0.039050795770294265,0.027335285117578975,0.002349048997111759,0.6152391631520375,0.06795971652678758,0.14952357854653484,0.007498373373310654,0.06939322445134759,0.5454545434710744,0.062483470912709824,0.7020575841415,0.00444146188376809,0.030704531066292846,0.09130987907777685,0.28848340383587656,0.13561200899540168,0.9558232931726907,0.1198166943583973,0.36892348724308305,0.0669856995475028,0.03141041154476449,0.29766377921621057,0.17381484603966663,0.14114652794567625,0.20148334865891315,0.5490823904647089,0.07061357621828139,0.12907442286542392,0.5042205152894866,0.10476572425818034,0.04444932411164887,0.15501699662072393,0.16837532357439505,0.08116007259797531,0.04444932411164887,0.6902791264546723,0.07176320455918649,0.000373822145648136,0.00878053897520284,0.047036065134328064,0.014840759124272684,0.06079002969740572,0.008249063204132327,0.029480171628938928,0.5496544298730489,0.27780324633598297,0.02808087675745471,0.028016501954303573,0.1248472095556569,0.013566728479990428,0.9157029796480662,0.713554796338066,0.7154665934361903,0.6151430486423821
600101.XSHG,4,1,-0.1157063439285219,0.6755377177536529,0.39865108494396095,0.4142775259309915,0.5887629780273147,0.09578867178489275,0.5135116658608102,0.23372037822212446,0.9320138328449277,0.30388474352107686,0.23288499859278933,0.0012138761401254898,0.010948483141970621,0.0048662320972873005,0.0003419491293476751,0.00028204070438799726,0.0014995974072835906,0.0011596389669000355,0.6166343991582478,0.021453452028060038,0.1509906597707998,0.004396952205111103,0.02419747405496283,0.4545454565289256,0.021377551009141255,0.7037279145757416,0.004547958317607167,0.07398028398299719,0.09131237395311936,0.4345054636577824,0.06391936210758076,0.8915662650602408,0.11118174954641338,0.805152248385431,0.08213559902669708,0.03685734538610199,0.3079156184275267,0.1844244270485626,0.1391798407412318,0.15508464252914014,0.5289013029991072,0.02881532418227927,0.13803444261550912,0.5240596471123284,0.11213270203226793,0.01572505377152981,0.1779401480775158,0.19510572074415522,0.06043036592952737,0.01572505377152981,0.721957939977354,0.058985957584441064,0.0008345486813060787,0.009139579096857952,0.053763286245204066,0.015886768345302293,0.13810300569375794,0.004294587401218789,0.029348279339037785,0.6052062276915162,0.29933952404228653,0.029245845329197606,0.03718120545246472,0.16639465217611593,0.021446431776036372,0.8971112468222295,0.7032832470921235,0.7443261783989459,0.5020228112406621
600102.XSHG,4,1,-0.04005867553473946,0.5832710543596483,0.33323445031838866,0.36979524077594106,0.5086859991960199,0.19531619973499242,0.5201466800399461,0.3337110635790617,0.8075837911617676,0.3255274155849768,0.29448349460704565,0.004585277962534866,0.013684344003226122,0.008150090726543492,0.0029840589171838032,0.008062098247688082,0.00966583515757642,0.003724127055187232,0.6194366714067405,0.02795801905504902,0.1535011777904567,0.007249247564261568,0.03212743887797873,0.512508658030105,0.03385548310334353,0.6973754749785577,0.011416551503228026,0.07601564141075765,0.09146680527188153,0.4259820692575249,0.13112622332231372,0.5511172547939428,0.12284974011172788,0.494504656209718,0.08633157970599001,0.045919982486072305,0.31147779666162767,0.18463137997985954,0.14208910423830812,0.20470555979997465,0.5318427242963106,0.077915971133906,0.12469801664167228,0.521515575256219,0.11601091851739048,0.03148564188991912,0.14997234261458614,0.16450473416111355,0.0632184951466207,0.03151351181947201,0.7073590212283098,0.07474128671978711,0.0010165370293848852,0.009470773081934954,0.05305644375124136,0.029247760156912796,0.06504798281099847,0.03229344616550119,0.02996043969994048,0.6137324122247689,0.29599917104153156,0.04246130980234155,0.05485061095598209,0.16042323302325237,0.02380545148233199,0.8768056165474607,0.6953581940533766,0.7048157031587168,0.46648362214367545
600103.XSHG,4,1,-0.2476058453460603,0.41341498402814675,0.34863367036801385,0.15889809687407974,0.5856461617805506,0.19139529872348054,0.34453432472330536,0.23672339167925258,0.9239391115962482,0.16573416837949093,0.2271495424419689,0.002225773654029423,0.011112595513664728,0.0047036045281555125,0.0006399638693057783,0.004760021275897308,0.0012350055469273244,0.00124337620488389,0.6184263971482719,0.027447411952421844,0.15049123489072955,0.003530044241952258,0.007908571692639333,0.4545454565289256,0.006001192247047191,0.6859844000705376,0.006005562220918083,0.01713846432124446,0.09092135662082033,0.36591041307842304,0.029617391704313815,0.9919678714859437,0.10297568617736848,0.7897800942204026,0.06852071864568648,0.029763479690027884,0.3083411507839611,0.1794734670173265,0.13758231359366915,0.054855592137812506,0.543684202485221,0.028305601841601934,0.03735584642441806,0.5218958125101172,0.10034358805917046,0.00823631039383504,0.11486873376461242,0.1286250583155737,0.05045463859127907,0.00823631039383504,0.7184430055960841,0.06209945774468252,0.0006195336930303658,0.007995786193122982,0.05281848072317065,0.016375976834793658,0.05604156713028909,0.011942985963308672,0.02908620562941619,0.5090126551960819,0.2420543451663824,0.03435312195262255,0.016359146551018566,0.1601775852459847,0.010034396123706407,0.9025099061226229,0.6855208747954533,0.7292699220781964,0.31918020250920454
600104.XSHG,4,1,-0.1921533932032276,0.5827387889630758,0.5543735992911367,0.6358682670039078,0.678131214219262,0.1816324885150853,0.417872861942483,0.3248786014861894,0.011311635062995151,0.2700180015739292,0.9855005355531872,0.2053614959933257,0.20949290685958055,0.03640529429234088,0.19113449073730374,0.3324978192684935,0.2727028121648749,0.009554172138995388,0.6862150848532685,0.9275642542093799,0.19069551130605833,0.09407068157949293,0.21859929743629983,0.363636358677686,0.21086794632044306,0.6991511263156642,0.021364226731904162,0.01243556118296102,0.08979183067055074,0.34675163956364646,0.14297852836765007,0.4016064257028112,0.12146436331199245,0.422101860283195,0.07295173623648499,0.05053126536413256,0.3064258702529405,0.1706184395375516,0.1407552702797557,0.3637010079618138,0.4889750559207887,0.20791472630504276,0.3201401065597485,0.5887618226619971,0.2710991423614538,0.2684366464880175,0.2832536226396486,0.2780422827075286,0.34328652953421246,0.26950734085645445,0.7551020885113763,0.061488990630861884,0.0006510851847589749,0.009017325227137874,0.04378794986436064,0.017127244473108087,0.12452264108484765,0.010143212048476596,0.02920371353308475,0.5408807297944321,0.28469747148803026,0.027995856907302198,0.0655458721714963,0.15356468814916147,0.019105551235269486,0.8932331240857252,0.6962954977665743,0.7048239696023111,0.4796744730154672
600105.XSHG,4,1,-0.2075227903672753,0.6565144550714287,0.5289965922480258,0.3888217094153001,0.47017667921317274,0.1437724030859765,0.401479792888658,0.11806478410641846,0.790718066211836,0.26249175814082987,0.15978458609712054,0.0009999514037493575,0.010893125724553615,0.004795219670836484,0.0005091658338254794,0.005593729412223788,0.0024541798316607454,0.0012266438821679768,0.6188212962684252,0.02469726579803123,0.15072475502577903,0.00409169705384619,0.0076633302913539396,0.6363636304132232,0.006880008495531663,0.6938883982268945,0.0033321777001194346,0.025911187483042414,0.09127522135327336,0.2652941344640356,0.11446703636578237,0.9598393574297187,0.11221870713656085,0.5978396446357095,0.0795381695470784,0.033119920480172774,0.3028274330687883,0.18215762325503349,0.13945671078389316,0.1388308325706774,0.541103563873532,0.04831643895170542,0.10436109094840658,0.5215672044944744,0.09536705297042052,0.01186201042211533,0.15135002539553907,0.15945151399122365,0.12855392244570457,0.01186201042211533,0.7211796998517138,0.08047648906751202,0.00029297774041826195,0.00844995271595076,0.04777560433518248,0.015052959356909076,0.02618411800330858,0.011641758791919535,0.029884364709127788,0.5374217020035639,0.2712206784707108,0.042134274488341214,0.029981958847370115,0.16059597773217815,0.019426781121014536,0.9188035250173978,0.7232928663040115,0.7272895305944078,0.711722098566748
600106.XSHG,4,1,-0.1138594135421196,0.5982762674674067,0.46834432374808244,0.46557128218277,0.47728564156445985,0.2747223047781439,0.4373542880889434,0.22778086100188522,0.9586169438299734,0.2378141332657871,0.25496261969760553,0.00016705006812678055,0.012238438809443692,0.0052079719532380055,0.0001433607124386883,0.00125937734035035,0.000768536300243631,0.0013015604398422575,0.6202299945912971,0.02296729858504388,0.15097605003806322,0.004807351465964761,0.019106026917139963,0.2727272717355372,0.0455602989841578,0.7240298507841748,0.015723285093202588,0.07230713575110789,0.08869018770544572,0.42480955181403385,0.0988921608791519,0.9678714859437749,0.11080359601608007,0.5218114380571174,0.0815206504368114,0.034391345658453254,0.2873187502675488,0.17836091681750263,0.13943331331549924,0.046031407495291415,0.5461906117403602,0.0467597656494067,0.0657875568862361,0.5247290278630691,0.1090197131016207,0.0017821924012861182,0.14476256065033463,0.15860639761149248,0.06967714470583214,0.0017821924012861182,0.724947036435894,0.18599975623884604,0.0001457230338163487,0.009122761201387612,0.04507376659477947,0.03578526261674199,0.01634946201396225,0.03413438512709008,0.029490336050346837,0.9594258645906217,0.29599917104153156,0.06342007947210992,0.03056116828987561,0.23900447129756297,0.015617933839803793,0.8958197227705897,0.7520758701516961,0.7319276074494407,0.14048446836451406
600107.XSHG,4,1,-0.256027261922174,0.5579378512626187,0.13563022238784,0.3455459890962077,0.587021178602565,0.19242013708862743,0.5279290398789186,0.2065272577063757,0.8938641778317947,0.1598847203181889,0.20827485014223446,0.0007157755634164026,0.010573123548554228,0.004751232628069076,0.00024068562632588753,0.006078311327726974,0.0012814894795019618,0.0011721718145588469,0.6183885471157952,0.021935875179525676,0.15085677647451629,0.0033696377641704465,0.015539734764118797,0.6363636304132232,0.01239073669101315,0.6921562419053349,0.006604105855077881,0.04087908112507913,0.09117593991180545,0.3095450272898518,0.11584854179692466,0.9879518072289155,0.1136193245677257,0.4528461686132518,0.07869872267641839,0.037215911834361695,0.3069618643688832,0.18119316754900794,0.14079296620105702,0.07688642509495056,0.5586012877411298,0.10684240763090522,0.04166681538167473,0.5186092505826218,0.10134168012628807,0.00801114009882574,0.11182466263037223,0.12886803346734652,0.01723976602606667,0.009429492001616005,0.7082347387228215,0.06882502570335414,0.0004194600034383816,0.00901068695214279,0.05197987018092458,0.018920409256890335,0.015117474172273035,0.011263682066529692,0.02958666921121374,0.7143887572448864,0.2856980451632483,0.030004402117241265,0.03628533265217725,0.1258759721588894,0.015045911347729856,0.9185611978242036,0.6918645791871216,0.7134056660320611,0.37065517928402114
600108.XSHG,4,1,-0.1729445815750079,0.40328316745707193,0.24017526791451713,0.3700310922225529,0.5984101629206862,0.07225083357376991,0.5310109749786728,0.4233944825536645,0.8599670337100951,0.2802765784247946,0.5067164378010651,0.001596640537200479,0.011804985908873187,0.005231496413738665,0.0007300399100939244,0.002372036402293029,0.0020968625137223924,0.0011687626152362268,0.6216268940096876,0.02410343007797622,0.1514149239240645,0.005081553985844059,0.048000527882451016,0.5454545434710744,0.059373912148559936,0.698080200933531,0.007730836278514054,0.03671882065659763,0.0914147123051346,0.46959025890978046,0.13813282378777703,0.3092369477911646,0.12789890256419714,0.2908184897017654,0.08611428936398484,0.050099469039018775,0.3096093120468269,0.18501535073691786,0.14200053554205433,0.084767565260119,0.5474167781866004,0.029641860580174123,0.06350494166701855,0.5238787822240608,0.10472534104234998,0.004912501413452004,0.13003312188091498,0.14689121077567546,0.03121092670037855,0.004912501413452004,0.7242237171599611,0.06567320246223367,0.0004895120810141252,0.009116189821824685,0.04696219036578035,0.02156053310403943,0.042845445270788825,0.022687322303743474,0.029461106868549608,0.6022384162210053,0.3164798961583617,0.028889174707829576,0.06804439966626649,0.1423513736890105,0.016487408027756178,0.8916895087415317,0.702791229932334,0.7019299575140014,0.4609706243726769
600109.XSHG,4,1,-0.3270716625477265,0.9951936380075397,0.22156273852411199,0.19826192368762008,0.4148989968646273,0.14129807556723148,0.6392082967176159,0.41977730795509083,0.7137869169317992,0.3113090876044371,0.5915827573106058,0.0,0.013684344003226122,0.005214318403950153,0.0029840589171838032,0.008062098247688082,0.00045165201695619955,0.0010289338236805891,0.6194366714067405,0.02284061886363442,0.1510166751679438,0.005682964471746818,0.08471045336488585,0.5454545434710744,0.07674583921281886,0.6984728787834885,0.012767326206306301,0.0436375146965723,0.09100011181921416,0.38821432597238187,0.16393600444228887,0.40562248995983935,0.1307726058731064,0.24553356486353028,0.10305312398636628,0.043852829661138876,0.3299394524390537,0.1926021002305761,0.14268036198483322,0.20635565119382926,0.5288667262913848,0.23750962583188737,0.1378995558152684,0.513288530765258,0.10819812353817546,0.005332644715133901,0.14899421944434502,0.16372888847658548,0.06406715657311472,0.005332644715133901,0.6940628224408929,0.05154028217855038,0.0010165370293848852,0.009069980157093087,0.05305644375124136,0.029247760156912796,0.06504798281099847,0.03229344616550119,0.02996043969994048,0.5786068085021451,0.29599917104153156,0.035948974764931974,0.04897961623947006,0.1639870547702285,0.03849344978165939,0.8875069236340913,0.6755395603909609,0.6993158407554005,0.6221300626989035
600110.XSHG,4,1,-0.2397340002100642,0.1794014962495708,0.19856660572447277,0.20340907742740766,0.4306079580456873,0.18461661391524048,0.6977333679706628,0.7327341842054684,0.9834250868724088,0.8160517579088009,0.392112121481804,0.0015160949248049433,0.011108004267643926,0.0049405878950203866,0.0003318562493012685,0.005656857857524136,0.004244473518621893,0.0013483713986373973,0.6168340693439636,0.022719083076638717,0.15079498581569575,0.0035276734002346877,0.1348404019430398,0.4545454565289256,0.1253545460591072,0.6955607285771914,0.01443516936017601,0.1318169485393868,0.09163478705919482,0.4736457440282969,0.16657605701115166,0.08032128514056225,0.12648906187619488,0.3705855359670834,0.08775423128555601,0.07306759802797849,0.2434731320891574,0.19307575970790558,0.14140779967607503,0.0909369263223254,0.5240660921706473,0.017950817095003815,0.04907872562531274,0.5131174217411077,0.0997411470678391,0.007541527255681689,0.11457921130594728,0.13205496856514212,0.014986652289150304,0.007541527255681689,0.6707974156818891,0.11281550726260489,0.00019395060141682668,0.008933905800754163,0.049749775605390525,0.01379054145091031,0.03938060937140306,0.008114336879887767,0.029289646619246563,0.5500087043975503,0.26888062085401887,0.0718007665761489,0.1275812135339775,0.2659038227694178,0.03235404079679369,0.8885525699109516,0.735612644288179,0.6732512483067652,0.6498228446396357
600111.XSHG,4,1,-0.3093098704364919,0.6525193836074601,0.06076067291191817,0.28911995322443473,0.615923614263062,0.16484079482189976,0.8253238652442161,0.2922102490522369,0.2657580007359017,0.34254732905755664,0.8113090943752684,0.010928539042453297,0.017358977025149654,0.007601270371262037,0.0029529382852658648,0.022465610952883377,0.00963603305059307,0.0015340315091127356,0.6303252900137742,0.009855698960646619,0.15368006541118573,0.008849320391749474,0.29942260579830654,0.363636358677686,0.28557673934800637,0.693418422711063,0.008375509261521712,0.05666093877181875,0.09083013981922305,0.053414967329565854,0.06733680898220279,0.9999999999999998,0.08984901528557178,0.8566685727015426,0.06393245141351092,0.038188050768995195,0.19121604168985395,0.16948490349138526,0.1309348328510855,0.0461021781002255,0.52066350289791,0.05062612855444441,0.08084224712788307,0.5164818699911868,0.11935050559960285,0.0193872319604499,0.158876330211602,0.17036686452850955,0.10146221780081785,0.0193872319604499,0.6905876180360071,0.07723875029563411,0.0003166176311028113,0.00911098321874239,0.05456812546468547,0.01701388397337611,0.034073357432683846,0.014545523786335474,0.02864643026351071,0.6202177097343995,0.2795419864268483,0.03373046367505777,0.03989063569138269,0.19933239284085727,0.025002841418914876,0.9322078581471644,0.7543452301976914,0.7638792436488846,0.2459896616031314
600112.XSHG,4,1,-0.2280083158225092,0.513952255640646,0.1371212065072288,0.29997806067330535,0.543513305899867,0.15931870755751856,0.48496590750424373,0.2517166555114825,0.997136745118943,0.20675648762415957,0.35971646174397437,0.00114385224730761,0.013684344003226122,0.0048090330545006565,0.00022267549370108268,0.0012630980286829274,0.0014389133405884943,0.0011925792507543522,0.6191352695961039,0.025779451872271215,0.15077897475267166,0.003815956538341684,0.03051369867339803,0.5454545434710744,0.034072550227206344,0.7025241559099927,0.00732093661872202,0.045672424708329565,0.09133572208194816,0.6598026319429171,0.16117441637567403,0.7630522088353412,0.1456227081853769,0.28126299277588823,0.08654831990917826,0.035858007526669976,0.3109253877961478,0.18215477081385933,0.1423332995369901,0.09245281818773951,0.5080234546674233,0.027040822999563868,0.0661535605365535,0.5176650595854456,0.09878239382303901,0.0059651510608096665,0.1300593827765436,0.14902208580681597,0.01126927969544264,0.0059651510608096665,0.6911590285787069,0.13190531378288953,0.00017290289114852184,0.00887161162285148,0.05478183461655564,0.01622052110320391,0.029579162966961864,0.01902626940343661,0.0291335269909427,0.6207954156100342,0.28679244695353545,0.02800539564049018,0.038950170258095065,0.1631941277803111,0.015600436681222707,0.8740883881779835,0.6519503781345368,0.6642906369731167,0.7137189807140413
600113.XSHG,4,1,-0.2242984091640403,0.8721486922769339,0.13093686184048242,0.2757688370545488,0.5337091434021343,0.028957242781659676,0.7676699062513337,0.42298333171792346,0.9248062988972892,0.6128431852151197,0.22774901867953495,0.00015172121002377873,0.01065277304941105,0.004756710357468956,0.00010768126382930003,0.00020674594214589997,0.0005856782224667157,0.0011213141857189055,0.6181941960064884,0.02294111227015529,0.1508531516244968,0.0035371359015231893,0.04251625163977199,0.6363636304132232,0.031646591965621015,0.6917172222914157,0.009383513104889966,0.11137740797684724,0.11362270003278034,0.3725809932181886,0.09078993115627126,0.8514056224899597,0.10544027216513317,0.4985458356902121,0.07162032326201591,0.03866426714142845,0.3084496023140566,0.17860911648270214,0.1407539704204005,0.06832559727693391,0.5283533023871799,0.01679617267051043,0.050302673020943225,0.5236158556639576,0.1012476847101312,0.004616318389569611,0.12281127116596209,0.1389242084391953,0.03343329206159111,0.004616318389569611,0.7283860164505473,0.07061834643348283,0.0003899333792204959,0.008960987758474778,0.04437551811277404,0.015533986529397303,0.03318187176056434,0.03357103036650764,0.02888677210779569,0.5279610752647634,0.28703188384468686,0.033941892052415254,0.042129132266120084,0.1589597741551401,0.0,0.9045435017255827,0.7080817964707444,0.7285107720094108,0.48864903322585607
600114.XSHG,4,1,-0.1316428339505811,0.4796399807580792,0.26554401759030954,0.42367070965310893,0.6205369837731297,0.21672990329748837,0.782160822445984,0.2595682806291341,0.7413972824325856,0.34834863112628744,0.14142760274105648,0.0012592204144056555,0.011007393526089305,0.004924240649471224,0.0003579680254978222,0.0030238770781375757,0.0005348672396425248,0.0011637361578061218,0.6169700736956236,0.022886404010339728,0.15095299378062188,0.003572062973079699,0.026440804748456698,0.4545454565289256,0.012861106978258251,0.6929729464698531,0.008561978299212295,0.1444333906122818,0.09152884779536162,0.5494647755941655,0.1688438120741482,0.4578313253012048,0.12846613285969713,0.3452431426374526,0.06688188963325101,0.045615842911611866,0.3053316596666265,0.17369277901694868,0.14148189165932246,0.17423610217085408,0.5400497281406355,0.03225328132618306,0.09912491330372614,0.53269503216946,0.1108454870276752,0.02846078058640065,0.1335572766448829,0.14678469078218573,0.06800639460185756,0.02846078058640065,0.7516619399680058,0.06037300835720179,0.0007200376367755142,0.009051744846113534,0.05323481781162883,0.014717846615683641,0.08016923124106481,0.007392344219655861,0.02942778440260191,0.599961966772487,0.2791742658679987,0.029167756091829887,0.05434248337878153,0.11712757131276283,0.016352515403481486,0.8717432290409168,0.6707271903056036,0.6916556864961063,0.40916557680703874
600115.XSHG,4,1,-0.2200586755347395,0.4848822863920281,0.5032772220522521,0.7023013981849678,0.42080429707384714,0.47808447603986115,0.26188907685302465,0.18130304400028516,0.4828011510978372,0.16510324318366823,0.7048738276444829,0.03289317361409105,0.01046889876075287,0.00020196845149241145,0.02874676919877045,0.13197812685094315,0.06196327681983225,0.007160822638770163,0.52803989754213,0.01971633723398847,0.14316197612593787,0.007249247564261568,0.026566728779271416,0.4545454565289256,0.01957939227834687,0.669435373901126,0.05001979260717905,0.006285610925205752,0.09084798458755597,0.15373569023484668,0.08461779562829677,0.9678714859437749,0.11021067236224735,0.6805150195206031,0.08104617347909486,0.032548493644615775,0.29479330986796665,0.1848465598402358,0.13826084017709284,0.1436401742261186,0.5477575698364059,0.038035830081429155,0.05539479386919313,0.5287814853451664,0.0890698822846665,0.03528902988776613,0.14997234261458614,0.12318457270738632,0.0632184951466207,0.03528902988776613,0.7437942361152498,0.06029310738974601,0.0007256488977385051,0.009180987095201085,0.043447862090582066,0.014887801697040735,0.2611245643031788,0.0021601492285724805,0.02916660154417313,0.5266831366435178,0.2755023162112597,0.023601645277100198,0.02399796972607588,0.16024265972538887,0.011203116587904528,0.9120130377355811,0.7388743310777945,0.7335026788095471,0.6679005520861423
600116.XSHG,4,1,-0.2456924783516409,0.6542874753176084,0.26819717322792125,0.4007797934374321,0.5685982936417383,0.26006435023186764,0.6168533394984466,0.3408227890427936,0.9215606034394186,0.29757259120185153,0.2255236833771609,0.0010918104932003418,0.010755753031052912,0.004800829036360036,0.00036687548875276787,0.004936589626387966,0.0014326527951738334,0.0012354082532480821,0.6162036858259662,0.022293014689200315,0.15070296947292433,0.0037196116067887723,0.028274284029067148,0.4545454565289256,0.03445083085274817,0.691599821639265,0.017342465151684933,0.08799855295288052,0.08881431071228128,0.16257563380390627,0.02048372677973511,0.9999999999999998,0.029876764112571147,0.9887834809398224,0.020462955816997058,0.029749477350100674,0.19631014504039654,0.14775743997353985,0.0992377624741003,0.1957099487287498,0.5671300247042536,0.09221912180498616,0.11094251252514405,0.5233938394970052,0.09372979207343618,0.01727505848627581,0.13916598789038576,0.1553256041725427,0.04396116480148609,0.01727505848627581,0.7303608299825773,0.06750600543882837,0.0004454110431053028,0.009227933980494438,0.05182433740928573,0.01855449878307193,0.05838697674349859,0.006093256200295953,0.029903332756314217,0.5932374038496723,0.284776310464385,0.04033119391627072,0.02736482690615982,0.13335431233216802,0.020844948256266076,0.9632647952734659,0.875146499491398,0.8862225484733821,0.12396415660269192
600117.XSHG,4,1,-0.2465102884379654,0.6588647855002361,0.6615108229736896,0.2716276342021885,0.5644571943471345,0.3183237628723965,0.2566153777312632,0.10055129757115033,0.9581282453661464,0.14762141394532236,0.25449731410250903,0.0041569816684553515,0.013671957985311595,0.0060440454380296955,0.0008632256264096555,0.027628397234336213,0.006145864447726763,0.0017983858896820542,0.6018447027803794,0.025502265399985756,0.1514447549234991,0.005217726256817521,0.005617010778471448,0.363636358677686,0.005334030647552606,0.6935845152123606,0.004318699983877843,0.012480781405444515,0.09112001514812637,0.28834313366763453,0.09308855651067338,0.9839357429718875,0.11073046876544071,0.568757385029653,0.06998052597845515,0.03194268389083545,0.30459860415531387,0.18111501178524592,0.13852731134491247,0.11796670818703181,0.5237461571105291,0.05185279935786133,0.11087456120607304,0.5227136590448342,0.11371756918802407,0.04666829287384299,0.16374647334575218,0.17908727710495706,0.06821474135447125,0.04666829287384299,0.7219135358861012,0.06933372388032492,0.00041047976235218545,0.00904124089245696,0.0460020822131192,0.014146000399342506,0.12398713075468065,0.0015867310687705514,0.02935045198070833,0.5621521706106274,0.2734299217858956,0.03135241849136241,0.025502821623077,0.11609983786796373,0.014927618591852605,0.9234139552058627,0.7074543363849455,0.7221127872557846,0.3506336637272653
600118.XSHG,4,1,-0.2828146317485192,0.6077122999449138,0.11167856398030507,0.3388002216243849,0.47209835925804255,0.12320657805584057,0.6635118108735527,0.4983140800289345,0.8431093516600381,0.4777606119374991,0.5177188822365748,0.0031491745205766124,0.011535137071684014,0.005142866159545447,0.0013311746141303521,0.0009879701450635683,0.006843524736408188,0.001151488222662383,0.6230384170723768,0.024916582558304128,0.15143974703802068,0.004707554417020373,0.13083620280479402,0.4545454565289256,0.10232037016530761,0.6983405329738223,0.004926914271577451,0.04978746495432757,0.09098126787906827,0.11524649244219032,0.12147757767766498,0.27710843373493976,0.07188474618255987,0.6692985004604255,0.04422569123901335,0.06344935985781633,0.225437780493368,0.167818995970128,0.13669580951341062,0.07997215229029056,0.5571502721810082,0.10669554959679255,0.07472163158722146,0.511297812566645,0.1109264275249214,0.01752870752475712,0.14217168574771336,0.1616286753275909,0.014706470969159644,0.01752870752475712,0.6634906056133784,0.08446917105473936,0.00027022675318847105,0.009055943631127768,0.04726705570526921,0.022131308467369687,0.045796710412789134,0.016918754980111243,0.029467056773763992,0.5350482290154717,0.2857128396378235,0.03855656704405058,0.0844667139600093,0.16994255712620965,0.036021265777352394,0.9393001448637286,0.8122152934412457,0.7925817175539263,0.12320603051330495
600119.XSHG,4,1,-0.03683286908312663,0.659000490853322,0.3296103898853601,0.14830365090582498,0.6135129464729773,0.1291551239025787,0.3121712095015664,0.31595640848385204,0.6891570412535271,0.14355027389075692,0.12402562523745264,0.001310623762354005,0.010780562733062733,0.0047825995268309515,0.0003943343945044862,0.001271405465335108,0.0009906044263711072,0.0011506762492913545,0.6181373157602825,0.024102918365394264,0.15090126074315868,0.003512691662209174,0.004162681206825224,0.363636358677686,0.0030237819978483575,0.6960527077219218,0.0021525057595500508,0.015420095866871665,0.09125801799541017,0.2441871990127228,0.052960994025466425,0.899598393574297,0.10295921607587313,0.7212295670152623,0.07419598070334484,0.039442937688543664,0.3063094366880278,0.18148986761507596,0.1386754953114073,0.1254728205048931,0.5294082940274567,0.03986293930216458,0.06851631712965721,0.5143433283700207,0.10444196226919555,0.02683182510221608,0.12155884049949059,0.1387790885740159,0.022092177798771494,0.02683182510221608,0.6721610886948353,0.06146165750046027,0.000652588651459235,0.009021335937289572,0.048364359856661834,0.01783584932746897,0.09251275820798677,0.01517573316019723,0.02916563713645981,0.5349295830870784,0.2764197682990618,0.0637623119939251,0.041081916646205176,0.1880669079647363,0.014827271639648263,0.9173957194188407,0.716833067975764,0.7346064169965119,0.29932017792709964
600120.XSHG,4,1,-0.2111462086912382,0.6047962037015793,0.49905347280520757,0.20432542945036758,0.6400264471320659,0.16542868940003658,0.7512310546030981,0.6727622282103342,0.996053529386453,0.4800658188589206,0.3636507786640669,0.0031360315962184544,0.014014473066755694,0.004788294046654726,0.0026795756203164423,0.009947047650399575,0.007027131942778776,0.0014207924097713485,0.6184625689578149,0.06322174966981889,0.15071328477277762,0.00519088721140494,0.10863508860405072,0.4545454565289256,0.08971485469647403,0.7025041417346903,0.004711908679265942,0.1309577643122004,0.09115784942870703,0.21820322451599056,0.09815138220953792,0.12048192771084337,0.10676776234565866,0.6963029425140564,0.08615373134588011,0.06142505858559654,0.24154526276325095,0.18577064468151175,0.13802556563379842,0.371547205644,0.5142600272954964,0.07105251087345119,0.22111611812426685,0.4972071731215425,0.16110535824351113,0.06526249821470809,0.18693053698127976,0.19592721880992708,0.14393129116405662,0.06526249821470809,0.6726577133996358,0.061406089633865554,0.0006556709383431235,0.008869623951199295,0.0433874430834484,0.015250178355923228,0.07969311941741795,0.009653244797848511,0.028977074996138764,0.5184178399122685,0.28850841134012056,0.03183627763856066,0.08504344947003212,0.17540968422252623,0.028095501585212658,0.9086089176407095,0.7770028968201319,0.7117447777076573,0.45583351570183284
600121.XSHG,4,1,-0.2320823092127306,0.6628514244061372,0.3996720343083025,0.45422604731067945,0.6866284002410667,0.20752317049448948,0.27883195136189753,0.20294361278825682,0.9908130835950995,0.19160538848401992,0.3777910994719459,0.011264491724139613,0.014307428000405761,0.006359189827723704,0.006772867233796299,0.017574113252290604,0.004481313107123476,0.0014187740044170963,0.6112024139574476,0.03449077161934394,0.15238454284868092,0.0059389291315047835,0.006663623589610569,0.5454545434710744,0.007285893807862674,0.697436820641111,0.00250215673991366,0.011892918513159085,0.09126842538068418,0.24063117529568778,0.0615367209813532,0.9799196787148593,0.09671243598071547,0.7403405608670166,0.06485810655609991,0.03481652159491837,0.30680322653843106,0.18090388260321877,0.13808795888284886,0.06235059371223706,0.5109766472534535,0.06626882262955885,0.10404747158770027,0.5135961415918744,0.12734150849762077,0.10722842270254232,0.16836499742128969,0.17867768802476852,0.11899753933472708,0.10722842270254232,0.6894751786972542,0.05520849596129597,0.0015854714667803641,0.008993104694111582,0.045516223690688445,0.01594734650012789,0.24432670361013592,0.0044429467463690505,0.03116200469208327,0.5286729508351232,0.27760352092921764,0.02699454992210576,0.03248432093748846,0.11390511792572326,0.017948794640186637,0.9197799349533453,0.7154261200300742,0.745020635679261,0.24700991199165256
600122.XSHG,4,1,-0.2319778674539313,0.5406934661206292,0.9542463511434865,0.14590573030777204,0.42181353434491103,0.1747531095862972,0.32524659416858187,0.23763144138599612,0.9954032486812168,0.0,0.30875194649076004,0.0029018548954026905,0.012813120666699923,0.00572625816960692,0.005173333293810666,0.009497575317375129,0.012708225082924449,0.0014078626784584478,0.6282019256054351,0.022426847989887835,0.15167792132861074,0.005056855915325962,0.011315376123000301,0.4545454565289256,0.012154588710825028,0.7007717527361911,0.0050255705274875224,0.025458985258207466,0.09135955289924177,0.3205789042781858,0.07301647805701192,0.9477911646586344,0.1137780963461409,0.5820527482319559,0.07873023367407597,0.03827133654159208,0.3064258702529405,0.18214158221106116,0.14011443961763337,0.2655022446519684,0.4635496669278012,0.12375756773366868,0.1385434597692774,0.5346886409944782,0.1123269592256588,0.07279927901314442,0.1427808027840935,0.16173874505584138,0.019847811444598448,0.07279927901314442,0.748918234540073,0.07325606567207274,0.0003553654834349869,0.009079604326152162,0.041513926185386615,0.01868463954948443,0.06456044920420781,0.014831328236083081,0.02948672769436861,0.5226890933344274,0.2732356469750264,0.025224854916193206,0.037578951947366254,0.13993451385722247,0.007747053897230365,0.9244143315675106,0.6998308345495561,0.7173994555243681,0.5502172719069981
600123.XSHG,4,1,-0.3003508402093742,0.8278895287827721,0.3597518978711871,0.4423632284843644,0.5340057123799159,0.1989254834583242,0.6240768385233395,0.25107464458080664,0.716761259603825,0.19577378731072723,0.5900219506785104,0.012314164441849126,0.020930991045669492,0.008502166485204896,0.0020138893173278377,0.00802383065058498,0.005844856218691834,0.001509888667948738,0.6249870330207604,0.012635196943406575,0.1555099817881937,0.013155945393208643,0.09138134165200236,0.4545454565289256,0.10191738317835133,0.693299019833591,0.008631620195099903,0.03907027222573935,0.09093805547341756,0.3394397342816941,0.1188885874330437,0.9839357429718875,0.10471624650339743,0.5982554134641346,0.07115303400987241,0.034916176726427134,0.2681997150184424,0.1793570606043354,0.13695058194703333,0.0691228333748376,0.5295355946098128,0.11791716470946428,0.24234932666694742,0.5426659267733671,0.1825876624749933,0.03394891269405415,0.29039131318809386,0.29356899025502775,0.2685165525663363,0.03394891269405415,0.7360433851342114,0.07484466973093945,0.00033832211080265736,0.009091199443005382,0.05793773834506798,0.01999253658285536,0.05705646867287662,0.01632539583779373,0.029447610609194264,0.7086676949313795,0.3464268326606714,0.039866875359632174,0.03387427928677351,0.14225463279627096,0.021855446551414727,0.9330919529618951,0.7565841846888688,0.74294650566524,0.4434498632130409
600125.XSHG,4,1,-0.2637623792384431,0.8121804575270681,0.3471894779967626,0.3922597559617331,0.6381689624014397,0.029862043631467494,0.5979331126653715,0.16325216646625207,0.9500478160491563,0.3207000698020213,0.43463789060258873,0.000853261465406458,0.013188549623608551,0.005867727946296038,0.001239698602419277,0.0006641564743308165,0.0021982933184516375,0.0011389116755864276,0.6232844819433823,0.022444313664031892,0.1523860282280777,0.0067646146447990566,0.07232576953899604,0.5454545434710744,0.12964031759637007,0.7108462665580423,0.011226466887609848,0.09916794790630369,0.0922861576256325,0.7122728272548737,0.17931451746124422,0.6144578313253011,0.178544464662409,0.24677984475910558,0.12014883861965374,0.0436322404422873,0.33177915851872275,0.22905701513912743,0.14400361880844492,0.05135216539935755,0.5256669736354613,0.02889143096304369,0.08988353391006935,0.5244168402113112,0.119696722049114,0.016128154836636863,0.1659479247483855,0.18032454134841452,0.07883565443809065,0.016128154836636863,0.7115615399806259,0.062116307546775565,0.000618714481253531,0.009078128514220615,0.0413120897641759,0.02489837123042874,0.07725353130125776,0.035577500046649585,0.02894761424751771,0.5472316134848305,0.29824726355753,0.042401090893077295,0.049437355597076384,0.18945579685362518,0.025412304839385058,0.805225745977191,0.6087523771615588,0.629697158534299,0.7350756518887263
600126.XSHG,4,1,-0.2589138943899584,0.4470650089434142,0.7214135765939629,0.32435426399402345,0.5032484667935526,0.19404516303046998,0.2881467412943672,0.27459910503236534,0.9644681529305663,0.3559069718877676,0.2607771326242919,0.0049437292142702335,0.01191030203624649,0.005326981063847943,0.0059007633269554105,0.005585766052145466,0.007517112563996334,0.0014276826979319397,0.623747616508733,0.023356534979841418,0.15120677092844997,0.005541065860121212,0.011510920774909122,0.7272727282644629,0.028183456279823264,0.7201904554701617,0.01619258143770612,0.0529528805281722,0.09322939772867239,0.7847566684556607,0.3289020046253567,0.07228915662650602,0.23707722896471575,0.03240533046435731,0.16741727164829143,0.05774664872972371,0.44075553841111226,0.21459082849932418,0.18348684672318452,0.11182770038769249,0.5195321711136935,0.029787552785189395,0.11026470154929556,0.5286633711384443,0.10729663787099686,0.10521831851801039,0.16571867704917018,0.1709012533386723,0.16587423331178294,0.10521831851801039,0.7377284035443814,0.05885584066127188,0.0008475186422760121,0.009079048874735979,0.042570203456389344,0.014277158476115341,0.12818262371055356,0.014948685661383222,0.02872759715957519,0.47202450980935706,0.2646951471982088,0.06725417896450957,0.08325481690116454,0.2275022008157268,0.019455344858527245,0.7270969734842567,0.5258834195745434,0.5337537924496913,0.7932821947418099
600127.XSHG,4,1,-0.2557075304965715,0.3481234518656839,0.1260946569540265,0.2890857781634818,0.5379212921981795,0.16298292502500178,0.34109441531069395,0.24308981685282363,0.8992288838794492,0.27198715333435164,0.21140504671351945,0.0008665426133104846,0.013684344003226122,0.004706222354520704,0.0005455278271159107,0.0024806206086926425,0.000715484876510334,0.001161754586323985,0.6172732142736399,0.027057695302236756,0.15068121948237087,0.003092185145830473,0.010786961432225463,0.4545454565289256,0.01308650683396662,0.7028721332776865,0.004967659687036704,0.03504567242470833,0.09135754366400312,0.5158766891650807,0.1397443784051531,0.8955823293172689,0.12144591679831766,0.4113000834617425,0.0796568410169002,0.034203710065798726,0.30225902889793227,0.18332558119238884,0.14075786999846615,0.06679046289208948,0.5351523998546974,0.02070647275965628,0.026987463517005424,0.5262683667189977,0.09530525968757664,0.014390235424483956,0.10114094193969188,0.11847477344656408,0.007318643561913047,0.014390235424483956,0.7620676881944712,0.05739280550012983,0.0010330502419390506,0.008153281069993884,0.045706978896617,0.014904228582227666,0.10720709885130862,0.008950488975580383,0.029837935560951878,0.535818873129802,0.2707116317468401,0.09711443571080705,0.03957147778501403,0.2606082484673456,0.015946641143745888,0.9119935095368621,0.7032086152757508,0.713074280523774,0.523210924310789
600128.XSHG,4,1,-0.2828203681850736,0.6404500397408812,0.4511131037008884,0.35929056114918867,0.5896665605103527,0.10920557581489923,0.5145549289624007,0.19650481480714668,0.8401429124672115,0.197048399290765,0.18080374991134351,0.000867523809621726,0.010677937009959686,0.004755850882585222,0.001111975369325497,0.0023202850963281226,0.002306635631325133,0.001160062161042101,0.6185271685275958,0.023479129864592795,0.1508138458328593,0.0038992061546756587,0.013356248263677746,0.5454545434710744,0.011574649054039918,0.7006400538097154,0.004692972943494409,0.052274577190919776,0.09090509988382789,0.34299899797867867,0.1341178256465773,0.823293172690763,0.11014676836844538,0.3277941975096986,0.07123048364672634,0.04063413605763634,0.3065533676684316,0.18103847724233557,0.14151308828384768,0.2679118267503386,0.5488087922134862,0.09502454379923374,0.15389513159411267,0.5245125922109823,0.10304647847043696,0.062440545252549474,0.15665966001955367,0.16547376479082937,0.12535741673353112,0.062440545252549474,0.7293558952858047,0.06569227902845168,0.0004889942831707627,0.008753820007450154,0.04210360514147281,0.018005204731139972,0.09482047794458627,0.012594906460850954,0.029552830487464706,0.5038138567355959,0.2743109716796771,0.030079078860623505,0.04382218857674045,0.12182045460302984,0.016474546868457257,0.9098232165428697,0.7119543584980765,0.7243031002368547,0.5253010686900819
600129.XSHG,4,1,-0.060442368580303,0.484774428091165,0.22003893666281665,0.23402957789549972,0.5895806324074329,0.280105372691176,0.45848927382176113,0.35227198397317927,0.927529925645824,0.2793969956127206,0.22965722337243555,0.006527492199354896,0.012189264396483296,0.005085440216719918,0.0016265073380434085,0.01316591739169774,0.007193019681600538,0.0014986081841076235,0.6133469300965295,0.03681241227015017,0.15068611532064852,0.003387996812872333,0.020021843031967308,0.363636358677686,0.013705964238679954,0.699575728867336,0.006917999753357764,0.036447499321696664,0.09114045663891598,0.3331520086479821,0.08131891367071659,0.9277108433734939,0.07824747579224481,0.86705458069457,0.03511723708261935,0.029620325893014155,0.30121653446757246,0.17774278877087135,0.13730934312907342,0.12799745515667718,0.5389019121120397,0.07435865646503058,0.06005858803912919,0.5246223155716118,0.09440185929895781,0.07806060411639369,0.11269636251876863,0.12686508864092982,0.04508639630892256,0.07806060411639369,0.7244153558695783,0.07733362210933697,0.0003158405225700989,0.0086818180411982,0.05063350252414253,0.014565860447849148,0.07465348407805943,0.005967791332864661,0.029692346774500677,0.6114789381300293,0.2633753243347889,0.02436553205574975,0.026179565853711832,0.1213639040887673,0.017878955554226236,0.8754811038048032,0.7182621290522313,0.7605482251731521,0.3243832602033751
600130.XSHG,4,1,-0.2261051871626465,0.595665704374517,0.21508134036127033,0.31329110617943534,0.967733328652425,0.04581564406996591,0.42370941766611525,0.3612412651059914,0.8840849395691199,0.2626068057937611,0.20278424412009582,0.0009211335149866514,0.010704724148054345,0.004731846968837022,0.00038925518627714467,0.00028608368860823306,0.000786227552756432,0.001112506367661218,0.6184903854864847,0.024472814550499895,0.15082677460627006,0.0027944708786481766,0.012421307322946919,0.363636358677686,0.012439628025603597,0.6938090758646763,0.005955107657349616,0.032468119743149136,0.09112707914077339,0.18912272567851962,0.0658683942753035,0.899598393574297,0.09530654811707209,0.7660987230250723,0.056645214800683866,0.03307508151286933,0.3064258702529405,0.17785658623410897,0.13812175522608452,0.08901235232875948,0.5318427242963106,0.02614273384081631,0.0292747460995531,0.5224780328452243,0.10121931201969865,0.007250131606779504,0.09611808882599152,0.1115175169208449,0.02229442789068528,0.007250131606779504,0.707566340296596,0.06098737974348549,0.0006800623050230099,0.008916232246907758,0.04815157413939851,0.02612273102042076,0.07972900793963116,0.02865054647680687,0.029057457289317832,0.5260566417879831,0.2812003302282457,0.050177628436929876,0.029786848038903406,0.15457856753812638,0.019105551235269486,0.9130968527644829,0.7168137189863346,0.742296937258557,0.4102912696422381
600131.XSHG,4,1,-0.2638597412541,0.5546734707604971,0.21813635454171074,0.40510090231014556,0.3038648421154696,0.2408086334451996,0.49171417905593395,0.24724309989407925,0.9164883261221404,0.248854454084385,0.22214231213512475,0.0008472443583484333,0.011272806057697335,0.0049417463462011445,0.00030125966197176344,0.0023826420818425682,0.0005950798049741858,0.0012021038998412603,0.6161606182118827,0.022025219060010915,0.150912229914686,0.003755484648130423,0.007606075964310691,0.4545454565289256,0.010045431754751854,0.6962508925032596,0.0029362083110676678,0.03264900063308311,0.09136845860764621,0.5206734104539916,0.12457092294776095,0.8072289156626504,0.12350204426899758,0.48068112173403316,0.0836280262485365,0.03800651252038506,0.3044877658284629,0.18215925174536,0.14001565030663682,0.04874516632340105,0.5402752808503136,0.026828751400315584,0.04881175244282932,0.5243156281395415,0.10738123374553804,0.008502991730873584,0.12774244608339233,0.1416448146019653,0.05770515859667594,0.008502991730873584,0.7239584611411618,0.0549225215186726,0.0017106189849024642,0.0091566486726837,0.05031676445399422,0.01601254003143039,0.18002010681015423,0.00228070464371205,0.029739278558900052,0.598261005518699,0.2886242365029133,0.05276966136847183,0.039174226076609024,0.20961859388458226,0.020720972662559074,0.9058687563022823,0.693440139754987,0.7049995643138736,0.5355671007538131
600132.XSHG,4,1,-0.189312406878023,0.5641408801982554,0.11911146493106678,0.34681028927861046,0.5905072850815272,0.1473650319147936,0.587741617124099,0.10571596769497743,0.956191892962303,0.41333856687362347,0.42814213414444074,0.004685125967007214,0.011615743200299643,0.005170581191714299,0.0011569984993708006,0.007038830557036069,0.0038992566304627153,0.001265563515379336,0.6150424467242583,0.019209692992540776,0.15119577964602035,0.004666426127599111,0.04818468160041345,0.4545454565289256,0.03573941659305468,0.6923839354615344,0.004669999586617317,0.03626661843176268,0.09102793266947902,0.2619446343295398,0.05707075077490285,0.6787148594377509,0.10248751236904621,0.7112593278506599,0.0759196198202753,0.03773651072082104,0.3064258702529405,0.18110226898759257,0.13892246858889867,0.041751677943668686,0.5508888224158384,0.051297427521589056,0.08842240209203305,0.5346318723036879,0.1137854547663596,0.02955831698891463,0.16767138086289177,0.17657325432499543,0.13191159205811867,0.02955831698891463,0.7537921678194203,0.06162673076724999,0.0006436326017235737,0.009148383522711506,0.055106224002017826,0.014955361813497284,0.07537522673971112,0.005797094957765606,0.029433170374492404,0.6996212201015033,0.28113219777954407,0.06428222170258424,0.043970191587516284,0.20085863479758828,0.020321379434108992,0.9308462101092159,0.718002299765601,0.7340835936447918,0.3631339509990398
600133.XSHG,4,1,-0.2863713599005211,0.5934912810291173,0.3035846501893371,0.18378055148632294,0.7574909996999203,0.3573806078670852,0.5579439844778361,0.1816612435920292,0.9507718625602533,0.4384276562956202,0.24781543540632245,0.0012629815746416694,0.011410627722341315,0.005101971407461809,0.0010983892223979514,0.008463759394836913,0.008567227678377433,0.0014452327605900747,0.6210728253674772,0.022003238945235964,0.1509729615348952,0.003944043786853815,0.013631287304189412,0.4545454565289256,0.014593658489248805,0.6859814376918951,0.006323329906958223,0.0436375146965723,0.09103463050746066,0.2800850997010346,0.06686107027314886,0.9477911646586344,0.08827776760291506,0.8142919764828831,0.06258485907048808,0.029431512239248586,0.3000037949102701,0.1802154701786157,0.1353023602846172,0.08058106933820466,0.6068901226608706,0.1166066635075127,0.06426489823747732,0.5372621817420328,0.10413334398614717,0.022189503492134312,0.1319865566141968,0.14590158944544784,0.06043195636275342,0.022189503492134312,0.7553942206906706,0.06492363035021902,0.0005110285887732198,0.008932678653400345,0.042569543860241595,0.019009300765323655,0.05524513754403156,0.011598982010397635,0.02916437714050667,0.5473070146355852,0.27290958454195435,0.0431364833469481,0.027524478015708228,0.18327942126462987,0.030317341628282587,0.9284699833832781,0.7667119985847597,0.7758262853400861,0.34176843234221305
600135.XSHG,4,1,-0.3419269154560768,0.6469174195666332,0.22118586381060554,0.3159810199148527,0.6068262689231988,0.0,0.6980366517634999,0.348729564072013,0.9427406104471701,0.6498531450547878,0.2411041927648142,0.0011375342813621577,0.010759417215821174,0.004821410986829158,0.00030647509851333037,0.00022919475453005703,0.0003475686313466825,0.001109233587843643,0.6187316508608268,0.022445615138804026,0.150943025219912,0.003722024685289809,0.06545511601169964,0.5454545434710744,0.04856849840039391,0.6973306747457462,0.019295598294507294,0.1310934249796509,0.09106694363553226,0.43625199521663754,0.14816063142296937,0.27710843373493976,0.09520443348780092,0.43207312603749715,0.06175432350835854,0.06155643479837837,0.32223908111178906,0.17569691293166131,0.14125701599086976,0.1215087809896146,0.5318427242963106,0.027831619449191658,0.07949552062159176,0.5171533785641423,0.10640611833570324,0.012605731171177482,0.1333244526606764,0.14251612075705722,0.1061235125141913,0.012605731171177482,0.6601544561258366,0.05732972679139876,0.001043158108785921,0.009087277012891202,0.05210585304514433,0.02892800181890809,0.0716994476216025,0.09823312332743665,0.03037293120481214,0.5694073136898551,0.27766678677444057,0.03495689776346769,0.08080102635212263,0.141635396083498,0.035373571813124366,0.8706691781113747,0.6862174384149311,0.7136261496172565,0.371193290746946
600136.XSHG,4,1,-0.2582749943203181,0.29535642559944214,0.07094073645130106,0.31114852463782844,0.5006651069211409,0.05366363897343335,0.5706908117026113,0.5406888168988124,0.43672825818734584,0.4342673784797081,0.057381214935496416,0.00011237200502951458,0.010561428073104978,0.004749638724455146,3.4659631071928636e-05,0.0002357067367300424,0.00031527039174178266,0.0011149468968239323,0.617288963689482,0.022166359093859455,0.15084548503440703,0.003402354776132719,0.02158605298934577,0.363636358677686,0.01741015454346526,0.7035111826207658,0.014150812691021452,0.1452925748394682,0.09063369401138104,0.3783942688684937,0.11824600249620437,0.1325301204819277,0.10861834294967658,0.4171167407008938,0.07577161495839714,0.061422483922746976,0.30569991076616543,0.1806469626071192,0.14062398448487873,0.04261734978013207,0.5395840482369195,0.026523522769753456,0.03726988457390844,0.5268888878539733,0.10335196357294679,0.0033202900551839074,0.11875396279133899,0.13631305708999283,0.01699722495909273,0.0033202900551839074,0.776576140746947,0.07171106232577618,0.00037451618005369264,0.009121817537135635,0.052825868200025425,0.02216582205991041,0.06653884440621262,0.013688276693445155,0.02934623474019923,0.6182179159787236,0.2911180787895317,0.08821898201404418,0.09537704483404758,0.31036457541673,0.022356583118980675,0.9189517617985825,0.7096932908761224,0.7131284112243308,0.27134388574880464
600137.XSHG,4,1,-0.2364361779179616,0.5754148181224694,0.37570767225873924,0.3556182472160163,0.6164570706374143,0.04688188091555362,0.44284654212972346,0.2284030839244238,0.19725591202198223,0.24187927924095615,0.008939288461912054,0.00032252664470871074,0.010583443097138295,0.004756287105906868,0.0001495279119617313,0.00021182404791223562,0.0005781697200862817,0.0011149352255494563,0.6179180973547346,0.022244904642558957,0.15085800506170832,0.0033857064854925694,0.010385760480533447,0.5454545434710744,0.013405106680292503,0.7077571795587015,0.007997979394849256,0.1134123179886045,0.09085562810847922,0.1840501203525577,0.09810083650802862,0.9076305220883533,0.07557009609316015,0.7141676564702355,0.06312198839304876,0.03537539535997252,0.29681408699458445,0.18088697684361466,0.1359912857428826,0.32427550102810604,0.5318427242963106,0.06366760288815214,0.13011178554816286,0.5178387782028783,0.10579218901573048,0.012865006398203906,0.11570882138202844,0.13189757835697088,0.02795000844254971,0.012865006398203906,0.6968801451780079,0.07331488057947946,0.0003546901844583551,0.009083326344131481,0.047705291385832606,0.023051910092294896,0.05170238151984057,0.026729708597992258,0.029268808329418337,0.537381783747282,0.2740096315922768,0.02643194341369973,0.0325937099854306,0.08979747745351371,0.015470778249685948,0.9538229111928533,0.8330320419264958,0.7908482148751164,0.46632144044651747
600138.XSHG,4,1,-0.2205464804127882,0.4165089484149046,0.34984898545538845,0.42649201144669757,0.6457975055773858,0.10398448623581874,0.5301195609345616,0.29764498884267826,0.9950752542944434,0.18271674881133534,0.36677736121131244,0.004323478692181286,0.012916930973102616,0.005337044900096918,0.002880756748428565,0.0032084992022363536,0.007027258457463941,0.0012942880027929993,0.6182046860929126,0.03679416549787372,0.1515430992447222,0.005231988722995841,0.033843058080465685,0.6363636304132232,0.03066555773315051,0.6930389681280027,0.006117139105322249,0.03834674866600343,0.0910469041253101,0.26820860635959226,0.07850538002164065,0.9638554216867469,0.11404754720660489,0.7299545528739891,0.08352820995046112,0.033801165494480125,0.30696590654869793,0.18130173837977206,0.1388223794185469,0.24309807461282884,0.5279922069729559,0.05942566085295627,0.19510525920147342,0.5335143240173797,0.12870200511369878,0.09565025860724499,0.20532561565811383,0.2237464062778764,0.06689600713786431,0.09565025860724499,0.7287821476856705,0.06368739856509974,0.0005523158123181319,0.008957988978815248,0.04379560117967451,0.014759877596360762,0.12860090743920566,0.00980997563933685,0.029430873776463227,0.5710716832087182,0.2840278268493629,0.0275732520271433,0.027263168897226037,0.12851655520089172,0.011949213375605672,0.9010364147647385,0.6959914422183897,0.7173981352633787,0.3666072010927281
600139.XSHG,4,1,-0.2980833668927642,0.7459333008189584,0.21712429772678904,0.38573426712113,0.4713119666585586,0.09508435527922823,0.4563959113035776,0.22715185885433667,1.0,0.2015089611486976,0.340327222771604,0.0018539356562417297,0.010759987720323164,0.004834639923717193,0.00024094873799396162,0.0002967316091271849,0.0007094759568848153,0.0010974184342227946,0.620515542092364,0.022239147576102247,0.15094118780870489,0.004048940883597975,0.019078790176520217,0.363636358677686,0.019083844391420173,0.7017353755314157,0.002822721925924097,0.03178981640589671,0.09117263132508291,0.14775110810126463,0.06054170351596349,0.9999999999999998,0.0833729713775988,0.8475278180143907,0.04944769794926082,0.02630899285698325,0.2964950638770928,0.17893654225986677,0.1341818815204195,0.08745097082536157,0.5637956339669514,0.0749664541785264,0.06920601615445832,0.5255843320982865,0.10263133204907744,0.0029492684942177406,0.13315748974970154,0.1512574124820581,0.021529959653359777,0.0029492684942177406,0.7436937426455724,0.05899867793238408,0.0008333050400047542,0.00900978304132386,0.07423939329818652,0.06502220552928956,0.030150377065044965,0.06687564959779851,0.02936021592772681,0.8452685223481249,0.4014548808431605,0.027456365983154953,0.018685776970451137,0.13745036289709683,0.018937458874199915,0.9167282100808112,0.7405217593206852,0.773456416864486,0.17424599341771213
600141.XSHG,4,1,-0.3641754190063216,0.7140807835140744,0.3526975654528689,0.4134576786138312,0.6675630606119117,0.4180132923470299,0.7059114651631746,0.2931881064543536,0.980718145246628,0.26797344042755183,0.3965609850745324,0.002872488636235588,0.013871822404903547,0.005936253309643086,0.002592927357185386,0.016911819908034403,0.005234084476003376,0.0016875421477755808,0.6129950878115223,0.024888288144863848,0.1515083826025776,0.0048590769027820595,0.07384973997501948,0.4545454565289256,0.054791397150725264,0.6684697030235924,0.014655795235870477,0.07664827710952338,0.09016118560993894,0.23562777362352477,0.03716995983799878,0.9718875502008031,0.07963294073003394,0.8948905604050512,0.05129635251985871,0.0280598640870533,0.31039936862330003,0.1731435074442869,0.13722875184904992,0.3781443303285213,0.5637471863706659,0.10226813143863274,0.22000945882361467,0.5331446450182302,0.1366980559136955,0.11787697677924683,0.1831498033473975,0.19691762275884211,0.096147785175943,0.11787697677924683,0.7283766682208099,0.060047218510561245,0.0007435786002776637,0.009075156876560197,0.042422322000064364,0.015521104167676393,0.13815612255417642,0.005769584421318165,0.029294227555884837,0.5296099210172946,0.27645831179861297,0.05111255428912306,0.02383444278897129,0.1306416090337944,0.023497188490757912,0.9146670974705657,0.7322929105302736,0.774385880600877,0.19166713084285142
600143.XSHG,4,1,-0.1978533523408231,0.5706221835501187,0.39424546188854453,0.3560189630861532,0.5697282314776039,0.08111372397590283,0.49236404330329087,0.37808763925581707,0.8175881391609492,0.39568696983817914,0.5335754127102514,0.009776166748560607,0.015209316680474982,0.006364276588840817,0.003240935232666786,0.007270857163102104,0.006045478929545625,0.0012926293674081944,0.6313220181774628,0.03258362215871902,0.15271300311019445,0.006302465196783493,0.08055745152207014,0.2727272717355372,0.09981166188100958,0.7045844996833711,0.007896266607363719,0.045672424708329565,0.09027445484192508,0.38151490472756305,0.042902826472132095,0.6184738955823292,0.04315232472188585,0.9675946695356427,0.033119516971400274,0.041732305132250236,0.3041195295380055,0.115849301845587,0.134907203040631,0.1350943217579515,0.48474523901852806,0.03571655882079593,0.08579091519142751,0.5234622509885942,0.11183974965191235,0.023448726324001235,0.134905771024986,0.15190438658053798,0.033146749008696214,0.023448726324001235,0.7117321451733337,0.061871851069252075,0.0006308614215956945,0.009067037854724638,0.047950661152794644,0.01806516179121926,0.06608762822410105,0.02291829149651959,0.029412263976774822,0.5596705856784385,0.2846186325116755,0.03673741525030562,0.04608191973862078,0.12303224907534073,0.025045911347729852,0.9048958969479202,0.7585909513068865,0.8290446855534401,0.13760441209496185
600145.XSHG,4,1,-0.3223648385566083,0.4385294952251131,0.06058409228772471,0.27429948650642866,0.37510893560323944,0.01886686031754986,0.5521014210834441,0.2285273086421744,0.764825829272555,0.5263861308604211,0.14987764269860981,3.529510173724623e-05,0.013684344003226122,0.0047370110005250324,0.0,0.00024332172395553447,0.00026528505592409856,0.001115242666014333,0.6173939472368117,0.022208070350610457,0.15082930403551628,0.003055376185776575,0.01610382947818796,0.2727272717355372,0.01004159755377837,0.6915992433384315,0.0053520923032332,0.03739712399385005,0.09088249834359576,0.22326601616254715,0.11704787105396577,0.78714859437751,0.0844494572113351,0.537598334460871,0.05574679981672275,0.030766836033352542,0.3053635988544179,0.17920037850153467,0.14049919798677782,0.05559171914681406,0.5220695888407294,0.014606964218555504,0.01614386065735035,0.5226658834139711,0.09992565658844334,0.00019251794258018357,0.0944620861451874,0.10925960610633757,0.02689184020281204,0.00019251794258018357,0.7182209851398204,0.0,0.0,0.009084856440061252,0.0,0.01711042137230713,0.0,0.027034945481412484,0.030945668154481697,0.0,0.1793687937422488,0.034999659563100013,0.026914797971457825,0.1294021856158484,0.025359813363641803,0.9077558904148499,0.7354772013621687,0.7643122892533394,0.056740509634294695
600146.XSHG,4,1,-0.3474486126416577,0.5508109669535894,0.056510669471348474,0.2857051032219645,0.41227434469373064,0.033077566651553536,0.6547861869976603,0.39001614371663873,0.8507370872517759,0.45529538243193324,0.1857626426466582,0.0004072698046971742,0.013684344003226122,0.004685137076694896,2.2876109120731415e-05,0.0003300208369089858,0.00037070166439668293,0.0011196650854084851,0.6172702900137874,0.021749134593387547,0.15075475637486893,0.0032411732499951695,0.029244040457415434,0.4545454565289256,0.019303408333666967,0.6817441726906182,0.014488460587918035,0.09356064031835036,0.09097149785157198,0.14382771565293762,0.03146458461594994,0.6144578313253011,0.04444621589536081,0.9916907829696981,0.03254378537094923,0.034003175733117,0.30161819705890436,0.17720390267070493,0.13161985873128526,0.09210677488852824,0.5303122638556607,0.013901309725196959,0.032902220879729896,0.5172365242208798,0.09376965309251012,0.00098079810491966,0.09855646258322269,0.11595365119708095,0.0049844177304676895,0.00098079810491966,0.6739232300003389,0.11083713655874974,0.00019690678445218244,0.009087071117524196,0.16277223511805977,0.01364088974263954,0.019396660824735793,0.010737950140541384,0.03720999344009329,0.43240564044961266,0.2640663820287625,0.03285510209288256,0.03390147192797887,0.15048782109743122,0.02849554345875456,0.8785230645779778,0.7644841006589713,0.837149767766092,0.17569739300959675
600148.XSHG,4,1,-0.2509172613933253,0.5210152093931637,0.21905694513402865,0.33959952849040254,0.625662578394766,0.14374185136897,0.2081425897867111,0.26268709057832473,0.318269594700805,0.2621197385034523,0.03217159024737537,0.0007887128720942793,0.01063739413383682,0.004775920510688528,0.00017147233498968355,0.0007852447340400315,0.0011747091325584708,0.0011416491555391781,0.6176464474830586,0.022868520695287255,0.15086508071303512,0.003466424770218926,0.00250633689163583,0.2727272717355372,0.001716746983613022,0.6991593651474829,0.000999075566760643,0.012661662295378493,0.09128688396850523,0.18287620795391868,0.0333373128560192,0.9477911646586344,0.08099534752572958,0.9144162964955307,0.05060440026031788,0.03461736328120139,0.30605421349333567,0.1813203696280093,0.13553113553113552,0.09191620148479789,0.5294672955606924,0.030492879389114297,0.062125214156475386,0.5176814398017415,0.10469766461425935,0.019596485256593375,0.1263389761106512,0.14156635707855264,0.04419787427996449,0.019596485256593375,0.6959570074914376,0.09110322690461724,0.00024257851013317674,0.008954692733811907,0.05473091379394954,0.014573281459214561,0.043641135839857924,0.011921225940700938,0.029277539760834137,0.5901315417428532,0.2737620188072812,0.0449108420946408,0.03199648206800963,0.17361221943557786,0.017708470419333613,0.9100859595801791,0.7368537437530409,0.7673066411768279,0.1980814359817415
600149.XSHG,4,1,-0.279616415092479,0.5481227458840783,0.07269701496171432,0.288828668378489,0.5561576095269858,0.007197912214974178,0.5945070830438258,0.4232753880602458,0.9008521706905621,0.41139493828998575,0.2123699911320885,0.00010921321940117928,0.010503683972237226,0.00472125310178463,1.5571820009302922e-05,0.00020306411398316886,0.00025880148052917344,0.0011132398604618728,0.6175217741189223,0.02233311008251322,0.15080955645037195,0.0031546997392023508,0.0172947048121529,0.4545454565289256,0.013771282303185035,0.6878659752832939,0.007253992537078549,0.053269422085556656,0.09092339904586065,0.24391075765139847,0.09206151468535531,0.6265060240963854,0.08441256418398552,0.7149981675373859,0.061897695936180955,0.034207203688959985,0.29743654201936487,0.17994897462868686,0.1366568137327541,0.06365989015983448,0.5318427242963106,0.01654347921364973,0.02474449343101557,0.5226885266541449,0.09905341393962465,0.00017414587962194712,0.10002331372354466,0.11469360715968643,0.031828810008702316,0.00017414587962194712,0.7263177206211432,0.09995228483562514,0.0002174937266992367,0.00940081453259968,0.0855848427971309,0.027446155422449478,0.011123178645950535,0.05469699036491627,0.02939315154086295,0.7948756047338617,0.3480676566895456,0.04373938165933983,0.03466270095289694,0.12759229176166592,0.030857659867201053,0.9440268565991108,0.7801291406837381,0.7897814439958493,0.4331877283837746
600150.XSHG,4,1,-0.2156508485522472,0.5829533289287926,0.5042418519369348,0.15899885132839164,0.4252809171905522,0.26334875019976123,0.4197752219627185,0.17663124185691406,0.6285571144924342,0.2996886945861861,0.6347604060175307,0.018013837662950602,0.012638050810316923,0.005369450906177841,0.005500653000061404,0.01897493541378982,0.023018932687637286,0.0019798779107386526,0.6446795629106251,0.023553930474285684,0.15139856429411158,0.018238213594700854,0.04969310116297165,0.4545454565289256,0.0416470875467698,0.6896244952360286,0.006953030899376162,0.012887763407795965,0.0907388553511637,0.21296256461719038,0.07568396787589854,0.9919678714859437,0.09403505628163081,0.6452013604366701,0.059817415645073334,0.035799406553591984,0.3008531551497418,0.1790668236692299,0.1378864806827901,0.29380219382434286,0.2841002728544499,0.2612519539933235,0.352355538652989,0.5010506624030998,0.10663640710528757,0.056524495473588114,0.3367408281146329,0.36039707947948363,0.10539694960208686,0.056524495473588114,0.7039661033189721,0.07010391703828686,0.0003978198624367664,0.00904855470165218,0.048442324121325576,0.01978890317430602,0.041082935464954506,0.016856907616978067,0.02910847827139431,0.538381957835233,0.26824426378314575,0.037854795780922434,0.035299078851856173,0.1577543921315296,0.02156965962792367,0.9270373237136242,0.7321574676042641,0.7689926144600265,0.23170222636195126
600151.XSHG,4,1,-0.1274004476866382,0.5284425280965972,0.31152040363705263,0.12688845986103675,0.6382139325564696,0.15730048644118413,0.40601765592287975,0.24152289976402805,0.9547121860233119,0.35247623154161917,0.42974179153496184,0.00441802727346288,0.011968459871228635,0.004829317095957945,0.0003806571671180568,0.006856646283320436,0.0036656083214841374,0.0012747893277296428,0.6187003500098327,0.032741854779054176,0.15063732988336773,0.0028255166215883677,0.016739705529805155,0.6363636304132232,0.024543398699989696,0.6938578185721191,0.007450278811459475,0.02369539658135118,0.09192400048204137,0.7671629075178523,0.24446163349191843,0.24096385542168672,0.17240836364930012,0.1262982509991284,0.11760874605799648,0.048558538469247785,0.3131388782168407,0.1868618132124863,0.15025984188510802,0.22565163101285457,0.5508020791054764,0.04244852964723433,0.08267001406304027,0.5160956501853855,0.10608670798635535,0.0063625236430344175,0.10263157406999165,0.11635667187042875,0.04254223329163747,0.0063625236430344175,0.6857814594222561,0.10603552650072176,0.0002049745483845884,0.008932534170233352,0.07027825459250413,0.015518127196306141,0.025986338528254656,0.010683623432412862,0.023941872357419004,0.3765317244797598,0.18966555338245494,0.04286599444868478,0.05983529382174532,0.1797192455793687,0.022189088951366873,0.8341887276135831,0.6233304586263326,0.6287399693171345,0.7077473210773958
600152.XSHG,4,1,-0.288656806375861,0.8015905373363275,0.40666496579015055,0.15651522746867447,0.4346589498549336,0.2127117197832672,0.5642609467011881,0.2568761954109777,0.5626363899014613,0.5405957728205236,0.08782033240889608,0.0016883853671946075,0.010361061948518074,0.004519802768381727,0.0008091406612181112,0.003792405851092105,0.0015444475268712753,0.0011999693560675955,0.6172636740090649,0.025524335554315047,0.15034616668859035,0.003741071977797652,0.011933984388461133,0.2727272717355372,0.008882419311074367,0.6686547568830093,0.006451762299844858,0.052138916523469296,0.09072943600051335,0.34757029779042614,0.033429163378231035,0.8514056224899597,0.058643443384355495,0.93394305917571,0.032231375303901036,0.03705277337475925,0.3064258702529405,0.1773025958045924,0.13671400754438368,0.08425864490313564,0.4871653070180464,0.06811363787971099,0.07197779850575187,0.5179047406915406,0.08300665574579183,0.031178291030294448,0.13825844683926758,0.14893647291254702,0.09533745944726613,0.031178291030294448,0.7220689502054858,0.06142746680387687,0.0006544811356644787,0.009279823725403962,0.0459882306940165,0.016272125509798317,0.09617380317090105,0.008783606716803585,0.029576222823143886,0.5147453603343376,0.2603722406601606,0.041795738835010296,0.03912338676409012,0.16693044788975023,0.03513459352754681,0.9184138486884152,0.7433411834947599,0.8287951562264828,0.16747153604871862
600153.XSHG,4,1,-0.1679656522789255,0.7474680263872393,0.4875469373107024,0.5150381777928329,0.5926646822958852,0.3436921731924411,0.4477376147724067,0.380457253230255,0.8004042190528295,0.2480862451346444,0.5438067147663148,0.0023932802091865962,0.023798438855282607,0.009974075539597227,0.03312405667624933,0.05541222720633024,0.07940339923737574,0.004326022242954663,0.6645643067592097,0.05225897759963684,0.15723856107804607,0.013475739309401791,0.051769608568047396,0.363636358677686,0.03764976457927153,0.6986275454263647,0.004646504783184014,0.019806457447770643,0.09087955977959286,0.34667750520916685,0.11958202221219436,0.4497991967871486,0.10117056305347774,0.49979211558578746,0.06586285860177254,0.059942081236905184,0.3128622790041014,0.17608612255954653,0.14052129559581653,0.04504875080220775,0.5167322116408115,0.08574312332974489,0.12982131081855833,0.4733847179647934,0.1510457599277001,0.19417159191736436,0.20588688356756824,0.22423235658142204,0.06798704433094052,0.19417159191736436,0.6699946364531882,0.06249964149668966,0.0006007579108739912,0.009026314986237892,0.03949556197327949,0.014353060537526663,0.08173696382917321,0.012939888392306156,0.029451063679184757,0.5091035801131683,0.2763136763432264,0.0449782469758397,0.08492622630256152,0.13810498682677205,0.02372195968176108,0.9189650764795274,0.7020006855070542,0.7200914676813313,0.2723761752265224
600155.XSHG,4,0,-0.2520930594888943,,,,,,,,,,,,,,,,,,,,,,,,,,,,,,,,,,,,,,,,,,,,,,,,,,,,,,,,,,,,,,,,,,,,
600156.XSHG,4,1,-0.2362309243385672,0.4821207216779301,0.24738881931292345,0.28417129815474146,0.5264510606854689,0.11722928828600165,0.4941930683080452,0.3317697753199932,0.696278515094328,0.38926189679742135,0.12629523233431172,0.0005867445784715744,0.010418833436335354,0.004674127832436317,0.0002928482291142837,0.0006810197412774632,0.0014208261842324204,0.001145272037854109,0.6178710664653008,0.022334652284798518,0.1507198190462477,0.0034644199898026433,0.020830186571338987,0.5454545434710744,0.011924489760040794,0.6873997288502515,0.015789950410244127,0.052093696300985794,0.09026342400255882,0.24393248818498964,0.1082433406392398,0.6867469879518071,0.05586987829253798,0.7353554412847154,0.04197930624611333,0.04295290841519006,0.3064258702529405,0.17504026045090307,0.14015083567957945,0.06067641400916604,0.5309728900518992,0.023712417358656063,0.0412922182918142,0.5205531968400957,0.09534111719818464,0.009446984333274459,0.11672417306828206,0.13462782749999644,0.012367738910240456,0.009446984333274459,0.7232199509919056,0.07427785006551078,0.00034412999082744183,0.00951912897418593,0.04765278753247191,0.015995706222099327,0.05550855098313304,0.0130240434460318,0.029161764521870866,0.4947917763956698,0.26812688130723983,0.04176719576031747,0.051825071532726925,0.1374627127982976,0.026805796494586347,0.9405774665890274,0.8028559108398574,0.8116713711966583,0.19398672354428875
600157.XSHG,4,1,-0.3501852578132205,0.7278935097346039,0.4189665375482605,0.5203130010608434,0.4821414152559161,0.37908154669061633,0.6757455001510205,0.5869548289244247,0.8233739250170584,0.4965307815312745,0.5300549015426913,0.005514773285078403,0.020936190578133115,0.00921738529175421,0.002785799116890342,0.040022872343279316,0.00919630050765315,0.0020982237184523442,0.6250803940864245,0.033674369984054375,0.1547045082137306,0.005431438644119912,0.13356312145258784,0.4545454565289256,0.12081973508460105,0.7159209108028362,0.007774147813952277,0.08275300714479515,0.09088145527198908,0.2199990017248522,0.030671949939590555,0.8393574297188754,0.031685181256760966,1.0,0.03780490460984602,0.03696238836133545,0.1909755725522685,0.06370667748620716,0.12004331131371584,0.28479911010996334,0.7690552336772308,0.23091190751244606,0.14016421541320412,0.5339746964199913,0.13649840268715488,0.023344488394410792,0.13602593135532404,0.1546007315639983,0.018950276960692708,0.023344488394410792,0.731853041154413,0.08445714163512147,0.0002702869742100152,0.009044428843625458,0.046254311780017814,0.022184615530251396,0.037279352561821556,0.011110276352091521,0.02897137981443058,0.6701737442104668,0.31825834773361306,0.04872939848943516,0.04111014009261166,0.07461897388154229,0.03435230603577197,0.7429174773827953,0.7536956569811153,0.8656872090474845,0.31402993660111417
600158.XSHG,4,1,-0.3183944000684553,0.7419480346550682,0.20402049097459157,0.29390375346642245,0.5181009889254724,0.1511183736218283,0.6125690416024986,0.20233036775829907,0.9971213772427221,0.2547004217124891,0.3144670737563578,0.0015947793262871609,0.011385728847578866,0.004923578116863138,0.00024033829826230492,0.0012059156147375821,0.004019233082563709,0.0011905321717128531,0.6205571926053259,0.02794908355787514,0.1510952436877109,0.003972978151185388,0.03310490965159677,0.363636358677686,0.02261963538241409,0.7027797011282991,0.007795494808602645,0.0780501040065117,0.0908847273217367,0.386402933457735,0.20285506970011427,0.8514056224899597,0.11739097781016164,0.25882790147613327,0.08308907689767811,0.04168642007573822,0.3153358017502807,0.18867571157554647,0.142458086035091,0.04174612257195031,0.525939516492989,0.039618188056029895,0.04527303993116023,0.5203297755075298,0.1045777334258666,0.005502801115605674,0.1266469803924824,0.1437432389082458,0.026681107800359274,0.005502801115605674,0.6969362345564324,0.07918515237879789,0.0003017424211299053,0.008952739880683838,0.055185243620517965,0.017459519453854686,0.022587228970064998,0.01629264333634955,0.029314782516893328,0.629633982855109,0.30939003354647115,0.04622834102254894,0.045975849883426234,0.19865718574251406,0.026333821857988875,0.9084802090582438,0.6909330635531381,0.7025148331322137,0.4597225214655386
600159.XSHG,4,1,-0.2145553198300415,0.5378662058960054,0.5374404913768736,0.14862751715703154,0.34471462758776905,0.12818831572180509,0.20111423648097992,0.1633729099603489,0.8737498232694236,0.11215038565133403,0.19725026980948213,0.0006358162582606048,0.01048848840496963,0.004717971169058935,0.0002011857925213251,0.0004973683981847523,0.003232686642418966,0.0011958930836823804,0.6222766131309228,0.022152509464200845,0.1507951629493303,0.004106509429228415,0.0058681149576533375,0.5454545434710744,0.004254072641193422,0.7067447555262791,0.003964662771792602,0.028081758162250156,0.09119020174374069,0.42515432590345775,0.13411337602498055,0.9477911646586344,0.1281854823302163,0.3190692116509718,0.08904922762318097,0.036695544201419524,0.306883082341154,0.186273427226633,0.1415520840645042,0.07479744430357417,0.542522917622803,0.027223020228191373,0.06033407229592049,0.5214297391498732,0.09906559853060795,0.0012669562837580265,0.13025067486716646,0.14957377608010392,0.007979733639544743,0.0012669562837580265,0.7174111947388163,0.1856983879834627,0.000145813725645375,0.009172537434467247,0.060797879160930365,0.016302355690295516,0.0092374377239453,0.02455545691881288,0.02929573137808188,0.5866464562013566,0.1947161144726364,0.04294185743997626,0.033834572670426624,0.11057515706541014,0.012103397738828738,0.9016968229395974,0.6787736057671045,0.689365033679858,0.533707750816647
600160.XSHG,4,1,-0.3189048293808933,0.7297084707791273,0.3931353753026377,0.36561542644544126,0.5253176121683555,0.023823650427615528,0.4539222010779833,0.13180645642396618,0.9028895119952861,0.32309634805878834,0.4760469262951419,0.004178744737186325,0.0119365781702773,0.005344507190331907,0.002743880132854149,0.0003148694414855731,0.003150816909656269,0.0011134288852287608,0.6218699825774985,0.022039647248789606,0.15166636758944452,0.007357554205112568,0.03083265361552104,0.2727272717355372,0.026402304818427893,0.6895207838929382,0.00546911759318198,0.020394320340056074,0.09075127349402588,0.14149056523463066,0.053176896498093644,0.9999999999999998,0.07261008945241523,0.8732859801724465,0.042509677759409684,0.02808155530373864,0.2773342759228587,0.17147530997446767,0.1335891456544402,0.11277227460508352,0.5318427242963106,0.043692359997678544,0.1159661329527547,0.535822007430837,0.10946236188548539,0.029830481302426232,0.17040836136475107,0.1863906187945151,0.06660045163002175,0.029830481302426232,0.7905914741807738,0.05751737038347537,0.0010137165145916174,0.009102994697831858,0.04508247326392974,0.025523321047579522,0.13024508211774244,0.02418890078067333,0.028607996981545526,0.5331659723477368,0.2826241037419704,0.048557059418182766,0.02180759113812645,0.20676450005066627,0.019529371298677996,0.9380583289542828,0.7739651054796339,0.8003659763462041,0.15921527197436924
600161.XSHG,4,1,-0.2244216098976738,0.44372924585672147,0.12143665487698102,0.39170357012518875,0.62976205104029,0.21304851178790093,0.6553637520348395,0.4395215259632409,0.9451033116456009,0.5845809075036206,0.43961123943406183,0.002645834491526945,0.013004663995560039,0.005789020973869405,0.0004913009615693486,0.0032491605127863447,0.003065719379693694,0.001295030077778393,0.6170036225207246,0.026929017649102643,0.15220104247241595,0.004581674760076612,0.1309210601344155,0.6363636304132232,0.09550690913722722,0.7026396490316853,0.01001018277822672,0.08953604051731934,0.0917557487358006,0.5829556268332966,0.19368551824405267,0.07630522088353414,0.13645347328088372,0.2127124655707479,0.08694600613653276,0.05548418539285004,0.31452805346573204,0.188943431692109,0.14286624187262936,0.06684038072492125,0.5427874193855116,0.03580487037492372,0.08977096808857798,0.5220739875099245,0.1445303109977596,0.015443314708057791,0.16081940154969043,0.1770721178368833,0.05760310579800384,0.015443314708057791,0.6969093583959374,0.06562482590540103,0.0004908315905084035,0.009071927526989014,0.05807876000145638,0.015708514153110864,0.05014892120118375,0.008184653537213434,0.02944393005885331,0.7886943736326611,0.3538680640437232,0.03782647208084296,0.0685203636598285,0.20955043192987788,0.03695893401926183,0.8509856414480692,0.6751829861571803,0.6729462680182619,0.5923600113651607
600162.XSHG,4,1,-0.3095464260915324,0.8231725911270271,0.18819916346517238,0.5857639091170032,0.5340145726706839,0.44488253316759474,0.7006388018467167,0.5693620071343098,0.9998371005120577,0.49155530891744986,0.34326542431578616,0.003061387676812129,0.010823062008584097,0.004629162584429137,0.0016722360957904042,0.005914984222608756,0.020612321549409174,0.001639015692851623,0.6227684420500741,0.023600113101303416,0.15063781224544448,0.0041898415417049445,0.022195523849680678,0.5454545434710744,0.021021114424745465,0.6905271262665019,0.0071623662980289495,0.07574387265985348,0.09072475510908527,0.32377759280520346,0.1494262092127915,0.18875502008032127,0.12740611712745617,0.2505197110355313,0.08744858706321716,0.06443634199922352,0.2885031579909506,0.18012674837308099,0.14269076085967497,0.043508544121446543,0.6138484338058079,0.14802929160180073,0.05362874595030729,0.5282500517100945,0.10324491323787924,0.0062986715177642,0.13401994872651493,0.1502966641912624,0.03939874202033262,0.0062986715177642,0.7342216488641318,0.12346471448148216,0.00018083127172508035,0.009025973106713717,0.051530817123538124,0.016765146236008423,0.016340455241978247,0.011009759717321953,0.029113350709799042,0.6641677099007255,0.282482388248671,0.038440168499203016,0.08272345743609472,0.1789784890054213,0.04302147514506191,0.8860982303901379,0.7205701870770866,0.7059739169238974,0.630956962231879
600163.XSHG,4,1,-0.2326052593856712,0.5419203052664463,0.30085188506168137,0.37235588173162376,0.558263851100306,0.17451249221744722,0.704791552469132,0.4765837323151549,0.9486572427922466,0.7787716777814945,0.24599487079638177,0.001609363112115277,0.013684344003226122,0.004088403921931309,0.0002972288028390883,0.0039186171358254526,0.0012451562055767582,0.0012268304471698582,0.6170474824278375,0.022088425094346203,0.14968512006574528,0.0026462123696123032,0.06355770689570965,0.4545454565289256,0.040945256115531,0.6683221312347847,0.04331258521690396,0.1074884688432667,0.08845859147370641,0.2712017104039929,0.08282844571426237,0.34136546184738953,0.05200928650202713,0.9306189617277094,0.039774127015291115,0.054647342478652015,0.26827406700229467,0.1673705497347101,0.1349526981180636,0.1724658708958987,0.5321338733732613,0.02220831566221807,0.05217645466751982,0.5173844279386108,0.07314375154156834,0.00885337029459603,0.09082790188313332,0.10552972929415257,0.025361843439343657,0.00885337029459603,0.7290415610608839,0.069022899898684,0.0004159048013870167,0.009149309640620619,0.05204226797650148,0.014622455029474266,0.05959092812060169,0.008115784288133136,0.031055656947165045,0.43072907368577457,0.26917767833035794,0.043087611558084625,0.059891390240789905,0.2007374316005472,0.03821693485673267,0.9415432247802191,0.817041484233338,0.8016624726375909,0.33559205391019464
600165.XSHG,4,1,0.1469916841774908,0.4211117523777363,0.40568318598872966,0.38017063802713924,0.43815692578001897,0.1897068192155476,0.5788537861376934,0.3662690681735358,0.7573320137450286,0.227953099229084,0.1471251116394613,0.0007096278084807666,0.01071763597869594,0.004744942341321909,0.0006662815028357031,0.0028152579470019064,0.0024903070566806417,0.001208088390246566,0.6178434583979863,0.023902321035073153,0.15073689112035005,0.003441094052808226,0.02273655715168796,0.6363636304132232,0.010544770636523816,0.6992528902979082,0.009417308694517288,0.08686804739079317,0.09156451793626942,0.34870928283025077,0.10543507320898252,0.4417670682730923,0.10978310852742798,0.6522642975713967,0.07994259751280719,0.042988201818465306,0.3080772970836462,0.18189974324840383,0.14071497463974397,0.24544413224328887,0.5294471928236445,0.024416432404846394,0.10504126306099854,0.519245348982114,0.09438184175662812,0.026942978129000154,0.11731590466083648,0.1319089542786057,0.044161029243560794,0.026942978129000154,0.7151944957623306,0.08436349476877361,0.000270757624655314,0.00749937602737333,0.04351975807068653,0.013824883706969299,0.05556545530664224,0.010301585893919139,0.02947618595525365,0.5179072188839965,0.2740767907202827,0.025371169658313476,0.04952872617010306,0.1603293465318944,0.014620147155590119,0.8981133984746701,0.6947613993189159,0.7062749364294334,0.25988969654037286
600166.XSHG,4,1,-0.3073259428020068,0.7465998651182921,0.6415015281422722,0.274697192138036,0.4484885263413937,0.273761100758478,0.6524920854116767,0.25547417838999276,0.7700627624064865,0.23411133905800138,0.5611698415114932,0.029776182417351787,0.014238198421592298,0.00514654466185466,0.007749290122862744,0.006991702131579643,0.034895959346415054,0.0019241417211028418,0.6229878386783556,0.05215635250166847,0.1515147302919934,0.008844041439608027,0.059930376448501604,0.4545454565289256,0.06095801271802953,0.7015177487272286,0.007515192576444491,0.046350728045581976,0.09092813866592496,0.18339165961941206,0.10490976163235449,0.8755020080321284,0.08962765712147423,0.6024100219792855,0.05483183181601431,0.038554981693293564,0.2555584107243439,0.1555665107935146,0.1392396342715718,0.26447997574315374,0.5564262218493834,0.08332049403319561,0.14777262165304061,0.5371988689942419,0.1050710352951047,0.06119079487630579,0.15232345362415892,0.15937523661986877,0.13916184699131118,0.06119079487630579,0.7546241602660507,0.0651397548107165,0.0005045813365008958,0.008970136257145366,0.04851197747452771,0.017113301966906403,0.09183022964589621,0.01015708956401834,0.02972867688484246,0.5226042670398284,0.2693809076916279,0.029840131156768833,0.040036742020588476,0.144854207833004,0.020569928814978766,0.9234015281703143,0.8044121224182921,0.7780033957112644,0.49155542568151367
600167.XSHG,4,1,-0.1639902994663634,0.6348937683984199,0.27642659253385776,0.5756670378703943,0.67540960037581,0.14748506943013273,0.34429070331594425,0.3569580774557606,0.8360638390359864,0.19554079164386656,0.1789425275309574,0.00033779593720550515,0.012506666693536577,0.005579751505367124,0.00025023614975549537,0.0002027187936748822,0.0036851850117771145,0.00115509287306222,0.6157972601546317,0.022199237593625888,0.1520265584893524,0.007249247564261568,0.0061123255397348315,0.7272727282644629,0.00873955576205111,0.6992910542554331,0.006692350299913954,0.027855657049832682,0.09175903099075629,0.863432314158355,0.11517559277563102,0.5622489959839356,0.16291367953925878,0.2987119379036422,0.11342361710262351,0.03893745503329843,0.3448658606835424,0.18488918852870626,0.1440309158549045,0.13547257011060262,0.5318427242963106,0.1279728414282616,0.11252153644988375,0.5152752743525639,0.19546590481641213,0.024530795822732997,0.14997234261458614,0.18254675916064256,0.0632184951466207,0.024530795822732997,0.658708986102688,0.08574766374336748,0.00026406423825903766,0.009080114815064764,0.04632673543704048,0.018932199348540145,0.035656886513194964,0.004541174911345268,0.02935768367640045,0.6690876349874646,0.3698692616175072,0.03103945216796555,0.040334026240589516,0.09761805238891422,0.015961745528503917,0.8538447472696027,0.5708007164654374,0.6333252357325996,0.6469193398284563
600168.XSHG,4,1,-0.19788180478644,0.5924509386907925,0.417979252835294,0.3660060491628615,0.5398016799445646,0.12851136849275543,0.44061831776103644,0.3904534953409319,0.9312248021715248,0.37584405338984517,0.23230901351148064,0.000211178412306401,0.011055741579731541,0.004612120420716424,0.00010948620579954456,0.000822803421562659,0.0014265344333966256,0.0011781788582592941,0.6178833200599141,0.024074774439973006,0.150529120049675,0.003995776853024912,0.012573538482867767,0.5454545434710744,0.010488046648117675,0.6751537050180735,0.007906607135797938,0.031066292846160803,0.0906240244217563,0.32886020781146186,0.07581641911202469,0.57429718875502,0.10059608591331981,0.720399055948112,0.06595580459435328,0.047288982691127066,0.30744970624078427,0.18046261889687282,0.13957239826650755,0.17782664357886385,0.5423496320294496,0.03560128746879085,0.10719261555032579,0.5252841887232167,0.0884556048335228,0.003235508508525854,0.1413991298768095,0.1532892862492415,0.0859488670416378,0.003235508508525854,0.7306471195182858,0.09424181980595844,0.00023249164343740878,0.008997813145553599,0.04799881167158021,0.018774012941772646,0.019395690864675977,0.012858882429492735,0.02930360465009176,0.3903617370207453,0.2994138857434409,0.05090646402735714,0.0563140838708467,0.21585624398338146,0.026486959382664352,0.9164601411711237,0.7056521162266156,0.7375123114337243,0.36504641839647517
600169.XSHG,4,1,-0.2854574485408744,0.5685360079054251,0.5320297985096509,0.13682986114123802,0.3397951601079618,0.23852231649264843,0.3709624827175885,0.1364621350051513,0.9750956979606389,0.2093981364213799,0.40495365240045733,0.005885036038702295,0.01124024874754611,0.005008378138498455,0.002475353642594381,0.01105692276957002,0.02873965284996128,0.0020191703373676918,0.6240465745299654,0.02306258455960444,0.15048960917439788,0.005504936043966533,0.017755733054110455,0.363636358677686,0.021051139254799678,0.7004357869142576,0.006019811165371458,0.018721172108166772,0.0908838711661601,0.23659754001565275,0.10072512583409052,0.9397590361445782,0.10162645546286914,0.5309511661545695,0.07326152674845568,0.03572299300593473,0.3009596648549939,0.17906181415333866,0.13939041795677706,0.08210428785327634,0.5178167040477062,0.04689503825686399,0.06263672972237919,0.5129800768392735,0.0973089286419873,0.01592107018044169,0.13006100124128414,0.14724651965975874,0.02812442595300747,0.01592107018044169,0.6955024498204556,0.1143448274442666,0.00019179293883295453,0.009092120900167174,0.04626117157995439,0.015115818428647855,0.03220128832866459,0.01062685177792392,0.028980537601233765,0.5115219611395775,0.2604018296093111,0.0553828761376808,0.034281880279397686,0.22545322554086233,0.017476072261769456,0.9379669014784622,0.7392032638981032,0.7469336938526008,0.3703957038016263
600170.XSHG,4,1,-0.1909207445002566,0.474020367177111,0.48203440357988625,0.6511964015962763,0.5571847345548832,0.73302011496123,0.9551862978702601,0.47172687565124083,0.7472309282460687,0.36984011276603557,0.5737511626992964,0.0302515420986005,0.01801122265775042,0.0075305832154504045,0.02776421200255412,0.020724492567237855,0.13815083225890917,0.004070065413436917,0.6343245660272816,0.034005329526928925,0.15435374566974377,0.01049349871989063,0.24336144445679328,0.5454545434710744,0.07231925410300909,0.7106962742897273,0.03428766988118546,0.193090350004522,0.09048170490997337,0.4277893840415659,0.11654910097020496,0.37751004016064255,0.08370105579938625,0.5101791501685147,0.045517059573210436,0.045067293829111045,0.3617209927732955,0.0,0.14105813750952145,0.18482633143138338,0.6292306461401639,0.3405415574901113,0.14579247903269388,0.45068972754882586,0.1252535917998399,0.17698692070742428,0.17593646262446744,0.1935464368614967,0.054871801804452516,0.17698692070742428,0.6614094559680852,0.06177764601017338,0.0006356973240385648,0.009054222718719388,0.042857919296036766,0.017202782444495707,0.07381506907778414,0.009802347406692339,0.029307022303979784,0.49732270472798484,0.2728239323207295,0.06774724372048294,0.05368689127087354,0.17444290862339767,0.016980020338577498,0.8763172657681328,0.669635354473487,0.7227346301816944,0.2916232158495901
600171.XSHG,4,1,-0.2600586755347395,0.5505591668475744,0.35658382127669475,0.30506075989399,0.5029709557996872,0.015492612992542454,0.4478364305983516,0.2717556781964184,0.9705279260655866,0.2730626071925085,0.2673609809184048,0.0015438964962604341,0.010586088557414094,0.004572834591645713,0.00020031044812095862,0.0003285659959542458,0.0004852114087420772,0.0011061156472551579,0.6189017537119618,0.02220363746875426,0.1506283317668966,0.0036979383748064467,0.019830369732058126,0.7272727282644629,0.033633609397815144,0.7074336495048954,0.019778703943351756,0.06263000813964005,0.092725574103709,0.6597315177065178,0.14367397547566893,0.6746987951807227,0.1678118877239769,0.2895722098061901,0.12648206300440573,0.03862547890424054,0.3223757421147141,0.19219004752147875,0.1425607749241532,0.13715464005176642,0.520868701586327,0.03356392825677182,0.07282767045801165,0.521240282677568,0.09478776270195742,0.0036458724715729665,0.12191195295989661,0.13603455663994515,0.05170577939577851,0.0036458724715729665,0.7078351019015469,0.06474380746317265,0.0005165536873515398,0.009139295065432894,0.06523880810448424,0.03849759408241486,0.04092723378106689,0.05506734105980719,0.029487945463430344,0.5682114292620778,0.2800689422515205,0.027296263140336213,0.039368038070522325,0.1345019823174748,0.016190404976969552,0.8159769070173695,0.6281455928530364,0.6349438757053494,0.7203677387017843
600172.XSHG,4,1,-0.2600133240608166,0.6174158210085614,0.4023546200499464,0.4639386704626365,0.5763726136771126,0.16257508671987364,0.5983395626664281,0.31400619034854566,0.9794022159599347,0.22553071772333258,0.2784560347199289,0.0013605523173789269,0.011944205010578347,0.005309042485875335,0.0004516678497064544,0.0032424080678807336,0.0015438660170104777,0.0012191472098485835,0.6187033832521462,0.02193127774721821,0.15137975344818033,0.004355365088154583,0.023052714929889292,0.5454545434710744,0.020261131831246004,0.6807703235431977,0.005990537993836305,0.04264266980193542,0.09127169997194727,0.4708700015635418,0.0936274169350848,0.78714859437751,0.12737251812040565,0.4661405052258548,0.08005273132229206,0.03668390645897418,0.32847911832709864,0.17952409044873774,0.14009494172730508,0.15452258383398101,0.530009968947302,0.03926239158836819,0.10862890052239876,0.5321936289309307,0.11866695004543981,0.014315683311544298,0.15032042077786079,0.16529627805279215,0.0626696959118179,0.014315683311544298,0.746923556019851,0.09394109017580185,0.00023339341463181335,0.009115353354761125,0.05052282229055051,0.016988322712006357,0.03957007490308713,0.013446031408054782,0.029502171839359614,0.6445251557089205,0.30387656113339695,0.023637874588246035,0.03625209949249336,0.12805565055479556,0.018891996171561884,0.8933485179872462,0.6407887753748178,0.6926115554522818,0.33202922170284543
600173.XSHG,4,1,-0.2429998520053277,0.6941166042363212,0.4329684917918592,0.3314575415594416,0.41279208659011707,0.16730843350319363,0.30871327707667573,0.1696381964256628,0.8793678797336353,0.14582435027079702,0.20022641860607993,0.0006147365902096615,0.011096347761505884,0.004977723141938412,0.0002544641433479504,0.0020824293202507207,0.0017302202903724234,0.0012009775489864748,0.6226681679829393,0.022005903276297294,0.15113667592444596,0.004187179387830605,0.007599564466399319,0.363636358677686,0.005073588307244131,0.6950202146129932,0.008092000467889271,0.021796147237044403,0.09072578959431335,0.35158494825370257,0.11016934143225568,0.9879518072289155,0.11386044685361768,0.4175325095293188,0.08043975853182359,0.03408108395337608,0.3059820037495617,0.18169113282345956,0.14097104693272186,0.0498902169984552,0.5350544995252738,0.036655597726589544,0.05710749657072342,0.5199346429369792,0.1068954166964754,0.0051824766281478715,0.1352585963384219,0.15224669840427682,0.03348339070821196,0.0051824766281478715,0.7005236177181673,0.07853476276413955,0.0003064743522364344,0.009088943915462964,0.04812162847429078,0.019205448911326924,0.01626692303172933,0.02952978830715552,0.02933626919382825,0.646417946360952,0.2966377804550586,0.03751941262203525,0.03154608204343524,0.12333260500582663,0.019046629179876772,0.9200222621465397,0.7004389456459248,0.7126531172682216,0.4213442825285253
600175.XSHG,4,1,-0.04005867553473946,0.5456737741364815,0.4101872622698655,0.24001180721794993,0.4033313021534686,0.15569209220327412,0.24197530557292257,0.2378976633843614,0.9800252735701509,0.029642076117074034,0.2793220452304143,0.0009091702270337566,0.012216671491370326,0.005258411494756281,0.0013378567947265549,0.0037973464753634457,0.0058866536341396864,0.0012893687546198973,0.6208151992223019,0.023209322774419276,0.15144542130156805,0.0039574077214074915,0.005391133076180855,0.5454545434710744,0.005324104982585022,0.7011403730757697,0.0012711077132470142,0.011124174730939676,0.09136030705596579,0.5200500560369957,0.15263135539181852,0.7510040160642569,0.13683228561527686,0.2924805384257657,0.09212909316881146,0.03705475355867199,0.3111734690649184,0.18253966009446326,0.14205123005690784,0.0562402484104592,0.5257931183104373,0.026830099390209448,0.04377149423770069,0.5181565463695017,0.11043991421351686,0.011922896011607216,0.1205198122403392,0.13770500032688304,0.021727438445595385,0.011922896011607216,0.6776543421942867,0.06126237390511184,0.0006638061292312754,0.009073182364665158,0.04256782891025745,0.01539071710507139,0.039911038958399606,0.013311060589174178,0.029908800457671945,0.5051716318694053,0.27983359330729124,0.0355432617300012,0.03432348357731461,0.109765684374525,0.011185918526051325,0.9060116672110892,0.6519807836893552,0.6699505958337844,0.5774656497048637
600176.XSHG,4,1,-0.131725342201406,0.75995625267317,0.36903190837286454,0.5055295425694653,0.522157664694834,0.42186172401350497,0.41862319930427033,0.16786826903116267,0.9788845380723765,0.2636913474497125,0.39941019127673977,0.005733327756208835,0.014392246434558987,0.006361681619114791,0.0012394715419842058,0.0336231549693326,0.004929935818340433,0.0019192043682482404,0.6097551163425365,0.0244549359673559,0.15128621911608725,0.005176780496181603,0.024826689680804353,0.363636358677686,0.019474260109593453,0.7028648428007831,0.006042540064995375,0.03147327484851225,0.09068694874580627,0.27861479305034564,0.1181515292803641,0.7791164658634537,0.06600821396901775,0.5882841477098324,0.033547846368349885,0.04308780488766392,0.23203318546378127,0.16556181422627733,0.13782928687116053,0.1666632448797387,0.5478846693913916,0.09839327984047962,0.11724853221032544,0.5228548982627977,0.10849594975492435,0.027354180905612178,0.15492450919208353,0.17220509607189424,0.04390099341110021,0.027354180905612178,0.7242120318727894,0.06844859957161833,0.0004264531566974554,0.008994657271293144,0.05169109898744075,0.01543303721606145,0.04274553938462777,0.005544424421094403,0.029392324711086132,0.6469313394903548,0.2834525943181821,0.03855815954124381,0.048826417970480616,0.1524081515681208,0.024040497696955196,0.9406289500220135,0.8233741320596173,0.8013984204397526,0.40070449623505977
600177.XSHG,4,1,-0.2414238632480501,0.593360282220069,0.59514403283468,0.7738055417783037,0.5313365915798818,0.22193580740776092,0.3955955901210691,0.33498166219634806,0.7640166008189762,0.13206523105242496,0.5645381119163859,0.009283879419208371,0.0226034744118406,0.009913325864247494,0.004851863160248755,0.07371443430539557,0.04395638208287993,0.003142530036800051,0.6137218784734837,0.033614176909136276,0.15540562734516605,0.01610713034765159,0.03934630641899577,0.363636358677686,0.0329548138624857,0.6996996157537699,0.003309543811402553,0.019806457447770643,0.09131293228507113,0.48278597459754147,0.06696986518771467,0.6586345381526103,0.12056509577034616,0.6314912549956421,0.08178137250374932,0.043692037032371615,0.2971447187548466,0.18110848844319835,0.1391668421476796,0.1043643402782726,0.5133124345278982,0.07304892033842415,0.17621023495671734,0.5459423313608555,0.13354677255424363,0.02900864859749042,0.23100791014200225,0.24270992788979362,0.14784163632252606,0.02900864859749042,0.7497373731708145,0.07463684124508346,0.0003404184200038965,0.009013325209288856,0.04799261146779138,0.014337126244724737,0.021572743124645962,0.008242872599947746,0.02969874755394262,0.7349738258211241,0.31603469927213135,0.029582333486137227,0.05121116518715196,0.16111332776004458,0.013314739486750016,0.9069720995299031,0.6880666489761627,0.6937139733782574,0.45115635668848963
600178.XSHG,4,1,-0.2942959636703327,0.6936155534023117,0.619521051522796,0.3081007466631063,0.4561693953854602,0.10490772658346476,0.6254076411771555,0.4707167711247523,0.904972956928673,0.4494743579084143,0.2148591501893523,0.0020135301504821657,0.013684344003226122,0.004429633270936633,0.0004593186132194592,0.0003924920696531086,0.002081618823960239,0.0011737064727182502,0.6194109054529523,0.02221909401454514,0.15040402989772686,0.004504873319384459,0.04443901720100912,0.6363636304132232,0.016865156214074615,0.6379998274004083,0.017487226717420288,0.052184136745952785,0.09078286612431272,0.25501167035323896,0.012480813610809181,0.8032128514056224,0.03951638511577163,0.9958453914848491,0.031197579142192858,0.03846786389251945,0.30679809160032034,0.17291315310832198,0.13709876591352815,0.19079086835371228,0.5310649103307362,0.03757838788933819,0.1343661146786545,0.5109798838096657,0.09247773831710955,0.011306408959134455,0.16303231272685753,0.1709291760554123,0.13833084563069556,0.011306408959134455,0.6866753838908969,0.09055328385211357,0.0002445129946406255,0.0091531330983946,0.05967537843669379,0.016795290748264753,0.032023647071995426,0.019724174452125664,0.029548827105728193,0.5031402361608396,0.25419905147951566,0.03436148256288698,0.040759109689424575,0.17233883378932968,0.0294569898905306,0.8892475962562667,0.7717399716951929,0.8237543997697463,0.1538512769516696
600179.XSHG,4,1,-0.3067253422014061,0.5259674742507918,0.08305937576420341,0.360090045088061,0.5243414756061985,0.2176430199992624,0.7400397997829782,0.44419754221945607,0.8492819689147382,0.7933384508591835,0.18507010529007284,0.0004875268289027783,0.013684344003226122,0.0048357594628697384,0.00015912383282640916,0.0010364778731363619,0.004171507525953915,0.0012213152256887949,0.615753404361617,0.022149662254873703,0.15087468963146872,0.00281908383981986,0.032136387594475846,0.363636358677686,0.020939449355918974,0.5972533394403737,0.02318489619376923,0.07180971330378945,0.09071671432882021,0.192039520610726,0.05202945657829681,0.610441767068273,0.08426367446646751,0.9891982231785474,0.05826319183328473,0.02865035601951162,0.30396439305128414,0.1764050918981453,0.13391021091517896,0.10844158055639222,0.5318427242963106,0.014235283329441772,0.023284569636429414,0.523717429064028,0.10187205796523248,0.015613430190794692,0.08236774291178356,0.0971997595907195,0.018451941216527677,0.015613430190794692,0.7282107371429707,0.08541712896550019,0.00026561289646093525,0.009152495672657865,0.04265476368253056,0.01321845964690678,0.0965887613222052,0.005337718875999088,0.02770309240684185,0.4837177867988109,0.2781322287311422,0.03604806709028175,0.02996245601296505,0.16723919541976998,0.0430323921756296,0.9189686270611126,0.741845783025961,0.7806663621264651,0.4887615536582476
600180.XSHG,4,1,-0.2809943480493594,0.3193523481634575,0.1245221577982894,0.3677273743831888,0.8119319696844315,0.26992008104701637,0.5799565044636994,0.38849796375899603,0.9801504119908075,0.5358020561625904,0.39745590777733447,0.0005607558066994346,0.012217525470110582,0.0054172131474136374,0.0029840589171838032,0.0012350418169139905,0.0018530057917826536,0.001122987127026022,0.6206432593748988,0.023308599547287676,0.15178429180962896,0.0039566217490336055,0.023597978480530198,0.363636358677686,0.014414193948858569,0.7058527806239504,0.007611045303211305,0.06737813150040697,0.09095726485513687,0.3564036131206515,0.08359007469406454,0.6184738955823292,0.0861919939495435,0.8196928648936093,0.02789023818340701,0.03934679918447273,0.30924718729662776,0.17469661830666647,0.13918504017865266,0.20470555979997465,0.5318427242963106,0.04275995174487637,0.04416662772621378,0.512885730005216,0.11813517968181159,0.026631184989263493,0.12576658778217312,0.14528650705847987,0.00310532087387944,0.026631184989263493,0.5652220146136202,0.06328745508502924,0.0005675334071075437,0.009099116133574829,0.04076779102305472,0.024247314016872662,0.11977630319214777,0.023931487048062916,0.02996043969994048,0.5330306938125594,0.2854041023131356,0.04540649059606032,0.040647061164063567,0.19105138825556062,0.022400699886343245,0.8956750365709902,0.7000270885852022,0.7832765181020984,0.4263901481473432
600181.XSHG,4,0,-0.04005867553473946,,,,,,,,,,,,,,,,,,,,,,,,,,,,,,,,,,,,,,,,,,,,,,,,,,,,,,,,,,,,,,,,,,,,
600182.XSHG,4,0,0.00727860257176928,,,,,,,,,,,,,,,,,,,,,,,,,,,,,,,,,,,,,,,,,,,,,,,,,,,,,,,,,,,,,,,,,,,,
600183.XSHG,4,1,-0.1560007045202467,0.64832291127988,0.5108274199644085,0.3824577110181636,0.5555674807267779,0.0907563158895684,0.21609778167793003,0.24970432501730083,0.9957101671234585,0.17859765612159856,0.36478648571850636,0.003042809263497323,0.012625217152009732,0.005551079510176686,0.0020052950729069303,0.0055037396471659585,0.0035153879607350462,0.0012286488666591038,0.6220611265415611,0.02370221755604565,0.15184544081813436,0.0054864088491128095,0.008303807343927227,0.2727272717355372,0.006083842055546005,0.698790735707662,0.0023258996540949373,0.009767568056434837,0.09118525051371415,0.44765454135956784,0.025145969878144943,0.9156626506024095,0.09894512293942559,0.8288325929910614,0.05340405778482974,0.033801165494480125,0.299753029143846,0.17352217878875723,0.14148709109674332,0.09994226439044569,0.5225520042730377,0.03550047968402534,0.08201386514405927,0.521448287335973,0.11234140666925328,0.021483999907444085,0.14273036933443692,0.15548274282470728,0.0786649479384937,0.021483999907444085,0.7023184778277519,0.06372419884932667,0.0005509657290744543,0.00909543715896784,0.044745023874742156,0.01725098153851551,0.07339050370303038,0.016267988497251078,0.029386452448865615,0.5357406998779167,0.28171794217423884,0.02589090061728766,0.03440083519960614,0.13681940961138978,0.01530806962971825,0.8885854127906152,0.6968676750254303,0.7449334984539742,0.20483380178489646
600184.XSHG,4,1,-0.2203038089161382,0.669057983249802,0.12625239384254466,0.3637386312587064,0.5562025796820158,0.3360687062920628,0.6347510193359991,0.4653203247945025,0.9998634454427222,0.5534708620066243,0.342892728086704,0.0026064979931551,0.010863477041833713,0.004802112048544084,0.0004998611787122644,0.0020040330773428133,0.002868564684204627,0.0012181704309548438,0.618523933529907,0.022050269916803804,0.150827175916676,0.003928089241139147,0.021650627024160055,0.363636358677686,0.013253159042811206,0.6952806175293806,0.003459589405490621,0.037668445328751014,0.09119091789258893,0.34939496382629714,0.12464448335872769,0.24899598393574296,0.09618078110444547,0.507270821548939,0.05183288320176517,0.07176789817228166,0.30748677224387877,0.17996646664065,0.1406889774526396,0.1772784330566839,0.5725377614838393,0.06178824995098963,0.13471029154163394,0.49668011557366726,0.1076872410448043,0.014107882594988833,0.16757215853258917,0.18430153001114868,0.05761238332515585,0.014107882594988833,0.6682640454230484,0.09091383445515791,0.0002432385737060674,0.00914476678278935,0.05525370970065415,0.015225923535226749,0.04737700629310086,0.012187265444070915,0.029743750522915353,0.5721877311239318,0.26944086424648533,0.028045451819891164,0.10469566816483894,0.13832245592035264,0.032629060238080994,0.9140670491826561,0.7093892353279383,0.7279641839598852,0.22924488433426055
600185.XSHG,4,1,-0.2727117367592293,0.8020802140222459,0.4948257007381874,0.0704788917647487,0.7847273663454393,0.3880964725602194,0.49344128081883315,0.39481766724668743,0.9876350067926014,0.34231433339069595,0.2913097629697158,0.0008889459379358608,0.012813655993291897,0.005712799237106957,0.0005218404609506364,0.0024347280009253333,0.01671503570669592,0.0017229666609701161,0.6322765613656937,0.022039885043852438,0.1520857338646136,0.005591859114056494,0.019184896430155796,0.5454545434710744,0.01651094808861345,0.6877669482858412,0.01076387525824362,0.03979379578547526,0.09080209542202698,0.3777259825254537,0.15290916301659513,0.2650602409638554,0.12067445724427531,0.22226796249662506,0.07960770828830722,0.060856894725059334,0.31714064762790284,0.1795987640860535,0.14254257689318015,0.09066125106488021,0.5011218834978038,0.1152836296427641,0.13070124608167982,0.5239954109699915,0.13634731375896197,0.018920176475735444,0.19201220301530944,0.21148221243284257,0.04801544416691384,0.018920176475735444,0.7197248815988277,0.07987151817424196,0.00029698434277641503,0.00907432013533503,0.04465386768712346,0.015620800582989513,0.011404559440445744,0.017182251739266383,0.029310888107779792,0.7175727926035906,0.34011640526192743,0.03691126556889443,0.07775252305035049,0.16309564523483813,0.03905171382425077,0.9017962392239849,0.6876962540356466,0.7109869478998607,0.6053497000969521
600186.XSHG,4,1,-0.2400586755347395,0.5602636684412299,0.18444015578899664,0.3177492694416698,0.7531676793310312,0.18324919860496158,0.5182111145223633,0.251313749679132,0.9525936145157057,0.33118448809595163,0.24941780331487318,0.0019227271775204126,0.013684344003226122,0.0043309217799435565,0.0007997968034621886,0.003465249431400117,0.0032868205099229287,0.0012318312391508268,0.615655442746793,0.02588733664897423,0.1502100132195639,0.0027140096910049606,0.021366021618346092,0.2727272717355372,0.013034938091049888,0.6974053527314826,0.009887004447249005,0.042235687799583976,0.09056944034789259,0.2340160821560472,0.1323012697128548,0.6265060240963854,0.10818419107425906,0.46572473639742973,0.06718683878959536,0.03862983760927625,0.3012640631357096,0.1786559380667256,0.1406655799842457,0.06519051583719733,0.5318306235848929,0.014867162700230693,0.024023550526981005,0.5229653041324395,0.08898998618093316,0.011336606247471155,0.09884146900317634,0.11466786459500418,0.020072062529472714,0.011336606247471155,0.7494429039340857,0.06487533539794046,0.0005124977758150626,0.00922603266974852,0.048072026843980174,0.013416985086594209,0.0905224925423928,0.005494215002636827,0.02496592759808258,0.46775824616923345,0.27106338984627965,0.054145757693102065,0.04014883177815752,0.22661023711810308,0.020179158940001198,0.9134128545255713,0.7156942417407461,0.7225128263355101,0.4267502895216403
600187.XSHG,4,1,0.07318918771312384,0.5412692333412364,0.1828992040109632,0.3419207765423798,0.7125913926454571,0.12235709569954753,0.5386125429393089,0.3931329382205561,0.9957312430679901,0.34371114724746066,0.30974761011366553,0.0007844581741548529,0.010998999962276781,0.00488670464471249,0.00010816622952547478,0.001072532741769144,0.0006100600515438545,0.0011654652430911063,0.6178498131986147,0.023172366169301194,0.1509404819419279,0.002861605567635163,0.020996090839980924,0.5454545434710744,0.020694890839950224,0.6832282576192672,0.011327572344991441,0.03983901600795876,0.09132954583049895,0.3770778126912746,0.14447358039260078,0.14457831325301204,0.1258888913777042,0.3136683232402456,0.09250452523117483,0.0582859882317095,0.313334215185287,0.1823047100428692,0.14168596957809163,0.2586066596346932,0.5314841529118713,0.02421678417191724,0.07752084156184912,0.522970964942483,0.10507712759059634,0.003870551753763782,0.08699657817397446,0.1021271547973086,0.018725495731409754,0.003870551753763782,0.7184792299863166,0.14642032021399645,0.00016256741972278958,0.00905967826054102,0.06362886582706231,0.017787682359039495,0.03433727894610237,0.015540538716742717,0.029553160129649203,0.73558867785191,0.3289403477051921,0.03903564869966916,0.08122184226742508,0.09639580800020267,0.02340416940838667,0.9042594551987615,0.692693821591261,0.6996128994779687,0.4889875715455986
600188.XSHG,4,1,-0.3826727513274695,0.5768446269799108,0.4627663662608205,0.3790331220086861,0.6703674262276309,1.0,0.8180284813312668,0.1704806525498773,0.23874434791466703,0.3731739810548419,0.825590813873696,0.05790628140996946,0.02431583575914701,0.011199885676375088,0.018663310302850757,0.058217068483365324,0.035187738788833335,0.005360557994515983,0.6212055718470625,0.011325443064239719,0.15780491286407963,0.045704056037790604,0.03955724039339539,0.2727272717355372,0.039099778358871524,0.6660088789178669,0.011162022881806068,0.05598263543456634,0.09008749126958208,0.09869834342398753,0.04678306315700403,0.9999999999999998,0.04327025064859259,0.9788122151855201,0.0316487894688454,0.028171851326934623,0.255026209989628,0.17467358895415763,0.11518443704391183,0.09774515513214499,0.5028140313888156,0.0851884437044992,0.25494247694336236,0.5064863247676579,0.1205179634813883,0.044799354874624886,0.2912055053696614,0.2945001108383716,0.2679538042765159,0.044799354874624886,0.7037639478509005,0.060525908334226164,0.0007095779144557585,0.009087362551312648,0.05077769024204012,0.016586313783191114,0.08309370700998449,0.009234562403304818,0.028918856372314845,0.5838943141988129,0.27981023361059354,0.049339861163494696,0.02244091785369039,0.17533035985712114,0.020303284082072142,0.9663191830821889,0.8706851753571274,0.8653716666710676,0.22935029421351977
600189.XSHG,4,1,0.0152604734014307,0.5200627225435419,0.513162137641844,0.14137231108229936,0.5276047374135808,0.13842946819765115,0.424380205180601,0.2650310534311032,0.7571036910126026,0.30467557528660394,0.14704198908655097,0.002089918005215756,0.010180019601374572,0.004621320553685058,0.0004031659606882025,0.0061038736708030105,0.0006907465456128575,0.001208504302673161,0.6169133671055024,0.021434310058674855,0.15051295716647653,0.003786407860845166,0.007487166106310597,0.6363636304132232,0.005924608870420402,0.6848874787428569,0.005023839292293549,0.026046848150492897,0.0910230817965458,0.2886583167355518,0.06874771607964505,0.8313253012048192,0.08919416405011653,0.7665144918534974,0.060078258243686594,0.043335565789407546,0.30717998651207035,0.18002022957352193,0.1386611968584999,0.20806058672293534,0.5141117696097677,0.025674471297415135,0.11586993035799718,0.5010957481455025,0.07917181683217693,0.014514911762643749,0.1398469177735595,0.1451892946372368,0.14700374308459752,0.014947330384787717,0.6732197757125981,0.0674661085767644,0.0004462629904117973,0.009136014173479557,0.05718302843281538,0.01387245099771268,0.045046607966531385,0.007870477929899516,0.02939704322566091,0.5589997372048128,0.2715235758712243,0.05432542550143755,0.04870303058790737,0.23632913436692504,0.02992373033439014,0.9196964962860916,0.7223945203661937,0.7651889425501632,0.31680349741077624
600190.XSHG,4,1,0.0681887471456729,0.2955715538831636,0.5263597396176838,0.40393098195928634,0.5487410446282815,0.22487925744503762,0.10347032065631939,0.26908521320937495,0.997634225226325,0.1569804921719256,0.3576713758905745,0.0010578155125098422,0.011988475613599957,0.005382452577312298,0.0003842537724236443,0.003868149190292022,0.006700270135303602,0.001487042774064954,0.6118428730664764,0.02394600014927132,0.15128475559990237,0.004468655975918874,0.0044982842198727,0.5454545434710744,0.006272926903306998,0.7002257935917161,0.006790860694151215,0.00940580627656688,0.09190686132277762,0.7984858184645951,0.14020847643748294,0.8755020080321284,0.1567637436408938,0.2671371185064352,0.10981992491366788,0.03771232293475136,0.31482827870669855,0.18391099285140625,0.1439425254187497,0.1274196964979661,0.5167454794472631,0.01893000424033902,0.07420498192165452,0.5245889127775964,0.10401480532243822,0.004039767046333464,0.12637779316015396,0.14144957919012438,0.04569950831756816,0.004039767046333464,0.730543120462457,0.17511725639706216,0.0001492789564611338,0.009035188226654852,0.04946760037338418,0.014110233908779045,0.051541645281356775,0.0023735245873390196,0.02920294527609278,0.6538976296317652,0.3013784362357173,0.08492463344533355,0.03634359376214417,0.21758317183462533,0.006787102949093737,0.8606911562113875,0.6116022068904519,0.6415372590853761,0.56384452214331
600191.XSHG,4,1,-0.2051962902136386,0.496971633070767,0.4091394235298974,0.26098378490747853,0.5067942548537258,0.026348957734501577,0.39938228714926083,0.404028985034586,0.9378834833969856,0.33127459264429776,0.23728823513201797,0.0009709376664639405,0.013684344003226122,0.004601597219902293,7.127928951162284e-05,0.0010316105758122326,0.0002854441022766548,0.001114816031496152,0.617994997748976,0.023859472870662937,0.15061374210554912,0.0037784553508477836,0.011219698186814049,0.5454545434710744,0.00673352223267461,0.6878155451482388,0.0053771236814475366,0.023243194356516235,0.0912086026007551,0.39333599969537036,0.06895793986853035,0.6626506024096385,0.11696868440782078,0.7108435590222348,0.08649782919037641,0.046224408335575895,0.308279999437955,0.18173406722173846,0.13902515747796088,0.18630261108106647,0.5255835472767123,0.03653362285727443,0.09742840909845923,0.5201258257556097,0.10456450444137044,0.00025381270942080315,0.12936709753591613,0.1440842650012839,0.05106775059992466,0.00025381270942080315,0.6996367044218296,0.10056920881822104,0.00021608259889867754,0.009023337317022116,0.10253395732887832,0.026412268257503056,0.019038006545475238,0.02223748151278259,0.028276598975661163,0.4604509875887488,0.2801824314446435,0.0579963996563456,0.030602462346232207,0.1144265845873233,0.02163471316623796,0.9008056269616964,0.6802358365397376,0.7006664677473442,0.47304271522040386
600192.XSHG,4,1,-0.04156469963112498,0.5111008743778293,0.399077927316112,0.2837445525749669,0.5796634594085839,0.17470809551804503,0.2815932011397173,0.3089902967303432,0.8390048114625037,0.10087242858827825,0.1802815234376236,0.0022140536828741146,0.011166623302442745,0.004936877958331399,0.0004098059039508711,0.003553052408918827,0.0023336213421941035,0.0012295132927130435,0.6190314562525782,0.024428435946928985,0.15097006683389924,0.003858306640739474,0.006958647165103114,0.6363636304132232,0.008668505341629695,0.7016953051223981,0.0085426929561544,0.03540743420457629,0.09166864012003857,0.8401029246015627,0.19824180576976766,0.10843373493975902,0.1672670567665106,0.1533026930527595,0.11991352061215595,0.04780833208214284,0.313106896985999,0.1840525072548691,0.14890798815568154,0.15367840887068873,0.5138765675863065,0.025173274082012503,0.09922998388881088,0.5243724369779207,0.10695738404490474,0.02900811666693706,0.14165790150540453,0.15880929150620304,0.03622715309536741,0.02900811666693706,0.7237142386392718,0.07870871525104622,0.0003051865488526443,0.00900671654374735,0.051916021273822624,0.013941306846312397,0.04629767168939698,0.013118036963911773,0.02956631721171554,0.5955465640915326,0.2772441709283514,0.032928121339186135,0.06348384944718947,0.1287857197142423,0.011361039660226117,0.8478602420076409,0.6146013002520898,0.6260123101134634,0.7816495143660476
600193.XSHG,4,1,-0.3355132209892849,0.7361019186422877,0.10164332196004483,0.3340070365210992,0.3992273157749118,0.1383219044602614,0.6983598230181627,0.32945128036657656,0.965589129730342,0.4068649611254947,0.26194762466011234,0.00022306320726419999,0.010775225556831714,0.004668237627887459,4.714990072937016e-05,0.0007871028323854091,0.0007096068338591473,0.0011462460262261873,0.6166875559398867,0.022091916576339375,0.15070511263869138,0.003615476599387241,0.030641766718830798,0.4545454565289256,0.035570260143302626,0.6891838737174442,0.0062107570330444785,0.06950348195713123,0.09132707437299419,0.38522970450568184,0.11460573082097475,0.8955823293172689,0.11055588568958996,0.49522276483191124,0.07604177063779204,0.03182262457137827,0.2918615120889901,0.1815662106485092,0.139473608955511,0.04392777340459989,0.5412624257530535,0.022648780468078195,0.04751820642342308,0.5196838810963311,0.10576381632529794,0.0013210086115260226,0.12751171044078652,0.1445512647523273,0.027798652213869797,0.0013210086115260226,0.6850406122155656,0.0681112429753452,0.0004329903802053857,0.009238790505977867,0.06124798757215322,0.01696959349284603,0.06499910209411605,0.0024106877720173974,0.028835128619610472,0.5240230283985129,0.475231421595222,0.03610605511307786,0.03157535691114685,0.12915985838779956,0.031998265238978287,0.9179540483731234,0.7449858475963032,0.7418863360909183,0.49656748631948566
600195.XSHG,4,1,-0.2376569288098487,0.5980264284214075,0.30570446458912703,0.37234207004895886,0.6150760355046896,0.0602476243780285,0.5601759377456154,0.17150394908179067,0.9993260088571658,0.4200184849674289,0.32557071086497597,0.003221180976380982,0.013468053869415561,0.005940831895151496,0.0010089376325735763,0.0008424123847441345,0.0018942811847871023,0.001147662958334236,0.6198897428728389,0.025673506636555227,0.15248550599844485,0.005101822575696253,0.059780841689054356,0.5454545434710744,0.034327148510040636,0.7005853196534857,0.012655822542036187,0.056887039884236226,0.09067966687567888,0.13409852967528318,0.1226731093409931,0.9036144578313252,0.08101840566782306,0.6152885897634635,0.04582402964397808,0.03951607373216434,0.2967912340470481,0.17447783140063142,0.13982847055948544,0.09994411618101848,0.5119649480635736,0.04726861361826099,0.1469502596893502,0.5077522585427645,0.1737357311912126,0.03795952585429019,0.20445219288789684,0.21290191068246836,0.16087179067141993,0.03795952585429019,0.6213686509452814,0.06199573967500035,0.0006246344650261131,0.009079650111140564,0.05072505446944987,0.01812097465014643,0.08708721733054427,0.021650567249071148,0.02931786916643907,0.6150316629391147,0.2893522803833249,0.03742726715944163,0.04225379784714271,0.18969812408167402,0.027171143147693963,0.89297659456619,0.7425036486665784,0.7743409917272446,0.24750325410935964
600196.XSHG,4,1,-0.1794688632022997,0.3943868186958833,0.3685620853451843,0.38480233268695835,0.5605678610505797,0.16688667518499153,0.5021008203163682,0.4946875610931849,0.6030556606913438,0.21087287331029797,0.6472473108272997,0.012789479823700252,0.020026464904172557,0.006347484674440022,0.0027368658746332883,0.005983754635728081,0.007416424339696399,0.00154339651805672,0.6272290223489293,0.06492868575117566,0.15215799774857597,0.01261975873352222,0.08835863454739712,0.5454545434710744,0.07970980429785611,0.6987946315878597,0.005485067718744091,0.025323324590756986,0.09113736459476189,0.49472926504270975,0.08854878424713963,0.08032128514056225,0.1293126960765583,0.6190274294501893,0.0961373659969513,0.048850250252143824,0.32190995823072593,0.18344039209559726,0.13634484748750184,0.19629503403711843,0.5687463852765945,0.07030918552738302,0.17270468817977055,0.5241212736613831,0.13354155058667935,0.01877393649129728,0.19780406181919247,0.20611783649200566,0.15770152710747642,0.01877393649129728,0.7106839749140256,0.06495243294862335,0.0005101573913282145,0.00902846084913743,0.057684849182021616,0.022560923986805464,0.05680705037178107,0.018186801960479265,0.029566972409611172,0.7031223838295579,0.3222711542979993,0.027145162781650595,0.06641628408331626,0.15520754167299994,0.01166791290303284,0.8995389569811536,0.6779637123523954,0.6823782125250519,0.512680357958923
600197.XSHG,4,1,-0.2389587671937679,0.42977493110305903,0.19787404550656296,0.4534543638099916,0.661429398946294,0.11481660653944137,0.6103072571419812,0.25785625148066527,0.9993181053779665,0.5218675617825231,0.3255110794683228,0.0009559279702042569,0.012670827030687812,0.005649837194231301,0.0006601389508629497,0.0010917909616194779,0.0032237413526029924,0.0011837627473564021,0.617176795774765,0.021820601740171898,0.15198957270911265,0.0042799950924536125,0.04325137816343487,0.2727272717355372,0.03830717839617199,0.6943692375200259,0.009974902816454056,0.05950981278827892,0.0899773016769014,0.2821248809759023,0.07627583837557814,0.9999999999999998,0.06562215478996666,0.889489671994325,0.035694977544326136,0.03341598309822043,0.29564306018270925,0.17485192728643612,0.13476421851155704,0.07879618476393413,0.5436892784263255,0.033929269950168456,0.08757170648742088,0.5288678829566098,0.14410036900163464,0.02348499989596666,0.15485180880010965,0.16308974056497968,0.12960890981899012,0.02348499989596666,0.7226111475302562,0.06801724024281802,0.00043485970247926606,0.009061288137498485,0.04520291552050842,0.01535304449614856,0.07322071450398829,0.008532686761726443,0.029296011982586037,0.7102311599690856,0.315370310565221,0.03488481289051728,0.03451527519303373,0.16206078684703856,0.03689552551295089,0.9361534419337887,0.7758668347264606,0.8341448537546903,0.28043912995792947
600198.XSHG,4,1,0.1207992333124456,0.2764757319803588,0.16253357202065177,0.2839666019347334,0.6125023717995334,0.24912520852902703,0.5577562965568589,0.4407441683549075,0.9529426848470106,0.40918834364250534,0.4316242463065803,0.007627719201080218,0.009560025348297151,0.004115785384882079,0.0020168640891525765,0.018311373659187506,0.005867062621210293,0.0014554905255924687,0.6173655239403705,0.027585065436125485,0.14941743500506163,0.002089608227527304,0.0,0.0,0.0,0.6710504900102494,0.00016418692997659823,0.0,0.09134051696217903,0.7792982140708986,0.26335904725768944,0.17269076305220882,0.13305799715660166,0.3190692116509718,0.0919568855465241,0.05066661586838098,0.3198504028959069,0.18249960546386634,0.14208910423830812,0.2933732225125239,0.5503127784857291,0.061338130622916695,0.07748075714736684,0.4992498021526816,0.06780655255971277,0.02911626224020793,0.07574548117465768,0.08986564421634587,0.020760455044151752,0.02911626224020793,0.6830225631210001,0.07028387456552211,0.00039501170987830036,0.009225374133568031,0.052623504101896514,0.015034529976591797,0.05706275031897829,0.008741651437258784,0.029427253161064912,0.5615411995214245,0.2748659591403866,0.0696389272613907,0.09184983559687847,0.24393619851041193,0.017835586528683375,0.7935700742781668,0.602914510636416,0.5947155233646586,0.7497660980833173
600199.XSHG,4,1,-0.2147798651258175,0.2897144559342951,0.2096549796688795,0.4607740244038267,0.6043268310501366,0.038699986477701565,0.7297954781712319,0.24541270914138189,0.9614727343140088,0.7047832753583395,0.4222241697796213,0.0012776347785683415,0.016080599484837352,0.00710613152196967,0.0009100617632029936,0.0002466325870283232,0.0019653387630043837,0.0010546956398452356,0.6221029968707892,0.022261989897919762,0.15408271070769672,0.004816570288496362,0.14108397156847258,0.363636358677686,0.13412597577062854,0.7009284577677537,0.01871072973958677,0.10889029574025504,0.0895712195925405,0.2983543973105024,0.06239168577372232,0.9999999999999998,0.059296318207631316,0.9522225153706142,0.03136504986963917,0.01852644147388042,0.23943996449937355,0.16404584010405504,0.12825322300127126,0.1427373860655658,0.5318427242963106,0.12008793848881663,0.12264916577469692,0.5316580199466069,0.19812597509365162,0.030232457129824256,0.16606951843808546,0.18433375713066943,0.04204840377494627,0.030232457129824256,0.6818715623345802,0.06681434369828337,0.0004608104333204357,0.009080425714327326,0.04521386481656103,0.04140104068493986,0.05310822315510825,0.03608377019960895,0.02954857919301093,0.8258194608152418,0.3988204910480776,0.032872375812437626,0.018097434593863777,0.10100113365759741,0.0357155889214572,0.9317320802147393,0.7807814780416615,0.8625832754618934,0.35336142389011016
600200.XSHG,4,1,-0.001880510765817807,0.6691468192685128,0.07009530907431727,0.3445862542238516,0.624857127811366,0.2251865824090083,0.9142887684316376,0.46872312930492244,0.9653322666563631,0.5995632056336612,0.4176637231946707,0.0012539345066063846,0.010657151879820395,0.00475338655479526,0.001435436955416159,0.006029247149463648,0.004693326298971315,0.0012989230526826402,0.6185153301277719,0.021496922071879247,0.15072826166823472,0.0037258462606469776,0.32737341493053346,0.7272727282644629,0.48247192118767673,0.7429909114686584,0.02874794773106354,0.5232431943565162,0.08981149672163762,0.4931969777971521,0.30543168808019283,0.020080321285140562,0.1927094107524728,0.008723959269027068,0.15562640112799325,0.07856362602241054,0.3584687027241742,0.24611105741967698,0.15555416903890998,0.04384750230890105,0.5349092069932597,0.040802014640117484,0.04285734994687716,0.5212223768528915,0.09742955609272196,0.024464099914889063,0.12366869201866382,0.13813172316619235,0.04965544589518461,0.024464099914889063,0.7211130937148347,0.06539304025636045,0.0004972816222124912,0.009092032071806443,0.0431427329126341,0.014905427937599854,0.05257922541391429,0.010307326627973405,0.02990979074638322,0.5233211323922236,0.27275618920030614,0.040669047070804536,0.12124604969676803,0.16782771571160765,0.03351199377878806,0.6463887034696283,0.7325333908274736,0.6098879626524571,0.5783272750515995
600201.XSHG,4,1,-0.1459410284759159,0.5247931915133952,0.15283264751310321,0.3626020006045267,0.4947857188830349,0.08086388685813373,0.4917224654983612,0.5400407596323169,1.0,0.3290405412460337,0.3393857695092923,0.001165706318311707,0.013145201401432808,0.005153440248901452,0.00021988656378468243,0.001967970135510598,0.0007232158162995044,0.0011303946040336038,0.6192154538635207,0.04072419810322374,0.1513351639163703,0.004221205755098726,0.03037527706774715,0.6363636304132232,0.03234507183577084,0.7000553969453543,0.004118155141588144,0.04797865605498779,0.0912600277407767,0.378910697129732,0.13939155216008503,0.1566265060240964,0.1228175468508507,0.3186534428225467,0.094901711420821,0.056301027904691166,0.3048704059777243,0.1820579895998461,0.14161577717290988,0.10205781435090996,0.5482121932347455,0.06430327120350761,0.11682399433283251,0.5188107513316152,0.18792085794838292,0.011545491284000769,0.17512240096424997,0.18985549532901025,0.08160883983992819,0.011545491284000769,0.6384630575488709,0.09299046773716808,0.00023633014164482408,0.00895587628947018,0.06301755211733001,0.019586951004983772,0.023022694848348128,0.021560886616570955,0.029478870768252174,0.8357047734472631,0.3851383273639576,0.03162354113850874,0.0771599749885426,0.15552642245528703,0.02289615361607944,0.9028836048344719,0.7195916810402019,0.7043948847808235,0.4105114688174074
600202.XSHG,4,1,-0.3059995775565124,0.6979867561772901,0.31239801357384145,0.37230311402092964,0.39443423282002155,0.1704939471444449,0.4985732817750886,0.4365067862790685,0.8236663537474347,0.3654178356732801,0.17343972417768527,0.0008923818981792847,0.01073024159371311,0.004794702142289946,0.0002956386397462366,0.005380672526473824,0.002235228567367602,0.0012193594273734788,0.6176785768620021,0.022930838597053232,0.1507642973080651,0.003950099050774992,0.01637103275796985,0.4545454565289256,0.02433876230358984,0.6994311690073298,0.007620858922050333,0.07850230623134666,0.09019759323084166,0.3373159078246737,0.04322549486520751,0.4497991967871486,0.053255084979135656,0.9734113267747938,0.04243461063200507,0.044139107591757064,0.3088118460182601,0.1742164950985828,0.1331445937549557,0.05728852289992657,0.5146202180865531,0.040275897827758006,0.06819124900125288,0.5347629943292334,0.09728299286975142,0.011877190901753428,0.1433981426655263,0.15545811828672135,0.08567928860982087,0.011877190901753428,0.7733486644301028,0.08635910952580807,0.000261276982909757,0.009546425052121768,0.049795287739585095,0.014894076895684503,0.02568218676664091,0.009567622776306618,0.03246677885815931,0.574431469779108,0.2735418536659054,0.03490662035208163,0.050530833754417255,0.163973834042661,0.024291738948375906,0.9108928292454304,0.7553596700720888,0.8314383187268459,0.2142394134963922
600203.XSHG,4,1,-0.0898390562082387,0.5812266155849755,0.18670436825317505,0.3087904454320781,0.5639110326501714,0.20022275636506154,0.4543675973584479,0.34145783752616193,0.6692029516860317,0.3139223128638744,0.11781944245547638,0.0005511868481681075,0.01065625629403522,0.004674363260778562,0.000951026592762403,0.0009598695306975192,0.001559863924261168,0.0011725441406085033,0.6172340556288108,0.025133677687545083,0.15066847590726037,0.0030687660946755175,0.011650564076418929,0.4545454565289256,0.011294341839018665,0.7113093910718521,0.011453694616348455,0.07398028398299719,0.09150639302009382,0.5913773948313502,0.23489287015216745,0.028112449799196783,0.1725559357586985,0.0772744864741674,0.12557421039026512,0.04590901788757337,0.3220929398146666,0.18825505630264136,0.15147781010094707,0.18299579619386186,0.533317522530645,0.02048077553283217,0.050495984228045826,0.5210193103479286,0.08901069998560478,0.06402205662314812,0.08581556879024642,0.10130330887547448,0.014546367357736411,0.06402205662314812,0.716876008586349,0.06165237364318027,0.0006422674889599893,0.00288249675545365,0.0414141952478472,0.013892893581690418,0.19248146083005674,0.008739362967465431,0.030102807142668334,0.47009900836398355,0.2715543328052096,0.028817471709206108,0.05512278229992019,0.11204804111567107,0.019017018603816473,0.8128612716763006,0.6098276281455934,0.6254617612809701,0.6519246481549043
600205.XSHG,4,1,-0.04005867553473946,0.5832710543596483,0.33323445031838866,0.36979524077594106,0.5086859991960199,0.19531619973499242,0.5201466800399461,0.3337110635790617,0.8075837911617676,0.3255274155849768,0.29448349460704565,0.004585277962534866,0.013684344003226122,0.008150090726543492,0.0029840589171838032,0.008062098247688082,0.00966583515757642,0.003724127055187232,0.6194366714067405,0.02795801905504902,0.1535011777904567,0.007249247564261568,0.03212743887797873,0.512508658030105,0.03385548310334353,0.6973754749785577,0.011416551503228026,0.07601564141075765,0.09146680527188153,0.4259820692575249,0.13112622332231372,0.5511172547939428,0.12284974011172788,0.494504656209718,0.08633157970599001,0.045919982486072305,0.31147779666162767,0.18463137997985954,0.14208910423830812,0.20470555979997465,0.5318427242963106,0.077915971133906,0.12469801664167228,0.521515575256219,0.11601091851739048,0.03148564188991912,0.14997234261458614,0.16450473416111355,0.0632184951466207,0.03151351181947201,0.7073590212283098,0.07474128671978711,0.0010165370293848852,0.009470773081934954,0.05305644375124136,0.029247760156912796,0.06504798281099847,0.03229344616550119,0.02996043969994048,0.6137324122247689,0.29599917104153156,0.04246130980234155,0.05485061095598209,0.16042323302325237,0.02380545148233199,0.8768056165474607,0.6953581940533766,0.7048157031587168,0.46648362214367545
600206.XSHG,4,1,0.33726474453961,0.601044107573555,0.28483979119447045,0.24866642006320436,0.5776789214518505,0.12389245506366686,0.3934960127710651,0.3701936897874274,0.9402826284161692,0.3949048391556469,0.2391526197834386,0.0005520677228382756,0.010551531012778772,0.004745266726248184,0.00013187664891083358,0.001159358005456203,0.0008457892109639553,0.001135863201245573,0.6174014084212959,0.022166211271704366,0.15078694634954634,0.0033415856039455266,0.004835865700863639,0.0,0.0,0.6849729497626053,0.0004574990078963674,0.0,0.09134051696217903,0.35490003404041226,0.1334280072265521,0.38554216867469876,0.13004726260325106,0.40091407546871516,0.10044528458772034,0.03851450809015852,0.27534241626200495,0.19078926437044422,0.14148709109674332,0.16900157329737317,0.5269803859604897,0.032432199660474136,0.06491778000212722,0.5238440545596098,0.09748055730926633,0.008248933515043537,0.109766601982896,0.12578842893239545,0.02554712891017949,0.008248933515043537,0.7383932963844554,0.05925002479371974,0.0008095726045366696,0.009239902505456662,0.053066488874723684,0.016899077822079445,0.04351185402045673,0.010177421737951588,0.026946022816780428,0.43330380121595446,0.2240510269214665,0.05075380367142103,0.03886061390222235,0.14327144132846936,0.023517227971525993,0.8766954027069633,0.750928751492637,0.7220084866376384,0.47310929388049616
600207.XSHG,4,1,-0.04708443665886109,0.5632115338568188,0.2874730444595711,0.012769608915122355,0.5104734488013113,0.34936376501282446,0.4225609167456986,0.19987647152698018,0.6933739864885633,0.48396332396838987,0.12536597640313352,0.0014982458021046332,0.010348938586820011,0.004363657337067651,0.00035986623205999635,0.0038317902657900695,0.0007845645161999522,0.0012608734519138807,0.6165228330435287,0.03219764771503001,0.14995880461105426,0.0012799336340639255,0.006135295814453908,0.4545454565289256,0.0047275602848797565,0.6782098396457714,0.009056071567057442,0.025187663923306503,0.09091758606775724,0.3228591752378624,0.0857023658946337,0.7791164658634537,0.10291375859574596,0.5941008049489837,0.06553489191315987,0.025164952649498428,0.3094895573592162,0.18041259309786759,0.13933192428579227,0.26377621481285923,0.5141255902414881,0.019823539379174873,0.0011793328932101226,0.521690056116694,0.06765581176269081,0.01597387451729604,0.012734707080984245,0.0,0.23317368034465746,0.01597387451729604,0.7423849904823336,0.06590199526059033,0.0004833919781545657,0.009393677831802711,0.05134837282907119,0.013926325612690157,0.0840971999747256,0.00606212714323509,0.028183201264825625,0.46273519892043297,0.2337227200108701,0.031593836190863714,0.028336360808208998,0.154463143461519,0.027980199796614223,0.9151721677010694,0.6940178452965373,0.7366911090984465,0.4502397575386057
600208.XSHG,4,1,-0.1710110564871204,0.6777127294170573,0.4281394140021659,0.3913063957121454,0.5346170724429075,0.2351603621661999,0.28482284207573727,0.2167794613667541,0.6923992240539756,0.2887253300127422,0.6026814251361696,0.0034584375574685717,0.013393222963174684,0.005537387042765983,0.002819289706581047,0.0477742189131817,0.03132094356835513,0.002973235120812789,0.6599333040569278,0.024871018678305268,0.15127261447831386,0.00984053917341273,0.037801063415849184,0.4545454565289256,0.02853599694020526,0.7071302645063493,0.014574896816838451,0.013973048747399837,0.09136344436719347,0.34740254488852473,0.1448088664626479,0.8192771084337348,0.12028049241650646,0.2858333701194642,0.0829823219928254,0.04183345977936642,0.30412576906513106,0.2031502533131174,0.1419524407459113,0.05688193410024837,0.534264612729817,0.03725417810378407,0.05735192913383016,0.5173831432157641,0.10230722192892171,0.004034509117402209,0.1332368206262576,0.151410386484779,0.02088450883578432,0.004034509117402209,0.7037931610688299,0.0700372963695923,0.0003988732670751617,0.009018290275995211,0.04301345206767561,0.01528622326826952,0.01717970163659051,0.01597097641338731,0.029914096527148486,0.6784113199304092,0.3531341802391372,0.04727067106044225,0.04645814302092307,0.10302722994882707,0.021497577316504157,0.8712710016900769,0.7289344787935081,0.7183143963898782,0.5740247716255885
600209.XSHG,4,1,-0.3373343165603805,0.519391647806172,0.08608834747848582,0.3014899087065483,0.511399265598918,0.07641779852643102,1.0000000000000002,0.9362446867823985,0.9997242563923778,0.9985664482372573,0.3291662130313575,0.0005854636778848636,0.013684344003226122,0.004690900245203159,7.878654017968596e-05,0.0002575853281143487,0.0011316196800851372,0.0011332583907017275,0.6176147689269949,0.021906222891629423,0.1507647046629402,0.0035215684804340277,0.2520618547988828,0.6363636304132232,0.18060190811100604,0.6476362851700818,0.045484797802801145,0.3435832504295921,0.09022771659310976,0.20291522147113888,0.09842434441304387,0.10843373493975902,0.06979699611700886,0.8687166294185704,0.04399455568065003,0.08579092802477156,0.3087441272695044,0.15801709740412237,0.1380905586015593,0.06292770826987931,0.5285667431977865,0.018167697739278864,0.044468249217653806,0.5194900083892402,0.09741267173093081,0.002092983056518378,0.11901396132062442,0.1364689379621241,0.018158771358524204,0.002092983056518378,0.6959686927786094,0.07915894984506398,0.000301928745999982,0.009102798672282711,0.060070476529194505,0.014760691444649032,0.041849665797951956,0.012775676014954936,0.0291821982508363,0.5464909080627116,0.29599917104153156,0.024356058322447204,0.10912749143040096,0.17899163056695547,0.07474187952383801,0.9323560949283494,0.777973110432975,0.7669844974954647,0.4685079301068017
600210.XSHG,4,1,-0.2015707030261485,0.43712498404187417,0.5747523583782106,0.6481790801525589,0.6080596882682227,0.19277446469414658,0.18161540880542232,0.17257873107932045,0.9985378563481184,0.03667293789166959,0.32068274335143804,0.0067277273615193745,0.01306300067055466,0.005717773442157078,0.003168833839481169,0.013450932095676433,0.004551206104184887,0.0014622884817022761,0.6168468816331111,0.026385076904885396,0.1515133473377093,0.005554790647089938,0.007070916139576707,0.4545454565289256,0.00597058361990335,0.7015881822140801,0.0032720641552963867,0.014470471194718278,0.09111649528298033,0.37306449844276957,0.10475981188433098,0.9879518072289155,0.12099463601734498,0.45616923947155263,0.08477594983590597,0.035204099462820604,0.3064258702529405,0.184222110869245,0.1407474711236244,0.0683502341428154,0.5308767487119673,0.0373233627742827,0.07199292625395717,0.5270193273705064,0.10854085867597708,0.029986807508510738,0.14342643969421562,0.15728684660318754,0.06862374776577264,0.029986807508510738,0.7361473841900402,0.05999400809258386,0.0007475958056532852,0.009023558291277519,0.048259484069169994,0.01549242672404497,0.09218347986196636,0.008340259703375978,0.02934461513459028,0.554246692606141,0.27538376575051887,0.023947655917256443,0.026049272076291125,0.14072467003597305,0.006828527845905366,0.9183650281916178,0.6961766396886477,0.7052042047671983,0.46166844645801797
600211.XSHG,4,1,-0.07376654070327873,0.5295664115915905,0.098917967290239,0.3187394608450306,0.5551884943273242,0.16810458593926825,0.4155132974613241,0.52463377985218,0.8731566232472938,0.2764218053006997,0.19694036724808783,0.0003904397330858823,0.010604696780320173,0.004769911510698815,0.00044082067266963264,0.0007771012619074311,0.0010892828970278392,0.0011339909634666303,0.6176841561551216,0.022043681434032958,0.15085909705979753,0.003382094421376982,0.005820167375047036,0.6363636304132232,0.005910712613705875,0.7002883971111984,0.0024479452367391877,0.023831057248801663,0.09133790292856042,0.5128118385683621,0.09601201414496374,0.14859437751004015,0.14770716423062882,0.3718318158626587,0.10986821793825595,0.05843826564588894,0.30679505476836666,0.1825594053157501,0.1411478278050315,0.16103581435429148,0.5417979124111685,0.05452793995047485,0.07248903952087155,0.5136374936085039,0.103461450826211,0.04360183598694733,0.11384719536636677,0.12849670885083878,0.041298779581063975,0.04360183598694733,0.6785026940429575,0.06408344158189642,0.0005382028872418658,0.00909944759495793,0.04283760373468615,0.01707853136964306,0.09311745902242066,0.012469568730630404,0.029561909269116237,0.5706220484053212,0.2736294525285218,0.03742302591691682,0.08408379044389976,0.10103097925216598,0.020346204462523183,0.8701996136967236,0.6469832161337403,0.6586650048981684,0.48769254984359334
600212.XSHG,4,1,-0.1790314852024132,0.6813348072660412,0.47554241904868766,0.3201471900397227,0.37811942836078766,0.020830305278541295,0.3984502695372561,0.26793384429146205,0.65665573937487,0.18048211734087166,0.11402516896691772,0.0005065966827686645,0.013684344003226122,0.004704556737339643,0.00025469485435218283,0.0005665008754580896,0.0004913273942990924,0.0011195227199823023,0.6174500369384799,0.022227105468836873,0.1507761914572986,0.0034285021335166304,0.005910070167622622,0.363636358677686,0.004813757367941215,0.6799941957019291,0.0062435709313719175,0.02781043682734919,0.0909943861556239,0.32761501585393266,0.04137714371873625,0.9437751004016063,0.1036845593457285,0.7357712101131405,0.0681257684873623,0.035291888019869655,0.30603580442101247,0.18075204759272884,0.1388509763243617,0.1107108291343982,0.5340802706310872,0.0205384840731533,0.055674094381883775,0.5269864063475587,0.0988640305826271,0.005758721088372467,0.11417616137701486,0.12796173307666048,0.04971270149132272,0.005758721088372467,0.7806402836252903,0.0576870236142963,0.000988644907723075,0.009184179981278512,0.0473992387732778,0.019043932151695583,0.12029162911535578,0.013230445817778425,0.02882821975531391,0.4999340239930897,0.25484728306287674,0.05437320854221994,0.03277711084681265,0.20314859147793485,0.016318717473230843,0.91497688571388,0.6986339613462476,0.7360851093044072,0.24530104524154023
600213.XSHG,4,1,-0.3232078468054577,0.6433973168384653,0.07455259360731553,0.22445188425880752,0.5929460383215934,0.21607837437387056,0.357155405184247,0.25953200261421583,0.6217917362977821,0.44685726550097926,0.10387924822878947,0.0005630060629339365,0.013684344003226122,0.004718336945888623,0.0002879041167797135,0.0013827141231114019,0.0022729120186730026,0.0011760857216704477,0.6175157003729118,0.022210680148092708,0.15076100071828943,0.002886402314132743,0.005860229636684877,0.6363636304132232,0.007398501665515316,0.6969128415392228,0.006570694204585625,0.03282988152301709,0.09163769530867559,0.5441401898181029,0.15653121957420202,0.38955823293172687,0.13367793177688678,0.3307025261292743,0.0809495472526936,0.045587148708835824,0.3021939988285718,0.18295944589338942,0.14178865846715383,0.16641107931130458,0.5477979260810296,0.03732660523645983,0.024332886895454955,0.5135848199717875,0.09493919976132127,0.022502114986568445,0.06611277060306267,0.07639862135010052,0.05066219012727971,0.022502114986568445,0.6887144665023716,0.09528955781726434,0.00022944662152753572,0.009158620442962668,0.04582399125322739,0.014715265859927416,0.045506276657735635,0.00973533631684596,0.030151968779365317,0.523315033769736,0.2702123182299268,0.0470872657586941,0.0522439701503553,0.1868039722348888,0.03202981994376981,0.8800382752694891,0.7192931537747116,0.6866967862207001,0.5062027200460268
600215.XSHG,4,1,-0.1757260715960086,0.43731246137937435,0.8303043263311563,0.0,0.49722848433024136,0.16379860163525803,0.35670876593741835,0.28324444914307856,0.8239890791480753,0.20698580950042245,0.17358021936222412,0.0006967418795373743,0.010296995782762351,0.004634650902093332,0.0001245201150637773,0.0021923050108257017,0.002280612534478839,0.0012290464153748499,0.6214178214639682,0.022158951057868977,0.15048308415589695,0.004531038618765756,0.010918005598179317,0.4545454565289256,0.006311717776708922,0.6970500522382359,0.006865913708441249,0.027855657049832682,0.09132439801753525,0.3446351929662691,0.10804759895210575,0.6224899598393573,0.1054830944290211,0.6730373401471513,0.07812610079319124,0.0424800573262698,0.3079400065029644,0.1815512053247684,0.13995325705758635,0.2106323212653752,0.5123220731872307,0.037127394189442206,0.1420238576943983,0.5153393097569561,0.08746377912748232,0.0003140026974198361,0.16388002279111605,0.17483648370429972,0.1098835617327982,0.0003140026974198361,0.712155152568952,0.13598868758465862,0.00016963613234906582,0.009150909099437011,0.06484239081968804,0.015644926901324685,0.009053006746857422,0.02169802854781961,0.02906360470741136,0.5670332862815368,0.2745979066207805,0.054848845203910326,0.047793798552213475,0.18269383011602575,0.016591942334150865,0.9064563775546435,0.6965249214983857,0.7130571171309144,0.30368303963618803
600216.XSHG,4,1,-0.05636302336082639,0.5443830044341529,0.4308980098686125,0.4443572459008962,0.5723513790708229,0.02075618572840715,0.5831237899204543,0.2944724947603004,0.9032842468730764,0.22981919149536809,0.475742444769807,0.005053165927666755,0.014393653577480696,0.00636583296436713,0.0017680484075208369,0.00025226665628180994,0.002003701319207359,0.001020909875069871,0.626757471984321,0.023447753379212864,0.1530357846880416,0.008796901725013106,0.06848758149811963,0.4545454565289256,0.05881266248556088,0.6938560923565578,0.008638757649505687,0.0454011033734286,0.09063792006240332,0.2669770884468475,0.051025419046655245,0.8674698795180722,0.0724177186669495,0.9360198501384356,0.05389568639994783,0.03953115969459348,0.3012809131328913,0.17467153825049142,0.1343950584546752,0.2824100587331611,0.5318427242963106,0.17056728187346695,0.3406299963094883,0.526072326042103,0.173102828722423,0.05046701354403622,0.3294437709977853,0.3191713543895587,0.4222674435402831,0.05046701354403622,0.7034601303844343,0.06231510634953965,0.0006092426925128507,0.00909773052081205,0.05024790261616938,0.0454526344686724,0.058313952607566714,0.06101051667271515,0.02925562264203847,0.6305265994191894,0.30943928357367545,0.032940243817820264,0.04152227662812073,0.18008412182702538,0.016001674941676137,0.9192677635596711,0.7506468090752292,0.77848397071133,0.16730138214063323
600217.XSHG,4,1,-0.281497031699123,0.8059795857574488,0.0,0.2972162553588886,0.505051786727786,0.3004620359664213,0.7072582192186632,0.6049736425563835,0.9811023421521525,0.6537247402726725,0.2808530361641833,0.0011389441214720518,0.013684344003226122,0.004537635268985871,0.0001526889745658129,0.002001602761207517,0.0012206301739693106,0.0012471528783348411,0.6158807963835489,0.023113546814067812,0.15037960919643933,0.002331401202407337,0.0557633518048645,0.4545454565289256,0.05882679946213262,0.6929924114252705,0.018516581085309593,0.12069277380844713,0.08925597272767793,0.3214065052586716,0.1233091823316192,0.34136546184738953,0.09450807759657737,0.4752802333233069,0.053931411988519966,0.06265573047716885,0.3087720938779083,0.18145504396744133,0.14089175551205357,0.07165149365830165,0.5305671163045862,0.014022701679963372,0.005337129968003302,0.5229426608922657,0.08836491666348997,0.004068450378479842,0.07897969581164035,0.09268899703250558,0.026826632440543643,0.004068450378479842,0.7481423314718672,0.08272954143296861,0.00027942337818455745,0.009175038610809714,0.055554617463256524,0.013273276612533833,0.10756459841621226,0.0021552886752079664,0.045099108707195634,0.584259122707611,0.2713145065857799,0.03699691104294428,0.07194587365585578,0.1961173810609515,0.051134473888855655,0.921467348851742,0.7363285568970861,0.752604214801182,0.5041561942964831
600218.XSHG,4,1,-0.334017196725001,0.6826232236963511,0.28019682176049177,0.31914690548364527,0.6193751154554398,0.1507768813530397,0.7400590657616215,0.21107190357523506,0.9042410069383766,0.7039071729794634,0.2144128182204636,0.0017312603742025837,0.010655018832537114,0.004772097064564689,0.00036761684733139366,0.0008077402063777067,0.0036480810064366204,0.0012061842908438229,0.6175899993405857,0.022355977196865315,0.15089353481228704,0.0037413099295330664,0.06559177326047204,0.4545454565289256,0.0547196952093226,0.7285276284425454,0.034018831015058426,0.2877362756624763,0.08881812844411645,0.4096905867551877,0.13392365882551402,0.6064257028112449,0.1211777835459733,0.280016712880313,0.08634490663614419,0.04178919349747461,0.3162757414478383,0.18486568165406983,0.14208242668143306,0.17126953367324158,0.5281283527596132,0.0274887199659199,0.10289408374358999,0.5323415326486617,0.10382246285048759,0.063029760634729,0.13922284299046445,0.1536505206748152,0.06042426926882747,0.063029760634729,0.7523046307624534,0.07490363641988664,0.0003377340036298682,0.00905614815568674,0.04610115355451086,0.014097405089708677,0.09844605008245583,0.009636315989248967,0.02950127690169344,0.5066702297406533,0.2691461427398161,0.03779853025509042,0.0459272989584538,0.16650192215128945,0.0467376024406293,0.8463645595148486,0.6948360311352886,0.7140856004414953,0.4812900015429358
600219.XSHG,4,1,-0.2912435096579621,0.42712671565786803,0.9999999999999999,0.4474850608059329,0.5906370131123944,0.14537338536887312,0.34227150445748455,0.22998026146188313,0.8744203017548359,0.016520842960920518,0.4968713845642322,0.00485600910236424,0.013695338695783245,0.00602656995395965,0.0053749639137719,0.009242499997537566,0.005890995265300529,0.0013993820879706414,0.6389838157986089,0.02790959278250226,0.15242535847399616,0.009877224831044444,0.027600691492259462,0.363636358677686,0.021928374707640755,0.6862569401627043,0.016754833386661543,0.01469657230713575,0.08990861634567625,0.16067557219042955,0.08966755785476743,0.9999999999999998,0.11025415343019508,0.5060245416533639,0.06788049456348105,0.03745263794785658,0.29200184766203874,0.17341937879343186,0.13952560332971972,0.4468656471995975,0.608434766718793,0.11236705313051162,0.24105089364358376,0.5212651340351346,0.11368693364498035,0.036209392498277516,0.18187077242978728,0.19897118624393367,0.06368492245445197,0.036209392498277516,0.7184044441484172,0.05804351069146592,0.0009402250446213245,0.00902450031055985,0.042861217276775505,0.027169243542365485,0.07430831686248775,0.02866839458523793,0.029339099757710003,0.5307498090022321,0.28087796641381746,0.030133101890407916,0.03283199091571992,0.1354455622688352,0.0065345157623975594,0.9291037621962479,0.7148290654990936,0.7245090609511688,0.4220042178498483
600220.XSHG,4,1,-0.1873454972401658,0.47349735247092584,0.24740829823070018,0.0,0.6212369467438013,0.1341101062187387,0.21805338209076058,0.10390976228555898,0.9950107092143152,0.16813063999365785,0.30760765612922664,0.0036446344643917355,0.011320510651129318,0.0050629141763802584,0.0008753831839387517,0.009069348430859733,0.0008465390937999317,0.0012341265010046203,0.6153797866485815,0.023200299358178543,0.1509814908075489,0.0030519084041803497,0.006905384107432181,0.4545454565289256,0.006234239930356267,0.6973100969323524,0.0030420732406156734,0.009948448946368815,0.09123310525347321,0.3081678824192904,0.05355970769319158,0.9959839357429717,0.1032464546459521,0.707104719335509,0.06678884319760747,0.028722049452840622,0.3086007110464678,0.17952927392820087,0.13799046943120752,0.041362560385481605,0.5292626496975442,0.020875700139575244,0.025509007544490814,0.5232995328105368,0.101112957946973,0.0056617869744569616,0.10797955586664884,0.1239612938039715,0.024728585943167986,0.0056617869744569616,0.7291817845069453,0.06081680058666483,0.0006906304251815452,0.00902310208636314,0.05503854943725894,0.015088415300099382,0.09283935761669912,0.0054689440370555295,0.03015224257308054,0.5386541781662663,0.1713223515505875,0.033388093028486034,0.016063676548171483,0.14522525903126107,0.011295088831728181,0.9249043118262772,0.7044303657511835,0.7391798010630741,0.34781908968136827
600221.XSHG,4,1,-0.2301413201628386,0.4819781526147892,0.5945302351973457,0.7444732463279959,0.6428256303135623,0.48454679691460195,0.4346537365019032,0.3142117657664162,0.5702786152050646,0.2482074802243719,0.6631088105840307,0.00748352324813082,0.025300808823635022,0.01024141127343339,0.009475872054882817,0.1001775877445322,0.032672212549627495,0.004347637492961194,0.6003096708696171,0.037171876829715705,0.1521895388523373,0.011064498020838854,0.05617634428796729,0.5454545434710744,0.08488935494874587,0.7246872552294612,0.0970484014759804,0.030704531066292846,0.09420602412872531,0.5199892378126297,0.2195640945701243,0.1967871485943775,0.15083845992692543,0.1607813990159111,0.10532743215072113,0.04627891394204742,0.3265598023175796,0.2051249438313078,0.1441128069942832,0.19708172298002055,0.560167240700323,0.13379531983009352,0.11020704588462925,0.5291849686142208,0.10434065609844871,0.02448398593403762,0.13802225540422997,0.15578570010873646,0.027983937684705622,0.02448398593403762,0.7355619513027343,0.07629718933217167,0.0003246528653893917,0.009023334849567652,0.04208962170314057,0.019470067398845995,0.053335147620530925,0.006771533219603556,0.02949080871909899,0.6007159782800333,0.2875919325730142,0.06661266259518217,0.05745357717236526,0.22753727136849572,0.014149668002632051,0.8444570095581656,0.6974343240015921,0.6507579618338952,0.5439503234829448
600222.XSHG,4,1,-0.08276330186925906,0.4264262250202627,0.20743840586230727,0.341393984799712,0.5566420835391679,0.15677080282681116,0.5262168537123884,0.3974569844431444,0.8218103533821184,0.34787877264456846,0.17263424856986298,0.0006549047155171257,0.01084730025658318,0.004862742292269653,0.0002478958207754937,0.001879951761078307,0.0009743182781375111,0.0011627022723185952,0.6176057040053248,0.023141721130337908,0.15091635543075446,0.0036216812915115314,0.03309467255264029,0.4545454565289256,0.016291442954707674,0.7011665575803435,0.008788376648974118,0.067197250610473,0.0913984213201074,0.25903890918679806,0.13798406352193132,0.20883534136546184,0.08542580482797965,0.5400919208417214,0.0478046262218532,0.0474430980259299,0.31115525788825554,0.17468325434078252,0.1409736466514323,0.04396666100662852,0.5325895019084533,0.026400127046225887,0.043826514214839386,0.5229072105712135,0.10344613305468914,0.014702540035906538,0.12455164284743393,0.14120126546087672,0.029511018653926236,0.014702540035906538,0.7212463059885929,0.06480110221105831,0.0005147770128031119,0.008988619136056218,0.045611469374423175,0.01571371849874375,0.0726999845175899,0.010871903861736056,0.02985758741134747,0.5544690151168219,0.27626520497257867,0.054548074484018716,0.05916694034544756,0.17095421986624107,0.01719716456301968,0.8948184587635455,0.711384945380567,0.7446747273000927,0.23606076746012877
600223.XSHG,4,1,-0.2806898392428263,0.7888414900683096,0.2606683597798458,0.20047179291400474,0.5972553159654916,0.283739761559215,0.3384234877553312,0.15138320925213974,0.993692584516733,0.34599624499929416,0.30406546081742897,0.0012512372270359342,0.01093205666693376,0.004918711583419362,0.0017663099816524295,0.00450782816237051,0.051355110914420764,0.002417877249878239,0.623758961545902,0.021173793837541158,0.15110520968308788,0.0036933116423043316,0.014685012625755008,0.5454545434710744,0.012126972879598356,0.7073787880438686,0.015793597016771375,0.02627294926291037,0.09131644925394261,0.314948403719827,0.13409667536189943,0.6907630522088353,0.12347766851878446,0.3012044976947928,0.09148836687129208,0.04312007807157484,0.30768288515856185,0.1850968603037006,0.14169766831228858,0.06687121706358992,0.5295921838146028,0.05689657678695097,0.04523630503624427,0.4874179062100933,0.10473543684630757,0.007542202398307103,0.1184657716504443,0.1350597212127761,0.025956665465889577,0.007542202398307103,0.6812592532867792,0.12431041998137429,0.0001799540007069621,0.009100914907879653,0.042850267980722896,0.013862995365626591,0.012779039033779367,0.009880869304003576,0.029681345988211438,0.625730864463105,0.2993208362849284,0.04273331343253507,0.048042820472698394,0.16171506877944977,0.03526156008853263,0.8990170214881197,0.7004417097872717,0.7033426367724371,0.5629525982411662
600225.XSHG,4,1,-0.1563377453021815,0.7037983575337945,0.31020515323238873,0.0,0.6758701683204482,0.3793744093033413,0.36908249609190663,0.1723158070823114,0.8849780327186476,0.39419096363527373,0.2032748478834694,0.0013902589750021523,0.00949313446289056,0.004325192122633066,0.00048519838705398196,0.010630962419242801,0.013623397320490263,0.001695284329227613,0.6241983564481844,0.01663625776104436,0.149000757064088,0.004139004944629773,0.008685795680767211,0.4545454565289256,0.0052785195168886115,0.7020106064352976,0.007035397107404333,0.02378583702631817,0.09102359434871786,0.32577698596599197,0.13439815389032955,0.9196787148594376,0.10367270087265185,0.4162862296337435,0.0641858170305303,0.02952448039078174,0.3070884768195301,0.18144311988539838,0.14127911359990847,0.020263178086457844,0.571081820753141,0.06477820083205951,0.0492298658319737,0.4336525361071356,0.05029259554590536,0.0015813681585265982,0.13737426910980705,0.15342093389273054,0.0438302191325406,0.0015813681585265982,0.5993734349018495,0.11884926624091668,0.00018600760308803011,0.009083700300563699,0.04496915464574673,0.014344258125777212,0.017167877361575615,0.01226088766887587,0.029471494683834615,0.6049112761312113,0.2700229100225363,0.04820302129217496,0.027862293496217043,0.16589107703805037,0.02892340132798947,0.9113446407521553,0.7209046481800896,0.73086611761413,0.5305788686106889
600226.XSHG,4,1,-0.2817253422014061,0.646246933147268,0.4335238526758633,0.37135099328132465,0.3947946627614517,0.07627425969031765,0.5990238156498581,0.1385620457575702,0.8532433683223286,0.40012587566732466,0.18696385388681513,0.0013327254387143902,0.010865178434259144,0.004802834569927412,0.0005029560021114215,0.001901440528894461,0.0011585945351101103,0.0011574090283450007,0.617240201762379,0.02217197460294132,0.1508669454169976,0.00413404115889106,0.05079037509454374,0.5454545434710744,0.02091578559952766,0.7048644940518133,0.008092691957000507,0.08008501401826897,0.09114582216929167,0.27365066654807085,0.13377520061731416,0.9437751004016063,0.0703345802298172,0.5002078844142125,0.027738637459881088,0.03181399554615896,0.31653087906724836,0.11879851289367906,0.14121282077279237,0.10973308371196411,0.5046577036603264,0.02086003431107898,0.09392851806766546,0.5173802525893589,0.10514431690658996,0.019334509459065292,0.15112049054935367,0.16377193250439293,0.08525013671098938,0.019334509459065292,0.6907792567456242,0.06676715399691335,0.00046191211771798345,0.009110173619516335,0.04833626106076779,0.014341141943515545,0.09594807960840956,0.008764252521414502,0.02915106204813702,0.5325239537258702,0.2720581235973233,0.03875622231715816,0.030115654281954493,0.18273452145716168,0.025611353711790394,0.8831769893908623,0.7370085356684806,0.7849453279924377,0.20617385337147093
600227.XSHG,4,1,-0.2330411316750904,0.4487209280206649,0.7994584013948598,0.4564994856918936,0.4869339966849138,0.2413455482351954,0.2895372063336594,0.22503710709581487,0.954298131529701,0.14356806277154627,0.25094698723662234,0.003065311566643739,0.011897762354497625,0.005294866658087012,0.001418948740107933,0.0021336357475825536,0.003447250945987201,0.0013990185506702244,0.6181498672156048,0.02355334185152926,0.15101815211394257,0.00477286458409299,0.008339797998059608,0.4545454565289256,0.005874554656605345,0.6955466475609973,0.0033772548349173,0.016188839649091073,0.09103722981047582,0.34437652632924465,0.0362786460534752,0.9839357429718875,0.10590275261512269,0.8487751244996659,0.07852234867588663,0.03326557387344934,0.30799410538674915,0.1809370864215184,0.13863130009332988,0.15594838206239714,0.5082651900804249,0.020428568248564382,0.10217797293335604,0.5172574009671393,0.10344387020207796,0.02773312004827638,0.1425203082736779,0.15701404808929098,0.06200966612300357,0.02773312004827638,0.7055786729486772,0.07302391536641613,0.0003580671940510996,0.008987073687076444,0.047274970859042184,0.014251415169733737,0.10570061231269146,0.010797215640317957,0.028994171438525614,0.5252632664443811,0.26776032873322514,0.057235210372941714,0.024133499993918242,0.19898374563003496,0.009864509182269547,0.903386899774183,0.6878289328203091,0.7211265522968582,0.20195466825888053
600228.XSHG,4,1,-0.1102493167825731,0.4787726039131384,0.3475987469974412,0.27567463429586003,0.5351639028410605,0.23572222451209449,0.8539093985244333,0.8317066552384813,0.9593155235747612,0.9999999999999999,0.4246830613855535,0.0005709930793739278,0.013684344003226122,0.004625170373976341,0.00024965534047686447,0.0010477448701781797,0.0016602601172519505,0.001159214334663519,0.6161501631364342,0.01843765719799854,0.15057885133207546,0.0028964953046685137,0.21315532489351127,0.5454545434710744,0.25412848545688044,0.7125599536672738,0.03371787355794943,0.2501130505562087,0.09181991823479098,0.6009421701483875,0.39257024850511674,0.01606425702811245,0.2326803706695162,0.004985119582301183,0.1592322628871051,0.12343314663740484,0.23052918699658106,0.19780058375388768,0.16646778818531832,0.08257279086819269,0.5339400540401776,0.02136425539570298,0.0016349499194660182,0.5264998577169447,0.0825880280127228,0.010976509721716234,0.07100938346700156,0.0855283435000625,0.013801779535736637,0.010976509721716234,0.8022522222494879,0.06562869018137708,0.0004907258691594704,0.009033675677067941,0.04785554738828947,0.013914910319594154,0.09365467832983593,0.0031517412340751356,0.028549174921821886,0.47159317087342256,0.22980666152364015,0.02657650315891318,0.1993372953362043,0.15869060964178952,0.0827866842136747,0.5930021587536038,0.7281135288134095,0.5752495953400067,0.621441229221186
600229.XSHG,4,1,-0.1465568704805878,0.3866623994000725,0.342763740841468,0.14484789707392415,0.5166686309764124,0.1449174597458531,0.5592526208981593,0.22218818359094086,0.8117250748415572,0.35190930764515815,0.16833852924581194,0.0015979553103318857,0.009713405663889523,0.004368640104739957,0.0006541207963802828,0.004214264890029829,0.0015786847601075107,0.0011910592269928346,0.6156983712220756,0.023687923193636405,0.15018997550047375,0.003171553652566652,0.027212578034078293,0.4545454565289256,0.020092888882490587,0.7134532646095407,0.028561395662511157,0.06927738084471376,0.08951680872922353,0.36397460090238887,0.09210129463573533,0.9759036144578311,0.10018301576781635,0.6468634091606705,0.05785731748745182,0.038946421858158,0.3073982389435869,0.1762029328162582,0.14015733497635555,0.19245731884395775,0.5064210654973306,0.03929230239114827,0.07008219007183732,0.5203647440575144,0.07354044701086743,0.027109165509189192,0.10137118160116752,0.10991250574630783,0.09085747412166335,0.027109165509189192,0.7427437287985071,0.0644671880963066,0.0005253530594892692,0.009196339596880952,0.048636377307992876,0.015253637211148377,0.0969345289892425,0.004536030744202944,0.0283024391088839,0.47515587524657843,0.2363063024656355,0.038752176074289664,0.01544902802285171,0.14303053908902064,0.013398486570556919,0.9115541250656858,0.6977853699526779,0.7389751606097492,0.464989085626616
600230.XSHG,4,1,-0.3334549019498337,0.710663832542732,0.3053182738714666,0.5380332128470606,0.6223822647070378,0.25784202918357857,0.5970077242073086,0.5240121065965342,0.97402785010437,0.44669851907567426,0.2714936174076696,0.0031037424722241045,0.012334492529237967,0.0055099703752782845,0.0010238830925204396,0.0037695898647363505,0.00144709048524434,0.0012494175053425335,0.617594033460707,0.021651055993063873,0.15150606025978355,0.004557383918832876,0.024075144885911337,0.5454545434710744,0.022732642896752756,0.6785259513329692,0.010198821021068461,0.04861173916975671,0.0899242045574681,0.20451271565667017,0.06444610689565941,0.5301204819277108,0.07029373437810872,0.7972577735938544,0.0479436595093632,0.025166361358750944,0.2994568176979944,0.17883800409614875,0.1361602674590609,0.1517841881399899,0.5006985198555739,0.1007006377850238,0.16796187829416326,0.5471938521515254,0.14389392721726046,0.06477610910026586,0.2074173508139011,0.2156433400924569,0.16498226534416843,0.06477610910026586,0.7540106826895325,0.05808995701490515,0.0009343045461391567,0.009085773784798936,0.04928436456353994,0.018735815614874484,0.11063761664000661,0.009787208298828624,0.0300395866754499,0.596463575145563,0.29284825365827455,0.027966842583439944,0.024118450237981995,0.15205863353093174,0.03480214751450619,0.9507099387879736,0.7986433594268281,0.8206121786154688,0.3937919095865921
600231.XSHG,4,1,-0.2423708142630632,0.5771774188645737,0.9134845984219959,0.9416077471498796,0.5807343843644287,0.23606443989844536,0.49167129671637294,0.24731034247728645,0.945324609063183,0.40426585095624895,0.24320529599082757,0.005004207128869283,0.010548090532732,0.0047627970913336915,0.003932507001397749,0.01877848301076655,0.01008381912573457,0.0016299849990477047,0.6108629922994403,0.02321751550745846,0.15018776215942664,0.006957392355608596,0.04135138521576369,0.363636358677686,0.017168095810629183,0.697040826990917,0.014009670255868549,0.04684815049290043,0.09030858332779045,0.3202968794479953,0.0068740716674886085,0.863453815261044,0.06281037906267992,0.996676929141699,0.054999772616994465,0.03826658857998166,0.3117568296109589,0.1693340549942194,0.13590159544737257,0.047807677217766784,0.48916432319009523,0.06780370950059998,0.13142441284706582,0.4997089299800354,0.08467768536635845,0.07553880319840021,0.2048109438706247,0.21056923183264614,0.18663680893356946,0.07553880319840021,0.688071775707924,0.0615595592311885,0.0006472413335718667,0.00904365269211548,0.04342411662926316,0.015002779184819143,0.12060718945481592,0.0055563753189041346,0.029745060918706615,0.48566601947345606,0.27177177264863733,0.05176959750608439,0.039398508672267234,0.20865743907382073,0.0250862894059939,0.8763376816122481,0.7156887134580519,0.7692777908336921,0.08705115841060701
600232.XSHG,4,1,-0.2264621843066692,0.634296037305637,0.5464522433043866,0.3666654684736833,0.7944641571982757,0.07988984750173725,0.36908539634675613,0.29403386057992426,0.684544482976345,0.3125635904148869,0.12257143231452494,0.0006329122854769814,0.010697576993817397,0.0048049096166507994,0.000334194118493002,0.00211197645241803,0.0009352812073914726,0.00112972776009286,0.6190036500502949,0.022270163836618215,0.1508745109876125,0.003915526003261759,0.00473047254930139,0.4545454565289256,0.003954442342590342,0.6841476916556792,0.003814401255153848,0.0176358867685629,0.09123688255575525,0.24248119532510404,0.04524106304126386,0.8835341365461846,0.09043271568256711,0.8259242643714858,0.058894588979132426,0.03620118895690503,0.3071438711331813,0.18058632031186717,0.13496049727419493,0.12893252888330345,0.5381732381508939,0.058669547818976035,0.09224642777856512,0.5278636713139374,0.10202053590964325,0.01378041796279559,0.143041140668889,0.15563574477809558,0.08036936221241985,0.01378041796279559,0.7521924520056044,0.0637587339845217,0.0005497062347178858,0.009022420794769254,0.04552743682520015,0.019542167932068685,0.040491213639892436,0.018352520424788504,0.029207103943817033,0.5295406184890274,0.270046269719234,0.03892846388858239,0.03638907288761728,0.1523106190150479,0.023450828497936234,0.9026590305492039,0.7040157445491131,0.7506449474932204,0.19341671772242836
600233.XSHG,4,1,-0.2497965032500953,0.4059962939887824,0.4176942677991257,0.3843421203376496,0.5419010673306869,0.008373701371247821,0.7208500564099569,0.5051750221836397,0.7312483369762519,0.5661779236122255,0.13790167053743707,0.0006491301594426331,0.010930321287833689,0.004874205443946816,0.000277493577615146,0.0006368423148435462,0.00036285198057671225,0.0010990300752965775,0.6198657752475899,0.023974374005456805,0.1510263460447408,0.004189144366949396,0.07694169778370397,0.363636358677686,0.050268968846823206,0.7141843550508877,0.019887794211857303,0.23754182870579724,0.08940942718361754,0.31073106276970136,0.07428996559084289,0.4216867469879518,0.04793721860831594,0.982966823700671,0.03851311659239083,0.0536340906641449,0.31485730731202527,0.1627025099161211,0.13623305958295312,0.13152777311475441,0.5318427242963106,0.1002692445868278,0.16945584638598093,0.5330126397457277,0.12405097266978835,0.020901024479832782,0.21561025426890307,0.22838423257012452,0.12734704869933045,0.020901024479832782,0.7467506137697087,0.05828574084438628,0.0009102443436068044,0.009002176427532154,0.04809709149759457,0.04105684711018215,0.03666938624992009,0.07169176361726567,0.029348799683312485,0.6238319751885861,0.30656097961224077,0.050802139211229634,0.06876994221512203,0.23140579875360998,0.027156337859663815,0.9139259135646418,0.7656173986112953,0.7754288867823391,0.1431719317743404
600234.XSHG,4,0,-0.04847972816631842,,,,,,,,,,,,,,,,,,,,,,,,,,,,,,,,,,,,,,,,,,,,,,,,,,,,,,,,,,,,,,,,,,,,
600235.XSHG,4,1,-0.0507620394491126,0.46986978365389803,0.496047155919209,0.3970554200849843,0.5564650448991055,0.14195846268098727,0.3259517704191407,0.3510552046950348,0.8085386554776819,0.37188158019401474,0.16700811664623993,0.0018465593588371668,0.010757685701053305,0.004821988267547591,0.00047402426305637126,0.0037401275916036005,0.0005272252572886827,0.0011453861359738509,0.6179947943479616,0.02220745538578604,0.15085120407772581,0.0036287938717317575,0.0051887032435274216,0.363636358677686,0.006133306814326075,0.6958683369525192,0.004446086911455266,0.030568870398842363,0.09084892429084343,0.27835231206554256,0.043664990823072077,0.9317269076305219,0.06837924978028884,0.8811804549640231,0.0409904683993087,0.03672860013610977,0.3044895383228525,0.18062302104347666,0.13447954931276435,0.23121779142413243,0.5884067113389689,0.07507695291766402,0.11048167903398977,0.5232856417447563,0.10097544613444721,0.01868314003761281,0.12721558360180923,0.14169652333666904,0.05186482271838437,0.01868314003761281,0.7264661237682247,0.06101688689539183,0.000678272865676853,0.009064096374841013,0.05560224030512389,0.020000300267184253,0.06742940630684657,0.011915612343857414,0.029925635365763658,0.5749603866748425,0.27249397660487445,0.04336231732391571,0.03753386452786957,0.18327482963469627,0.02538643297242328,0.9276915183707091,0.7617393083012698,0.8097767966771672,0.28141587027476467
600236.XSHG,4,1,-0.2107903828518125,0.2730530939349709,0.300130953376575,0.7208288851156631,0.5536228976661492,0.6563204813648988,0.2558190506140047,0.2481920081731803,0.9602314489975314,0.14315002407299626,0.42364628823919775,0.0029286995291798196,0.017115955672798666,0.007326037840263992,0.001984364348367177,0.012844495993592586,0.003503477545240802,0.0021044144529933978,0.6146656183689952,0.03390954183677615,0.1521894595228932,0.004689569542065858,0.0066475961162490325,0.2727272717355372,0.005881488125740535,0.6985256842841974,0.004066652482418278,0.011938138735642579,0.09136693595193528,0.2199072562642081,0.14258554095462128,0.6867469879518071,0.12373526090617179,0.3190692116509718,0.08779167244164056,0.04174640554304075,0.30544236893861143,0.18293717851620034,0.14161577717290988,0.04474876072941547,0.5415969352975315,0.04466050819874778,0.04326192798236417,0.536473642947257,0.11093408641068234,0.010829799183327021,0.1237611533430342,0.13776473090313274,0.05407472968599281,0.010829799183327021,0.7586964828454142,0.0659427374696509,0.0004823226175190092,0.009040096816070124,0.04526584099300352,0.01766358120360837,0.10661057341452175,0.0062406571264729295,0.030732508168839823,0.6517154316216902,0.29599917104153156,0.04948143091397801,0.058725838183787196,0.20675238764756548,0.008705359813363641,0.9174409893340529,0.6983133209499801,0.69993768368131,0.277956841287341
600237.XSHG,4,1,-0.2518966817652691,0.5347726337212506,0.35189257800300855,0.29478486799130144,0.8142837917697928,0.10728045608470888,0.41882787443222336,0.37952776651469605,0.9476675515636157,0.27959963416779937,0.24515686897220318,0.0008731692494467153,0.01107262512448937,0.004797827297027321,0.0002560254048599185,0.002681579659278995,0.0008225985074253706,0.0011129331304268067,0.619488498496765,0.026967100715025654,0.1508063814827376,0.0035214445685145847,0.007175273861349249,0.4545454565289256,0.008230432321040175,0.6953605444544899,0.0033770538340646868,0.02586596726055892,0.09113538017236911,0.20793359420267954,0.042637117818438854,0.6626506024096385,0.0720408827447358,0.8525139641863917,0.048154063619567256,0.03687759883550125,0.30662796908264567,0.17767050812632404,0.13647093384495795,0.16070482691756335,0.589800132557448,0.067874679346904,0.07608834539059708,0.5242902548633184,0.0996981528682266,0.006061144066823081,0.11737657098433642,0.13331610267856556,0.03143226199100504,0.006061144066823081,0.72403792109393,0.07767582150369885,0.0003130844586217206,0.008914732582916385,0.054914677280711977,0.025721278935171184,0.031733167128367656,0.01968005783999825,0.029360500618704332,0.582757198315006,0.27678320624685016,0.052663451555666624,0.03700248444669572,0.16047794117647057,0.0200764192139738,0.9425755563761344,0.7803336871434263,0.7951931937905483,0.16302687583909276
600238.XSHG,4,1,-0.2669592603300611,0.5542540000231405,0.15155339076085278,0.4218233085602507,0.6861522849937601,0.10527073159973127,0.5735979028671505,0.2038144683685942,0.982667231033626,0.43246412736838635,0.2831605905134579,0.001102237016200209,0.01151004035460524,0.00514179352371803,0.00047125326749224345,0.00046199238244845083,0.0014045926678450007,0.001146160612438734,0.6181642956870853,0.022577155796509086,0.15135244716478655,0.0037269044179771543,0.04383138185960893,0.6363636304132232,0.06806259423770922,0.7284070126355274,0.017833932315398888,0.1277471285158723,0.09180904169553457,0.5995213988881528,0.2885915806076659,0.4738955823293172,0.17954321161708725,0.06107182124198875,0.12595001208309958,0.05069887694477791,0.3044812413036078,0.19918455113805816,0.14593261009158806,0.06411712140604686,0.5262829214986108,0.02476111706392354,0.05466160600018658,0.5230771553152839,0.1195097756103131,0.010417778052017528,0.12841891213639461,0.14200361731947453,0.06117150781287068,0.010417778052017528,0.6990279009601801,0.06394060738743707,0.0005431888789999693,0.009077647360599983,0.048098674528349164,0.0156977520803515,0.0767760338203826,0.0156586100663801,0.03053392599583631,0.6858965474034838,0.31665314724220295,0.04548747232833002,0.061413559665169724,0.19389241969397578,0.031110994795716933,0.7775285466759456,0.6660613197116447,0.6203787564725796,0.6400891704614856
600239.XSHG,4,1,-0.3016865825114836,0.7077751911396171,0.4939311526120275,0.024632250668582767,0.30789326525955213,0.47174165034228766,0.5891436831827894,0.1536216360615195,0.9998928639486311,0.252622023021132,0.3424486548828401,0.0013901664411009205,0.01082661502224918,0.00485588262531483,0.000989263766712108,0.01844156030647062,0.014578612276630652,0.002097631910904058,0.6446498861101767,0.02682148029695796,0.1507711293671428,0.004268119903142812,0.029954570656860944,0.5454545434710744,0.027495692472462474,0.7010940575094885,0.005013961666797472,0.058876729673509993,0.09099533282203665,0.4122687057822203,0.13753490796886814,0.9437751004016063,0.11952616176801927,0.34773570242860324,0.08388564663369555,0.039245283128063996,0.3158894764881708,0.18198526237442342,0.14134150684895894,0.23884161321231642,0.66547970055767,0.13922709975566044,0.1207349977077755,0.5107291621166066,0.0988927514042306,0.006236087842275062,0.13449261874356022,0.15076601179836802,0.03974757704124814,0.006236087842275062,0.7134744214906454,0.34388940870778223,0.0001239150974897473,0.010555196928412667,0.06546135584473423,0.016853031142611514,0.005642719553692739,0.01971256584680639,0.02890048222592362,0.6187789892475741,0.3593122360232609,0.040394008180560576,0.04138072645790387,0.10503274307138877,0.022590177663456362,0.9009023803098948,0.6852002343991868,0.7084494062786331,0.524540945132334
600240.XSHG,4,1,-0.1950173532206899,0.8203665103505728,0.3693183755006028,0.5436437662475411,0.6041282267966955,0.31279769846142275,0.5675670300685993,0.48902306054159417,0.9955902976889348,0.3947060677485657,0.36517318629074186,0.001265756861209835,0.010867651616814055,0.0048807064603682,0.0008943016154215898,0.0006576584378580509,0.006622371106499399,0.0015737828445058514,0.6377420947333392,0.022034857491061016,0.15103530398631565,0.005059682654736723,0.03508845763048271,0.363636358677686,0.030505807531836182,0.6828187394924596,0.009924496573300167,0.0470290313828344,0.09109775082196178,0.4201086988219048,0.04668961485400345,0.5702811244979918,0.08575915968224562,0.871209189209721,0.05578290307121097,0.04196386194264791,0.3200775787580342,0.16420625549405865,0.13533745648720807,0.057069528536535546,0.5730653578176629,0.0495879941753721,0.060909722924995954,0.5326876450130913,0.10213507106488626,0.0026213128492060147,0.1365459545181649,0.15698123400575464,0.0016551108439183289,0.0026213128492060147,0.759867348620026,0.10463879379446551,0.000207595346653806,0.009010662003436537,0.048229010727144056,0.018534024073503866,0.011925427992566965,0.039611348588207786,0.02955354698246076,0.721898379207911,0.3310250059713225,0.03282316277417561,0.046302780061011295,0.1475503654304099,0.03715215050547347,0.8805566601809376,0.6762057184556194,0.7539588025760933,0.07605599611613986
600241.XSHG,4,1,-0.1587027433313497,0.5704437270886907,0.35324233996851606,0.4569595209683477,0.5201333390172934,0.13732996794419847,0.380313111513556,0.3237534333568286,0.37183322956357867,0.3247447198928026,0.0432259862784542,0.0008627502667698413,0.01079107854375293,0.004856862759514406,0.000388138797526777,0.0023670908104668747,0.000732142090710928,0.001141314484550573,0.6173255345768348,0.02287843337708947,0.15090412452438612,0.0035874587437206597,0.0036835246354283034,0.5454545434710744,0.005417875054060295,0.6975358540184262,0.0028062659244471218,0.032603780410599616,0.09135217429830014,0.3815202154995372,0.09280403487353428,0.5863453815261043,0.11896486070905761,0.5031162130337881,0.08484680639011855,0.042293396993867007,0.3063493160180084,0.1821257653212265,0.14037831106674256,0.11250505317416629,0.5944010962424566,0.07273822688396799,0.08037872303904436,0.5236154140404791,0.10618609943566196,0.021602886386119263,0.13719824801713923,0.15224876675366497,0.05315943536439608,0.021602886386119263,0.7282866915095872,0.05618914272252895,0.001273248117295766,0.008812372427737802,0.04530436140803197,0.017385983977597413,0.097114063977457,0.009251559670402455,0.030313692324805623,0.5759245234480946,0.28169166251545397,0.041931937969959324,0.04738580585361287,0.17564646982824136,0.020621373452174435,0.9094264390507165,0.7092869620980942,0.7215767612941726,0.513083021526532
600242.XSHG,4,1,-0.2215595481350885,0.6420698753138432,0.15805384438673686,0.5808147228287459,0.7091042831147097,0.4472221800403644,0.5705874383333314,0.21583330142211657,0.5793443449289082,0.2787786386478903,0.09222311719511977,0.00036328907412189985,0.010536909566540121,0.004722789889048416,0.0001947325771129464,0.0031856987949321165,0.0024478981428955994,0.001251056031498935,0.6153277683201938,0.023013524132470934,0.15052470648460575,0.0029287830440807576,0.004493669966134333,0.363636358677686,0.0037477392530573445,0.6718738035778146,0.007123479534703707,0.04612462693316451,0.09071987100534551,0.27815528515227156,0.03301384244781517,0.9919678714859437,0.0843321900886882,0.871624958038146,0.0592581285828618,0.03310017070335542,0.3069608994996799,0.18072899485634267,0.13691158616637678,0.15788881704478216,0.5188821491112479,0.013603950441042255,0.03396113579902267,0.5240975464363072,0.08133458173171236,0.007751271564643648,0.07823548917796583,0.09157102623754304,0.02987204699624154,0.007751271564643648,0.7428559075553562,0.10782103106754584,0.0002018137168178997,0.009192643624254319,0.04645720355506493,0.013160462247837408,0.04047975887347175,0.0038756311726827275,0.02863788544771175,0.5434682089898131,0.29599917104153156,0.03245962653990822,0.029417345606512373,0.1163430359223793,0.0178762636836753,0.9243548593259576,0.729711202512052,0.7697860913145311,0.27308966224036724
600243.XSHG,4,1,-0.1108551357117307,0.5064915989169458,0.4206658613969136,0.29850747061520244,0.41962872038176147,0.21161619667640708,0.47712631148488494,0.2505312072462221,0.5041818186608169,0.28975650502632555,0.07313519747704988,0.0020516415820027137,0.010450174470026274,0.004665855446057986,0.0003584518873314172,0.002185428248132998,0.0012476986431786926,0.0011857928450217609,0.6184001032884833,0.02243369392846802,0.15064214205577314,0.003488564709397192,0.007758439905631598,0.6363636304132232,0.004339177569346781,0.679783876903913,0.005802540983960738,0.027946097494799673,0.09141838235580439,0.408465625498343,0.048560378677796605,0.863453815261044,0.1167367853787662,0.8786878951728725,0.07753051762581094,0.032002930275064415,0.3072611180844569,0.18143800684546735,0.138536410360399,0.17070328832113527,0.5140106025855737,0.044667284580376394,0.08476209103807487,0.5189475743147931,0.08684410564318887,0.020333454579401385,0.12238177761151098,0.14001976279889708,0.01868228896210183,0.020333454579401385,0.7212521486321788,0.07505932530946334,0.0003361957425616047,0.009196626095760475,0.05909308695746237,0.015773086589667053,0.04424902366591693,0.014042246247721261,0.029307257957276966,0.5671691192369404,0.25868897984895234,0.0329897331055954,0.028425216216544955,0.10281079001367989,0.020350541365077468,0.8977929584866,0.6752686745389411,0.7067225049047694,0.5339272335085999
600246.XSHG,4,1,-0.2246316782895604,0.5824061931844144,0.6287841238351024,0.504231952690383,0.39238249039368944,0.22153339248434992,0.20467202053711891,0.29390285663716365,0.9932100332033944,0.1510927593454465,0.3028633460712622,0.001995926441731774,0.013174120114341274,0.004813958013398968,0.0009962846605253489,0.003263249920296269,0.008183658519861903,0.0014239674790040642,0.6263841676010036,0.06109369919263223,0.15069292286520153,0.0051626946265154955,0.005808530546098391,0.4545454565289256,0.004628991847104933,0.6987755497530539,0.0012878227123475508,0.008591842271863978,0.09127210066957274,0.3718605382553296,0.10002035451901775,0.6385542168674698,0.11225955298826931,0.44245913403052456,0.0712689774461089,0.042627394874742104,0.31032339537218045,0.18075551120560598,0.13989996282402242,0.10650243377614477,0.5535556515126203,0.05852316340293418,0.0839199614179274,0.5180011350526351,0.11589495559673947,0.002883534153143338,0.1424466159194437,0.1604338122465905,0.028829783088764462,0.002883534153143338,0.6965307550915718,0.08286850080292787,0.0002786512108638692,0.008821593305072688,0.04463473939883879,0.016588755328055926,0.029249099415178746,0.0181167689169314,0.029253979879747136,0.6391600311805935,0.31884214548691636,0.0348718291634011,0.04823560166141058,0.13585168401986117,0.017049560327810014,0.9160686895513486,0.6816814824642878,0.7175988149337362,0.37073038831012906
600247.XSHG,4,1,-0.2073738506320156,0.31227449035482047,0.2064324891410326,0.2821041496492275,0.5759476540708438,0.10893006802366909,0.7102943717240069,0.5099127843541351,0.7321638233168444,0.5438780146835609,0.13821654238188585,0.000280588820321942,0.010632433703475408,0.004779996538897213,8.961386569458047e-05,0.0016868392863213643,0.0005652104032744834,0.001143403531819698,0.6179149528672059,0.022187754034839444,0.1508335599855773,0.0035912307633210994,0.02944889986068305,0.6363636304132232,0.022865524715712963,0.6711279439416282,0.009809368984442377,0.10133851858551145,0.09134051696203649,0.3957892388850103,0.071961474026313,0.2289156626506024,0.09908874222446507,0.8300788728866367,0.07377503989809384,0.05705892861693553,0.310311009121006,0.17812972827530815,0.13848051640812462,0.04248756341476944,0.5306978846090832,0.013354098692606462,0.04439738766027108,0.5313312988676453,0.10017874794972498,0.0033757335859376054,0.12557378164388977,0.140599990703608,0.04559241914701355,0.0033757335859376054,0.8093580453786443,0.1311249634218208,0.00017356532238550743,0.009087885925820788,0.04720914316349699,0.01317261642951092,0.02617751303718697,0.014325331917116085,0.029101568044939966,0.5815241677320775,0.28730889091469375,0.08132142167099429,0.078916961837736,0.27128133391599535,0.023608602021893882,0.9005508727329536,0.6878289328203091,0.7550519786751446,0.37610333937303353
600248.XSHG,4,1,-0.1102341141312308,0.5919514567047957,0.25458733806826295,0.4419053180821664,0.6191161609195979,0.213879012308184,0.3441581202371083,0.2788537100041757,0.9459639127139758,0.14954299978537328,0.24373339525361182,0.001445274714970211,0.011126691084736436,0.004987899533498457,0.0013455690616380961,0.0005539312637141719,0.0075332309132358005,0.001259929145466576,0.6182848379412356,0.022264284673593367,0.15118239623517812,0.0036739265431361716,0.004657043556672015,0.363636358677686,0.005239960447793298,0.6955579620079073,0.002288554696609928,0.014153929637333815,0.09135838181071401,0.40689337452324453,0.07490626109671258,0.78714859437751,0.129700072863729,0.4362277345526481,0.08141882125975777,0.035109643903194016,0.308702896199046,0.18160814508213646,0.14031591781769212,0.11066678872381919,0.5336369047654945,0.059348388243094456,0.07386231508798777,0.5229462741752722,0.11381104240742453,0.04163676176964375,0.12669856243001934,0.14587481270607153,0.0069896889563232575,0.04163676176964375,0.7177769442272929,0.07739043704588575,0.0003153779015943393,0.009104689839049163,0.04267072590930605,0.015290281801180762,0.07531005466140633,0.01007801021893693,0.02960770910039447,0.5192672116987104,0.29599917104153156,0.027394388592390104,0.03387141364831441,0.1071645260171252,0.013823951665968776,0.8928576500830836,0.6572906992171954,0.6948203520872005,0.3754509705487077
600249.XSHG,4,1,-0.125124838105628,0.5583304554777604,0.6370904001753102,0.26418154359011314,0.6421751512309535,0.09277363310894995,0.4449687000353417,0.3192289419407016,0.8305634565954095,0.3427024016922639,0.17647369735891638,0.0021334411736755234,0.010260028336498939,0.0045956495904362436,0.00037300955253137617,0.002096041950970398,0.001284519709370744,0.0011692587441353625,0.6172347665449781,0.024151978659234574,0.1505716874607236,0.004028476323480812,0.024169023031276788,0.363636358677686,0.01263133181625581,0.7040819747978925,0.006862321076310581,0.04408971692140725,0.0909175953717362,0.307073560017329,0.06206922152995239,0.6586345381526103,0.06049007116401453,0.8508519154623914,0.046571711732475735,0.03787133636433808,0.308903712602898,0.17673627149138188,0.13834273131647154,0.1993599889729897,0.5247397348891243,0.03281994713183636,0.11551567748124035,0.5202750141961875,0.09026432033220069,0.012373338895962996,0.14232995593677536,0.1495545460209276,0.13081949457622508,0.012373338895962996,0.7245836240048518,0.07104419577004842,0.0003837195992163121,0.009293681498001386,0.05842386070595783,0.01630812758802417,0.07114181296435683,0.008726835062314642,0.030057298813156556,0.5750607367357733,0.27865587526544894,0.056073995544582846,0.03880664094189206,0.17749008841262603,0.021768858048692948,0.9058616551391119,0.7457598071735001,0.793364632320517,0.057126238144061814
600250.XSHG,4,1,-0.2032250729499253,0.32023639401853166,0.09392268351734201,0.4094230736199871,0.5806666783689375,0.2469068646273305,0.29114125442651395,0.39051029425317774,0.7044941817220628,0.4366302059062951,0.12895108825040125,0.001666696876970739,0.010187689780321498,0.004782980310586935,0.0016872870100018015,0.005449867851521923,0.00421484672890179,0.0012516531871510509,0.614523367993463,0.026454059866363695,0.15062296078016862,0.0030700638833002945,0.005085040145574494,0.4545454565289256,0.0018040794277102861,0.698759854110536,0.0015960803138872954,0.013385185855114405,0.09140970940638705,0.7675741906749097,0.23589970119624412,0.004016064257028112,0.15355273265335967,0.10137059990822288,0.12014883861965374,0.06703036355290368,0.3068253800144598,0.18368369131901746,0.14148709109674332,0.11185773160002516,0.5553172543601328,0.0943292360391146,0.02825481739160611,0.5493332368720596,0.05749142596442343,0.08289544366905563,0.08773371055047666,0.09351094230895599,0.10792308770947662,0.08289544366905563,0.8113609035998864,0.06754211845741216,0.0004446435081708871,0.009250789462878491,0.043134685839631585,0.01536956775810647,0.13969835904928396,0.004810764476830574,0.02942082377630944,0.4846226006078663,0.26805797020198163,0.025268291089636952,0.11391185007474369,0.1338777581446015,0.019753693844589342,0.8280160415276023,0.6451533545619395,0.6168180125847276,0.892272351814797
600251.XSHG,4,1,-0.2164561910626899,0.5739628492868507,0.13314666037130624,0.3556848266093753,0.6169719705537431,0.13562937621709723,0.42803618357950285,0.1657645106104949,0.9924587635972775,0.1518930656235679,0.3739087341474223,0.001259906890123656,0.012190249546206,0.004702760580120699,0.0003622758759115254,0.004548035347714511,0.0014335091436929726,0.0011869109535727839,0.6162222430418264,0.022100679537673848,0.15064431222573352,0.004006928755566112,0.023433523493669655,0.5454545434710744,0.0392734537924396,0.7053558326774458,0.004975104132011074,0.04291399113683639,0.09187736629086303,0.7077530654513822,0.23229429530596998,0.6666666666666665,0.16809319705751752,0.15081013326160891,0.11636684794108335,0.041531251992594116,0.30576547824197997,0.19077328552086803,0.1468048157189392,0.1258622601136146,0.5508706796956525,0.05095008331488348,0.09697581213082872,0.5283426721978267,0.13859275981159835,0.012520519988303256,0.14853319193172354,0.164742239923442,0.04977552360375204,0.012520519988303256,0.713234873103624,0.061066162274377674,0.0006753091678815438,0.00915009812940292,0.05347477889017934,0.016492078718233494,0.050401249382458754,0.005989825189464762,0.029423936306853138,0.5339571300104342,0.31242329016266723,0.026055894701485584,0.045734620850261726,0.1460577690378477,0.015249895316145241,0.8327729332064593,0.632579275573836,0.6302173413640408,0.6846330948613031
600252.XSHG,4,1,-0.1228327247517417,0.7538887329846177,0.1536272603219737,0.41214645412493867,0.4535915522978662,0.08637042709492579,0.7786558644603185,0.4708393468418248,0.8206450292823905,0.38740411889933224,0.5317205148719347,0.0018852026658908458,0.013452115730712307,0.005913696395212471,0.0007326814520055083,0.004272455657403227,0.0018371139834682585,0.0011769255536226682,0.6204887488221962,0.02390554193187712,0.15228540765209467,0.004957913939725161,0.19234998893138888,0.7272727282644629,0.17565180943342118,0.6965955892046559,0.01202154587809061,0.10477525549425704,0.09095274409993268,0.3986640555393853,0.15418450039311238,0.04417670682730923,0.1321692704799124,0.337764436674301,0.107612242641721,0.06306843446347485,0.33237598995142614,0.21372226683548046,0.14165867253163206,0.11271092397828059,0.5457440294368399,0.04429917404287344,0.08568323637389358,0.5276699591972024,0.12246001321854055,0.01181837165787266,0.14206027272331673,0.15629655445694213,0.06414270215135251,0.01181837165787266,0.7256703557118268,0.07197729051741181,0.000371009772471066,0.00909485593636058,0.04826199053453143,0.021025074473008068,0.046970454462315105,0.016860799971583854,0.02974832056229133,0.8759556818648035,0.35192609459158786,0.03391288585353868,0.08775997164873375,0.1624422879616963,0.02915639767900939,0.8755814077345869,0.7004251249391888,0.6720220853258272,0.5522117440652907
600253.XSHG,4,1,-0.05578194597499112,0.3918350874034644,0.2390304580403996,0.28182525990310925,0.789223211621358,0.19520197035073372,0.4673905702771111,0.3410192033457858,0.9010387806161027,0.25167225147289995,0.21248157412431068,0.0016959219200262847,0.011342348603493325,0.005084913796045129,0.0006358694108015246,0.006749081450176654,0.005331115324930704,0.001317715007478821,0.6153145294813458,0.02242111504949972,0.15100604987519703,0.003623016077996709,0.0138502817164971,0.5454545434710744,0.01214890299009488,0.6906049209272483,0.007029584598809047,0.0361309577643122,0.09101990963626802,0.33533845653756766,0.1298268009791334,0.823293172690763,0.10557532699739507,0.6086414214571619,0.06903716071503552,0.04180631654913225,0.3037837420738254,0.18147890507103254,0.13928122977093876,0.09208350673741794,0.5286818313673861,0.02732564962092156,0.06005905477546221,0.5073575675956926,0.10696260601246901,0.04477969390301814,0.12438470604072908,0.1401595720372691,0.03769485789081516,0.04477969390301814,0.6787843094637973,0.07812368854009707,0.00030958453637987575,0.009084896467655902,0.044924829784618106,0.013690545196754143,0.06681671486906278,0.006505386138593722,0.029611054559919775,0.5424319975871632,0.2713203465099543,0.039545792175541286,0.045244844067004804,0.08187952829710696,0.013504815457318896,0.8970136058286347,0.705790323293972,0.7342935151420731,0.48171774202311823
600255.XSHG,4,1,-0.2598862617416359,0.5445728350436718,0.33424277295098187,0.20198346387439298,0.5810374731788132,0.10229347581641779,0.4250534786278149,0.2293102175196795,0.8911427464941484,0.2781877384338437,0.20672036805220817,0.0009049939602352139,0.010714311924779141,0.0047303720844166335,0.001198986799520211,0.0038373365580603716,0.0007017851141037307,0.001134591244468157,0.6186044201012588,0.02501874557874464,0.15069791021748238,0.0036490458562253216,0.01036871198517588,0.4545454565289256,0.008659151472049624,0.6979691474682025,0.003409046366697698,0.03332730397033553,0.09131044536934,0.299168218576158,0.0865378031809878,0.8915662650602408,0.1106184720752723,0.6007479732552852,0.06819486929683737,0.03434069447905983,0.3024018687776862,0.18043261747018832,0.1362616564887679,0.13183243292029545,0.4866606278044574,0.06820657631806908,0.07400579532777163,0.5182770292839726,0.09904784384088942,0.030217910875076703,0.12475765774634162,0.1416298050935675,0.027538881453613554,0.030217910875076703,0.7003752145710858,0.05700558925384443,0.0010987782442840905,0.01277919149941627,0.0420182533999543,0.019643245747765842,0.0998186359442441,0.013966580047758997,0.0297186663872645,0.4831866522221717,0.2688204696350223,0.0501735334441473,0.03574055210338893,0.1075531520747834,0.018907100556319917,0.9153523597165216,0.6949991154747694,0.7211767222144474,0.45583982292529823
600256.XSHG,4,1,-0.0996724454759654,0.4349709557206376,0.08338247172645663,0.3244100419432471,0.4572090585606708,0.273864325790494,0.695655749693091,0.6562736872076574,0.2777049877100899,0.3354049000632278,0.8051101396413712,0.002357315578312733,0.022621726171097253,0.008969620023034745,0.0011323033079119304,0.021954938795663244,0.010052316241278034,0.0020078039470257628,0.612962333007372,0.06860554339149094,0.15572963530991904,0.00873024456148555,0.2298480398330475,0.2727272717355372,0.18434361505131625,0.698917744799458,0.00439329395713599,0.03812064755358596,0.09097925091216336,0.12614078782193494,0.05176066693661594,0.20481927710843373,0.07109549891890252,0.947237395788313,0.05200370470978606,0.04737124356266486,0.19374990104187528,0.16140324142288762,0.12885115830467142,0.05960656213389395,0.5338755745110964,0.03338406268633911,0.06958651608617754,0.5234453890012307,0.12453557125975268,0.008762901182790548,0.143585806262618,0.1588381645456349,0.055529711015632095,0.008762901182790548,0.7028887198417345,0.07603411793286453,0.0003270083823380636,0.009042609233038484,0.04519051511293076,0.016694191515507377,0.0408039564763217,0.00674585150303371,0.029306313981930454,0.6469002919576912,0.35807903870176155,0.019637277889297717,0.05887852105017609,0.15059081610680447,0.01639334210683735,0.9191390549772054,0.783913250187962,0.7841003609593542,0.3229329787595402
600257.XSHG,4,1,-0.2590938776207889,0.48320950219864245,0.12099266258809177,0.3072129033697495,0.2675754315839274,0.12303049892942444,0.8578131415519099,0.21524314240165227,0.9646890112659705,0.5454339616804305,0.26100571964479563,0.0009771109406802067,0.013684344003226122,0.004905585918978461,0.00019442101469362288,0.002261671144340227,0.0006396705714408202,0.001149801655701814,0.6174350155020273,0.023302837282396297,0.15097060397203188,0.003477895378502188,0.1755659552603678,0.363636358677686,0.17558195266801843,0.7432532496667081,0.03398737439218892,0.40372614633264,0.0929417218344138,0.6902379468885512,0.3233028599526182,0.2248995983935743,0.17450665457980816,0.03448212142708287,0.0979361485780141,0.057142432324784206,0.30364395168406694,0.20269245000797745,0.14927064891578729,0.06233891938036511,0.5392180779089615,0.023941794233568833,0.04224046179002608,0.5209196238845394,0.10550132542240061,0.006949590844133076,0.11708676137870119,0.13464325626840534,0.01590327197176875,0.006949590844133076,0.6969619421882103,0.06409296689911129,0.0005378743995841781,0.00906602400510122,0.05784961629972892,0.01551548218936926,0.04701983004821717,0.009977591382021776,0.029741592864980463,0.6429129016913144,0.2766050885595302,0.040799103716579695,0.07479275146029019,0.21043574568070122,0.033815576957588085,0.8041339421397224,0.6360123391269741,0.5949967389553565,0.6928008624026224
600258.XSHG,4,1,-0.1226946587983379,0.4617300118467636,0.24268169648670188,0.4506550190503831,0.6105210101734527,0.12397326345125209,0.3469127408609862,0.3781942746330012,0.9372490096501482,0.3449169239931396,0.23680169714568894,0.004715974936436887,0.01170733861892571,0.005248342967562497,0.001027238516890105,0.0015321120795921794,0.0012059871990289992,0.0011559412970838612,0.6171722689502445,0.024801331395575846,0.15143479792682976,0.004168330969147576,0.008376382049769085,0.5454545434710744,0.006952445541199336,0.6911859346783934,0.0035331667889965503,0.020529981007506557,0.0912492747199129,0.23810113443509223,0.09892239580792317,0.4016064257028112,0.11318649030042781,0.5550483061783248,0.08616945671179008,0.04647515373951758,0.30687415466863266,0.18168171873354408,0.1401911313195912,0.09432296564099207,0.5148933137693495,0.06162638186724798,0.12398403168711401,0.5339395271320618,0.14287738419808246,0.07032295815746294,0.1839066444477562,0.18892141197492118,0.1796656750315502,0.07032295815746294,0.7381303774230904,0.06158285813717106,0.0006459842068793932,0.009025593941210962,0.056036386489571245,0.017953182691871322,0.2097742782850515,0.008391799172653622,0.029570196637093416,0.6445517678797751,0.280935392334866,0.041118488778663524,0.055625650309231243,0.1343129338298627,0.021279535801878326,0.9049837738421553,0.7295287691831414,0.7406664149369047,0.6244116275108408
600259.XSHG,4,1,-0.2809923979190662,0.6785244121575524,0.014430490434686805,0.2909749684500441,0.7444406272751513,0.20299048883470328,0.6703448112990615,0.2657883111869489,0.8911273786179275,0.5523722052604814,0.4849148377822722,0.002309560167937953,0.010331953537315607,0.004647394455834116,0.0007847973448923028,0.002975835447208492,0.0025885221974855134,0.0012227410063610795,0.6182412087527492,0.02176179224863507,0.15052508923674082,0.0031236056319661944,0.09159358850166764,0.4545454565289256,0.0980574217509172,0.6838225606095955,0.020341384432300734,0.05860540833860903,0.09035854551116006,0.3837469015199113,0.09358974930506953,0.827309236947791,0.09764266731317303,0.8433732094992398,0.06819486929683737,0.04947469528607891,0.28391190349709755,0.18051421075988902,0.1305032795451532,0.18585906698256605,0.5233013840533429,0.0364873540149715,0.05738130606773156,0.5041728199538014,0.07927138234706901,0.01792016749429264,0.09132015010268506,0.10639074960363856,0.022194495669647932,0.01792016749429264,0.688401300806168,0.064506314330086,0.0005240856386050786,0.009162568918429531,0.050789826811158664,0.014292129001207472,0.06282634537155382,0.011222753664456266,0.029189440843790715,0.5578775906671117,0.2777575002632833,0.0335903970469252,0.05718602137436432,0.1872373271013832,0.04238125859903093,0.916854255727088,0.7551468311883598,0.7661698964651333,0.47348194114366116
600260.XSHG,4,1,-0.2200833364471931,0.6373974537204545,0.31239801357384145,0.40800595956399704,0.564046778991749,0.17351332452576143,0.6744126258865977,0.25409854537985743,0.9866712214124571,0.3950345819709693,0.2896116234241161,0.0009447182079352284,0.012207970902662431,0.005448895804226298,0.0007821429887379486,0.009517620806636483,0.0029237512005844627,0.001318516461520964,0.6200013391027568,0.025463667955616852,0.15169974668169248,0.004394437261720893,0.037456949572900286,0.4545454565289256,0.03844949835380793,0.6932327890596388,0.010868406231986734,0.07117663018902053,0.0904224884107883,0.3422072685699963,0.059570288210073465,0.9919678714859437,0.08547126230810684,0.7814708771901008,0.05841519031133931,0.023391591106819824,0.30504893918882314,0.17331281023515702,0.13853381064168854,0.09977906528213921,0.5365882378483477,0.02918456411672033,0.09202629295985348,0.522071377916642,0.12765883005994297,0.02225079825897493,0.15228403617644595,0.16420172991711704,0.09298918478899058,0.02225079825897493,0.7100973734980025,0.0741332705298434,0.0003456580606459055,0.009040348496425531,0.0433879707603666,0.014033571541729996,0.03302450728800276,0.012088509170680845,0.029484200891673397,0.618539479709883,0.291617392306445,0.04192427610846336,0.020244746140510698,0.12881889028221108,0.028760393611293896,0.9303819715669426,0.738009154836142,0.7825081262063887,0.29284904264218253
600261.XSHG,4,1,-0.1391412443420789,0.7729076813348073,0.23365364155191917,0.3546758654834186,0.47796019388991,0.097708368133366,0.5761041373792718,0.32743785053860947,0.9775154798421763,0.5056645983870125,0.40146250517821874,0.002666661382031297,0.011860142990998905,0.005020787723063232,0.000876834133694159,0.002334480339674751,0.002692711988691108,0.0011408888714494942,0.6205888797187139,0.030883064356761965,0.15124053224388712,0.00425621369580305,0.048149589378732156,0.6363636304132232,0.08987465084716315,0.7122749138564111,0.009108201150646325,0.10536311838654246,0.09217316221406983,0.6606816737833909,0.19844962976273559,0.28112449799196787,0.2300860002819681,0.1134186566252506,0.1892367351345643,0.056237385362788536,0.3262722601787992,0.25106000654142396,0.14620948013424945,0.17510225708311908,0.5114279034433374,0.07137005357385456,0.10461326584362565,0.5229791951982199,0.11014278425910985,0.020676304279907094,0.14040614954995323,0.1540713179726341,0.06844933025531488,0.020676304279907094,0.7071363217286747,0.07264517573824654,0.0003626025060958351,0.009001651956377584,0.05041570387615633,0.02088993282303475,0.04796604918085487,0.01773836945862198,0.02933514405149604,0.5651937199712145,0.28722518533486036,0.03475681999110476,0.0707007846695352,0.2039704932360541,0.035480349344978165,0.6840790146425983,0.590965127592765,0.5489830029600251,0.7928281397871347
600262.XSHG,4,1,-0.2313155061358323,0.6603759783483286,0.2801845415731978,0.4351988607840821,0.6133397528647576,0.5304971216305433,0.7085685129274717,0.41217981216416505,0.9152869972838378,0.31257577193107966,0.22135806891853493,0.0019440809952209312,0.011779674550628177,0.005230305340701466,0.0007083749145431549,0.002208260803700535,0.0032888999999397335,0.00125708611333499,0.6201701991362547,0.022238434324206947,0.15134566209569145,0.004005845517486242,0.018990091498024615,0.5454545434710744,0.019195474538968627,0.6985775578209429,0.009386891816493789,0.12385818938229175,0.09187918068297152,0.8468122242912987,0.16128684848092711,0.01606425702811245,0.15673343865414235,0.2584131592374081,0.10044947909002233,0.047987210915305493,0.32597871653371885,0.18331084163233222,0.14488232373257212,0.23033102527766594,0.45523753695636915,0.057084712457543325,0.17669904517277396,0.48895423399684984,0.15522037486416357,0.08593765679803872,0.19006349315489918,0.1747658244170937,0.3764300976764565,0.08593765679803872,0.6631014855505581,0.07214269635572357,0.00036887681594731446,0.009107726453010485,0.04681826648634187,0.01438424377720355,0.05314655967175812,0.01563548087381053,0.029200137868893413,0.5754427322715817,0.28542843533052903,0.03147671452229065,0.058292652606071395,0.1426154715762274,0.023424208889154752,0.8407555282555281,0.5792202910088013,0.6228080366926934,0.504436762610536
600263.XSHG,4,1,-0.04005867553473946,0.5832710543596483,0.33323445031838866,0.36979524077594106,0.5086859991960199,0.19531619973499242,0.5201466800399461,0.3337110635790617,0.8075837911617676,0.3255274155849768,0.29448349460704565,0.004585277962534866,0.013684344003226122,0.008150090726543492,0.0029840589171838032,0.008062098247688082,0.00966583515757642,0.003724127055187232,0.6194366714067405,0.02795801905504902,0.1535011777904567,0.007249247564261568,0.03212743887797873,0.512508658030105,0.03385548310334353,0.6973754749785577,0.011416551503228026,0.07601564141075765,0.09146680527188153,0.4259820692575249,0.13112622332231372,0.5511172547939428,0.12284974011172788,0.494504656209718,0.08633157970599001,0.045919982486072305,0.31147779666162767,0.18463137997985954,0.14208910423830812,0.20470555979997465,0.5318427242963106,0.077915971133906,0.12469801664167228,0.521515575256219,0.11601091851739048,0.03148564188991912,0.14997234261458614,0.16450473416111355,0.0632184951466207,0.03151351181947201,0.7073590212283098,0.07474128671978711,0.0010165370293848852,0.009470773081934954,0.05305644375124136,0.029247760156912796,0.06504798281099847,0.03229344616550119,0.02996043969994048,0.6137324122247689,0.29599917104153156,0.04246130980234155,0.05485061095598209,0.16042323302325237,0.02380545148233199,0.8768056165474607,0.6953581940533766,0.7048157031587168,0.46648362214367545
600265.XSHG,4,0,-0.1600081704842344,,,,,,,,,,,,,,,,,,,,,,,,,,,,,,,,,,,,,,,,,,,,,,,,,,,,,,,,,,,,,,,,,,,,
600266.XSHG,4,1,-0.2384979174522423,0.7342355778253531,0.545282873055681,0.6345455327794612,0.6412045314536142,0.3300758694946348,0.448891501880401,0.2693050799664557,0.9142257356602348,0.22148954806574922,0.46707059408682416,0.0038370244153155134,0.0142671003290206,0.006372819472637237,0.003312737467918087,0.0031859422414645382,0.04110863150687501,0.002164800153554626,0.644281028573311,0.01734997564935903,0.15286308509189525,0.010013652935677053,0.0440553633580266,0.6363636304132232,0.044974606139930255,0.704507081693848,0.013659248068978579,0.03965813511802478,0.0902281925664601,0.37417302153538834,0.1256034705548582,0.8112449799196786,0.10151116475240166,0.36767720734750775,0.07168247742926862,0.044735476511505196,0.31820080744994583,0.17870966104547603,0.1410451389159693,0.175164815399426,0.7106497968517907,0.26251509338819334,0.23899104893060547,0.5505319234356572,0.13773809778691273,0.024099154637551624,0.2675760245749774,0.28273894515466935,0.13954938255406082,0.024099154637551624,0.7435780583025718,0.1167100145760443,0.00018865547508146332,0.009103224171097083,0.045283913927451805,0.0175321339965226,0.017446579218762758,0.015058013882835748,0.029445331719216317,0.7172900382882608,0.35436309494957524,0.03938428371019996,0.051799425099323226,0.09068967864923748,0.022147664054555243,0.9102244322620046,0.7067052540798731,0.7331686527792813,0.5413968424345826
600267.XSHG,4,1,-0.1584983918467962,0.35936091407360604,0.26720332496657345,0.34168810281133255,0.545653651233879,0.18908728824406085,0.5628379573753688,0.20743164296716787,0.8635872662655797,0.35505619932827637,0.5042887171524743,0.009488873090705766,0.01390121180386166,0.006127588043049536,0.0020830584541608526,0.009621224086658055,0.004372391472920162,0.0014180033682777544,0.6202688417166112,0.034822502130067934,0.1524926817520991,0.005938739699255602,0.08845898857984295,0.7272727282644629,0.08649692124651961,0.7050797031640472,0.008337210075813275,0.05073708962648096,0.09195167480753776,0.6948261709511662,0.12436827768105219,0.7590361445783131,0.15112503969294458,0.46115538564355363,0.11266990843035862,0.03696342173765434,0.3081509301087737,0.18853435024691143,0.14064218251585178,0.22042048366998485,0.5415275808547161,0.07895814371153424,0.15759709200202265,0.5196575041303839,0.13328045220846582,0.0491204313482142,0.1755470652287495,0.18885880247992853,0.09537297912264811,0.0491204313482142,0.7070533561897551,0.06365075284605157,0.0005536683661678216,0.008990436553350334,0.055808693899368836,0.018891624727957825,0.07738299787495606,0.011831701784767813,0.029550569305537993,0.6200669074328903,0.28049914999903647,0.03534760394984804,0.03687563355864673,0.11997105689821148,0.019243883471914816,0.8516717913394214,0.6337125735261604,0.6613385334012827,0.46999808492720907
600268.XSHG,4,1,-0.1940176198162645,0.6211683093485889,0.5147431058922667,0.3684358428747565,0.4659986341778193,0.16844445119354168,0.3189979950952547,0.06183880798504765,0.9619864604619672,0.3275830131657053,0.25825318858564716,0.004792234935568724,0.010246378467580178,0.0044609298842177725,0.0011442078586477262,0.012859038872354074,0.007475237695258687,0.0014312909595354671,0.6200238198517789,0.0232550434072174,0.15005710840582778,0.004239199455873943,0.010593657540364872,0.4545454565289256,0.01127551896924322,0.6999761127201386,0.002971814691578357,0.02396671791625215,0.09128290227626926,0.2817803693572371,0.08234580550878984,0.9518072289156625,0.08254156065411336,0.6609892834301236,0.04791447075531725,0.03515403065485001,0.30608424264805006,0.17892137516032053,0.1388509763243617,0.17089007763108643,0.515127812197014,0.05606413837925054,0.10367721240022892,0.494862032007585,0.07841132428923364,0.017676195500108932,0.14030585694458028,0.15392262042202656,0.068841106973334,0.017676195500108932,0.6757028992366002,0.10794023231942779,0.00020160989182190417,0.00919407200622782,0.05212089183731297,0.014669379808411119,0.03373368665745112,0.010580495594930364,0.029552980324821294,0.6227131551722418,0.2854942318095609,0.031162448201185043,0.03388823638919658,0.14655429839894615,0.021061494287252496,0.9316655068100155,0.7479683561098587,0.7782542452992107,0.3190467629380558
600269.XSHG,4,1,-0.1726751629899366,0.34390403513592016,0.9999999999999999,0.6976137485030703,0.474353721196741,0.2337045457339318,0.13741158883832777,0.25325755503402353,0.9644079986722156,0.0,0.4187754873398479,0.0024753299275111955,0.017158895310080358,0.007596408724773446,0.0011123332145049965,0.003703520222346989,0.011965621070264129,0.0017059213172529101,0.6181630217977218,0.015275575217299686,0.15318824008906726,0.012222106560951638,0.007726329474276888,0.4545454565289256,0.00707042647523731,0.7006098915184269,0.0023470983319014284,0.007461336709776612,0.09116453732817202,0.21133889664308186,0.1335011010105349,0.7028112449799195,0.11667090497278479,0.3456589114658777,0.07626830992160222,0.0421187327863236,0.30438594538242414,0.1810663335821389,0.14123361852247585,0.10126806592793106,0.5505722545641756,0.07665748928430008,0.13299088980097099,0.527290885662236,0.11649739658807083,0.006558376381006798,0.19075040091590484,0.2038847458701561,0.10725351532130593,0.006558376381006798,0.7312267097620058,0.12204099572056692,0.00018235573857644307,0.009079899324041506,0.04700796633843402,0.018951174863892976,0.03529596899379484,0.009340731754059677,0.02953733185616221,0.7469287891573146,0.4021724128600581,0.03992212526225422,0.04871236968302946,0.17777405697421086,0.0053189866602859365,0.9310086492167418,0.708985670691257,0.7098105953584903,0.3473472963391843
600270.XSHG,4,1,-0.141573827049891,0.6014894643031188,0.5984897486902014,0.38223955726119996,0.5867995041580676,0.14776111955953464,0.46696837603544283,0.4124132373712658,0.9886119646380778,0.12998760579066737,0.3824961070184798,0.0023976000366658762,0.012487231527020887,0.004664400388015312,0.0012359448239693236,0.0005024943831832399,0.001917576531145959,0.0010471400730719463,0.6228261549486126,0.022272576576770862,0.15082510625874956,0.0081001681103159,0.009260239055899495,0.6363636304132232,0.01129046014559489,0.6988376645038686,0.002805630377727731,0.03165415573844623,0.09121416185874882,0.3016063520623298,0.08738003363963923,0.5220883534136546,0.10281362037865421,0.5862073567471069,0.07518561004148423,0.05035137252667342,0.30826334208669315,0.18057916913190578,0.1377317974195192,0.09792091421129301,0.5363510758080244,0.08779075641068472,0.1633486838337415,0.5232837548080752,0.12270701228433056,0.019648184814606142,0.22069549658792392,0.232194886811117,0.14284582048727162,0.019648184814606142,0.7062459028461855,0.05958735809533562,0.0007800513332984767,0.009134501898054254,0.04603770040509756,0.041684677521932195,0.06807817102114068,0.038457910913430794,0.029554228061354347,0.5130920792199973,0.2984366717649205,0.06036519048135177,0.0674839921106293,0.20235463532958403,0.015234342286295388,0.9255008095326014,0.7159789482995005,0.7318299081362403,0.21021607798542025
600271.XSHG,4,1,-0.1863315306683541,0.691341900420118,0.3245839821894938,0.5093929181128354,0.6201195470552489,0.04230526986385863,0.5391666987766311,0.15269691312569733,0.8666323011682221,0.1710447293673152,0.5022278199439012,0.008971008608744535,0.0173073467887406,0.0074907884371611996,0.005180180589401695,0.0007467592860432285,0.004987724849115952,0.0009567175602936584,0.6308406137248695,0.04583571281239031,0.15471247090744134,0.009029075937023612,0.058737008579453194,0.4545454565289256,0.054079919094096957,0.6976249461419938,0.004666657657008037,0.031608935515962736,0.09118781422600782,0.34474780485222745,0.08164170705316268,0.9116465863453814,0.1096019374109791,0.6850853968641791,0.0727612961894405,0.03332070846527255,0.3047444825066252,0.17429899215435074,0.1380684609925206,0.059188057464443,0.5630962597450531,0.189041082615131,0.16997870089926911,0.516643785217465,0.17026938912204975,0.06385785375310046,0.2395617834426828,0.2537559477972093,0.1299450213740972,0.06385785375310046,0.6607948098628499,0.058448942041172125,0.0008912304567960168,0.009041468720752541,0.046141125081064355,0.03522883668375756,0.09907809453286168,0.035560385422126646,0.029293333980376448,0.5617252670365019,0.29286791473632845,0.033502899076140374,0.02932980962883384,0.1786174918933982,0.01683570616737453,0.9041698030137337,0.6986864800318431,0.7292778436441316,0.4580278215426593
600272.XSHG,4,1,-0.2770025826914126,0.6023236992337943,0.09150772116776107,0.3119416339539324,0.5506429979880453,0.22314992179483562,0.698372667003925,0.42457388448310523,0.8787312105759091,0.49994218613743446,0.19988534508734412,0.0009701422919874622,0.010726755949664189,0.0048197378126279295,0.00027822468479955564,0.00023854927643128662,0.001181752638915336,0.0011428451128013104,0.61728621646956,0.02224542008735042,0.15093650495383698,0.00346138795494398,0.02709688561361984,0.6363636304132232,0.031373801159560476,0.7005929404109191,0.02100109536903885,0.11820566157185493,0.09163657005542446,0.3090176315004834,0.1659415818013143,0.5582329317269076,0.0772078829858581,0.5359373123265705,0.05116285967169205,0.04036174968319237,0.2690586885330013,0.17933399088184954,0.13911094819540523,0.05381866992968268,0.5287326912921174,0.037362454481204774,0.04216531724041099,0.5238249041596756,0.10736643817077261,0.019015923975339615,0.11977779836534538,0.13558628383606475,0.03428576427075853,0.019015923975339615,0.7238042153504944,0.06146800859098052,0.0006522386489408588,0.009070688864847694,0.05233328179688765,0.017531641404137592,0.09562683807431334,0.009331568095100825,0.0294136152372997,0.5775811310837917,0.2732048900410411,0.0381985558000454,0.04374446586457652,0.10055796220296905,0.031169019560926003,0.9350873798128134,0.8678546946176642,0.7895834048474701,0.5817777713752644
600273.XSHG,4,1,-0.2644403009764357,0.6241491205724413,0.24794926165373887,0.44031059995293403,0.5579870088076305,0.1372760956858083,0.462372715065291,0.2103421291640245,0.7120283928099416,0.4288980368423189,0.13142353244648197,0.0006558534059672138,0.013684344003226122,0.004624577771943971,0.00045115956631018453,0.0027226791150352803,0.0006310031682918627,0.0011573595045692938,0.6166631807309301,0.025801305887523385,0.15063008892427046,0.0032475577306701996,0.0076805597846943815,0.363636358677686,0.007017674707381248,0.6737709305151411,0.009110417014129523,0.03224201863073166,0.09071277725805624,0.29856110325908825,0.05909061858531115,0.8795180722891565,0.09134977093382839,0.7582052748231956,0.06775892229800598,0.0396734163248207,0.30622230279706053,0.18118415969398244,0.13871709081077427,0.1370701017864868,0.5271187933050648,0.021813901105705105,0.05371207211328931,0.5172413017839661,0.08936997135402659,0.01752164921549143,0.10376418613712379,0.11889238436829855,0.029995570643465422,0.01752164921549143,0.6926629250377143,0.05688644001204632,0.0011209187859450665,0.009953469500389195,0.04440585953557043,0.013962670363879494,0.10951089255909457,0.005718152529680378,0.027685818883942667,0.46894470545316647,0.27463372482238363,0.044689078735498725,0.04325466846521558,0.20683202867710393,0.030448046898366932,0.9272920779423668,0.7367569988058911,0.7645803022341457,0.43343816097951415
600275.XSHG,4,1,-0.1138841788904442,0.289571102447148,0.0388606526919546,0.2803008396971841,0.4222196031425612,0.05164722565100466,0.4090629235148935,0.4286040421403956,0.9541321584665143,0.5176811807176266,0.2507970052389795,0.0002682498600757814,0.013684344003226122,0.004683925578892733,1.3576543627688533e-05,0.00021334825332718462,0.0004280749637113851,0.0011192999461876918,0.6170995319616599,0.02215683796082241,0.1507571203694848,0.002872790065138689,0.006516707771399056,0.0,0.0,0.6593092077448539,0.0008341095935732304,0.0,0.09134051696217903,0.31061233224722595,0.14533000131113846,0.5702811244979918,0.12597058308112116,0.640632009682794,0.048287235049933,0.04055926742876397,0.295101144547558,0.17533666961002073,0.14148709109674332,0.062115496822126096,0.5318427242963106,0.013590543406422196,0.015159870647045364,0.5217039873300633,0.09712842262984901,9.783430408272453e-05,0.09141114958793496,0.10751084464932406,0.012496033857142517,9.783430408272453e-05,0.7048051069379057,0.13232646785419575,0.00017255072684988507,0.00914926851637954,0.3446879292321931,0.013809045790938352,0.010103242548766819,0.0037013651758974605,0.028910585350231107,0.5919539210261653,0.2683809180088273,0.05948473453315538,0.0414722413436587,0.17666161587373969,0.030781240653227255,0.917064627686015,0.7623833532351516,0.7403601143874121,0.44225823221032146
600276.XSHG,4,1,-0.09209487462976199,0.19231272318088644,0.08956956884897588,0.3565953352281309,0.5224955259711004,0.0007370375753578684,0.43627145722476274,0.4544592734393079,0.4673485320165552,0.2582092784481908,0.7122265595530174,0.010897470649624524,0.017675673251136864,0.007789074929601749,0.0020085563274925165,0.00020189698394147175,0.0016777909704713586,0.0010486852546154894,0.6282694254498761,0.024326908385141875,0.15502968173421844,0.00835754762472483,0.1370621100036949,0.5454545434710744,0.11675868136345108,0.704688129943388,0.003060465616714835,0.025594645925657952,0.09142048825823354,0.5054750820777594,0.07508524379239248,0.3293172690763052,0.11959335978212031,0.7931031650787035,0.08960139528110214,0.04175038952051852,0.3049334251407714,0.17850319126095748,0.13758231359366915,0.06267449603720843,0.5318427242963106,0.06023310679938125,0.12516325476001047,0.5334681944376639,0.15675145575400773,0.024511359898668046,0.19584423153975852,0.2084909599575664,0.11529501078446262,0.024511359898668046,0.7207940853750452,0.0853262945993765,0.00026604381132620667,0.009102943155449704,0.061088892981316534,0.048598318730789035,0.061564334956584574,0.08382556297432694,0.029499439350838538,0.9278660476380036,0.3323121252593657,0.025950278012635,0.04656159463090679,0.12614054504230632,0.010771819106298977,0.887202461263155,0.6773887709521915,0.7014784282556976,0.35633557828874773
600277.XSHG,4,1,-0.2969856276757974,0.4429218774482609,0.36323142542274006,0.3263838730543456,0.5732415875300602,0.21299897823488448,0.5066057447419416,0.6975892159752988,0.8933091779591286,0.7831908611558518,0.48330027254258784,0.002872896379201444,0.013769943552954944,0.006072493676377332,0.003072624107421472,0.02116355367319537,0.013662199483101664,0.0018886956785648008,0.6088167385980421,0.024436876338727553,0.15115445012303777,0.004289770116904162,0.06320085507400226,0.5454545434710744,0.04743723714591744,0.6583011347908947,0.017293728208505707,0.0319254770733472,0.09026271969137449,0.30609850160113816,0.05818188128251261,0.1606425702811245,0.0648645301211804,0.9405902274820115,0.050128525135167336,0.07077952548289294,0.3124260242107251,0.17465401009908174,0.13600428433643477,0.21914910867281284,0.5372984172914095,0.03283043959371293,0.1035609950533087,0.5249416896417936,0.10398451791056544,0.04106976471750059,0.12421784754683425,0.14209515575523388,0.017644266209894243,0.04106976471750059,0.7293477155847844,0.07201101561386435,0.00037057206343926144,0.00899012866986545,0.04233723409700495,0.014161078009735725,0.08711169727491107,0.005350882467203588,0.02884786479492057,0.5341800069413413,0.2736300365209392,0.03301505868595906,0.09914300917189851,0.19176839501950652,0.053087575521923794,0.9277572041300364,0.7603461810623151,0.8252793012122634,0.37173551656046194
600278.XSHG,4,1,-0.2414975244556028,0.6363147524857907,0.5710431066333125,0.39723249293966256,0.6398868557586457,0.13232997155978626,0.3448908489087377,0.4227850851919557,0.9614507802051218,0.30245718583773057,0.25772012003980843,0.00251358184467451,0.01138823050375341,0.004925885407232612,0.00434286610005825,0.0008485644896541456,0.005920224032132546,0.0011722013003107078,0.6204204702612497,0.028224210446173743,0.1510274387298532,0.004543574548162191,0.005979008728585064,0.363636358677686,0.005288538537954157,0.6910778613858618,0.0044043934989148464,0.016505381206475534,0.09100402693189184,0.2390995374096045,0.06286272904875048,0.5622489959839356,0.09614586448927531,0.6954714048572065,0.07119957932516797,0.0399453613803798,0.30444613234809975,0.18152769203635988,0.13651642892239058,0.21645032519455273,0.548623847032645,0.11817018605575863,0.13837507777337338,0.5209615379674143,0.11332557348953283,0.11938729129116546,0.15866047400290106,0.1735091903611229,0.06946985824203583,0.11938729129116546,0.7138752268406373,0.05789134676700841,0.0009602277914884421,0.00892879488007278,0.041178851342330916,0.020090348296869325,0.19434152090476398,0.013948301628768499,0.02944486177477974,0.49197698490757263,0.271585284403334,0.046825340595337196,0.04266370784341739,0.18454742362061105,0.020422324579769096,0.9321297453522888,0.739065056830746,0.7469614193333736,0.31014004066129097
600279.XSHG,4,1,-0.2395779063039702,0.4904838582208519,0.7075424698632558,0.3853255829725326,0.6406483392388007,0.36515629101432423,0.3137044085116679,0.22805257966917752,0.8321397616135041,0.12869095106704276,0.1771766250346155,0.0019211655295015076,0.011682009400990378,0.005129550612982038,0.0003165112035174477,0.0038597676866990414,0.0013283857907362404,0.0012321390777909561,0.616131644675379,0.027068029123893802,0.15115715339447583,0.003832052752746087,0.0029480663514559425,0.5454545434710744,0.0018811976516265024,0.6990446306536074,0.002196824285615043,0.016686262096409513,0.09132711933994885,0.3413192481843492,0.08582669282166461,0.9036144578313252,0.1160891809879689,0.6543421151238221,0.08531124707700141,0.03562830437666387,0.30680180646107386,0.18168326536430537,0.1400442472124516,0.3605123051080999,0.554664870286084,0.05292955182578491,0.16804643993567384,0.5272090648759343,0.1208930748180884,0.01973288452579445,0.14002735048785878,0.1550978062331721,0.054868090793591714,0.01973288452579445,0.7262616312427187,0.06327354817463815,0.0005680811610488025,0.008991819698658646,0.053702207641922656,0.016036216591500996,0.07945039845959256,0.005297934708822341,0.029523599943509688,0.5992883461977306,0.29068456175165025,0.036662251007782594,0.030551849810857547,0.1310817721791559,0.010796793683077106,0.9027344804078907,0.6810927203573485,0.7072809753031979,0.35767175435246995
600280.XSHG,4,1,-0.1888316816697088,0.3169847604065121,0.09911339165010774,0.28444841717231295,0.6033057243329496,0.41832983705991966,0.24459734311796458,0.708235714020042,0.9965791107532105,0.6074019146249736,0.3618180167229927,0.006712424841528952,0.014006489287912937,0.0062149962414887175,0.0025215569147312143,0.01779811258963784,0.007741993752320795,0.0015465125995646977,0.617671691836399,0.02239156581390613,0.1525193858171887,0.0038799148830426546,0.016480455630791608,0.4545454565289256,0.02001878582909314,0.7052851846112896,0.0036428546494231833,0.02274577190919779,0.09125653766155338,0.395638965853894,0.08142301940072513,0.1325301204819277,0.10019553304495282,0.8446205159845148,0.04497646697384485,0.05421874980173946,0.3668110433091623,0.17409597317115955,0.12934640471900938,0.24264317823299084,0.7817597614367988,0.4048327332167334,0.1764323739961531,0.5069353755501825,0.2990594714219992,0.27864519170275903,0.18621674182216524,0.18335444959671518,0.255917935766113,0.27864519170275903,0.7020041436028311,0.06441891175045242,0.0005269275561123764,0.009090656328861524,0.05099219090928758,0.015769242227357986,0.05205955776472426,0.008906959150579475,0.029574396169551282,0.5879072077955919,0.27652216163625337,0.041824574409187604,0.07079819576104038,0.19113182094543243,0.02436441945325118,0.8754145304000795,0.6401779001371017,0.7146229466640963,0.271864019996482
600281.XSHG,4,1,-0.2731547609439922,0.40610630945566273,0.2094208092008244,0.2892846309792855,0.5426040394567136,0.1860841810078957,0.16236848897965306,0.2648626721396389,0.9445505071838236,0.36026834139955943,0.24257058301887563,0.0007415904600530216,0.010041487394835711,0.0044986045727050256,0.0008792888657999004,0.0014859154883648958,0.006051947735136712,0.0012700883404237152,0.6157185069351293,0.022908607991038464,0.1504671568760197,0.003152872248648347,0.004190421999985838,0.5454545434710744,0.003838512670925431,0.6977034576812602,0.003442045566746063,0.010852853396038708,0.0911972871193677,0.30133953349258635,0.11957662683769268,0.5220883534136546,0.10693509857685146,0.5280428375349938,0.0783814913423564,0.03036813317622236,0.3073646974342248,0.18188801618592404,0.13864819826494773,0.1315990267954901,0.5381747961130151,0.019641560743503136,0.05134602091077609,0.5212713167638345,0.08802131119776095,0.02467603332266676,0.10298677487199837,0.11831978699578986,0.027531989576300635,0.02467603332266676,0.7297567006357966,0.07592166085053087,0.0003280308014593908,0.009175375007101744,0.041408390801747026,0.01346962822060917,0.08851786223019867,0.006358395963405296,0.02861546841700819,0.4659536083331578,0.26699140538359256,0.03254093327160511,0.024180978881481515,0.15993684133860261,0.017352694861518216,0.9207980642229197,0.7182317234974129,0.7149160446036973,0.41322145802532473
600282.XSHG,4,1,-0.2371740601501241,0.30147454063639934,0.7583597904322519,0.5295857752417797,0.412557372472414,0.4669490079188604,0.046876611972003435,0.2096444186548882,0.9510959052074268,0.0776109533099886,0.43355594215573817,0.010768974874449399,0.014767994357447852,0.003732993204386201,0.005643393452861561,0.04348182535465637,0.025163279871303654,0.0026378424024317447,0.6037733439592304,0.016376866267904036,0.14717058299608313,0.009024997777086647,0.002244093430565707,0.363636358677686,0.002453606154502729,0.7004591926621219,0.002057913414736444,0.005064664918151397,0.09124122522094984,0.17935440769684524,0.0737712451203629,0.9317269076305219,0.11291506302778438,0.5168263184748162,0.07790386850791337,0.03661047438663649,0.3064258702529405,0.18115289134737608,0.13906025368055175,0.04949264561374015,0.5436118828886909,0.033103571491937364,0.06442389059656425,0.5261029586524799,0.09896899213066894,0.03913478549419653,0.1421130816615441,0.1584323767562138,0.044423715798064804,0.03913478549419653,0.7362619000043236,0.06465282160852305,0.0005194070314116433,0.009371863615202796,0.043180857569973904,0.0144463425433046,0.10603922075071583,0.005948486036402787,0.02915992016022703,0.48491588890749276,0.26258771322779817,0.03383489411599912,0.030474065250381547,0.11271168997314689,0.007151701860381648,0.9326170626748662,0.7069291495289907,0.7193745659641999,0.14316640616892917
600283.XSHG,4,1,-0.07612832727603289,0.633221572523039,0.2852416497372992,0.3086698588180422,0.5775007125847056,0.21504250846589884,0.5212748194487776,0.1927934639476234,0.8604886633372529,0.27369836632332833,0.1905024351745731,0.0014469706867741867,0.010801457795275428,0.004839751386903979,0.0002521315488561479,0.0035376062677451216,0.0024878663206195743,0.0012373678858060586,0.6164257743909755,0.021871550965225302,0.15087090251906815,0.0035328186684759726,0.02050763718175433,0.4545454565289256,0.01014840456008505,0.6807194836602914,0.009812429142750713,0.03364384552771999,0.09162225253621298,0.5082475726320759,0.0873171473209299,0.8152610441767068,0.11060727240625547,0.670959522594726,0.07225317482341276,0.03484799628828177,0.3175275821400701,0.18096174308076488,0.13753941823494698,0.18626823218651944,0.5257064755137606,0.048754353506414994,0.09155672875376401,0.5143896988352703,0.1020144436141516,0.010852856326928282,0.12379558487517552,0.13656768767007457,0.06577660721892338,0.010852856326928282,0.7045293341606518,0.06071421970647789,0.0006971749575655945,0.008984838173331353,0.0637255626223221,0.015036607431432907,0.029198014852028432,0.0067647558282924744,0.029395623857246676,0.6765545665930767,0.2759523797009687,0.027418292300259817,0.034038445323102795,0.16523217814257485,0.023273763235030206,0.862156658760705,0.6357856795365091,0.7032066498905505,0.24317478359465772
600284.XSHG,4,1,-0.1506908594427854,0.6355873953259704,0.4390109791226229,0.37027208837777004,0.45938651681072995,0.383470327955508,0.6151881788926911,0.3610193829036374,0.9799422870385577,0.280239067089217,0.39778116994089713,0.0011781774587999467,0.013911496191940565,0.004992029031493254,0.00023730516948197348,0.007842466102424613,0.004911122986276252,0.0015257929199628548,0.6211817541806925,0.02914849439640093,0.15033336394209268,0.004883166957856394,0.0632208762854628,0.6363636304132232,0.057982894622513693,0.7391022554312924,0.02904998331986644,0.12856109252057518,0.09205120945353168,0.5216169706747865,0.34289488756393677,0.02409638554216867,0.16965983311175553,0.03365161035993261,0.13892184794070167,0.06300520902542911,0.2989808078535936,0.21799274434357763,0.14664623287760262,0.31834075378020904,0.6620364534992532,0.12322886423799935,0.17183035375264522,0.5081962507290801,0.127286329707025,0.0032949619772971632,0.15729835319385352,0.17493305326019237,0.04213508238576647,0.0032949619772971632,0.6992581011174641,0.10103981671437826,0.0002150297089698682,0.009013387169812084,0.049400717324002585,0.021086530727302592,0.01819086190466161,0.013009285749800308,0.032112522482448336,0.7347664726565489,0.49267079782902773,0.032955307541270455,0.09692009837180195,0.14996920441303135,0.019834001316025602,0.7885202596185255,0.6995074300119413,0.630073432916219,0.721120371753179
600285.XSHG,4,1,-0.09744997988256557,0.5364591453347461,0.23992013643711532,0.34782084406025926,0.5814886793067908,0.10451923167312771,0.5283323824640649,0.33924084772559754,0.9009474515231322,0.2869673245329935,0.21242691201071195,0.001013101491414359,0.011969352121996771,0.004863879229478541,0.0001839498090297077,0.0018534770513404584,0.0005667800478195137,0.0011235042651823377,0.6179978634652114,0.035330046900352234,0.15097565120547451,0.003756424089912051,0.02185614611114208,0.4545454565289256,0.02924120204995531,0.7045767842532904,0.008251084475982464,0.08094419824545536,0.09104851203556366,0.4635716561345503,0.18156913197506827,0.5261044176706826,0.12267524517393084,0.2488576623115309,0.08207495954083122,0.03615714061026501,0.2934352208368591,0.18037383915146413,0.14309891669721334,0.16512754690645906,0.5612303739491042,0.08187712474630011,0.10889686208770503,0.5219105065276768,0.15970343401808995,0.015382122235554357,0.14713710946739483,0.16337391500051107,0.048576336951303846,0.015382122235554357,0.6659678864937946,0.06253446451868681,0.0005991887672305769,0.008936919110978875,0.05812374445873275,0.0227609164951178,0.04660574947982427,0.014531225740019738,0.0295493256554783,0.7707732942430113,0.30900362523026337,0.05884791440555086,0.041585258825908744,0.07146001165324012,0.027767392474726326,0.9082742753262985,0.7086456813055597,0.7013450818957889,0.5947688170828445
600286.XSHG,4,0,-0.04005867553473946,,,,,,,,,,,,,,,,,,,,,,,,,,,,,,,,,,,,,,,,,,,,,,,,,,,,,,,,,,,,,,,,,,,,
600287.XSHG,4,1,-0.1795571081366203,0.6447751576054909,0.2432599239263569,0.30368986185307095,0.5929828168870455,0.1963687205374788,0.2874479870366895,0.22190437225200912,0.8973900077190647,0.26012158313304723,0.210322194760659,0.0018202628594146228,0.01144962084323,0.004994840863455691,0.0020472762805219705,0.006694042439871548,0.0059876529355856745,0.0013084037782996204,0.6161581335434219,0.025302756142028936,0.1509839421758668,0.0036975116816688495,0.003945496399077825,0.5454545434710744,0.0032021550691423957,0.6982048297687952,0.0013045556953418518,0.01184769829067559,0.09134393030971374,0.4114566076200518,0.07379668670676798,0.8875502008032127,0.11938715411139848,0.528874375191844,0.08465026342257913,0.035390368722521576,0.3072225172242213,0.18181251608368967,0.13956459911037625,0.07723295146996342,0.5348001999016172,0.05905660307931168,0.058078994520350716,0.534649135766941,0.11241851772361901,0.05446234393029697,0.12745268868629714,0.1406815228004355,0.06389830557894817,0.05446234393029697,0.7516187044054702,0.07548002550122097,0.00033213890454787296,0.008994354871040406,0.042626269128947875,0.014735301519761018,0.0900368196838706,0.007533603440575462,0.029488099387260294,0.5080989706634081,0.27159151365578676,0.04319335824670609,0.036134670163982544,0.12725298614277752,0.020868128252676917,0.905648620243996,0.6732508513555353,0.7049045055226517,0.4273887954813097
600288.XSHG,4,1,-0.3066434421195061,0.8450248789878891,0.33252269982034927,0.3196140236742865,0.537706806291475,0.10720579419640305,0.6108502262820266,0.4328919935703632,0.9403801046596278,0.4625518922921939,0.23922896604127486,0.0035512826973137243,0.010673384352562208,0.0047066718225650655,0.0013503140267330867,0.0021216832802692497,0.0030078901257604078,0.0011800958680700645,0.6191365783730202,0.020861757279991344,0.15071715546240594,0.0043625462824976235,0.02403419188501025,0.5454545434710744,0.02857447868404695,0.6834403080904684,0.008028858312144782,0.0688251786198788,0.09122696247341601,0.31751513083419114,0.07881962829744352,0.3293172690763052,0.10739033218218302,0.6057330928375863,0.08393892163419786,0.03485577839289761,0.30675844042345835,0.18222476890727513,0.13992596001112678,0.0721807837115857,0.5289794021325385,0.05259882068371723,0.08989849692780419,0.5006209627584541,0.09950981390474191,0.03224153837098437,0.1592090291328613,0.17631988152494704,0.04838468974756378,0.03224153837098437,0.6411927406321974,0.06098026740114649,0.000680495381668542,0.00947630876940412,0.04991810454229567,0.01660980829824987,0.08117235469721172,0.01357206350304169,0.029727702942024627,0.5506329815721805,0.2743502938357849,0.03733369169936838,0.03732034353851098,0.1810298392612859,0.04678321469163128,0.9077976097484768,0.7394078103577906,0.7427841135635691,0.5176287710045061
600289.XSHG,4,1,-0.1577801945220813,0.7355165422276034,0.33158559449339453,0.363992022513751,0.5053847999204245,0.0642195283682635,0.6818449432606571,0.3678783096130694,0.9901474350136423,0.3218373980281412,0.2960893097620662,0.004461370369584166,0.010819450468572826,0.004841854951360652,0.0003792795863526502,0.001701568150090626,0.0016018187193617482,0.00110966947417038,0.6201060361545737,0.021587957926217878,0.15093427793301453,0.0044440330675516535,0.05676507850408102,0.5454545434710744,0.0704943088586151,0.6972021841262437,0.01189556154486847,0.1109704259744958,0.09180242566845012,0.5589310476807006,0.1784314571414989,0.15261044176706826,0.14022446771925987,0.23764011666165347,0.0964943044825943,0.050084958788879766,0.30317964586525686,0.1870977619651709,0.14286624187262936,0.10534748004715785,0.5278239973207072,0.07167193044576167,0.09214404779116481,0.5136018425495068,0.10286997596676462,0.0079572309831298,0.15058571847395794,0.16285909165753354,0.08847686065445796,0.0079572309831298,0.6686882213473838,0.12847909808553523,0.00017591147161971686,0.009020388160613488,0.08371990064898982,0.023871037685908918,0.02920522026961564,0.02141337811275412,0.029520337575609398,0.7790674208260197,0.292042344122204,0.0332590276309638,0.06190595469363747,0.17991066904798095,0.025197553388765927,0.8678242746161822,0.688459157047455,0.6649943360803563,0.5925291991064846
600290.XSHG,4,1,-0.276035464703018,0.7173163364339654,0.5517085869209652,0.3462764146217555,0.4850954027629061,0.14759642953472446,0.3698960175772017,0.12149562162836622,0.887946228240185,0.18868801203456453,0.20492103583350008,0.0015150962090244974,0.010783172374226513,0.004761515763039783,0.0004433031590345214,0.00035600042278607203,0.0025915002037101625,0.0011718282291081283,0.6219506207122275,0.023192737435192526,0.15074930636043893,0.0038840485810708574,0.007335730235753334,0.5454545434710744,0.0066486551954057895,0.6934174738033476,0.0028446561976951394,0.02166048656959392,0.09115258860856096,0.2081102847452203,0.05072305309369316,0.9718875502008031,0.08602663413053016,0.7877022766679772,0.05450011257457591,0.03271274539012943,0.3040462991785007,0.17975621413010165,0.13482271218254183,0.1862103436029613,0.5254567492627823,0.06516110282623569,0.10031097269114733,0.5340934931357258,0.1006490731616803,0.008976573594300373,0.13213767423327646,0.1505264745786863,0.018106021989859927,0.008976573594300373,0.7734842137612954,0.10492547249757633,0.00020704625446762404,0.008775276717314283,0.05353955123188814,0.020113757143687207,0.022052642411383522,0.027858286058176505,0.029472550356119676,0.583870474129089,0.2755474782915419,0.02362086086823272,0.02802367635850332,0.1269387761564574,0.01664951845426811,0.9348956484072091,0.7466664455353591,0.779979826412085,0.34724443757440776
600291.XSHG,4,1,-0.2628789123485177,1.0000000000000002,0.5422306113310134,0.7030121686236463,0.47873053766083307,0.2491221352793873,0.653279504603326,0.6186563172941145,0.9564535859402374,0.5020896134205504,0.2529247618922849,0.0,0.013684344003226122,0.019109642191787637,0.0029840589171838032,0.042274760393007746,0.0027019521158735396,0.0017737125442445446,0.6040520704912032,0.05303307517334492,0.17062256473247997,0.004135332902604608,0.037078606071445336,0.4545454565289256,0.031465038100316194,0.677523133772352,0.011129751069315625,0.07791444333906122,0.09045387897545555,0.29049275043322764,0.08252709009204676,0.22088353413654616,0.08845893871936394,0.7955967514595539,0.05047180738199379,0.06755433740888721,0.3064258702529405,0.17791955831208614,0.13858970459396291,0.3365541607278535,0.40164047380543,0.12607596462247886,0.17394637155605555,0.6085620113235471,0.1396831066390181,0.0009574749960417205,0.15340497963488425,0.16876137819262654,0.061129891476788815,0.0009574749960417205,0.7754718811092143,0.07474128671978711,0.00010534334621320265,0.008829553587337679,0.05305644375124136,0.014326342754905155,0.00819528492253437,0.0037431150799479857,0.02996043969994048,0.6137324122247689,0.29599917104153156,0.041513330582754845,0.0862821268480018,0.18635486332776005,0.048783424059340795,0.9210821107497409,0.7310296979346336,0.7658754782645432,0.4547955920606408
600292.XSHG,4,1,0.005296115979525291,0.6926442403765393,0.26084917495138205,0.366568255476465,0.7096221921863937,0.21554200192204648,0.640241408927233,0.48415484409523096,0.9719180602403186,0.2963306566223942,0.4093071961091417,0.0016635117974114035,0.011707829248775068,0.005230414701942954,0.001258373265283835,0.0017479918824351895,0.004017931152124938,0.0012272095921291217,0.6192059249538567,0.025301309377672446,0.15140654768145995,0.003908310256556566,0.02626083233506057,0.6363636304132232,0.023037604608688957,0.6945481018923003,0.005287204065312366,0.05788188477887311,0.09135514794294723,0.3896179582329464,0.09795766743336534,0.17670682730923692,0.12118437158657144,0.5708352025820784,0.09051555170186326,0.0586798057069455,0.30668634594834093,0.1836111211510392,0.14023142695960295,0.3315372575029924,0.47302484075114276,0.03985794809634135,0.15153910149522004,0.523005572164167,0.11878339992212306,0.02014897697172386,0.13372669335723858,0.14878277219247354,0.05077776160837331,0.02014897697172386,0.715216697807957,0.07141549180292246,0.0003785191794447448,0.009068019901601622,0.04354060130895535,0.015094347825779668,0.0800736670808858,0.01289625098966539,0.03019392732568371,0.5207713537722198,0.28057915696022606,0.03265404119725239,0.0810857347486701,0.18008238017429193,0.02491984207692768,0.8953315178026162,0.713181637256203,0.7145991819662911,0.579819894140039
600293.XSHG,4,1,-0.2597712012020906,0.5776865100446475,0.22780742549049285,0.3143400857705493,0.7398921217805172,0.18732884711197692,0.6022232110710186,0.16351765557542708,0.8750907802402483,0.34633655402309066,0.19795410099119126,0.0005396665483001844,0.013684344003226122,0.004870291997009355,0.0001845837912073841,0.007287256284261887,0.0015629961948639389,0.001240249398242886,0.6157836103996566,0.022336992480128885,0.1508313047325698,0.0035160579643888253,0.023107455795349587,0.6363636304132232,0.02727731635583575,0.6977376868949101,0.018360379686953626,0.07710047933435832,0.09277776381273664,0.7652596195592707,0.191760817340492,0.5622489959839356,0.1612515168963477,0.20274222640614553,0.10564109574719291,0.047441006452888464,0.33096101113010085,0.19215590489328477,0.14627447310201036,0.1168147334254881,0.5378626006066604,0.029582913346437006,0.06461412683488466,0.5250086959677689,0.1000555095152082,0.013024053633657504,0.1206969558166174,0.13565657976459444,0.04295256506396059,0.013024053633657504,0.7330239069290247,0.09150646782400354,0.0002411938384053302,0.009033287190070542,0.044915991196238285,0.014013450213655522,0.03896038572263132,0.006021276979445199,0.02969373481328581,0.5499166706400116,0.2722771207538642,0.043507908942310485,0.0565288212103426,0.19304296815625477,0.025815337680205778,0.8273938021047846,0.5959488744416439,0.6345887254992566,0.5287453446367317
600295.XSHG,4,1,-0.2334847185183046,0.6510415287796344,0.5412064860561648,0.8840693396050177,0.6102023740563999,0.5826774657043419,0.15583359332046448,0.09768038739056822,0.9570248318534802,0.11616680556173223,0.42723094833346054,0.011151373495168692,0.018994869105944195,0.007893737220318938,0.005162369626366894,0.044184225733535615,0.014450197507707558,0.002524242572025711,0.6185639495527989,0.04107344760537045,0.15274630798250224,0.00802920322540269,0.00440543946649535,0.5454545434710744,0.003300377086353464,0.7001226177753983,0.0016206075307550218,0.005923849145337795,0.09127566763072524,0.3524221038515461,0.10453792033769127,0.9638554216867469,0.12328595653737855,0.4619858967107039,0.08781909339778146,0.036359537078598105,0.30661396964188475,0.18195487778483463,0.14048489953387042,0.1426449575621934,0.5393650791736246,0.10777088121050368,0.16548982303389928,0.5107332170230916,0.14110417807884162,0.06985264971282604,0.20589419276317064,0.2193344772796152,0.11451066213181138,0.06985264971282604,0.7093378298318371,0.08046580619629022,0.00029304702032851703,0.009017891370856738,0.04797546196794995,0.015242917972509448,0.048538556559017725,0.0089901949044736,0.02930481969483792,0.6168340830942858,0.286418302478094,0.029938142859023208,0.03378358904517957,0.10482714888280895,0.013311898067835138,0.9098889023021972,0.6963424881694755,0.7082315632154164,0.5859909098037408
600296.XSHG,4,1,-0.04005867553473946,0.5832710543596483,0.33323445031838866,0.36979524077594106,0.5086859991960199,0.19531619973499242,0.5201466800399461,0.3337110635790617,0.8075837911617676,0.3255274155849768,0.29448349460704565,0.004585277962534866,0.013684344003226122,0.008150090726543492,0.0029840589171838032,0.008062098247688082,0.00966583515757642,0.003724127055187232,0.6194366714067405,0.02795801905504902,0.1535011777904567,0.007249247564261568,0.03212743887797873,0.512508658030105,0.03385548310334353,0.6973754749785577,0.011416551503228026,0.07601564141075765,0.09146680527188153,0.4259820692575249,0.13112622332231372,0.5511172547939428,0.12284974011172788,0.494504656209718,0.08633157970599001,0.045919982486072305,0.31147779666162767,0.18463137997985954,0.14208910423830812,0.20470555979997465,0.5318427242963106,0.077915971133906,0.12469801664167228,0.521515575256219,0.11601091851739048,0.03148564188991912,0.14997234261458614,0.16450473416111355,0.0632184951466207,0.03151351181947201,0.7073590212283098,0.07474128671978711,0.0010165370293848852,0.009470773081934954,0.05305644375124136,0.029247760156912796,0.06504798281099847,0.03229344616550119,0.02996043969994048,0.6137324122247689,0.29599917104153156,0.04246130980234155,0.05485061095598209,0.16042323302325237,0.02380545148233199,0.8768056165474607,0.6953581940533766,0.7048157031587168,0.46648362214367545
600297.XSHG,4,1,-0.04005867553473946,0.447671957018271,0.24897952702223447,0.33457791940458187,0.36829670940503145,0.09443119934109526,0.5479211180399581,0.382746799060656,0.8971278756589527,0.37274202062350026,0.21016859873897664,0.0007761539221884332,0.010547389302855344,0.0047182984514313,0.00020647776932964033,0.00020300679429558548,0.00040836093114836726,0.0011325974261189291,0.6181876217187217,0.02287065616892921,0.15080964372894584,0.003686715267466192,0.03272413529749807,0.5454545434710744,0.036633869173632344,0.7020134476777122,0.01411208933424151,0.09568599077507461,0.09131316228225086,0.6020201460760215,0.20552419479660086,0.028112449799196783,0.14398492129267895,0.22060694036232453,0.08821970854484684,0.053951493986347944,0.2745910628781007,0.1819484210676442,0.1437462466561118,0.11190595866755135,0.5306868281037067,0.029916814086363236,0.07348708653132374,0.5248829938667331,0.09937177989545969,0.0035840662330464267,0.13072511997457234,0.14837698440305241,0.024147282599043564,0.0035840662330464267,0.7401320671156154,0.08003065452658756,0.00029591395272168683,0.008774150187270307,0.054012877427511694,0.02702316848315106,0.05810111565729851,0.05395934026819224,0.03044242849511388,0.5636868057965744,0.2864722244446379,0.04991049515775228,0.07231296400407622,0.14533593314586818,0.0212479810970868,0.8679538708440442,0.6874419530317106,0.6582345998156915,0.4913846529924687
600298.XSHG,4,1,-0.02943652075476977,0.8811966309773355,0.40854298753666846,0.4019895551805939,0.6096928237495914,0.20331263770870073,0.5415080330844501,0.1417594580724172,0.9993501583769415,0.3535456913203796,0.32575592959700467,0.0017130945815000697,0.012136939627857713,0.005394361313942037,0.0009025504315649069,0.00701793507354259,0.0014708336812293316,0.0012740291622561385,0.6178201673361846,0.025858320319580866,0.1514663591231649,0.004946313847691237,0.029082069303285038,0.4545454565289256,0.03282711060660722,0.6953062888513559,0.006423547910056583,0.04924482228452563,0.09061837590603422,0.26680949234565904,0.03131808249140145,0.9518072289156625,0.050201528161897144,0.9692567182596429,0.026132942604997822,0.030503314780650645,0.3071315972324695,0.17014620215824125,0.13423127617591776,0.32132431044351106,0.5235406568810563,0.077351776943959,0.22807021493537594,0.5087207789788509,0.13200977343449327,0.04080367668761771,0.21160598977093736,0.23021360375194105,0.06933732213986428,0.04080367668761771,0.6910036142593223,0.06773492276837172,0.000440604067341157,0.009071729033985402,0.046311564725642296,0.01671966710863626,0.07080828526950293,0.009805819230524135,0.02955694420398198,0.6331329289022591,0.293349124488301,0.03398601884964177,0.028750538338016274,0.19115683741196737,0.02741027098163546,0.9363309710130518,0.7830646587943924,0.8416280930414324,0.19227908350028927
600299.XSHG,4,1,-0.265249515229396,0.6819996066113609,0.46226266685439815,0.1994189177200878,0.6063563391619,0.46617491056843546,0.293891317507057,0.13691982430447447,0.9028605325715551,0.41141640096137294,0.21357617165529974,0.0070026397147653855,0.008098517281720112,0.003631736333914253,0.0030705772059755553,0.03301169342596858,0.016300979739649377,0.002150570956648775,0.5997613017344753,0.0242574423691189,0.1483396749883357,0.00246516185667196,0.0051507676149453365,0.4545454565289256,0.00487407012250898,0.6961769859160515,0.0035506887438892065,0.015827077869223116,0.09118938871730399,0.28521242677146796,0.06070837684178609,0.899598393574297,0.08809198485804748,0.7773162686749499,0.06550563084010871,0.027589544073932243,0.3066643510325247,0.18096073467904397,0.13674650402826413,0.32289551448820814,0.5261805985670367,0.11372160081304922,0.08955022925814127,0.5231956709978957,0.01985775012223756,0.07750080858558826,0.0756828570309071,0.08469200362989726,0.06918941184984083,0.07750080858558826,0.7408951163679324,0.06871556117868982,0.00042146201784349344,0.009167895604295779,0.04823666204245793,0.014362666089034274,0.06522773553678698,0.003652955237961153,0.028562122231589,0.47341000595447325,0.24635369734359375,0.0,0.025261035955103893,0.1730668446319096,0.028522462164263924,0.9287424905199473,0.7285060368847023,0.7743370309442772,0.3652537100179432
600300.XSHG,4,1,-0.3139102656407465,0.6086239967462093,0.192008562254727,0.2829355067019419,0.5529068858669167,0.15878378134081902,0.6225931510067406,0.25149294108615283,0.9433957210563615,0.4590778398884714,0.4412822737993647,0.004884257131631454,0.013219131449179272,0.0058861107333689835,0.0018396978850780908,0.00951103606767621,0.004164318345929079,0.0013611069826372434,0.6185410231646609,0.031078824077096886,0.1518762352398055,0.004165723612456101,0.047550411522072976,0.4545454565289256,0.03799944171921506,0.6831421567557135,0.010203905766909651,0.0318802568508637,0.09032133645102415,0.2298997396129865,0.04551413565204727,0.9999999999999998,0.06638900271559033,0.884919294650749,0.04295593825192807,0.024462283994564873,0.27913935609083185,0.17097425310991285,0.13462773327925917,0.04969980461999204,0.5273819381330226,0.03230822102239787,0.042938314973115704,0.5199961088956779,0.10986967535549849,0.02011935253167539,0.12162885215165359,0.13852683380066383,0.025195113022811848,0.02011935253167539,0.6987112296778251,0.06484639303159251,0.0005133833851284715,0.008993196264088387,0.048537965562748954,0.01575038450583635,0.07130435055723743,0.010069707181096944,0.02943919928485845,0.6303242360366494,0.27629420992931164,0.048066407782956275,0.023926205067974382,0.20161601623853675,0.035816234970389424,0.9493136725795686,0.7904338596258462,0.8264899805393531,0.32053908891972493
600301.XSHG,4,0,-0.2526190620081694,,,,,,,,,,,,,,,,,,,,,,,,,,,,,,,,,,,,,,,,,,,,,,,,,,,,,,,,,,,,,,,,,,,,
600302.XSHG,4,1,-0.2415512128481722,0.5079288598024467,0.6583827628515864,0.24289402207354788,0.9999999999999999,0.03053038503840838,0.27678188550539634,0.22292180567040035,0.5589876170044233,0.16082811107222475,0.08687210285151015,0.0011361735358240022,0.010425582353844052,0.004691801430989066,0.00021778521267178173,0.0002767471162368336,0.0009144615398913806,0.0011176527070170875,0.6192294174419057,0.02222868192747371,0.15074891949650945,0.003986445031953974,0.007219160230634252,0.2727272717355372,0.004146172194081971,0.7014198221442778,0.004018317811247295,0.027946097494799673,0.09102678900762269,0.28141430275360496,0.10824466344341299,0.8473895582329316,0.09090244297721459,0.6123802611438878,0.04858301174578364,0.038449807956909034,0.30620733095093605,0.17980378589354232,0.14029252034929818,0.12148172874472513,0.5318427242963106,0.037529678092362594,0.09599377143109102,0.5218050789590661,0.09605513422980591,0.015228046504887901,0.14901291010167117,0.15197669495712102,0.17571000252613808,0.015228046504887901,0.7255009190478361,0.06960918789079322,0.00040582781711529696,0.009176233955417095,0.056833178636050134,0.023259205818141445,0.03574141160412179,0.035195746121933665,0.029160390104663605,0.5373357668685126,0.25252143592834264,0.037330295455354254,0.038573596502024396,0.16946589843947915,0.013256864269904889,0.9192881794037864,0.7269636460130027,0.7444529234539081,0.5321720667445802
600303.XSHG,4,1,-0.32047104666876,0.708668453976765,0.6314720027609247,0.37168654634093995,0.45406265228624754,0.20534604429384315,0.6904110531198249,0.21219725492689345,0.908963774842172,0.4455089843515856,0.21732572159636865,0.004376191487907928,0.010541718621329438,0.004659477861066793,0.0011911138876985303,0.008010875240443218,0.006865682872108281,0.001382010880262713,0.6166899100268711,0.021591847688282654,0.1504470183355645,0.00478868916546778,0.05495380786690161,0.2727272717355372,0.0524424683861857,0.7067801688939529,0.01649364541478399,0.15334177444153024,0.09025559836196027,0.21565598500327987,0.10426382073091198,0.7469879518072288,0.07054737394113716,0.5770666020599549,0.039619259883363345,0.03437924480359787,0.30521332086711017,0.16934579720343781,0.1404602022061213,0.131847005706977,0.5161439552979457,0.06957329234181074,0.11426820108341035,0.5055198117110196,0.09097102660923198,0.04234306325016402,0.16328354022142005,0.17444235134318747,0.10756471008920473,0.04234306325016402,0.6933371661075257,0.08459244227881631,0.00026961177817530057,0.009175713870848241,0.04839615239098326,0.015385159377944914,0.062165525439373426,0.00817530406233119,0.029372988881297163,0.5367846731637325,0.2762712395608923,0.042055535252119115,0.0416818865054611,0.16812997162689364,0.0255422623676497,0.927221953956058,0.8332476449515722,0.7994510354806936,0.5844574620277736
600305.XSHG,4,1,-0.2019291791318617,0.4368104300153571,0.09869882946525071,0.3750210052673862,0.5696842643743589,0.2097219902220043,0.4447283932049515,0.870416579712418,0.9587728180030719,0.6180539737846036,0.2551116981892384,0.0013644328739168357,0.011198766572382918,0.00501594906504647,0.00044604470170732076,0.006380528650739093,0.002314532772157145,0.0012097896199917987,0.6152399655657484,0.02238296533697838,0.15093162613709865,0.003471533250857592,0.015836096034764133,0.5454545434710744,0.014972180349007037,0.6994454767104717,0.0039646567916769345,0.03382472641765397,0.09155674902280803,0.46185817203030954,0.0874282503725412,0.10843373493975902,0.11245587659809393,0.8741175178292966,0.07793395723180188,0.07252090078974215,0.28551252510711417,0.1812853995192495,0.13288462188391215,0.2316125448666715,0.5318016253867013,0.2138666117366857,0.11232012599464944,0.5447285493038087,0.11425665030624228,0.04482306670198413,0.1288355884942715,0.1416203857186512,0.06903699533234355,0.04482306670198413,0.7527510087324152,0.10730342744565526,0.00020270920855535698,0.009000342560541608,0.0520241950420532,0.016475833878058413,0.03718110946433447,0.005165046984240815,0.02954289627072283,0.648531396262986,0.25814041630483475,0.03739276847024557,0.11247233061138912,0.20024359388458227,0.03498773703415685,0.8878673076649957,0.7407235416390257,0.7039209110857034,0.3593659223408401
600306.XSHG,4,1,0.0449413244652605,0.4199915948967728,0.24516123568326004,0.15065535548880693,0.568146920338463,0.2570831173019616,0.41574283191655886,0.092297682732636,0.5361008975717878,0.40124908880325294,0.08102235319043782,0.0024864560275402636,0.010290942207328124,0.004633560044935757,0.0006177727100199897,0.010508095820911613,0.0017567011802614861,0.0012831075215156164,0.614646877170664,0.022153377269557666,0.15039809388460496,0.003289232232262702,0.008365807438039406,0.18181818479338843,0.009253569553836778,0.7045372782169039,0.006863298947654172,0.06579542371348467,0.09081991150835403,0.30112496705608505,0.018243463128823086,0.9999999999999998,0.05917905108498439,0.9700872293267933,0.029583266272522467,0.021838539099419674,0.3053078550043225,0.17867392572252155,0.13461343482635177,0.1914042135964744,0.583959031023951,0.11319275158874272,0.0709894980481361,0.5392422206819822,0.05962999574757775,0.06170044572302364,0.10257518884677312,0.11789625053256501,0.027368970170629624,0.06170044572302364,0.7633273621515886,0.07666240399442507,0.0003214646512727359,0.00917500269563917,0.05544921399884649,0.015222186258218771,0.05271354178791167,0.005227451795144165,0.02940522162101512,0.5317727143194547,0.2509942957567306,0.04358876067480931,0.01153134977550093,0.18351897768151187,0.018046599270203984,0.8987764695857181,0.7363479058865154,0.808923908078149,0.025426882057298608
600307.XSHG,4,1,-0.1515236436876057,0.4732706539331118,0.7342040268427955,0.3382114543825797,0.42755399971078667,0.2851471291148101,0.09240004789563722,0.26067421041725036,0.7291618184676207,0.11599220382963665,0.5834643040586844,0.03114157015535816,0.018906118065667846,0.008286662248363694,0.018652063649245716,0.06983811770420674,0.03033179473576408,0.0028012889446419626,0.6148128240935155,0.022853496052776836,0.1530628836045963,0.010739099232917824,0.007095300180762386,0.363636358677686,0.00745791617839381,0.6989661817871775,0.005651279451399066,0.004929004250700913,0.09093222069759138,0.41377965960903595,0.024259993139750073,0.9236947791164657,0.10925211245521778,0.7885338143248274,0.07132261002391473,0.03866225850485783,0.3055961154324481,0.17997255464591644,0.13650083061012797,0.1294874219540722,0.506538565995376,0.07161181738292717,0.08604586304956624,0.5237850777514267,0.10562073441403692,0.06945229013595551,0.13621364716095571,0.15120648636604175,0.05304598446093723,0.06945229013595551,0.7250814172383694,0.06056755903492032,0.0007067901443968919,0.009099272131529324,0.044260748383066,0.017029593387045752,0.13250000831394337,0.008307096450943248,0.029323394078423857,0.508956658753242,0.26981773401987486,0.031511513835956864,0.03825899475464465,0.14843148338146628,0.01020996590297302,0.9045852210592096,0.6793181416124896,0.7107400590948818,0.276853337720237
600308.XSHG,4,1,-0.2419514200142348,0.441541487303215,0.9999999999999999,0.7672442842210556,0.4695404100308521,0.2795464028155305,0.2195896885167724,0.2031521197628884,0.9820358308620325,0.0,0.28221642673311653,0.003993053161503005,0.013273278529461412,0.005830388134770602,0.0034467521564723147,0.02049120468043393,0.005436099005624554,0.001733908875798511,0.6146349225887071,0.02462362703848698,0.15112836613976388,0.006896605028663168,0.005988682169854786,0.363636358677686,0.005313609579665113,0.6979657690142642,0.0026632711766814586,0.01293298363027946,0.0911148826025182,0.3283883706051526,0.10547144719901111,0.9759036144578311,0.11961312390391474,0.39302062726683834,0.08004591726491259,0.03436024266576928,0.3057747169127362,0.18124957497128827,0.14080076535718833,0.19594182511351677,0.5222485534572988,0.046133606127626875,0.1487298704169718,0.532691017410564,0.10417111621819539,0.038664211084282946,0.17472021247622782,0.1871523583333699,0.10316027034183976,0.038664211084282946,0.7436773832435319,0.06514080893058487,0.0005045504539257449,0.008985701782394025,0.043868948271304026,0.014927219796371304,0.0858898247309885,0.0071244563368374056,0.029663335537949392,0.5368340165638587,0.27073693808492927,0.032879850799262964,0.023553300978419674,0.13609100293864315,0.007001256206257104,0.9254440002272373,0.6936833841935348,0.7057362699458429,0.41740117142617594
600309.XSHG,4,1,-0.1528466024608713,0.551295544883467,0.14454288590753223,0.45612993464418006,0.6165353086766486,0.18037787954452272,0.46950257729075595,0.5306722371131056,0.43646656520941146,0.20907078234337562,0.7269496417372794,0.01300707959568571,0.03247092462770497,0.013837118661889514,0.006155898277907874,0.026420392727304995,0.010349082245142197,0.0019213428415630347,0.6174188400198912,0.0856139770845066,0.16236832414190117,0.011944258071012124,0.12655554283933101,0.4545454565289256,0.11712935565299168,0.7034319654351666,0.0026051101382620068,0.02496156281088903,0.09128689769938524,0.5296495746424451,0.18645700380230165,0.020080321285140562,0.1479706858545545,0.2330697393180775,0.10135751651939845,0.06315688288003625,0.32139444077256607,0.19356187863331287,0.143072919510109,0.04269512498418933,0.5436505304006656,0.043406039657789816,0.11677353189871031,0.5370779846038813,0.1892679515143793,0.045185413703157096,0.1944006654082842,0.19875406545951274,0.19297733606145645,0.045185413703157096,0.7150729687757442,0.0676149589461055,0.00044310607063796105,0.009046394856510674,0.047562027102541864,0.015507697087980148,0.09710875229141515,0.008729632080950962,0.02970540850552191,0.657071131006173,0.3279666376811764,0.043994213710198335,0.1062812114929832,0.18378450055732887,0.01445235389124843,0.8562520415844115,0.6723746185484942,0.6463812966547227,0.5529291391694069
600310.XSHG,4,1,-0.2755157392466508,0.6779055016165999,0.7853429612824749,0.3912472533786828,0.6148877961196941,0.28700445657353635,0.4212477227820405,0.356659791555321,0.934435371055176,0.21766068483323886,0.23467574750440345,0.001856502641387209,0.011639470505013962,0.00511451872397468,0.0014911427733153137,0.005166851744717399,0.0020453213045063382,0.001340720768599753,0.6170189885129006,0.024685705412378568,0.1508830695068351,0.003874738156232293,0.013317978720160899,0.363636358677686,0.011622351791472288,0.6966754332414159,0.004226678147528683,0.028714841277019083,0.09113659496441898,0.27299590085781344,0.032358385688950365,0.5863453815261043,0.10653586331660408,0.9131700165999553,0.07464005153709445,0.04102037786136999,0.3064258702529405,0.18016189022218493,0.13770839995112527,0.7542869555604884,0.5096382070208004,0.06339031772376823,0.3128707156281499,0.520417257103875,0.103150047493795,0.05079169577025805,0.15005491424760353,0.1639737363230746,0.07251606801434676,0.05079169577025805,0.7210920601979255,0.06510270546411623,0.0005056720061133063,0.008958586376957333,0.04389480444029572,0.01538318900840489,0.11496488559829168,0.008227146704957528,0.02894291207883638,0.5235356930197385,0.27432498749769574,0.05256992484550745,0.044943787099967686,0.16464128286973706,0.019226984506789495,0.922074498302822,0.702337910751405,0.7377195924090274,0.29179911247921286
600311.XSHG,4,1,-0.3155249596093449,0.5478566300399488,0.1402598529976889,0.3154044707000203,0.5251250262256247,0.0,0.4657237523828701,0.11322954767361737,0.9946287077196796,0.27734663374434665,0.3065365497544948,0.0007339824626609841,0.01058016716145202,0.0047576504521837995,9.547354449987138e-05,0.0003372812416961526,0.00033030330264953613,0.0011005541015937966,0.6179082369721794,0.022161996540826144,0.15087688076739972,0.003401527649552637,0.02084133411657334,0.363636358677686,0.01763765761177229,0.7007538838358365,0.006276728092507077,0.03735190377136655,0.0908945703224493,0.239108129066062,0.07250826085998269,0.9999999999999998,0.07435987303528158,0.9181551361822565,0.036909820317846925,0.02389454934539854,0.29686487036642534,0.17444032920341954,0.13366843707510845,0.06776007653853,0.546590605950772,0.029133886983142877,0.03953081028118008,0.5225358855209166,0.10099215643065287,0.0016517671213765889,0.11274979795947619,0.12954279052922937,0.02023508193514372,0.0016517671213765889,0.7160405105535672,0.05553153601282753,0.001465674354803147,0.009124496644361173,0.06922342843302644,0.046449844917996114,0.03881119662771676,0.040839034394058,0.029077051929086363,0.591794802421264,0.2792612807381976,0.034372630043239545,0.014424325188529114,0.10801706503014642,0.01804256146437758,0.8948486387070202,0.7323564857812572,0.7833319690636444,0.3234598218955165
600312.XSHG,4,1,-0.2200384530878235,0.6538589837041796,0.2504412927649582,0.3340837090671749,0.47532735012943544,0.13522497272038997,0.5711882054093068,0.40261505856425917,0.958885223040574,0.381523346939249,0.4251668888538529,0.0029805421245060306,0.011832497878885182,0.005223775003834038,0.0008739428034502494,0.000737418206696295,0.007006974870336755,0.0012958652086774098,0.6207588703063944,0.0227011995116615,0.15140706370324872,0.004330669580778969,0.054287692864166334,0.7272727282644629,0.062174976413980336,0.6964232123482885,0.010731001131536817,0.06253956769467306,0.0920778838054142,0.6379616936062734,0.2310805214439888,0.028112449799196783,0.1750165689221043,0.0502700444205363,0.11650082291595139,0.06060524670594984,0.347545026473531,0.19138401863220894,0.15280106692455875,0.17270016265967367,0.5236923320320831,0.026540354427347115,0.09998667330493856,0.5021573708403886,0.11313531980460789,0.015095861762378806,0.13620999256315452,0.15174685661902967,0.047884233425764006,0.015095861762378806,0.6349843475578335,0.08828671941338129,0.0002530971152295535,0.009102982360559533,0.04842253623689315,0.014328880676540945,0.04674297573400111,0.01366831615135869,0.02980281368456732,0.5822537847496737,0.28404846124811256,0.03513228370434997,0.07975036784283601,0.16305629971626895,0.02772716396482622,0.8192434420758119,0.628117951439565,0.6228027556487366,0.5772899701913671
600313.XSHG,4,1,-0.3760375115135755,0.4298012093072693,0.24204143292847524,0.29910013345981057,0.8919504258372766,0.08253591544152472,0.5060938497609984,0.3970956700723417,0.9312555379239669,0.27043758713167826,0.23233114940872307,0.0005286371293499942,0.013684344003226122,0.004658985889083291,0.0009404455149002546,0.0005979580917982016,0.0012753156229861945,0.0011036143148811788,0.6194251388338967,0.021950867381804358,0.15076945515222628,0.003349695581064459,0.021792327859635897,0.363636358677686,0.025236616680952846,0.7105205510531364,0.017198868891892167,0.07036266618431762,0.09183492238165308,0.49811243813031614,0.15540118650743073,0.4497991967871486,0.12723153405160542,0.24096421410965407,0.07573463182267891,0.047881378530160015,0.3161027321971646,0.1892369478241505,0.14246848490993272,0.18339063014903453,0.5318427242963106,0.08332781689721362,0.07679042665576225,0.521342297701117,0.09720031171665047,0.017189110784173865,0.11068897025937907,0.1293303375062655,0.0013232404440807653,0.017189110784173865,0.71931823360525,0.05488632733505656,0.001727983227490611,0.009075211708881637,0.041345729167711016,0.031145352897360947,0.1136280035044195,0.025616847253012793,0.029121597213042607,0.4806967509865908,0.27171570937656286,0.02877480740940194,0.0610890621878593,0.14869969790241677,0.015108721660585033,0.8847738634588345,0.674378621025165,0.6880144066879141,0.3182422065650858
600315.XSHG,4,1,-0.004615018727112896,0.12384250883898773,0.044234716724662226,0.3411166887092858,0.5315677950163371,0.0610980106312744,0.3863665648677215,0.7601587144830448,0.5116923193110976,0.4220721339116008,0.6911274354569187,0.006642070140603256,0.013310699789853872,0.005647564704888,0.0017484230271779435,0.000394246994264582,0.003144727831867646,0.00109068276275923,0.6208113566545923,0.022299840900387394,0.15213130676184236,0.0052683388292322575,0.07205213987937933,0.6363636304132232,0.0944233906544327,0.704048381973799,0.003936430962637306,0.02319797413403274,0.09157588884383715,0.8495088011439145,0.2213684723728286,0.0,0.18538746243169846,0.1786450863823903,0.13630046881719202,0.07019894657751237,0.3375495011920223,0.18589076312508943,0.14949292486552954,0.2073214807464906,0.5841723713208724,0.13754353324254195,0.17888688546131148,0.5468358962483524,0.16263365408398767,0.05352956278725145,0.20012279970697433,0.21152698940202927,0.129948732384958,0.05352956278725145,0.7602810077859069,0.06530297974168146,0.0004998464200787686,0.009112438742715003,0.05529895799638962,0.028718318090847274,0.08898709195627826,0.02049488022364257,0.029481625051297845,0.7845395484579911,0.3060447303152216,0.03472902441509446,0.1350428825271715,0.15301131757612607,0.01290437877609619,0.8209858899887801,0.5556172880456418,0.5835593180059835,0.6565368134558761
600316.XSHG,4,1,-0.2605948414426807,0.7426834321609529,0.28303227466120967,0.28359616552274647,0.45301262424259137,0.0607153006614356,0.6359929498947829,0.43298855172118117,0.8855729890694883,0.5313380138714597,0.4889661587306463,0.0020498994610656687,0.010526488219544097,0.004735120073007442,0.0005931873932427332,0.0008419189416285957,0.004401791550417206,0.0011394791475554374,0.6237610208988921,0.022197899796457664,0.15085961589500455,0.004147073246591308,0.10474600357161427,0.5454545434710744,0.06777599050103805,0.6937171855858031,0.007826901237268369,0.04146694401736457,0.09074965897288585,0.20726634751654077,0.11054939036226125,0.3172690763052209,0.07268585191929386,0.6904862852749053,0.050501176933552765,0.06651131079598062,0.3014569197973385,0.17525577761271863,0.13932412512966097,0.41021500818290146,0.4844316865774225,0.08389357189888459,0.17903744911132577,0.5226441234207544,0.10038832291463771,0.008546876001525493,0.13435661549681555,0.14911681061865978,0.054006606129476636,0.008546876001525493,0.7252321574428853,0.08119709742311607,0.0002884185458487432,0.008995620126857624,0.04874613410697804,0.02281512307452865,0.030123818634835712,0.023070758351555355,0.029286892336200892,0.5287117602509528,0.2796015536534274,0.03578054381179153,0.08837299150183575,0.18854799994933374,0.04025782137943411,0.9305834670719064,0.7875066339392331,0.7768547686506668,0.20049913260479224
600317.XSHG,4,1,-0.185513220989285,0.3744628411484517,0.9126594968722573,0.5267356105728784,0.4589448396747102,0.28050796839397757,0.028866029356379552,0.250031560040756,0.9692032151353385,0.006128656146735051,0.41285029492694925,0.0024366077298282004,0.015607965371953272,0.0069043686449954365,0.0010075455091326537,0.0046401702638878455,0.0011675833766095788,0.0014382736770729378,0.617654711801221,0.023069541931297025,0.15304567904793745,0.005164198810686926,0.00203281580620084,0.363636358677686,0.002345304593355861,0.6998765975822631,0.0017721141566239256,0.004386361580898978,0.09128484079734953,0.3871695099868301,0.0658683942753035,0.9718875502008031,0.11455812035296084,0.5745740422688044,0.07945759813983305,0.03680402086762,0.30850950649321146,0.18080522647247788,0.13859100445331812,0.2602241584437101,0.5418159546176691,0.02498222383867665,0.1222895042474928,0.5236264144798543,0.11696789586561161,0.009182573930521399,0.12903781827402794,0.1454528414802215,0.03474513440088512,0.009182573930521399,0.7177827868708788,0.057125528462887876,0.0010774448701956403,0.009074161669926068,0.04708896474537741,0.018200903118878668,0.12768600415992776,0.009885856994578831,0.029668190268302887,0.6591818088070762,0.29599917104153156,0.032836268376076984,0.028348070755293643,0.10824466737599434,0.00505503379793025,0.9152316399426226,0.6795641501923844,0.7084031971440115,0.18036955835203777
600318.XSHG,4,1,-0.03831347483665922,0.9300166317499932,0.23400108616139334,0.3866766488537277,0.696773433170421,0.18659470200686817,0.6063260358778099,0.19161204657290942,0.8986506126513627,0.31685670476451966,0.21106352144177876,0.000844543320398241,0.010862970288315163,0.004737351530114653,0.00038497914299937187,0.0018739860077299345,0.0009636477088484957,0.0011879510844049295,0.6164884615633537,0.02661863417711609,0.15070764841293013,0.003702139185116165,0.03834478720707062,0.4545454565289256,0.03139208078085455,0.725427767097654,0.01951196394018958,0.14556389617436916,0.08896434656854095,0.36183095279002214,0.21436230985523272,0.5662650602409638,0.1013734747039005,0.21977540270547447,0.06823612728930784,0.04463521539892133,0.3070589271887446,0.1911034630061975,0.14239569278604053,0.15893161667516478,0.5054477412263111,0.018586740435474328,0.10013561710532652,0.523440089519488,0.09166189291798499,0.018283987533921058,0.14056149606077428,0.15578788026079426,0.05374789565803777,0.018283987533921058,0.7261693174740617,0.062450763884964774,0.000602977338608165,0.008406849028067109,0.04845696715580557,0.01380207453783751,0.14136960023234701,0.004434506791532881,0.02876719917292177,0.5565641691513934,0.2807411175239968,0.0441217841103555,0.050559840612776574,0.12914054187566498,0.03420215947837531,0.8607186732186731,0.7548759453363414,0.7414427283985499,0.5608108887819061
600319.XSHG,4,0,-0.1798177116793179,,,,,,,,,,,,,,,,,,,,,,,,,,,,,,,,,,,,,,,,,,,,,,,,,,,,,,,,,,,,,,,,,,,,
600320.XSHG,4,1,-0.2161150135629085,0.43425614934491774,0.7636438703339257,0.44894998453268614,0.3659863467934524,0.3328202814228929,0.21752367125859876,0.09623036612762059,0.8375439850571553,0.10971408241279093,0.5212524942412785,0.012261153709110215,0.01481046467893209,0.004317243909220696,0.006132045111334788,0.09451881099674117,0.014064428755549637,0.0032407399511677664,0.6252017948705849,0.08809726346124153,0.14795638370032227,0.008638877262648129,0.009312904719282833,0.5454545434710744,0.008181016854965738,0.6981901517426308,0.0026206354035918583,0.007642217599710591,0.09132047164817582,0.5200500560369957,0.09037611426461609,0.9839357429718875,0.12411473204462474,0.5230577179526926,0.0889275187551405,0.03322597019519434,0.3084263977843319,0.18201733240255716,0.13882887871532298,0.1450493063393796,0.5192092206430181,0.025837723803209943,0.09108296392067745,0.5185970858631668,0.08963437697836417,0.01878437051369004,0.13670994154235877,0.14771924929762068,0.09115700571257107,0.01878437051369004,0.714755128964672,0.06420952501318296,0.000533895076834075,0.0058732730893468945,0.04664070320336826,0.013775999267022531,0.033232633003694716,0.00981871876752171,0.02921816738936448,0.48900529249547875,0.2582725932553159,0.029816844947810776,0.02210825639918714,0.14982638888888888,0.00819076389304301,0.9119136214511938,0.6700472115342095,0.6968126259198917,0.47782476303430343
600321.XSHG,4,1,-0.2359770428816783,0.7339608333171547,0.5316179887805668,0.27737382540935257,0.27635146600197763,0.10413362923303981,0.5579783732139092,0.25734634382653543,0.9285644032565847,0.28057589567981556,0.23039222551148603,0.00037266779266046014,0.013684344003226122,0.004817753966818715,0.0001831140124619218,0.0020851548750867584,0.000515953157188573,0.001205266496126474,0.6171994013455262,0.02250583860457097,0.15084312298726008,0.0036005109661065905,0.027896842611629606,0.363636358677686,0.06337262679916403,0.7294009004074511,0.020230427745872626,0.12453649271954417,0.08851179730809751,0.41447296930063954,0.10920690452949397,0.7751004016064256,0.12317264223909052,0.3190692116509718,0.08538654321458919,0.02827591117203225,0.31059289528869577,0.20305084513160934,0.14180035720135079,0.09053412161642638,0.5291953055284335,0.006814526099397787,0.05049150905026459,0.5218081301758272,0.09991033881692148,0.0030247412561920555,0.1157902406001852,0.13289360039003478,0.0193309206461294,0.0030247412561920555,0.7131367166913811,0.05876855338286642,0.0008564809714686207,0.009109921116676105,0.04683251376313321,0.009796677352994424,0.0577371496919961,0.008517762809142442,0.02954093612566708,0.508717703635777,0.27013094861976317,0.05326233612513258,0.025392937788638336,0.1658008277600446,0.026508793443799725,0.890712211160188,0.7049030339215427,0.710404712803627,0.3605945824988791
600322.XSHG,4,1,-0.1650586755347394,0.597985246161078,0.9152578151217803,0.3871887435494572,0.6832848942908799,0.24037711303990666,0.33225091679127405,0.22486176335704297,0.9754759431265638,0.06960924403057364,0.2732884320963282,0.0018618448659738353,0.012367528478702608,0.004921978631980369,0.0005593064360230477,0.004126452494488341,0.010197465660055527,0.0015074430496957022,0.6353857479571112,0.037657516729234564,0.15090011755266905,0.004818093516015464,0.009658152428180314,0.363636358677686,0.007511096064115939,0.6951671479348254,0.008621063692996476,0.020439540562539566,0.09086489166220924,0.36410262868453,0.15027347882623815,0.8795180722891565,0.11877248992359189,0.3190692116509718,0.08273931406444063,0.039067532715205036,0.3064258702529405,0.18263210511070105,0.14152478701804463,0.2017930002477374,0.5822187873345519,0.06288245342321487,0.11288317474273356,0.5220924554008464,0.10043218744217759,0.005656406292321086,0.1390391994509541,0.15273904941065877,0.06720349089490231,0.005656406292321086,0.7183144674371945,0.07088638765268912,0.0003859903949671536,0.008891904242531445,0.04627066976448195,0.01632130978858813,0.016652874758387566,0.023571385568314875,0.029631860157961105,0.6227458659655838,0.3054397141707513,0.04331262491149859,0.03982293240577357,0.09992344644576176,0.014694622240832685,0.9154677536180427,0.6986726593251071,0.7047870022946134,0.5602580025665949
600323.XSHG,4,1,-0.1643603515123932,0.59397899665502,0.4040245137945672,0.4796071390816966,0.5650302712669965,0.20506041285674098,0.4885537299141815,0.42893567449899245,0.9909773003295752,0.1963519259363815,0.2978028089098341,0.0006627632990493849,0.011785773808364658,0.005236740531728578,0.0003096783164993935,0.0007261870599179494,0.002002933731595624,0.0012210170165027508,0.6171952305550631,0.02228682935170275,0.15128602831181492,0.004850354428787504,0.019165082661259318,0.4545454565289256,0.015169513109482547,0.6848649775449616,0.006859757534863424,0.041828705797232524,0.0913345128222216,0.4185139793272509,0.08587199313591704,0.37349397590361444,0.10836075056228925,0.5891146587769827,0.06453889850256228,0.048287821115607074,0.30515083435717055,0.1791329119687543,0.14002604918147854,0.11716270902790576,0.5608688764801394,0.05430697890435891,0.11141509678985888,0.5313581977522489,0.11447162130430476,0.007570415176502434,0.16508251598906115,0.1733494802475568,0.13619621916912056,0.007570415176502434,0.7456393429596729,0.0849012621873955,0.0002680911201748731,0.009120685523859516,0.04747535616872785,0.02230523641339715,0.052708368667592646,0.008541136496348054,0.029385918483013043,0.6821553197175119,0.29599917104153156,0.036062716439462274,0.06088001489307354,0.1681360674114607,0.018142310223126158,0.9062069491982787,0.6942997877139447,0.7241671133549681,0.3521981156860506
600325.XSHG,4,1,-0.2531734296331002,0.6915485961457719,0.8141719713194108,0.40292981203893546,0.5732252043509043,0.4720101077372856,0.456634768006543,0.2185642297673572,0.9956385967284866,0.11334804138621785,0.36501823501004466,0.003269500261534595,0.013319303921647475,0.005916836781309156,0.00171075417979538,0.018360669259513372,0.020134260543317337,0.0021815127312387952,0.6668334827064745,0.022140208968073758,0.15224104722747103,0.007846937762900554,0.023890987791450904,0.363636358677686,0.020083879033133644,0.695579897107151,0.007935504224722478,0.0285791806095686,0.09121904511754855,0.3611282708471074,0.14320052407209868,0.7791164658634537,0.12630920836786563,0.28167876160431327,0.0857888176810518,0.04190408593533738,0.31176316193364,0.18431397831010973,0.14219291472662657,0.25223464827371656,0.684231081364421,0.24362633035217474,0.22157972457834077,0.5209472855733333,0.12877528672518404,0.03294063833016689,0.22603165315026721,0.24604631520621678,0.06567004819277747,0.03294063833016689,0.7211913851388856,0.11459621034639275,0.00019144828929427114,0.009047041329580447,0.04637066454048046,0.017768599758385576,0.012670449695654246,0.02505165389276731,0.029496299577139097,0.6881181092496145,0.31259907188031744,0.05179969245304204,0.0463332506627562,0.10039543433652531,0.018265238978285577,0.9133649216741704,0.6793264340365313,0.6889636743391434,0.35402223853174436
600326.XSHG,4,1,-0.2605973960734601,0.7154521527830482,0.18329344036857492,0.2591045107007782,0.6070663326504222,0.12053158541356176,0.3992677270827041,0.14271477913193312,0.9859102919984299,0.2584962208296192,0.28831509229991514,0.0009121322072865314,0.010437104517253017,0.004676348451522837,0.00047516421908656246,0.0027141021750464985,0.001857853115850081,0.0011736730371489897,0.6185918122005094,0.022068796604793228,0.15067704826443978,0.0037488870092425236,0.015855068585419314,0.363636358677686,0.013701514693284789,0.7019795521108917,0.0032150017448544068,0.026544270597811337,0.09095765816804595,0.24406589491332797,0.07169598618717468,0.9999999999999998,0.07335783206030427,0.8304946417150618,0.039225478882290006,0.029226830477650245,0.29705034358398724,0.17650975250316803,0.1351060815219793,0.07037528790311368,0.5354319786701919,0.037111036149919355,0.05459236429243018,0.5105568888123765,0.09515016725091781,0.006298957941908314,0.12622534422330386,0.1431788869826223,0.027751469361496722,0.006298957941908314,0.6576386137977535,0.06808941339085807,0.00043342263331558025,0.009157521054917803,0.045510683083047364,0.016972816760408783,0.048164752427394326,0.013078467952014741,0.028878683614855436,0.5236654273526545,0.26722052507536914,0.02810271671896178,0.02277863025367909,0.11669453311040179,0.01807905126517916,0.9313308644956044,0.7671183273627884,0.7949951546421696,0.3087659344103255
600327.XSHG,4,1,-0.2228944964302619,0.6176611496165245,0.40187315201707363,0.48235761173341396,0.5307277391463527,0.17847499567937256,0.49577867906649914,0.19960182130292678,0.8555577704812077,0.3503989929946614,0.1880837495860812,0.00495443029928109,0.012219448241143897,0.005422144319077386,0.0028663536587570926,0.0038194197492360405,0.005989515373623217,0.0012805304380106614,0.6150436282932585,0.02419582892189724,0.15156059096546493,0.0042533553914427865,0.016472405425700404,0.5454545434710744,0.011741272115893587,0.6887189915261435,0.003849912621584771,0.03839196888848693,0.09111850258047575,0.27144504124954655,0.05087896275154268,0.9076305220883533,0.08021927634326853,0.8678850917617202,0.05531496294802061,0.03507897617563792,0.3076584091010842,0.17664712869608246,0.13708706717933117,0.0477365845622983,0.5149489983509724,0.04981227054798376,0.06883306636930255,0.5286272784559687,0.1236060610333125,0.09061072808587797,0.14710534057079439,0.16030389754448074,0.07736821471484726,0.09061072808587797,0.7331746471335407,0.06061162593365045,0.0007038683439618708,0.009022346222812096,0.04627832107979582,0.015135447164337323,0.1781754737192555,0.005873748916057481,0.02933817485257251,0.5312609844507303,0.27298959150314395,0.033511844685373736,0.03397649393051589,0.1627218232254142,0.021184423042411915,0.9215135064123503,0.7362456326566718,0.7717361167955681,0.27143689829725914
600328.XSHG,4,1,-0.04005867553473946,0.6008760447302102,0.3651054243492823,0.313006195956258,0.5985089635215142,0.34033256899806996,0.2813970196152522,0.10647982145353552,0.872238063331457,0.24252373945477076,0.19646196081584788,0.0026658748320890716,0.010961314989665457,0.004914961425295399,0.00026992172599715406,0.00836162940854371,0.0034613961090562634,0.0014413343534196363,0.6126186820564253,0.020133607603981682,0.15082712708392496,0.0039598193080795045,0.0046427316906440756,0.6363636304132232,0.004973196553713349,0.6974921657465806,0.0025655770538094706,0.014380030749751289,0.09124034740854409,0.5563525724433527,0.14083022564622732,0.8433734939759034,0.14329712985423299,0.25259650199825684,0.09239592217396683,0.03403568198667219,0.30905150574815415,0.1820603734437925,0.14307941880688507,0.12140878429868382,0.5112455213614698,0.01625001817053945,0.09475837526776251,0.522116343216278,0.099842105107415,0.020762313358611357,0.14610298881100506,0.16146041230979813,0.05622207961337628,0.020762313358611357,0.7247144992211757,0.10700760419774623,0.00020322844758555977,0.010822938767416416,0.057129337306388736,0.013244374289770126,0.05983988453595447,0.002870376806918048,0.02931128994432701,0.6320889556164433,0.26783761039646664,0.03984645727061906,0.03138072027307266,0.10054846227896844,0.018569719447269248,0.8857937680192016,0.6369410906196102,0.6701459944601849,0.4464018826226147
600329.XSHG,4,1,-0.154611989655777,0.7411563547267332,0.1439375573648835,0.34043000017884356,0.5305868103705523,0.14482363524214675,0.572758693410331,0.7023550111573219,0.910641507843325,0.49707276232315045,0.46995955455346694,0.004128753621044069,0.013289235779314273,0.005734356877639129,0.0013680408925746386,0.005312940331742532,0.0031566348798293528,0.0012316478952878913,0.6185694400636795,0.02324896523744995,0.15205503936170733,0.0045687188557793235,0.054250990130902496,0.4545454565289256,0.06389937688313892,0.7007214399205057,0.014067151966218936,0.061725603689970154,0.09030615875716638,0.2698663461060161,0.05322703598414818,0.20481927710843373,0.06855515046425921,0.9439143249300121,0.06177688302026055,0.05417063998953214,0.31726030575187786,0.17370268320062487,0.13308220050590525,0.10165219170283496,0.5353169407574349,0.034777847804435956,0.08560444029884963,0.5266316221039135,0.1330600851772536,0.040093181139272904,0.1455708793711502,0.15774638352603315,0.0860411121687492,0.040093181139272904,0.7124998685405194,0.06342469211542319,0.0005621961775280581,0.00910182923683966,0.047858317692110006,0.01541578577405614,0.101230020208425,0.010943687486877973,0.02941579605191697,0.649981205154334,0.2872226547010514,0.03593492666469175,0.0664218710475063,0.14761638990221412,0.03613985762995753,0.9223035108150714,0.7877747556499051,0.8017839366485966,0.270947876790463
600330.XSHG,4,1,-0.2371839322082507,0.6744565853670017,0.28743239280508054,0.24316636012404305,0.5252664565273176,0.12399875334532262,0.39921427952904837,0.12132705711460431,0.9261766743740225,0.28643965218870904,0.22870447628500012,0.0022506121377471994,0.010564290166937908,0.004736607882849417,0.0004152288716241865,0.003980666065643524,0.001212343256350836,0.0011832849198185852,0.6163354631885818,0.02252195721766963,0.1507037659837759,0.003307574537937174,0.010467327643172835,0.363636358677686,0.007139960823481041,0.6901600855389001,0.003866591002148971,0.019670796780320157,0.09113516325073807,0.26527732270063614,0.032255750667203674,0.9638554216867469,0.08661428735188437,0.9326967792801346,0.0584492204210116,0.03212755594342219,0.3059169986728768,0.17985012650063828,0.13534525564333938,0.12476100831123865,0.5292877278620115,0.0234852992776195,0.05566327708098923,0.5200227668947478,0.09632563214963513,0.008872049240565817,0.10956340634514924,0.12445163236230011,0.03616141518869032,0.008872049240565817,0.7114493612237768,0.07401799787063273,0.0003468903783363413,0.00919763720376782,0.06114086915775903,0.014679659997315585,0.06372000190666434,0.00588854573143074,0.02953084526077968,0.5515483293655326,0.24212208828680573,0.04119830051299534,0.02839559087506496,0.08854704995693369,0.019316563976790095,0.9149369416710458,0.725913272301093,0.7638026685115111,0.15690284410509578
600331.XSHG,4,1,-0.3088758798358147,0.6230932858599925,0.08978828321922983,0.3909844772623403,0.5553128727486711,0.21408727016612178,0.3973262136219999,0.01720182540710624,0.9999622389327143,0.2373933875636387,0.341214917426327,0.005293540679728871,0.012267444002946427,0.005404687833953674,0.0015711768383881199,0.022280565951589906,0.0023880265657952797,0.0014321136083626604,0.6105409275280052,0.028170291881901767,0.15097431179245596,0.002657453131097028,0.018421561614753133,0.363636358677686,0.016764004838515933,0.6975297265398765,0.0036400090463337745,0.0218413674595279,0.09104357163434786,0.19004480931470413,0.04750131040939393,0.9999999999999998,0.07793915549225179,0.8886581343374749,0.051799315130181704,0.026594311872493587,0.29732784416512936,0.1774281783901421,0.13185773299329012,0.06094186416214407,0.5327738942640257,0.05032192002434251,0.02189163623316983,0.5209000720087156,0.1020882474223933,0.014432217020464249,0.09732543741815822,0.11054947350585584,0.04373479313897709,0.014432217020464249,0.7164506641332965,0.06225392300546972,0.0006121203308654061,0.00877806357005145,0.05401380086211854,0.015083392999478345,0.05348715421847638,0.004183753092808247,0.029286889611885317,0.5302985109381566,0.2476472405482288,0.028481592926192463,0.015755115319270256,0.09856772812484167,0.014822336543638211,0.940200217295593,0.7636576223961793,0.7973240950271048,0.27181488661712805
600332.XSHG,4,1,-0.1591767180192783,0.6780527772237783,0.1409075270137654,0.3253938587238394,0.6607536763937613,0.11220271733117557,0.8259733151694516,0.7423277037060925,0.403359769007648,0.6775962581475974,0.742823338825144,0.00752468681389093,0.013888853518087635,0.005865906050337041,0.0028134635372689385,0.001184823732515887,0.007758801840212,0.0012352516758357447,0.6214792574568049,0.023508970145881276,0.15237215335366414,0.0062329989492411805,0.24490481962070762,0.6363636304132232,0.22226267108316852,0.6939582944783039,0.04599517856473115,0.08840553495523198,0.09341602559582285,0.5824940413257756,0.24029045904887839,0.008032128514056224,0.1783204712820722,0.04029877866623413,0.1403861189631806,0.06838216083053983,0.31393309944701625,0.19611553934403275,0.15195485848431198,0.1146547404912768,0.5633380454148973,0.04918942635269966,0.09467933209701285,0.5402231065754685,0.12539615151434447,0.048388003893977155,0.15924095465508178,0.16752405804783427,0.13212497518261485,0.048388003893977155,0.7845653715862895,0.06222332950209377,0.0006135716060136614,0.009091473330450973,0.048197086273593086,0.019192673634907103,0.11866255810060758,0.013937514525426329,0.029716390221602128,0.6286698460818568,0.2793928736962613,0.03619997182254966,0.11196063890955651,0.19534994553376905,0.04408655859304899,0.7897203561943447,0.6635044889655481,0.6012296910853336,0.522222307741852
600333.XSHG,4,1,-0.2065508221315982,0.6084877030751187,0.2837652748062429,0.29955556484204304,0.5172378628644316,0.11710744297675685,0.5518577996760831,0.426822022074256,0.9984987780342993,0.3341815277941594,0.32047855099320155,0.0011744883204302724,0.01084516044865237,0.004673675223614821,0.00034879213862416564,0.0022315401501323863,0.003232756444357204,0.001183957299181044,0.6165099234971,0.025308014691930163,0.1506772008690991,0.0043327949465362175,0.029571350157054883,0.4545454565289256,0.029802500234122516,0.6879238312619065,0.01144411635233114,0.05114407162883241,0.09160629263319145,0.45679756025453444,0.15239600457311106,0.17670682730923692,0.12252174382799415,0.4324888948659222,0.08674304284841998,0.04258818832294591,0.2986157746268429,0.18418971768936146,0.1407318728113618,0.12759030276856376,0.5641563273264344,0.047457842253632164,0.09879704475732373,0.5244358300208896,0.09702833491820048,0.01884994118382495,0.14970454273554842,0.1641353750326918,0.06742535632993749,0.01884994118382495,0.7308995217211961,0.07424809868597129,0.0003444428313137199,0.008759282129150359,0.04680098506727088,0.016878720906342574,0.08704680232805194,0.006957593637631488,0.02931285097715111,0.5376273919074607,0.2718362064786951,0.03469376197724451,0.047472228561674205,0.1730299532603739,0.02796614225040378,0.8969390436153442,0.7274280217593212,0.6994689910301468,0.5640953672596892
600335.XSHG,4,1,-0.04005867553473946,0.6395891343939923,0.28701211398131077,0.11562910532346515,0.9276749510385347,0.288404412174118,0.39687501683183624,0.39853653022041097,0.9685467872796139,0.44116153657258533,0.4136851344800932,0.004381384131337177,0.014853325301283894,0.005969720541751914,0.02235915470695695,0.03263451834617528,0.018596423832467637,0.0018280424528969474,0.6208823077337231,0.037388551852124106,0.15211293744377655,0.005443573832196397,0.0,0.0,0.0,0.6985497699044356,2.0589838792938758e-05,0.0,0.09134051696217903,0.5937281051026181,0.11829848969927181,0.25301204819277107,0.13305799715660166,0.3190692116509718,0.08306670220101164,0.06656441072007813,0.30619722471920297,0.182628431018936,0.14208910423830812,0.17142935125093686,0.571821701990191,0.20129048537363564,0.15503009708060816,0.6394911919401627,0.16067263119801858,0.5637850304144592,0.189012952912674,0.21118962484642156,0.020335014156181073,0.5637850304144592,0.8247627594571951,0.058178811042146214,0.0009232092604227964,0.009007035119534915,0.03999540393404249,0.015170389098082404,0.1795573896730477,0.009640697333126839,0.028489667696731297,0.4758943629877928,0.27072934618350253,0.04680238751079201,0.0835218366804609,0.22985192785124386,0.03115929891726985,0.8561215577111532,0.6390473663261247,0.6833499246130976,0.476237220775499
600336.XSHG,4,1,-0.2790523862265633,0.6749676376070911,0.21665553333594456,0.4369279772100153,0.6452485019003651,0.18803949089631145,0.6678630217921007,0.6220078195612156,0.9182977837766162,0.48448964281087514,0.2233353918211925,0.003217208215830972,0.0124720051431686,0.004962265399563672,0.0013627581464912026,0.002293750917627375,0.004543178996482097,0.0012240928455594874,0.6164876007294484,0.04339857600596034,0.15102833551169978,0.002967707681763991,0.055964019438479215,0.8181818152066116,0.09345000184922227,0.7467244025001808,0.07081774352073963,0.24174730939676223,0.09469241703475248,0.6668569681928358,0.24601421812420035,0.004016064257028112,0.20465550476908256,0.049854275592111266,0.1590814737435265,0.07612255506068756,0.4414278895564695,0.23015505912983772,0.15528769787109034,0.23948321838947198,0.5436098223581435,0.06500306011921987,0.07126813963894485,0.527485721911462,0.11006062530276532,0.05590498050873471,0.08725182572611834,0.1007032918982391,0.03482067997912291,0.05590498050873471,0.7035068715331214,0.06937372593461481,0.00040979530154492555,0.008921494778957921,0.04819141374672246,0.015679279865913782,0.117010577553018,0.0073261252924302555,0.029594444407862946,0.5792732216139617,0.2817815973477401,0.044330474367538925,0.12037901882600771,0.19410030969752243,0.029166866064485257,0.7582364616324153,0.6012062712838886,0.5639640044043905,0.7625973137546116
600337.XSHG,4,1,-0.2757729612490251,0.5126654080583486,0.39120717417010803,0.3638969343907888,0.5456061734493863,0.06726403408486942,0.8300224852615264,0.20282525118402833,0.9984952653768775,0.4817236652055292,0.3204595773669937,0.003296782045537253,0.011169255455248245,0.005003815256573351,0.0010191832057461399,0.002110480701314704,0.001991896073052676,0.0011667965054237928,0.619027967497313,0.02234248512620673,0.15110065472117384,0.004637229131273443,0.2220623591530731,0.4545454565289256,0.21614863085869676,0.7988326057518014,0.05960255464904019,0.4029574025504205,0.09210310049096349,0.2522152080377491,0.33424160470353337,0.17269076305220882,0.13772298870414557,0.029497001844781684,0.07292956242594409,0.05393667741610503,0.1921655938803025,0.16958598728285235,0.1538942486422969,0.15643902605155338,0.5225507981088149,0.028523502586337207,0.1117675376314405,0.5161102639077672,0.10725068455643127,0.018500074091788422,0.15354419370684003,0.16933255008109746,0.05712703611900363,0.018500074091788422,0.6847928841275239,0.06558058495602412,0.0004920463051310034,0.009104387987119636,0.052750938077641314,0.015652390746810536,0.07248368342425092,0.014922426937472314,0.02940849761049328,0.718857938687776,0.27250624044564076,0.048905970678226676,0.07010691717706985,0.18585097152556113,0.026194592331159897,0.817816108278536,0.712996439785945,0.6632397092257196,0.4052148666402733
600338.XSHG,4,1,-0.1993179347939988,0.0703393006428551,0.26302170946558945,0.36272772233134826,0.6490340193371666,0.2622092977009923,0.4687485110298764,0.6684539391053366,0.6236701298541633,0.7452785023309234,0.10441186502162325,0.0005277707698015879,0.010286609624588857,0.00462147346528745,0.0005375918871001391,0.0005961417962047341,0.0012483110199160295,0.001147519895436046,0.6168812463661651,0.022458666675447665,0.15066029657003016,0.0030884020476473844,0.020094672866106323,0.6363636304132232,0.01813746078796989,0.6904002755957096,0.015211053813631737,0.0948720267703717,0.09053350115572706,0.17856391905902202,0.07104786005490116,0.12449799196787148,0.05142822132127106,0.9484836756838882,0.039225478882290006,0.05061846791750459,0.307350783696605,0.1782176452084239,0.13146907504608,0.06661993713412542,0.5366084410990809,0.0186871838986469,0.0,0.5288066578834448,0.0839205000695392,0.037461209220132324,0.07498151360858668,0.08878487575970262,0.023252398837181255,0.037461209220132324,0.8073037718938463,0.0605616547915993,0.000707183794288148,0.009159956980797756,0.043199062423651735,0.013665315899817761,0.2317974523860463,0.006004387289987421,0.028440924242474977,0.4760712230399305,0.2779064183297311,0.0884880327898422,0.07411211078599514,0.20271436578507374,0.025786923491057007,0.9378887886835863,0.8138489009774008,0.8167543760050486,0.3138599889533486
600339.XSHG,4,1,-0.3074744058718182,0.5784801510329982,0.3388781201997435,0.2595286001877326,0.6110170192811629,0.18384251656481554,0.36772538398338406,0.11481112254621834,0.8839993185444601,0.19742177242994174,0.20273726180758117,0.0014572698018789786,0.011058970388447182,0.004942533591525914,0.000649776013133541,0.008768875888924558,0.002219064475589852,0.0012838418256205255,0.6121693180359726,0.02268762639873935,0.15074699745954478,0.0035333117079560223,0.01013553856189802,0.363636358677686,0.007575748719956212,0.6993066170400994,0.005247484634225378,0.03065931084380935,0.09096246121586223,0.3467232296605538,0.058745081303710804,0.9959839357429717,0.08606286835381993,0.8039059684898556,0.06403510824140192,0.031129745446879773,0.30605027072766045,0.18093831632229926,0.13825694059902718,0.10396990888626792,0.5297996440609378,0.025564883362259858,0.057484756803189964,0.5283190654155179,0.0980577587907037,0.031093100306287657,0.11766852114011234,0.13199434356753542,0.046931828995559234,0.031093100306287657,0.749793462549239,0.05761483933170308,0.0009991412773653432,0.009268512091652584,0.044494113500139036,0.013959736226629677,0.22275391429691568,0.001399888267907286,0.028895676533250463,0.49179458065317355,0.2539932914844367,0.02426821097727815,0.022717276728108835,0.12535323884075594,0.013249536400071782,0.929174773827953,0.7322320994206364,0.7679496082785644,0.4278292263990672
600340.XSHG,4,1,-0.06938418873122047,0.6308486899040513,0.13138784113248725,0.3807505516262105,0.8590804188409903,0.7225970984184695,0.607177882159331,0.7583953830912571,0.6479188822021552,0.38443762967030626,0.6251710449814983,0.009980598477486936,0.022388072463904063,0.00980878328454296,0.0064211029588348255,0.017567117517597184,0.08849331709715495,0.003518500518898136,0.6460425708818174,0.022536966298199342,0.1576020356539664,0.008258976133347943,0.044584630098948336,0.5454545434710744,0.046216932176051544,0.7022870353181915,0.003366976337244348,0.042145247354616985,0.09120595769292243,0.4761569875512472,0.20228027691478404,0.11646586345381525,0.15214882120189577,0.12546671334227832,0.10279903517929483,0.0607282651018257,0.34234389194101045,0.18538101683889785,0.14821516311935046,0.042663644544451866,0.7162170991066946,0.29755394118180895,0.15151496848129542,0.5043431260261724,0.2286243544560181,0.028280763011824344,0.22736411950858504,0.24656113854919431,0.07431802885947117,0.028280763011824344,0.7045328397468033,0.07773950411543164,0.0003125795285180043,0.009073223488906238,0.04813693110491852,0.015555253670193421,0.01881362245163779,0.011607421965233802,0.030143483898508995,0.7061628243496928,0.3407543196459138,0.03549014057362723,0.0841217859236128,0.09915157762071236,0.026686456900161512,0.8509847538026729,0.6316754013533239,0.6408229978902229,0.5156597448562014
600343.XSHG,4,1,-0.2983083168546821,0.6164862785611233,0.39109305311922044,0.2958520860864473,0.6687167373400237,0.09875038054061713,0.621699458190962,0.36144482507858866,0.984906989222289,0.4367843117540029,0.28666077279579544,0.0012273804344630956,0.010765805760317335,0.004831471076052168,0.00033505098654332765,0.002342349731925596,0.002037802634793587,0.0011085335366951296,0.6212688990085552,0.022412935512487003,0.15090477123008217,0.0037330207017103097,0.029915956795683794,0.4545454565289256,0.02619435715236797,0.6851696170965964,0.01392474624251135,0.059102830785927464,0.09087464248014501,0.15786416097218464,0.12218785894082923,0.4377510040160642,0.08954860063429654,0.5247197666766931,0.05802386012099797,0.051642002643641785,0.30141211904626997,0.17751608311149972,0.13963609137491323,0.41901117442892993,0.6648916954990173,0.16398850827685835,0.18339621736009865,0.5044359472518494,0.10395701554806029,0.015559111897750017,0.13559771691010333,0.1533745637355016,0.026230485052976003,0.015559111897750017,0.6784933458132201,0.08258154783819181,0.00028025329592077774,0.00905665480633684,0.05011769833660404,0.025085310040538426,0.03261130430252112,0.02186582032664249,0.029523474624993266,0.5719310345592304,0.2811102007318204,0.04672564702104712,0.0625326842559143,0.18251206490348076,0.0339385057127475,0.9340585987984833,0.7639948476405292,0.7592187223570355,0.26998981931628546
600345.XSHG,4,1,-0.2429240050476334,0.6713961551065121,0.22582862151721705,0.3268910097101441,0.6603400847077232,0.047228615786668704,0.630918539713397,0.5031553627975553,0.9784520421273006,0.6525355922633836,0.27716085885474284,0.0017962778695691456,0.010525608394145083,0.004579346871142298,0.00036621940945645397,0.0012295778220255747,0.0008265676475012227,0.0011208656087282173,0.6185842220184765,0.021390479256818896,0.15059462657375042,0.0041836679126648554,0.0978291297051238,0.6363636304132232,0.08974938873752904,0.7252077468438399,0.022134756183625065,0.1695306140906213,0.09214946087989268,0.369850695690506,0.27483395266260896,0.06024096385542168,0.12103679947717308,0.011217545649877474,0.0838991984117268,0.0734621080530146,0.3053496579655616,0.18079845163379032,0.14883779575049977,0.18207239679910753,0.5293852261366941,0.08038220395400411,0.16786394602946578,0.519631849821038,0.0982396573275258,0.009674486939171553,0.19770880733793117,0.1884063650266044,0.32470231728771753,0.009674486939171553,0.7173866556357557,0.06681958660774952,0.00046068844714858997,0.00863547842386479,0.061700470529507945,0.019905026474806076,0.0414437144186318,0.019829062650987665,0.029600189989409255,0.5408042198032252,0.28700424153692794,0.04540748996929893,0.12318082982704942,0.1700009816588134,0.03544894418855058,0.8301889974577836,0.8057914289505108,0.6838489832670123,0.4534988442854324
600346.XSHG,4,1,-0.2583685346896689,0.598862036094094,0.26571996303240164,0.43474856451463534,0.6299566430865909,0.24522525473623924,0.27075225567320926,0.19452198310287333,0.6433985311822991,0.20437413110018424,0.11010079061293399,0.0016764369242526056,0.010855045396060548,0.004867833054931409,0.0003111344863203634,0.004992188178614302,0.002065194516264015,0.0012394914697488716,0.6155572632493288,0.022510082293396162,0.15081983462761556,0.003335907915442263,0.002884618133971961,0.4545454565289256,0.0025706883324927636,0.6970851789940313,0.001452035781474712,0.01352084652256489,0.09124784250637362,0.3368070451978362,0.08515818925565538,0.9397590361445782,0.11102693059235706,0.5413382007372967,0.07259262416296326,0.03507437592569815,0.3067510998572857,0.18109190841044953,0.13989476338660156,0.1590381348894171,0.4921370154310619,0.03301464059110158,0.06628518018246315,0.5363774091765183,0.09916255306171791,0.02721354665085169,0.10898522286872928,0.12613241779617876,0.014350478998726856,0.02721354665085169,0.7602295925223511,0.07252409318640218,0.000364086928541419,0.008659301148399037,0.05342425382526189,0.013847350203137604,0.05359985433971215,0.005059718695033939,0.0297488654254062,0.5763375665165666,0.27073635409251184,0.03244899093365348,0.037255526507464984,0.15523738726756853,0.019084464915953822,0.9186251082927384,0.6960384326212905,0.7245433877368876,0.22292365687866278
600348.XSHG,4,1,-0.3009669569238757,0.7128125660019262,0.33279138184924795,0.4394429429650106,0.5944104939277752,0.15054222970407857,0.41803134015390414,0.15336182684356905,0.5675558666208851,0.2934382232775239,0.6644184425453751,0.022056041194582123,0.023551810291923637,0.010178292072870179,0.024613775147380963,0.011753585332435377,0.030532957441655992,0.0017450206975703569,0.6272793657456619,0.018540413989645205,0.15769393464007206,0.014117747308980055,0.05040307323291477,0.4545454565289256,0.04965800607553344,0.6908322686381257,0.0053350728695580295,0.012616442072895,0.09099692779939426,0.16048909182946153,0.07271192479006264,0.9839357429718875,0.08166337484238112,0.8412964185365143,0.06038263286571181,0.031965977536997106,0.27269126115417247,0.17726656838310145,0.1308113462123398,0.04248836854110544,0.49449657419206594,0.12231445347188824,0.160357480495775,0.5498578855645971,0.14900135962628813,0.1707492166146217,0.20490225660711472,0.21645388149660505,0.13175652481857794,0.1707492166146217,0.7661365051876833,0.05782531417852949,0.0009692094737614785,0.009079643531261991,0.04245794019204273,0.01848749551018104,0.19673963168122346,0.011389939096581758,0.028886893339838748,0.5030387772594564,0.27596367022103924,0.03780815836312088,0.030527667120839434,0.118468802249582,0.023684722139139795,0.9392548749485166,0.7824841891114946,0.7804973687198484,0.41293088065785494
600350.XSHG,4,1,-0.1621960801148922,0.3708080135972057,0.884891240944685,0.5162343049261845,0.5471856456602546,0.19536792583127788,0.015080910895470256,0.29447066253732473,0.8098431686277541,0.0,0.5382266616491965,0.003576457667945071,0.023338909098447297,0.009214836130628182,0.001588523250355176,0.012869990831988696,0.006638678698850878,0.001855255652580031,0.6382613446106192,0.02030016570071824,0.15575001401681898,0.01381723295005778,0.004646620066556822,0.2727272717355372,0.004595963419601495,0.7031809088550567,0.009172188736301797,0.004295921135931989,0.09100206740486501,0.27284256339537194,0.0499755083328122,0.8755020080321284,0.10952683374816027,0.5990859245312847,0.07175575667015562,0.03931479599812375,0.30545940657264836,0.18073626632252135,0.13797877069701056,0.12309230346725242,0.5234816050909779,0.020396398651908097,0.10490302674119147,0.5228535332447731,0.12137001452229179,0.004818758882856638,0.15696849963802514,0.17055223335475564,0.08033172195940312,0.004818758882856638,0.7107143566606722,0.07317341227237698,0.00035632068148440236,0.009070460488228897,0.04693475116603406,0.01476616350353464,0.02606684521321939,0.023996297686184918,0.029545730921077942,0.8124546068439851,0.4757747292075827,0.028485200419834256,0.03741257998790659,0.1359595873233014,0.0049421247831548725,0.9139525429265314,0.6949714740612976,0.7182615859503108,0.17802179483322894
600351.XSHG,4,1,-0.09030993181614647,0.5518768030721182,0.29979938831963626,0.29925170782341515,0.3184592455880349,0.11558672674327372,0.4889110827438566,0.21063638417391758,0.9843098374605594,0.3271879839977415,0.2857017011662907,0.002634290775421602,0.01146343700772339,0.005125494629083159,0.00027553979300002653,0.0038948908696125224,0.0009781242299486445,0.0011711031882171772,0.6173599827438001,0.02215309735384469,0.15120912963489438,0.004039682352382428,0.033851120991141515,0.7272727282644629,0.02161448338630002,0.7037629119716176,0.005667405700830473,0.049335262729492624,0.09130339133485758,0.45040835388112943,0.1447815667009318,0.7429718875502007,0.12505748065421876,0.2999582177992175,0.08897913845396808,0.032967287710457774,0.31153514795571335,0.18271239084659452,0.14180165706070602,0.08801512284899429,0.5441211354749583,0.0343031732009991,0.06662134016254614,0.5239590774019821,0.10905905192393821,0.013356346558565829,0.13194317131744257,0.14862499067495857,0.0341638310567607,0.013356346558565829,0.721767469796454,0.06409448075881938,0.0005378223109740903,0.009094693358527512,0.059787773620269956,0.017156939227099845,0.06342896770014525,0.009137018823309518,0.029520424753707777,0.735799357537842,0.28933281396941013,0.03114692947853679,0.030491279697240137,0.16545107222475552,0.02186097984088054,0.8827846501256906,0.6643973066206716,0.6896673734463827,0.36245253203703137
600352.XSHG,4,1,-0.1221321096600094,0.7080454252097795,0.359401489078573,0.4422534433144638,0.5329309423922283,0.13591464609541823,0.5528488581903819,0.6809945892623306,0.7977214269468246,0.4019500093778339,0.5453756529524995,0.008516933185716731,0.01738641545019013,0.007491033476966342,0.0032275353492013993,0.014726118520487328,0.011146445834529792,0.001609562435740952,0.6244874162782993,0.029319568216715407,0.15388166744293894,0.008488487120170652,0.07479047361074005,0.7272727282644629,0.08992138136098399,0.6977892625653338,0.009923421487165981,0.0436375146965723,0.09117843194199987,0.4398527309978475,0.16664467409250738,0.028112449799196783,0.1475154522492229,0.2176986117427489,0.11015775109332374,0.08856958492914001,0.36597075872773244,0.20214662794909025,0.14404911388587754,0.1634358959618969,0.5272931845489558,0.03327119585684741,0.1487877457222654,0.5288403015629938,0.13710850256424717,0.05149151178980085,0.1844121275322023,0.20487263425900445,0.03352394675547645,0.05149151178980085,0.7250486984342884,0.06801099009581262,0.00043498467396670983,0.009054768026156105,0.049673790129170024,0.014367923977317705,0.047066295753939794,0.01242649855554525,0.02963055521080099,0.5854344935870213,0.29559905260856767,0.03383230224556729,0.16019061237456905,0.18917301578254042,0.027030119040497697,0.8421384797829885,0.678734907788245,0.6498390601854174,0.5365360248901059
600353.XSHG,4,1,-0.32701519727387,0.7557372281554093,0.37241425306290094,0.3501943286043666,0.4614434416712848,0.024175266342276125,0.5831637720051658,0.4009066938617416,0.7534070581581909,0.3200530959420082,0.1457029931798849,0.0005795695546730331,0.01053307623076846,0.0047348633589815396,0.0001519912191799312,0.00030979522991420185,0.0005480423070169071,0.001110839541677139,0.6187631501142062,0.02214975479367548,0.15083876369366406,0.0036949243595403025,0.02114630829933476,0.363636358677686,0.018052638757084113,0.6965624099663527,0.0071028438307559685,0.0780501040065117,0.090461327160047,0.2246435325826241,0.09170055371541111,0.6626506024096385,0.05534612906498575,0.7723311490926487,0.02179135148186001,0.040047105058051514,0.281154431788721,0.16635354955256867,0.13702727364899117,0.1619127579594588,0.5330046736853362,0.04265258617143801,0.09696444572836593,0.5193805259141445,0.10089380937485912,0.0051822924983409395,0.1368338846163595,0.14964225521525212,0.07417860087998669,0.0051822924983409395,0.7006708523365317,0.070072404348246,0.00039831717483861215,0.009057766257492422,0.05421999061790438,0.027269218379461436,0.0301978127308274,0.04596485465889224,0.030214467302956547,0.5753534706151736,0.3366397037367534,0.039046893679849884,0.043260008036157344,0.1816342719258246,0.030627355386732072,0.9478446194486658,0.8177656892662863,0.8298064761442043,0.3132862595899243
600354.XSHG,4,1,-0.3093956921093251,0.6327009110888727,0.22980994292888812,0.448733778577124,0.47589725071864475,0.1545540859396298,0.7257949909284173,0.24499386296914302,0.9349807111199318,0.40880356241673543,0.23508368046787148,0.001874681158384774,0.010959337163778345,0.004919288659812285,0.0006941445936448459,0.007677493583227341,0.0016145283528403796,0.0011869140538144697,0.6185940561942261,0.025683692236177596,0.15085619491014288,0.0033703771231450145,0.03172114953124625,0.7272727282644629,0.03629789026231566,0.6742279440449728,0.017168031872894625,0.09297277742606494,0.09142199191198491,0.4004889567763258,0.06022387637784637,0.8072289156626504,0.10774476876636303,0.8450352582232401,0.0861954192346593,0.03718142115926386,0.3070203076159671,0.18409852514206523,0.13718715634968295,0.13451294003072845,0.5537003409625231,0.10932045024174013,0.06132067053867467,0.5263187519431433,0.10003096626765612,0.020342333727868953,0.11182740357872313,0.12882940564498946,0.01763392839392486,0.020342333727868953,0.7386048000822645,0.0657615429814638,0.0004871256814903025,0.007542888764374922,0.049021449539047815,0.019326219713894206,0.04080030757895382,0.01104995463548725,0.02925867251332396,0.6031299239446334,0.2711877802311949,0.03846697282696039,0.03880791914034144,0.19472469220246238,0.0303155470479153,0.8811291914615615,0.691414024147539,0.7373208735902912,0.48726387576406827
600355.XSHG,4,1,-0.2760137317145147,0.5396752837604817,0.2607001188849166,0.2578171910472673,0.5064772904896481,0.028069435194565617,0.5744551353362494,0.37296199548137177,0.48965083307061585,0.439795853257202,0.06964133973678155,0.0007492687238299518,0.010106006455429778,0.004544313549390158,0.00010631212904057199,0.00024104968637219667,0.00043668250522642643,0.0011153472854847479,0.6179581209269966,0.022668878044163888,0.15056657881737204,0.003208399716861376,0.012025981814968173,0.5454545434710744,0.014183337604933314,0.6808296147409569,0.00993856060004773,0.08121551958035633,0.09180134067093862,0.3674992559550517,0.10773574838906408,0.3172690763052209,0.1204135708365889,0.4366435033810731,0.08063590776255689,0.03831746011612966,0.2931207040273822,0.18310944415789265,0.14038741008222907,0.1482475096838583,0.5318427242963106,0.024835183643767515,0.05170430968405958,0.5189847911297596,0.08222336061115124,0.004209186927577512,0.09823068129351566,0.1114934234455397,0.043974948556111934,0.004209186927577512,0.7261295874976776,0.07111069850038385,0.0003827736659394419,0.009170466966009688,0.06801478445189406,0.02294291867284732,0.039693259830683766,0.03667847895231741,0.029650089915626888,0.6287391486101239,0.2640663820287625,0.04733973343871981,0.04508849153409996,0.20793409902720777,0.024227283603517377,0.915794407123887,0.6967211755340323,0.7189850889723881,0.4644144335196555
600356.XSHG,4,1,-0.2039382741969469,0.44297894429471757,0.7131735709196694,0.46091284952189443,0.5465833130633284,0.16534498854220223,0.16519540881370876,0.2637136851115943,0.6133345744722891,0.07228685730417242,0.10149941339872304,0.0010197034801198057,0.011149535064107612,0.004996294573690806,0.00048635614892151083,0.0031095210954680567,0.0007598822388758891,0.001185101037951184,0.6185978089100312,0.02227062436461266,0.15104180788256963,0.004069276375473901,0.0029688612311756348,0.4545454565289256,0.0026829771163172224,0.7007938892445492,0.002287277289673586,0.014380030749751289,0.0912072765152773,0.3144416118850142,0.1181515292803641,0.9718875502008031,0.11213569782502426,0.5189031094375417,0.07867824032705482,0.03272937687671916,0.30629953688090306,0.18157086979010667,0.14019503089765686,0.24783648463806876,0.4147168016867,0.04727382341703998,0.16632558307585502,0.5104639069963437,0.11553429170363384,0.024509150340984873,0.17492343421824458,0.1830232900892719,0.14438217898364422,0.024509150340984873,0.6885882654009164,0.07710842577165138,0.0003176946094402383,0.009085187078959533,0.04714001748721306,0.015771726606343232,0.049777934572591255,0.014798732211205968,0.029540524754015352,0.6092523865018634,0.2855265460566594,0.030448765709050436,0.023520335828088077,0.14541818665450676,0.010398546389902494,0.9251422007924899,0.702976427402592,0.7169466060050751,0.30273730350217104
600357.XSHG,4,1,-0.04005867553473946,0.5832710543596483,0.33323445031838866,0.36979524077594106,0.5086859991960199,0.19531619973499242,0.5201466800399461,0.3337110635790617,0.8075837911617676,0.3255274155849768,0.29448349460704565,0.004585277962534866,0.013684344003226122,0.008150090726543492,0.0029840589171838032,0.008062098247688082,0.00966583515757642,0.003724127055187232,0.6194366714067405,0.02795801905504902,0.1535011777904567,0.007249247564261568,0.03212743887797873,0.512508658030105,0.03385548310334353,0.6973754749785577,0.011416551503228026,0.07601564141075765,0.09146680527188153,0.4259820692575249,0.13112622332231372,0.5511172547939428,0.12284974011172788,0.494504656209718,0.08633157970599001,0.045919982486072305,0.31147779666162767,0.18463137997985954,0.14208910423830812,0.20470555979997465,0.5318427242963106,0.077915971133906,0.12469801664167228,0.521515575256219,0.11601091851739048,0.03148564188991912,0.14997234261458614,0.16450473416111355,0.0632184951466207,0.03151351181947201,0.7073590212283098,0.07474128671978711,0.0010165370293848852,0.009470773081934954,0.05305644375124136,0.029247760156912796,0.06504798281099847,0.03229344616550119,0.02996043969994048,0.6137324122247689,0.29599917104153156,0.04246130980234155,0.05485061095598209,0.16042323302325237,0.02380545148233199,0.8768056165474607,0.6953581940533766,0.7048157031587168,0.46648362214367545
600358.XSHG,4,0,-0.03466783995522463,,,,,,,,,,,,,,,,,,,,,,,,,,,,,,,,,,,,,,,,,,,,,,,,,,,,,,,,,,,,,,,,,,,,
600359.XSHG,4,1,-0.2990853631328557,0.5238161914135772,0.14457549192207153,0.4172851083677017,0.5383430754737957,0.23862156437807186,0.41807857287573946,0.3071897712121493,0.7550856693236994,0.455994949504715,0.14630969746553013,0.0013337028707550123,0.0107573578129632,0.004832317805952715,0.0003007420758325832,0.0028674166012641776,0.002504208991213671,0.001202610238856164,0.6164550924420616,0.020147893119055,0.15084772460548052,0.0026769884919902215,0.015841169699797656,0.5454545434710744,0.01245576971508935,0.7181323168417304,0.015469462181264262,0.07330198064574478,0.0896644557824745,0.2854959412084317,0.09579960929155984,0.5502008032128513,0.05649771856154086,0.9343588280041351,0.054111144805071336,0.03928903181373282,0.30766850170455123,0.18096286940952258,0.13658922104628277,0.19805214175279706,0.5292757164766254,0.051986505382468996,0.035669747693869505,0.5064256216131494,0.1009468993784292,0.00774985990279051,0.06683758176412083,0.07703656738300779,0.05197217696114332,0.00774985990279051,0.6507793502279215,0.07307552621792754,0.00035746148381047443,0.009832451825355972,0.05683608085910023,0.015084999278994668,0.03514276149291818,0.006658371322257896,0.030377442671403267,0.5438429970626817,0.2896892440081892,0.028861200382134324,0.046452968378813485,0.09830489689415818,0.02509421546928277,0.9176629006831318,0.775720335235063,0.7961411411807884,0.31682431884727663
600360.XSHG,4,1,-0.2485894812219432,0.5815125381352634,0.4557183856635164,0.3985329159844197,0.4890099795293848,0.13648699364596595,0.46692238627997157,0.4195761298723619,0.9445917809085314,0.3039686606326267,0.24260401274124171,0.0015731559656031457,0.010940802102669995,0.004896008161929009,0.00035025594732319005,0.0012997039065940558,0.0016003868418045832,0.0011624029672001567,0.6187715235793936,0.022539279468334086,0.15094705777548648,0.004241329196995509,0.018815729101284824,0.5454545434710744,0.016455612182802445,0.6943876491982555,0.006098966803640397,0.04585330559826354,0.09102822250325232,0.12929000401965446,0.049587041368690264,0.4377510040160642,0.06888257608198683,0.9281264019365588,0.055217730045520115,0.04387628857486647,0.2651001364144012,0.17573214187051373,0.12918132258089673,0.073838619350036,0.5189517548382765,0.043075527108677895,0.06421687930533379,0.5244060405098808,0.10245326295513581,0.007087524528391906,0.1363754936350089,0.153850619502785,0.029613601597007013,0.007087524528391906,0.7331033668817929,0.08627004540712974,0.00026167691225796044,0.009078147431371511,0.05578033126501569,0.020130751580969906,0.03678924560016879,0.016307352133653835,0.029207041284558824,0.5867944864017351,0.2769249217401495,0.028199794047862988,0.05091833404561972,0.1319641567867457,0.019524884847759768,0.9355036855036856,0.8073034142673925,0.7918384106170107,0.3406173911992825
600361.XSHG,4,1,-0.1691666567553967,0.48220308619858915,0.7622333426140495,0.68290023378929,0.5331027985980679,0.25724039537175836,0.34756446955788933,0.11890742345293054,0.9354852165421577,0.05284457738839893,0.2354631529920279,0.0032369352088457135,0.01141723669179403,0.005047030624859527,0.004319216133601526,0.007882755574147029,0.013876870838617106,0.0012574558541602189,0.6211433587833597,0.023627858213480284,0.15087876101911044,0.004250555058156664,0.007317262299439681,0.363636358677686,0.008421846784940921,0.6992419151662579,0.0036720354054225863,0.026137288595459888,0.09107567058227524,0.25859913602193585,0.08695549682629072,0.9959839357429717,0.10844046585352676,0.520149389333117,0.06840846749643806,0.03241294276101086,0.3034509859887884,0.18034412902359387,0.13896406408826564,0.24397155617475139,0.576776423590401,0.31098137781107354,0.1275897620451881,0.5316581805369628,0.10277006232070157,0.10691169897575341,0.13934691658581522,0.15448384187290043,0.05378129475578499,0.10691169897575341,0.7406742644403859,0.06824116489732679,0.0004304415383362695,0.008991895915585447,0.04213566151425334,0.022745346292339576,0.08021043144931986,0.010831728503141638,0.02948594036716762,0.5764745083124225,0.2693513187424775,0.03602428525719723,0.019935772589529034,0.17303288240360742,0.008091613327750194,0.9309474016843959,0.7134248816947508,0.7241195839593568,0.3493655101458746
600362.XSHG,4,1,-0.3018523510142625,0.660338914314032,0.4418479141149107,0.4578461247517217,0.6859525105132365,0.21059316610516587,0.5212265509216389,0.25493385583446676,0.23510040492158432,0.1545496029405793,0.8275487113971409,0.015397824583337435,0.0365355990168507,0.013612642123489116,0.06305140478012113,0.07641634611115307,0.030684041863317354,0.0022559474699915057,0.6838087389480445,0.05042186038453428,0.1611647616450786,0.039192197759292925,0.11206440392860285,0.363636358677686,0.09923787764014629,0.6763297274889455,0.03587552243985816,0.020620421452473545,0.09087174640891259,0.3510889245374174,0.08609660111821321,0.9437751004016063,0.09745161413582694,0.7997513599747048,0.05674980013538038,0.03875287598255019,0.28493455433723014,0.17502382063344896,0.13560002807696206,0.3126329716464294,0.6076376931948415,0.19559129339885342,0.3493730660299577,0.5333281194997803,0.16326968973331585,0.27165443761734315,0.3274576798227228,0.25612549357734193,0.9999999999999999,0.27165443761734315,0.7244913102361947,0.05493244504267025,0.00170592287758311,0.009064304189339269,0.04019077631300527,0.019569753105629008,0.15380772139938817,0.017613501158102635,0.02881152923594764,0.4850317627347554,0.27502499974207006,0.03104058966596071,0.03980085255836573,0.13507546106297816,0.015929443081892685,0.9054533382568064,0.7212363451417456,0.7427524272998285,0.4696912672735011
600363.XSHG,4,1,-0.2435543059966621,0.673633332372414,0.3428348812368265,0.3270888000888197,0.5587078686904907,0.06005220185682125,0.48087385507260794,0.2529206092287972,0.9548579613063222,0.30618047592990405,0.25145566112019385,0.0018032919015809053,0.01078671202517096,0.0046793573185880495,0.0003652307707596882,0.0009757486699197309,0.0011965091332978167,0.0011371696621516793,0.6189871108818789,0.021964229424949605,0.1506947691941888,0.004007815372583117,0.009782302179359954,0.4545454565289256,0.013114991074080259,0.693243151396112,0.005192118738745832,0.035678755539477254,0.09140754279625446,0.6250930931798158,0.14418041782363422,0.7028112449799195,0.1441634571928886,0.27918517522346287,0.09571835771622833,0.04030618164236839,0.3064258702529405,0.18318657602131735,0.14240219208281663,0.1472668658066146,0.5108247208182135,0.029206496276615104,0.09719795117026447,0.5196967283247985,0.10301079502541444,0.014926646469809124,0.1418090974372942,0.15812044730794683,0.04429515577895841,0.014926646469809124,0.7032941993065951,0.06699536325678,0.0004566470504224336,0.009213288815761141,0.0542930738710748,0.0162328894554796,0.05654017278960882,0.020922951212210272,0.029540092949996818,0.5581675524453813,0.28726587013994215,0.033908230236744205,0.04334542055512158,0.14796218713583625,0.021075551833462942,0.8756639587564443,0.664535513688028,0.6769968287331041,0.49806886604361644
600365.XSHG,4,1,-0.2863549718310358,0.30445672460226275,0.06001348703328663,0.28164376022706406,0.4801204330843257,0.13633748908996376,0.5807696116268731,0.6234587569356511,0.6156248271113925,0.37509866061329095,0.10214090266574927,0.0002322076308838181,0.010573312537273297,0.004754946595859228,3.558529527770442e-05,0.0004352463237202695,0.0005815104322057783,0.0011230548994447457,0.6173016158682133,0.022153998949026865,0.15084547646758414,0.0030227572953640384,0.017685338689905544,0.4545454565289256,0.010003440970341762,0.6805198466267055,0.008229206542161275,0.059102830785927464,0.09098871549794105,0.328561880820189,0.024393792177923528,0.25301204819277107,0.07424194710857485,0.9846288724246715,0.06634879812181436,0.04418642617792527,0.30380760139961605,0.18003107499025076,0.1351047816626241,0.2054369215318237,0.5318427242963106,0.02698828782586244,0.03141596766494613,0.5187649027850222,0.10240121734507858,0.0026885202287358664,0.06039880694088524,0.07426053504676887,0.012916968517639363,0.0026885202287358664,0.677149537788466,0.12679738117935058,0.00017748833590691888,0.008955504800492427,0.06962921198312066,0.016567188348416764,0.02447735780662654,0.010257713776427767,0.02979978424564864,0.7983313060033731,0.28304477294666813,0.020569408746417082,0.05224308365788234,0.1383912512033237,0.015759855237183706,0.8747070770192158,0.7201113396134629,0.767506000586196,0.18849226344136893
600366.XSHG,4,1,-0.232901617880664,0.9142077425394904,0.27535165269089595,0.44232019978067755,0.6149030090717674,0.06533927591346017,0.6241137131921407,0.16681254215257987,0.9761784746109514,0.25442875456565156,0.40341181939456966,0.003571728141728659,0.012372522650143497,0.005471235820892204,0.0009327830049980438,0.0011182644528951278,0.0009250310355661648,0.0011125147458159897,0.6225250284685062,0.024055900923085884,0.15171259781130136,0.005926636420300585,0.04769434828328284,0.5454545434710744,0.06352869024899023,0.7006528386046843,0.0061462568223837315,0.06027855657049832,0.09126132753308497,0.35014818843381157,0.1314079769299619,0.9518072289156625,0.11416547313331162,0.3759864243778096,0.07217963844828501,0.03526369627892412,0.2996890405086714,0.17755671787658076,0.1411634261172941,0.08922571080779855,0.49835438994525416,0.08659600017880904,0.15358585013579557,0.513820968090054,0.13088583194907677,0.022847174244757327,0.21543676529042605,0.2292684798842261,0.11719981964487215,0.022847174244757327,0.6713419500640938,0.060365680063134364,0.0007205480228008405,0.009080867936999738,0.05458171314532907,0.029999433090416038,0.049069863728925536,0.05093174363051377,0.029135259655647987,0.6519859886920452,0.3222096404300287,0.0271625827509479,0.03533060087490622,0.16385785580382023,0.02588712089489741,0.909933284572013,0.7177065366414581,0.7268815699487476,0.3585695946690522
600367.XSHG,4,1,-0.3029820266933848,0.7634971426375041,0.31592560323773483,0.2913891418571365,0.574151689849701,0.037580058153114326,0.3866033499600801,0.1996146468637565,0.9116781808649743,0.3708024525452601,0.21903786548512172,0.001454560752335606,0.010351194823090878,0.004718985496448422,0.00039446141444425585,0.0005100116412784625,0.0009476086566345747,0.0011261466159728556,0.6190546027449695,0.023433950335526487,0.15081558234178533,0.0041436310663830935,0.00907020465295545,0.363636358677686,0.00838997094948871,0.6976483816917656,0.0020126512670821804,0.021027403454824997,0.09118461750427392,0.3107180261539022,0.05032783878670984,0.9477911646586344,0.0807305082936843,0.8400501386409389,0.05001101880487387,0.0348456365338055,0.30634208295869836,0.18032320404410865,0.13730154397294211,0.11976769528802228,0.5164445414736553,0.034309803853990545,0.11469998710160417,0.5142528758520925,0.09154613930364366,0.01682015556881881,0.16730171829530033,0.17266617028144726,0.16521128772872085,0.01682015556881881,0.6894985492715977,0.06912706027383977,0.0004140654352110325,0.009350536035455657,0.05365986156923727,0.018302591320792032,0.053115382384121175,0.028493835194889412,0.0293374747034699,0.6102764006595383,0.27470341458419845,0.03888638458774716,0.035549976837807126,0.13995383036935705,0.03307979900699887,0.9185656360511851,0.7235775728627658,0.7719566003807634,0.20778513727867276
600368.XSHG,4,1,-0.01934861636314174,0.554126335016119,0.6038667769060491,0.17166469555067265,0.8839535954809172,0.42599470244073867,0.5281388940333887,0.5638134862970793,0.9702438398965874,0.4883834741297466,0.26703752576686196,0.0013476958546039812,0.012953167106790538,0.005767803752411167,0.0020310664223539823,0.006823855992950394,0.004874179592738513,0.001630590253818267,0.6229088137638088,0.020030710837816882,0.1514666833759865,0.005090984207556907,0.0328376295279218,0.363636358677686,0.023636898296302153,0.6294862749758705,0.025708856824057068,0.053269422085556656,0.08908918442093444,0.23327990962606843,0.07096678778275564,0.3052208835341365,0.056715123901279516,0.9364356189668606,0.04029402030827752,0.04582359090112769,0.3064258702529405,0.1640910407311352,0.1370753684451342,0.10596597809847033,0.5974892284509212,0.09146220726350146,0.09677486841192742,0.5119490867547644,0.11259310550585112,0.02993944523039457,0.1547929436712403,0.16613510553235664,0.10013022997399376,0.02993944523039457,0.7015203727139196,0.06994487884581782,0.00040034718944519413,0.009121880868466898,0.041844120016948975,0.02123399789543116,0.075976925296817,0.01537146578602698,0.028697428088904808,0.5414262792969509,0.279842547857692,0.059804932093807175,0.053022764095900336,0.2275143132188276,0.027390829694323143,0.9386645907599664,0.7949781080005311,0.8087760388473593,0.3212121054876503
600369.XSHG,4,1,-0.2581203495435501,0.9547714845400815,0.3787993152736946,0.2668378134831417,0.29178425359155225,0.14568143345040604,0.49112480583829593,0.29625927860617673,0.7155634434229442,0.1703161586845509,0.5906512426144029,0.0,0.013684344003226122,0.00603839573896805,0.0029840589171838032,0.008062098247688082,0.0004119361329507305,0.0013410391810612435,0.6194366714067405,0.02237577536865763,0.15153934214455198,0.004311321399373008,0.03556173040793716,0.5454545434710744,0.03857884995776871,0.6763907106961198,0.020266650210930784,0.0218413674595279,0.0915181544039002,0.5165193062087939,0.09820911896617457,0.8353413654618472,0.1284839205693121,0.5255502777438432,0.09367082989903436,0.034870495681525816,0.31639757003112684,0.18616041973698966,0.13960879432845363,0.2803975649437043,0.5318427242963106,0.11803742726729259,0.12652807416297562,0.5353422035951684,0.1124851848428562,0.0036157161009711396,0.12014498102728603,0.13578062482654862,0.03617122286025101,0.0036157161009711396,0.7584931588486253,0.05154028217855038,0.0010165370293848852,0.009088418347661966,0.05305644375124136,0.029247760156912796,0.06504798281099847,0.03229344616550119,0.02996043969994048,0.6055427607687813,0.29599917104153156,0.03224820628753641,0.03394559039058652,0.1374395963165628,0.0239516659687743,0.890683806507506,0.665561010127814,0.7006493043544848,0.5246731471415637
600370.XSHG,4,1,-0.145614231090295,0.477159828156233,0.6210185991905661,0.4643135336959903,0.6040349429806854,0.010624043225075375,0.1913660656095652,0.3651827431712592,0.6011035013291017,0.1503390522006972,0.09810945884959288,0.0006635358699396862,0.01080627286259878,0.004854319907004628,0.0005238594243672573,0.0002700843252743556,0.0006749876273561253,0.0010932864304818066,0.6192888052720995,0.02297425569015007,0.1509879750960663,0.0037854407951959114,0.0030313190319859813,0.4545454565289256,0.002895095459646947,0.6971089358483048,0.0025610180036916446,0.013294745410147416,0.09123052857207183,0.3775349379002537,0.06281272496784754,0.34136546184738953,0.11844440550180445,0.6813465571774532,0.09051555170186326,0.04646168170870304,0.308307243770821,0.1832644650697258,0.13854940895395118,0.1768819888488392,0.5318427242963106,0.07276085125488933,0.10439044042722957,0.523893917865099,0.10834120544943647,0.020655497611723878,0.13904128779255479,0.15084444137111327,0.08519235097044259,0.020655497611723878,0.7226263384035795,0.05923859810504532,0.0008106178767636084,0.009054556099233741,0.04425402050235897,0.041095911828019124,0.07488253321789884,0.04872146322176724,0.029841142080382892,0.5092205627808831,0.2755718113089354,0.02748133406414871,0.0589128880955812,0.15763580141358868,0.012293174612669737,0.8972008990072573,0.6824664986068729,0.7051830805913712,0.4615986544792582
600371.XSHG,4,1,-0.2844349536533489,0.6410591449817553,0.13331053735347137,0.28480486482878026,0.5253052411963398,0.13622920223501175,0.4856627973123753,0.2791400864552734,0.8348335307739526,0.24772679372825934,0.1783864195818664,0.0007809926770524542,0.010837783238465381,0.004827880447469817,0.00015749268526542596,0.0015214712245070253,0.0009900674048551861,0.00115023053809798,0.6174250113317403,0.022292261316052824,0.15090670151799498,0.003689910542461782,0.011743191237716505,0.5454545434710744,0.011475051813200444,0.6964056060145901,0.003916861413385735,0.03825630822103644,0.0913143995460926,0.3014785969770807,0.07918560550746498,0.9558232931726907,0.09924751400288027,0.689655774207755,0.06640921663294211,0.036898122887838135,0.3059458336319749,0.18113996327008158,0.1390849510083009,0.04536089828267357,0.5196221308619832,0.018555226617685328,0.07231280537254153,0.5172490101210466,0.11357396508000664,0.01466444562473924,0.1511842371767146,0.16673811323100463,0.057767450564696565,0.01466444562473924,0.6845451560394823,0.06081031280485381,0.0006910400310699625,0.009152245088948886,0.052603188540545895,0.013601054010634727,0.05108447077316348,0.009982813787447632,0.029263941339644755,0.6387952226717954,0.29708745461648933,0.03975259743604702,0.03745847143546015,0.18279080850686527,0.023599180474965602,0.9129557171464686,0.7192903896333647,0.7449150148001256,0.3857949690133493
600372.XSHG,4,1,-0.2722448122288742,0.5378069818835315,0.10585754347556814,0.3063498502760477,0.9999999999999999,0.18469163736232744,0.49185587722143986,0.5422123103030846,0.5714698451532793,0.5206039711742788,0.6625350842677467,0.007862430322288123,0.012590820939929175,0.005521939380978857,0.0009733908237937618,0.005411362310115169,0.0057585710528478195,0.001245483746748771,0.6252539425462198,0.026444529935975673,0.15177126463346455,0.004269668992369083,0.03832640807860635,0.5454545434710744,0.035558991573576185,0.6894134046565862,0.00673104402130985,0.018178529438364836,0.09093958525187475,0.288011391080943,0.11248288635120654,0.1967871485943775,0.09227736705004669,0.737432232247441,0.06153601653797439,0.05161650724606139,0.3002486956034773,0.1801817247404535,0.13692458475992897,0.207142823212533,0.5340698172078222,0.056069457474507416,0.10095128002988431,0.5172314656246708,0.11140301909795383,0.01321432110081964,0.12557887197654144,0.14191800442520555,0.033144628431061474,0.01321432110081964,0.6885181536778858,0.08378961579664074,0.0002737011458348579,0.009080341820875524,0.05966878247521633,0.018631996415469466,0.038710136027198784,0.01807660333812243,0.029543529674093863,0.6365032494569454,0.29744018603662453,0.0372815374162903,0.07528021923989661,0.20001432905203426,0.03983474905784531,0.9335766073482836,0.7733293529697938,0.7461468183030422,0.5362803597957254
600373.XSHG,4,1,0.01367964222226977,0.619880285130282,0.385018806683386,0.46039668215050733,0.8125065511819711,0.3834399570178921,0.7570758967691577,0.32599332594458885,0.9195640967772247,0.2455532631961591,0.46267232683064996,0.00770674395389154,0.014412775851776584,0.006054765517924459,0.0035069273637122495,0.0017528003675904222,0.008000924911983415,0.0012146635162317502,0.6272526629445132,0.028481237184712217,0.15252909043204527,0.0047012007372330845,0.03747272117835697,0.7272727282644629,0.043274769726287445,0.7064385920809905,0.013453218969067447,0.1191552862440083,0.09190346491859938,0.7470134602810996,0.11827739982612312,0.6987951807228915,0.17157827053393432,0.2850018324626141,0.12150625027649464,0.0393583085872698,0.34285388015892027,0.18943445137118725,0.1428324455293937,0.48681255394849654,0.6584721879638078,0.16030434260044812,0.22572126824671374,0.5114947364904969,0.14389619006987167,0.06412402361845308,0.1539148482366918,0.1732020404769826,0.02419367023480361,0.06412402361845308,0.6767802827138379,0.07962640124190727,0.0002986568401046675,0.009118995591712748,0.04813613958954122,0.021144999301696752,0.07589124549153325,0.020281064774531156,0.029265180903231085,0.5490600913906301,0.2806722064187386,0.023337875741994002,0.04147514821432584,0.12255741120737701,0.01946910330800981,0.8286072133615485,0.5858293529697938,0.6334929088782271,0.5596745464007178
600375.XSHG,4,1,-0.100718800423232,0.6859436905149214,0.6014537201027723,0.5986466675862651,0.5652601373010718,0.31444604494464895,0.408362719129791,0.1405725440287762,0.9625366304306782,0.24120504198755935,0.25880477900468873,0.002972921544199998,0.012148937803619217,0.005315212918211589,0.0007995584337128586,0.005328447927594857,0.010203522270235982,0.0013900666666726144,0.6175056771132093,0.025613623868198935,0.1514355972574121,0.004425242369635882,0.005364537776689759,0.6363636304132232,0.004715815076119617,0.6974567881022128,0.001824801538749085,0.024102378583702632,0.09128332391004752,0.5520218338993482,0.11273977075532868,0.7630522088353412,0.1368994836293779,0.46364794543470417,0.09469523664323318,0.04115788592461109,0.3117684583125515,0.18205795320448842,0.13907325227410391,0.33788592020022523,0.5929629966908884,0.11152168130626196,0.18769974599110553,0.510932710392637,0.12500015230738729,0.06993563087914965,0.1660717373010362,0.1818339891910856,0.06577766750774076,0.06993563087914965,0.6991844838082819,0.09568941749517157,0.00022832259873396227,0.009066665543262064,0.04615088710405102,0.016134906404983888,0.05654608492711627,0.008873394926943636,0.02945680244994213,0.5326342833508715,0.2768330402664719,0.045267683340708104,0.04507884319741754,0.1823562661498708,0.01988350182449004,0.8793095183991138,0.6259950908849681,0.676831796109455,0.41379206091653203
600376.XSHG,4,1,-0.2222015326775965,0.736292925887816,0.664414452086626,0.6513113218789626,0.5692133315612752,0.5719397122425973,0.5369098861815701,0.2502660845816421,0.821931979145353,0.27607994941770414,0.530936271655345,0.006757964245230076,0.01734222776952725,0.006831947617379994,0.0061242236948887046,0.0592394346935284,0.07775878072022993,0.004093576283816976,0.7032771255276998,0.0419710647853817,0.15081644070610403,0.01148352728231215,0.07606060318727932,0.5454545434710744,0.05372381384241079,0.7001530395456326,0.013535915433850493,0.035090892647191826,0.09001131750414001,0.4033641517976386,0.1342718667133349,0.9076305220883533,0.11888382780970047,0.3564606882873301,0.08894305930581493,0.03710509236420453,0.3200070691554935,0.1920466288834721,0.14140000051994372,0.3183254563798251,0.9154999540652458,0.5223361378930998,0.24295526024751193,0.5447386263486378,0.09910789646787854,0.012855145224099375,0.22492890436802487,0.23221352990627775,0.18565657192190865,0.012855145224099375,0.7366521885958609,0.06732627719548388,0.0004492827915519638,0.008838502496358225,0.04507271124094307,0.018807562766603583,0.013151318942451622,0.01640626488361097,0.02927759833361899,0.6947012950147642,0.31109198211503764,0.03869386305206637,0.0379892948818254,0.10751341072604753,0.0240412454387749,0.8904175128886112,0.6848243111759764,0.7058616947398162,0.5836084728395814
600377.XSHG,4,1,-0.1416753037102591,0.14811945130325188,0.48932968174200797,0.5056676593961142,0.5964794554097508,0.06971269093015334,0.0,0.34892286359594654,0.5819331734488764,0.06162706384854699,0.6574890032024769,0.0021155715507220757,0.026561552374053107,0.011165370652999669,0.002468012213908497,0.015787111700859304,0.0038234277013254425,0.0014329344120492821,0.6153007192765413,0.026052485853283798,0.15899254228660978,0.01177437731249989,0.008238671800357283,0.5454545434710744,0.006835302154527658,0.6981729535216531,0.00686988402796807,0.0026227729040426877,0.09154040345514862,0.6767496734531414,0.25109902528705785,0.1566265060240964,0.14436175721489264,0.20938939471244705,0.09558843260565186,0.048670690371319346,0.3161889531221649,0.1825473792931173,0.1449694143093717,0.16210582725483078,0.5253794542388329,0.0179279741311267,0.10716796088991133,0.5292484419523676,0.1288476980087419,0.007235483057694764,0.14647278189994656,0.15370189400151005,0.13355583494165893,0.007235483057694764,0.7338336973300288,0.0560029540942345,0.0013219746443687644,0.009081218589695343,0.04225755488235706,0.014383247883903428,0.0995013666275357,0.007129962356041071,0.029423820523441228,0.7269818582613603,0.4029185605054104,0.028912111542403404,0.08494517250215798,0.14927143499518672,0.0032105042770832087,0.8946915254718724,0.6479064393436826,0.6585475016701301,0.7317684522083385
600378.XSHG,4,1,-0.2132644171615336,0.741522484631663,0.1528125334132251,0.3606598655344156,0.5326159841317207,0.07747318860858443,0.5832899330911206,0.4011326069546421,0.9249854444258079,0.3771940747558379,0.2278732507558957,0.0009146365134971299,0.010797477323148964,0.004851064427969291,0.0002551277572203428,0.0003939379256913346,0.0010723623174823927,0.0011139978089787037,0.6181026348999236,0.022256240695761653,0.1510003056517854,0.0036095902725876514,0.019888477456026808,0.5454545434710744,0.020462426010740054,0.684726656733081,0.005562150454962284,0.05331464230804016,0.0911684976644542,0.3291321973960222,0.07769853822014552,0.5662650602409638,0.09479465736259651,0.7611136034427712,0.06666032428991003,0.03797523094186977,0.3064258702529405,0.18024875368923335,0.1387417881385234,0.08268897059847696,0.5318427242963106,0.05873017093204065,0.06139386577772247,0.523694986561799,0.10963224989690966,0.00924284575399018,0.1286994808304468,0.14515195254558047,0.03416303584014767,0.00924284575399018,0.7174240485547053,0.0743561173303047,0.00034331077905060716,0.009104400598553568,0.054600841433613746,0.023284135276234783,0.046836184276892,0.01765952482839117,0.029609582067351835,0.621540001973736,0.29824726355753,0.03522480291628485,0.03989873782026344,0.15778392106196484,0.02872390381049231,0.9191647966936984,0.7391590376365489,0.7597032581400691,0.3435754898603892
600379.XSHG,4,1,-0.1004153284839851,0.1610506810467276,0.1403841369621992,0.31554506654663483,0.547558279398403,0.10056847887158948,0.4043957919788066,0.26943938191057254,0.7432642598523456,0.06110132507826138,0.14208490336325585,0.0009010396499130281,0.010616436583979616,0.004771983923339071,0.00011731106048576637,0.0006019647984432535,0.000504338060753384,0.0011259036058904966,0.6176516280377816,0.022199641405365154,0.15086064380239178,0.0035328883789429344,0.0,0.0,0.0,0.7027886362298894,6.517809883229097e-09,0.0,0.09134051696217903,0.6953426435256495,0.25508094082499067,0.17670682730923692,0.13305799715660166,0.3190692116509718,0.11077784236802411,0.04282644845846309,0.3099693281387402,0.1824508602920216,0.14208910423830812,0.043804589075192434,0.5248790971137093,0.025986330580968706,0.04568135185731134,0.5177082985387562,0.1023416869148459,0.011796235163306055,0.12634644193187364,0.14388137110657334,0.022319344677893534,0.011796235163306055,0.6668641480198697,0.0631254849889041,0.0005739951741901886,0.009100014287000009,0.05526030566213162,0.017266187651270037,0.07740673880213442,0.016681027955594924,0.030188883255397796,0.592616453196399,0.2759278520194361,0.0985124369968298,0.05676623626426299,0.02366969397578153,0.005477807022791171,0.846582032636946,0.6367503648666579,0.6326479418451441,0.5917565588040627
600380.XSHG,4,1,-0.218630104106168,0.48413002377000847,0.3609634018659532,0.41641638894265015,0.5954648685291666,0.12305418102958923,0.3623135084341483,0.2738508251691005,0.9644286355345695,0.3830228335753523,0.41875109267758065,0.006875070456778048,0.014854299966091396,0.0064122008455407935,0.0017872780761001685,0.003111389942106843,0.006101388128234426,0.0012881579145755716,0.6218334016620314,0.04659128689714569,0.1529557444130129,0.0059317747600473435,0.029588943369051043,0.5454545434710744,0.05253597964952423,0.7111419196714623,0.008204421553345621,0.03834674866600343,0.09136897052867131,0.4998520568229559,0.16040983972987963,0.38955823293172687,0.13252568347627183,0.19650980033856924,0.09435108656834423,0.05416665480130296,0.2794643734417022,0.1895213757690707,0.14470814257897294,0.0640167221519481,0.5335101570084071,0.05112940240292678,0.07266403819067299,0.5256209065518296,0.12375523524006515,0.01970769965997976,0.14627128303975034,0.16235156343874935,0.049479703023705135,0.01970769965997976,0.7159797470602739,0.07142800660115384,0.0003783472664430717,0.008997809581452706,0.05179834932106448,0.019501818190618646,0.06773415851992592,0.014776776592889403,0.029450998295610972,0.754089680798099,0.2908971349915993,0.029488506151507905,0.06897855657172332,0.173827946876425,0.02821259795417838,0.8745721549189758,0.7272096545928974,0.6913322225537546,0.3226115600463469
600381.XSHG,4,0,-0.2254519339617057,,,,,,,,,,,,,,,,,,,,,,,,,,,,,,,,,,,,,,,,,,,,,,,,,,,,,,,,,,,,,,,,,,,,
600382.XSHG,4,1,-0.2464078818839458,0.627350158836056,0.46197979909190123,0.4708880717173393,0.3922007708452968,0.0,0.4545869809217093,0.31621969892545626,0.8596820693767404,0.16894254771577233,0.190103537271204,0.00018725100284146818,0.0106279850496005,0.004751734953452165,0.00011260547497433533,0.0007047019567167875,0.00026323620310032033,0.001116138468582313,0.6175837220495672,0.025027683720662816,0.15091397436389925,0.004662082582292336,0.01162461560388492,0.363636358677686,0.011672258298623162,0.6945868390139479,0.005068069636481138,0.03463869042235688,0.09074753403735522,0.334435814485436,0.020260124961873037,0.8915662650602408,0.07654183208138601,0.9152478341523808,0.05475279116104583,0.03869178630997195,0.3061894530049333,0.1791083569302088,0.13810615691382191,0.06316530105163187,0.5106993802527195,0.02399749900512881,0.11995944665277843,0.5237304770304402,0.10589715056377232,0.00052945503039666,0.19071424650194296,0.20370298268000558,0.10861068500754262,0.00052945503039666,0.7246852860032462,0.0683356572571785,0.00042861246635200224,0.008861364558620851,0.04731151248562739,0.019957401895568314,0.03473357691339864,0.018789412779824603,0.03221163444520108,0.5331931389388175,0.29599917104153156,0.054216461318486925,0.03980248123058349,0.17984781121751026,0.016983609499312078,0.9287895357259519,0.7390014815797623,0.7806491987336057,0.11931599344799979
600383.XSHG,4,1,-0.1788218731214664,0.7307007671470676,0.5277359675040836,0.5532919348803953,0.570901969241417,0.27809727522071354,0.7077516768652057,0.4362020875982141,0.5286391350432365,0.37995695864278567,0.6830509952344574,0.010798929938588232,0.0183770434305685,0.008028210064962092,0.011602587677439529,0.05848505373845265,0.11073795645446469,0.004756427535015719,0.7375844652663421,0.03805313466911514,0.1546563041512438,0.019493854885679746,0.2241758947597755,0.5454545434710744,0.1989030652600009,0.6925028877167061,0.02430111402469151,0.06534322148864972,0.09079526477029261,0.44458348861290903,0.21472630181741623,0.07630522088353414,0.16028373373248073,0.07436615785459177,0.12046584496125508,0.06655990914637736,0.4213763900296263,0.2555404598401911,0.14755613442625506,0.1516259808149666,0.5569241163892187,0.15183386556467643,0.14831431035011977,0.495258690186516,0.11448676501024115,0.019450061142348277,0.18688913560904613,0.20488487665132893,0.05856028152788678,0.019450061142348277,0.6895078975013351,0.0662400386829848,0.0004746982244238522,0.009005565339158727,0.04262811599816156,0.016586560079383618,0.020697839150691885,0.0170574225578888,0.02913677846158069,0.6329693749355487,0.31255488312073093,0.040641210869865836,0.09468774539606319,0.12854766745199372,0.030780044266315726,0.8107264844981608,0.6452169298129231,0.6358390126560218,0.6578260490131187
600385.XSHG,4,0,-0.04005867553473946,,,,,,,,,,,,,,,,,,,,,,,,,,,,,,,,,,,,,,,,,,,,,,,,,,,,,,,,,,,,,,,,,,,,
600386.XSHG,4,1,-0.2376987935288397,0.6374572660509331,0.3965069218969501,0.42221145225770546,0.6896462487117053,0.07745999171307275,0.3810949373565669,0.27857722755714664,0.9194622297119885,0.15042760988984427,0.2241110517306883,0.002882243363583782,0.011281831724649107,0.0050517407384704635,0.0010144246714607428,0.000503712670463992,0.0016414852941126884,0.00110284041020711,0.6196478320890579,0.021641839035101595,0.15122288675918907,0.003924585140014174,0.00741639081473524,0.5454545434710744,0.007522393866559914,0.6882447293150982,0.004378636523172763,0.02134394501220946,0.0913939899651874,0.403887048088287,0.07107033106059604,0.8915662650602408,0.11370826311580061,0.636061632339218,0.07501308501911848,0.03771125020901202,0.3064258702529405,0.18177745515047872,0.13917724102252135,0.17632935013181125,0.5411814117227502,0.09930488533032511,0.10575232213680458,0.5210493407444712,0.11630035434531236,0.03373434009237711,0.14051516098150907,0.1540713179726341,0.06955627178065169,0.03373434009237711,0.7044779188970959,0.059992137341145495,0.0007477379684408962,0.009075102592561972,0.05008049711387109,0.029963045505106266,0.09492043001932159,0.023753172220104795,0.029374173958572006,0.6036865618516749,0.28602255028320717,0.04875422844567236,0.03731240633846241,0.19281037835030654,0.013476700364898009,0.9100034085583217,0.6991176860819959,0.7262240799761297,0.4382740210252868
600387.XSHG,4,1,-0.08469558426225446,0.709030857867665,0.14532140743650024,0.3380435893163447,0.5396127718583791,0.2338545926281057,0.5550507731043623,0.48795139332312304,0.9999639952614252,0.36109919814686264,0.3326135402121161,0.0010250930909237422,0.011556795056892609,0.004517259896898326,0.0006873375486830451,0.0017032245658241726,0.0008947516840032794,0.0012307668954108385,0.6171170052566405,0.03103949858528786,0.15043434063939187,0.003854310761681143,0.036052259208910496,0.5454545434710744,0.03914572944785569,0.7007619526508228,0.010510423375404341,0.059645473455729396,0.09187969491856722,0.6557993120355085,0.16365736772135336,0.06024096385542168,0.15197819095040388,0.21603656301874857,0.10715700655711197,0.058683936790718226,0.33218016001129175,0.1850392480039473,0.14456255833118856,0.10553016321279546,0.5441307847887413,0.051968362167140764,0.07896072314919414,0.5274298364676289,0.09922330195104892,0.024879496759325628,0.13799664711535156,0.15068562567890423,0.07609056668991349,0.024879496759325628,0.7282364447747486,0.05759574049637875,0.0010019602388251121,0.00888926214712288,0.04525515553541001,0.019696970443321797,0.12851111685081126,0.008003844863967685,0.02941700156155862,0.47578126126166087,0.27503142365866196,0.03247914275551089,0.07850191843155979,0.14870927699245073,0.02863028653466531,0.8514765093522318,0.6188746627747559,0.6395014166400412,0.5428063711815339
600388.XSHG,4,1,-0.1719605160255369,0.6808125769838623,0.2579430051100399,0.406288884092182,0.5510121210449459,0.21168597752116747,0.7884409100005345,0.7005898475425585,0.9794026550421124,0.49721642687126455,0.39861691300005103,0.005050409468342563,0.011625621869963684,0.005170970596978732,0.001231090391467102,0.0015501018893803594,0.011258335023124708,0.0014098368450467737,0.620979324093347,0.023368238122507698,0.15129577100419722,0.004764443729892651,0.15453646416430772,0.5454545434710744,0.1863236174885261,0.6956977370934698,0.030904842295982695,0.1705706792077417,0.08948015072648405,0.2587746488547738,0.07312761652227825,0.18875502008032127,0.0722306183139623,0.8986294000917772,0.06966887927868413,0.06747135371876434,0.2599840086652594,0.1453598416448873,0.13372563088673803,0.5218463382572445,0.5610178880185074,0.08336712719709147,0.33658575343900937,0.4881491543954223,0.13652172747560862,0.07050328261505079,0.24800267746276622,0.2621187036335113,0.13634810554220916,0.07050328261505079,0.692048278932479,0.07901284853829547,0.00030297422411075514,0.009066943543131763,0.052327477350787466,0.01417583436422568,0.03945040030713554,0.01185522216875505,0.02938007891257942,0.5877297933232282,0.28637119375642034,0.03999747637944788,0.09317068876548087,0.16839240702741046,0.03542920380451038,0.9242154989987359,0.8484780637742695,0.8155687816367538,0.40963790208373185
600389.XSHG,4,1,0.003212841345907234,0.5536954901306713,0.11820103725237152,0.4472132539740018,0.494885522535648,0.1741668420226755,0.6220779414488266,1.0,0.9991855025602883,0.902234051398264,0.34936228287056503,0.0021302467158394655,0.01221182882562068,0.0053561525436694735,0.0009605394495200696,0.007472602586361274,0.0014048463367195858,0.0012442795345102074,0.6137702847882245,0.02259369801538672,0.15137140131482843,0.004089892311181728,0.05364702588661004,0.6363636304132232,0.05744102565126691,0.7009032580832382,0.009749278932499253,0.0797684724608845,0.09115884635266054,0.22325375843724615,0.1043936971860018,0.08433734939759036,0.10499228540445957,0.8296641306479116,0.08842419856751399,0.09123123058069779,0.3154940245353497,0.1821210015199837,0.13614726886550874,0.128223132068657,0.5000224648086511,0.024679144705512843,0.13928323685710295,0.5706202111955887,0.15581985674054183,0.08870825800293097,0.1878302728556654,0.1983350570044079,0.1302323596436051,0.08870825800293097,0.7953228469566255,0.0577917083390016,0.0009738533895288279,0.009086055897092743,0.046600995515273864,0.013428903680605325,0.17709507677834324,0.002274025050255384,0.029808484347435337,0.5389485753063449,0.2752025334369726,0.03086042623349876,0.1304475323245049,0.15618104638496225,0.05641054016869055,0.8656158128701481,0.7364999336606082,0.720440016582478,0.3016872213579131
600390.XSHG,4,1,-0.2215019745038115,0.5847749575773693,0.28501552490919535,0.328024275980085,0.4870979956517705,0.14128614412745377,0.4165944710370193,0.22329631204662792,0.861949928824779,0.30109130916494736,0.19122795050051977,0.000816948577646102,0.010741642725349925,0.004795167122442765,0.0002801629706377121,0.00313391699674482,0.000530098089536508,0.0011423715230039272,0.617608085739049,0.023443784374342677,0.15085656515038057,0.003327058328103229,0.01007835752159557,0.4545454565289256,0.013394646339488208,0.7038733988639791,0.004042511693833074,0.053133761418106176,0.09134533761501695,0.5761152639041389,0.12604559545581975,0.5943775100401605,0.14035161690280398,0.5666805940669275,0.10224612826043153,0.04491794401181392,0.30401064627316576,0.1825189544148019,0.13968288631170106,0.35829482615349845,0.6278312946142556,0.09516925233594808,0.13329816703856398,0.5159466624827526,0.10256466492984025,0.018900065409045083,0.10741413737826307,0.12267190156579917,0.031215167855648037,0.018900065409045083,0.7000749026907711,0.060750049233477904,0.000694872558646182,0.008964582839629965,0.04971112327113253,0.01967143059901226,0.06957893017654751,0.010570813607343105,0.02910692541151693,0.5182648199298547,0.27041048632357895,0.026413678445891736,0.0525000015462078,0.13408921061964837,0.019844619249865407,0.8594777449546236,0.6847386227942156,0.6697829226881571,0.5300941134357723
600391.XSHG,4,1,-0.3520527888533561,0.6331360703063549,0.31940449560718637,0.29305380376396684,0.49973594661758397,0.13612651954116745,0.5959746119976914,0.6206873364626482,0.9755549779185573,0.6085272546923006,0.27338826951042167,0.002494835612046087,0.01066469613369551,0.004789913874587373,0.0005127448021635951,0.0023336937957754815,0.0024914199750605006,0.0012052086306932816,0.6191995069606802,0.022731456134249733,0.1507519041830647,0.0037120479535405282,0.03747295331094288,0.2727272717355372,0.02743972613437617,0.6811618544586381,0.01044337174489866,0.04992312562177806,0.09029096001381348,0.21384973452940514,0.037759661772096796,0.34136546184738953,0.019014402774355635,0.9858751523202467,0.0038880786414862006,0.058553020663467945,0.2841703497616706,0.17353322879042132,0.12635932792071897,0.28793491616340233,0.49029987654909174,0.04720135985220493,0.13667615752120615,0.5205817016282577,0.09603598701540358,0.021070976291630187,0.1334729598527552,0.14854234055143478,0.05048167595612206,0.021070976291630187,0.7225877769559126,0.08441410204542774,0.00027050294635223675,0.009289086275303143,0.056431220743612856,0.01568505176364244,0.03945557342745456,0.014296452210706807,0.02979618542477492,0.5932096828383655,0.27692141778564483,0.03379699918278894,0.07140482462189549,0.15311494591376604,0.045192468744391937,0.9514049651332888,0.8719705010835441,0.9100545795892931,0.10603549937680612
600392.XSHG,4,1,-0.302936117808274,0.4778491407517489,0.07109106288196937,0.3319722923479913,0.5302700131817721,0.1370282471413355,0.6351060933940067,0.6408377583045048,0.9687680846971958,0.7244082780170038,0.41340459586402045,0.00019351477860628434,0.010710271518484629,0.00480303201239614,0.0002922834984819349,0.00036245226281276946,0.00042497082557661867,0.0010983438259516125,0.6194019696316835,0.022406730847475926,0.15093332560299505,0.007249247564261568,0.022241729133224003,0.2727272717355372,0.015074858169643403,0.6948283228098552,0.003848316234302461,0.04978746495432757,0.090906583343818,0.45449892827224,0.16044210990223703,0.27710843373493976,0.08685870365807541,0.43955080541094893,0.06340208793565959,0.06004967163308174,0.10363632417821217,0.16865930983814487,0.13712736281934293,0.043436485314374856,0.5456783940003783,0.05579836577720342,0.06897583277704768,0.5131065417444994,0.10456920421217829,0.006508252155786665,0.14997234261458614,0.17016651414453304,0.0632184951466207,0.006508252155786665,0.6220569143596989,0.06495099175652536,0.0005102008328172601,0.009084099754025386,0.04193329741612443,0.026792956502871633,0.05268268782029466,0.07632565089459806,0.032691240666961385,0.6544165669634294,0.3449647103115347,0.01977389139851641,0.10244065809077971,0.11344801324922735,0.04578453071723395,0.9233598088366874,0.8122954535403126,0.7659639357508192,0.4146676142627622
600393.XSHG,4,1,-0.2797036459489407,0.574374279678143,0.3116243617743176,0.19482086690265754,0.41579589233576486,0.22537332751946812,0.39291575464009704,0.5067373587149961,0.8241748109092601,0.4912799679800145,0.17366108315010986,0.0008618141710155027,0.010520838506191923,0.004730838731602549,0.00016064376095530205,0.002592337639569395,0.00464300386199233,0.0012764853545839889,0.6204428509554039,0.022137957912568652,0.15068542117044442,0.003917078766993074,0.008364423016724066,0.5454545434710744,0.007561999484093967,0.6982065797396383,0.002550875910884907,0.02645383015284435,0.09130038891147646,0.3386480423688344,0.07190163953140485,0.6064257028112449,0.10015929882166305,0.7540506663080446,0.06088633071925441,0.02751154746882105,0.3064258702529405,0.17931328605789093,0.1392903287864253,0.09091744226499429,0.5509519952670116,0.03137832658858696,0.08651636072832172,0.5094388186074118,0.09195501936392605,0.00505505880175155,0.14991838891545867,0.1623825607289042,0.08621950576227211,0.00505505880175155,0.6972494002526359,0.21273542629630685,0.00013902563268530278,0.009025229854596603,0.05837887624868146,0.013905240516905889,0.01132058861241024,0.014220639313962918,0.029613494184516607,0.6576615885470087,0.26576326932971106,0.04146155817400371,0.02855223203342612,0.07932927369914375,0.03337560567087396,0.9110384030904262,0.7149506877183676,0.7294125102650293,0.48563512486451543
600395.XSHG,4,1,-0.3436138259449492,0.7664606965332186,0.26399057389761493,0.4217770925451797,0.5186550078614183,0.11089459766100393,0.48193576266965976,0.1422721140610105,0.699695452601518,0.4276238115770809,0.5989187743579573,0.010413388888261535,0.012900931165868634,0.005682417373786754,0.002171316998249234,0.006930538584497535,0.006423594778107056,0.001407841173446466,0.6194133548224507,0.003912957213685765,0.15162462811484204,0.007575936467811458,0.053356684925991035,0.2727272717355372,0.04630038721304659,0.6739692797440006,0.009063760608373704,0.01781676765849688,0.0901908728703493,0.22098353806239995,0.06932055694763625,0.9999999999999998,0.07786471063349279,0.8857498057178993,0.04859148914028288,0.028918169991297996,0.29291484557122843,0.17608649156736775,0.13491240247805186,0.1550205544727948,0.5312580976337671,0.03543420958627021,0.1320202978689313,0.5292607271145896,0.10888829358458656,0.01710242656284419,0.16470820686140816,0.17582850879192435,0.10888529981124206,0.01710242656284419,0.7434506886723995,0.0703849849521554,0.0003934575957547929,0.009273629043889326,0.05562004940111307,0.01607770143714257,0.06970654920727473,0.010831757842497965,0.02919700354382512,0.6689379415264076,0.31094987729345996,0.0361265057020337,0.028822426692741907,0.151333235167452,0.03263519172100257,0.9277731817471702,0.7533390827473361,0.7828065051899458,0.3310147140358617
600396.XSHG,4,1,-0.1925513441564403,0.5943890543043012,0.40424343989218836,1.0,0.6800137752445147,0.7934503265237351,0.30425910711096915,0.2489194006945225,0.8369859116092451,0.2641333624658482,0.17936085081353936,0.0021526943516441814,0.015759852046348992,0.006592591510671004,0.0013869109676746818,0.015076795993903094,0.004454457368436849,0.0018954311188788871,0.6077401735613879,0.027915713606092643,0.15158446518841434,0.0042217254722863844,0.005205653073211685,0.4545454565289256,0.0059842790195580396,0.699944351495708,0.0034237195170025844,0.02116306412227548,0.09130033908823863,0.8758825515346935,0.1216029128522862,0.7389558232931726,0.15387159381830973,0.30203603535164286,0.08648439392629799,0.03923993766063826,0.38496798426403567,0.1854243717950915,0.14418169954010973,0.08779009003808327,0.5301143021525809,0.07510879462488665,0.10027536345444629,0.5658149061253016,0.15753266210162262,0.06631516832093318,0.1640143814688502,0.18105472458376634,0.05227674492393355,0.06631516832093318,0.7468382534234971,0.07489566451934504,0.0003378133718480058,0.009040934105618506,0.04563191685500334,0.014495248400311585,0.13648488137111336,0.001261044653991778,0.03000591958358205,0.6053897407863675,0.29599917104153156,0.051509565464390866,0.04112026259968659,0.1745359287125703,0.017733295447747804,0.8474190822456718,0.5499148644465088,0.6366219274226128,0.3873077581899107
600397.XSHG,4,1,-0.2735217105541947,0.6695560924937879,0.487791058965013,0.4120441060149347,0.9999999999999999,0.20605867665147395,0.5182179508373658,0.17251955027720625,0.9990353364555005,0.2879704627235936,0.3503877621917971,0.004130527152139082,0.012444986200947306,0.005597538281429712,0.0040599193550018104,0.012473417384203938,0.004811952462149236,0.0013599247179402548,0.6180010566636626,0.020099280057212766,0.15154977609268902,0.004295339945668399,0.02169512711677981,0.4545454565289256,0.017999766457846723,0.6962716144190972,0.008264575066043185,0.031111513068644295,0.09060988136545606,0.19360631083055968,0.09843162921019924,0.9839357429718875,0.07731856206790688,0.8242632422371853,0.0548369343236039,0.030993738715373205,0.29875339738522827,0.17820996761131913,0.13781628827760833,0.42210640211503464,0.5381703232540219,0.08925726011873168,0.20577924458669591,0.5149004163144385,0.12429657921089456,0.16805073291744413,0.15078847033911458,0.16195972303236456,0.09906490478473882,0.16805073291744413,0.7079764938763253,0.057428311978580886,0.0010274559663923928,0.009061909661862003,0.04195981318126387,0.015784801721606102,0.17308138205082443,0.009320741872616889,0.02849999966354703,0.497869917491182,0.273002828664606,0.025189275603901745,0.02747788562061791,0.12102673595277905,0.021833762038643297,0.9417243044410675,0.7789516164698602,0.7745971223591481,0.36693109492975984
600398.XSHG,4,1,-0.1936422932821798,0.42349365587279625,0.6705543340062734,0.4924833458553354,0.5854768132041737,0.04494537208375726,0.44271872375528315,0.27976285904470466,0.8560829127657875,0.10865371043182506,0.188338990033877,0.0022073067432408786,0.011228943212169067,0.005015751859937009,0.0005566153854401716,0.0006629295910846303,0.001772283564322623,0.0010875954208363768,0.6199488359690383,0.022456575571778548,0.15126953444875108,0.004628518031223659,0.01576039473409268,0.4545454565289256,0.00899618396137369,0.6959987424580126,0.004074502302909907,0.030523650176358868,0.09104306923062155,0.28311985308264054,0.03399201967865983,0.899598393574297,0.09016326482210313,0.8778563575160225,0.06688188963325101,0.03921782328633904,0.3079375098076306,0.17853289891768612,0.13884577688694083,0.09504927010869446,0.5318427242963106,0.07583696419268868,0.09049515069186523,0.5148364210576353,0.11200023812172093,0.010543354580344538,0.15236159196264143,0.16808804661478147,0.056920544871820355,0.010543354580344538,0.6580090374010987,0.06042314710357947,0.0007165680823992344,0.009098376993881822,0.058539026193354535,0.031593526299475316,0.04006775679092132,0.023568930842169013,0.029900344182129154,0.6818620314178854,0.2893156835251652,0.0314720914054389,0.039836312257284026,0.16028936768505853,0.011397080815935873,0.9131305832895429,0.7117415196143471,0.7415008198820743,0.1655123235493171
600399.XSHG,4,1,-0.2725148158856166,0.5499379030346031,0.442830329098433,0.27707209326498083,0.5373635954056885,0.24558301715017922,0.5772762546606061,0.4335906201909873,0.9209002238440942,0.5230839731851957,0.22507689965526728,0.0019332444200312914,0.012461112091274118,0.005557398656787089,0.0016819245772086734,0.012864859440436896,0.015921445851818816,0.0016753209139449229,0.6126705651132646,0.022266306198213834,0.15089073382538953,0.003929712756614058,0.021475935328765548,0.2727272717355372,0.018516408965337818,0.67183280791696,0.023517059097597253,0.0529076603056887,0.08999542567247275,0.1938199108974495,0.09798581712280219,0.4457831325301204,0.08080561195650311,0.7523886175840443,0.040083889403204245,0.04406235200682965,0.3009514943108718,0.16479953649957463,0.13896406408826564,0.15495171617106712,0.5271998073353681,0.026914512703292814,0.0918628254229853,0.5282597674266231,0.10184716658650947,0.05762653282693818,0.1342402165568473,0.15094556688579336,0.035481504984550265,0.05762653282693818,0.7331033668817929,0.10388768423507094,0.00020906247485730532,0.009055595720048234,0.043474377855721516,0.013395589443436783,0.04195377484437222,0.006664170735024812,0.02928259064190899,0.5270257683432704,0.2695681745934878,0.04080938182346453,0.04915489435586735,0.15365042496326697,0.034765657713704615,0.9239873741318827,0.7555835655212064,0.7787599052580714,0.2657603211877016
600400.XSHG,4,1,-0.2270505454534386,0.5339699718568277,0.4530110278199173,0.4962923600323193,0.554351447612695,0.2903613490770489,0.25267476003498535,0.2564122765535373,0.8409683869613669,0.08871740235934697,0.18118322243549978,0.0014492946614477016,0.011403441063402913,0.005071346247112868,0.0008342478951499338,0.0035583688726968194,0.007376271403481571,0.0014317607779466268,0.6222103972142449,0.022343703692610548,0.15101774922218536,0.004069088715397453,0.004363352949473786,0.2727272717355372,0.0034721146736345406,0.6952049963350074,0.002449244179492535,0.011305055620873654,0.09117548550019906,0.31030092773562024,0.057259272242723015,0.9598393574297187,0.10779352026678928,0.595762853672984,0.07091690442242729,0.037566056901267,0.3064258702529405,0.17939221408140027,0.1397582781543037,0.07759308448005464,0.5437444101826796,0.030290025126167297,0.06922734875038485,0.5324642236805254,0.10677026354051837,0.017005656119868175,0.13780010806645698,0.1533697282700401,0.04863995428034619,0.017005656119868175,0.746271516995666,0.07449392354147538,0.0003418821511241292,0.009037447866621378,0.04922104333335619,0.01397923645995784,0.01865297859030254,0.014164053475397367,0.029755834224645394,0.6362293658652338,0.2758651701666306,0.03645956511501648,0.03571956490949427,0.11584539823681411,0.011591792785786923,0.9246912769311613,0.6989794790146391,0.721147676472685,0.3008385035648785
600401.XSHG,4,1,-0.2278316012989316,0.42715770040611595,0.3309523179382835,0.26638432990231065,0.4025245141676885,0.5760466584375887,0.7850488547929406,0.5335132820591841,0.9855607825849471,0.6448063235604057,0.38835489173965104,0.00552928228032783,0.009113341396391727,0.004111322643093291,0.0015749143010289645,0.011412733438236464,0.011071830843772995,0.0016567756818161414,0.6141524435336666,0.016670146223361843,0.14875869805188174,0.004290845715617957,0.023690622986377544,0.4545454565289256,0.024135125306083867,0.6896971961999272,0.006340666675871972,0.08863163606764944,0.09142555525116475,0.431677702556499,0.09776319230518771,0.5863453815261043,0.11900043612828758,0.5093476125116646,0.07377503989809384,0.04071235301950212,0.3154123666802428,0.17372432332369733,0.14048749925258086,0.14526540224796103,0.4721425316221079,0.041119375179724395,0.08441761216923288,0.533709802628029,0.06645632581317784,0.016978077566563384,0.130258375626819,0.14831703022146348,0.019976371463704855,0.016978077566563384,0.7663678738736844,0.10061013386836509,0.00021599025999897656,0.009076525217141721,0.05220875004419293,0.014448719836988758,0.04545634680894225,0.006873673298756446,0.029009642826672365,0.5129024675026584,0.2620946289633376,0.037712454156799545,0.043669959264640054,0.15991222070223438,0.03641682119997607,0.8968573802388831,0.6807306178408741,0.7052847406875391,0.3645573426106475
600403.XSHG,4,1,-0.3104257301453034,0.6924840217732572,0.3022054581197974,0.5309299352816423,0.8024387532400662,0.8575373435987103,0.7727144852399817,0.1939981505541284,0.634369245279208,0.4089336919468576,0.6318926779421205,0.014912205350116139,0.02298345914789062,0.01003468279598485,0.003858980187607049,0.004821509673917846,0.00980044874934709,0.0012084307368171864,0.6255115147144269,0.02528789048497883,0.1580766538071298,0.012398553449721319,0.03466871470620951,0.4545454565289256,0.030647976268023354,0.7036735083217773,0.005847203944092594,0.08826987428778149,0.09117968655516237,0.3934154635697354,0.1838690343042077,0.5662650602409638,0.11726185221443808,0.3593679903172059,0.06352208927163266,0.052276150033911215,0.2959909437107628,0.1785972942292879,0.1413688038954185,0.1439573134898676,0.5987438905269269,0.14402120759711076,0.24616868499014938,0.5194542770350652,0.20196725443392913,0.05194226155716818,0.26925050907894765,0.28799358677526465,0.10672019004616762,0.05194226155716818,0.6802893744515219,0.06249869930838203,0.0006008005288276994,0.009086546646369627,0.05183911236299527,0.024492164557810846,0.10840421431941873,0.015456422782158839,0.02996043969994048,0.6475212426109644,0.3169683084834827,0.04053132043854772,0.06554160463796369,0.07957326341389269,0.027746754800502482,0.8873649003706807,0.7454751006147458,0.7069271453580943,0.422121167451214
600405.XSHG,4,1,-0.2106667836428475,0.6150196017753868,0.1510090396999399,0.3277230750542772,0.536333795573031,0.15833454455525015,0.5895397751308119,0.5346743617588682,0.8323768659894849,0.4535853295873559,0.17728278699077837,0.0010385890909060556,0.010530546068098837,0.004725178319171624,0.00023844022083591057,0.0015176313318963903,0.0015223730948042684,0.001161722567559092,0.6177784204299022,0.02251997981309726,0.15075607779032038,0.0035483904824509336,0.02551230192898264,0.6363636304132232,0.026154926245328752,0.7031225880444738,0.007105502862969896,0.11192005064664919,0.09115316058151728,0.28157493656226634,0.1630823478719997,0.04016064257028112,0.11979693023660287,0.1454092448508827,0.10520399967972323,0.07126773858556129,0.3090829289797204,0.18739634014685544,0.14444557098921895,0.0669206518206201,0.5257145166085797,0.023379390990552886,0.053542454638856714,0.5189475743147931,0.09523023742023662,0.010231070427789394,0.12634706843435387,0.14342686530386106,0.026635780453416608,0.010231070427789394,0.7086180161420558,0.09852223593473047,0.0002209073836144936,0.009227072290563016,0.054034116423469156,0.014109976904056432,0.03784262222512902,0.011347211213987064,0.02964137074363117,0.6318633065844055,0.279871552814425,0.03849128278411409,0.1151884404680103,0.18220640484876122,0.026821349524436204,0.8545450994872961,0.7710599929237985,0.7047025055913054,0.5979293439641928
600406.XSHG,4,1,-0.1347409064037407,0.5526167110160389,0.08290629687776235,0.3535394119020936,0.501213274721674,0.10967578300977437,0.5749606083243115,0.10878017739949297,0.5716472343530871,0.35173006533546536,0.6624497029498115,0.004799087015580696,0.012515929231510571,0.005248769214008922,0.0016141418421081813,0.0010302836425791753,0.009274317242284513,0.0012603109151889935,0.6254827890934801,0.023220141916605343,0.15155441516197804,0.006358955094962301,0.15397624855097625,0.6363636304132232,0.25324328653166894,0.7071121165369024,0.006737934037646247,0.05462602876006149,0.09217048873935232,0.7004810574291032,0.5336472927448128,0.20080321285140562,0.2300761182210709,0.01080177682145244,0.14785733914297616,0.04520964489794737,0.3113087971752876,0.2343929888077708,0.15801350293898198,0.04219006923361875,0.5345571075538648,0.043071118817403366,0.07132606985439528,0.5149441771864056,0.10741796158407341,0.014238717052247097,0.15127411417835412,0.16701230927827154,0.05607973583964403,0.014238717052247097,0.6632195069509932,0.0812120651927103,0.00028832620694904215,0.009109582527091216,0.047668881678476945,0.01699545459305883,0.04969303997307021,0.017377338899256984,0.029358505057546117,0.6244279769316833,0.31411725750152864,0.03905577428919781,0.0462187075888085,0.1189714273952475,0.023848328049291143,0.7073308857990939,0.6009077440183983,0.5575356536480132,0.7665778013980824
600408.XSHG,4,1,-0.255528288794408,0.6443541180201218,0.5106370770613511,0.30231347455365687,0.5434412533466404,0.14541532618748557,0.32250481753046617,0.1887973856376805,0.9698947695652824,0.11216546752852502,0.2666417901345275,0.002535224786634798,0.011632797089506328,0.004965189326178779,0.0016125385717336742,0.010009768649437176,0.004018869170611517,0.0013507667611413784,0.6178749723901225,0.026514375704315918,0.15061080438347996,0.0033465146896410267,0.006941525767181983,0.363636358677686,0.007019216583218498,0.6929558738728945,0.00464719295887467,0.015555756534322148,0.09100288214826878,0.2199072562642081,0.06453127673600756,0.9999999999999998,0.09883114983707775,0.653926346295397,0.06307209229717861,0.03441195870101796,0.3058887040760322,0.1802218633898656,0.1384792165487694,0.15741902582772824,0.5093129447353645,0.022537516653595414,0.06856922306575815,0.5330774781018991,0.09608681416636249,0.021920121584594113,0.11124180648962072,0.12644985352592497,0.0342542206784417,0.021920121584594113,0.7656655881146608,0.08141568569651503,0.00028707906562253397,0.008824619500892939,0.04524169977399597,0.013940268118891841,0.05884447457171182,0.00934419379810603,0.03567420957273222,0.5336682770726169,0.27195806622980145,0.04816774260435366,0.031948570242261894,0.18274101307189544,0.018079499910270982,0.9313983255457243,0.7244676263765428,0.7474670792922344,0.21849838513910458
600409.XSHG,4,1,-0.2669105273865914,0.607165948624542,0.45882866068677997,0.16387083385200918,0.5996399044091648,0.26365878685459043,0.39096574757590485,0.3461673834628319,0.955185516610918,0.2006305384810229,0.4292331176513903,0.00821280255214236,0.012646452224348483,0.0056422621118551175,0.0013979276999904532,0.018565680300036257,0.007455050166299992,0.0017534243355581888,0.6127060582611702,0.02128065392695364,0.15108735362737846,0.0048360972490905565,0.019240181776127595,0.6363636304132232,0.010102975888056151,0.6902671949057244,0.005252332545855198,0.01410870941485032,0.091236422594069,0.5132004009612389,0.1388667134599095,0.2289156626506024,0.13682108594626002,0.36061529680248106,0.10132116416611452,0.05113144875616264,0.31018778855925766,0.18434977861049362,0.14131940923992023,0.13823206011459685,0.5185248229602205,0.050852262967180054,0.08055819688662705,0.5185289152571115,0.10202210249991253,0.030269999151570765,0.12822461805472077,0.14512439318751674,0.029602468564424604,0.030269999151570765,0.712319915118074,0.07158356041101982,0.00037622851590388964,0.009033887329828698,0.04766993703231334,0.01645427760694936,0.11233823375630982,0.006117568746903965,0.029236679113692206,0.5427153063227191,0.27137952440825514,0.02556052244957918,0.06758569135177113,0.15970100572528753,0.01767168152180415,0.8877048685574698,0.6585262703993631,0.6810592717968489,0.3937613939150578
600410.XSHG,4,1,-0.2437284003053817,0.7906089934604532,0.4062226673201984,0.3456370045435123,0.5628803969410263,0.17741508611245488,0.4481637450742279,0.1316074770088081,0.9936561406959805,0.26013395800663985,0.3039728514514146,0.002581924787425627,0.011161292172726246,0.005001972292333644,0.0017185151010953618,0.00293982745685721,0.00331245569882389,0.0011968895001436331,0.6248955496295104,0.021817940674793885,0.1511028747163465,0.004746768829976112,0.018699593242321254,0.5454545434710744,0.03313355247134087,0.7039557971088918,0.005067676364035896,0.053133761418106176,0.09159731316854794,0.6389704692888198,0.17929740849955217,0.6787148594377509,0.16409952684692422,0.15288692422433448,0.11464044463106497,0.042661227506454694,0.33543588768523097,0.19668487865795062,0.14870261037755714,0.12704684249176618,0.6015519413514708,0.10978896781025636,0.10358449660042983,0.5124249962743037,0.10675929740863341,0.030816148617795847,0.15606072364847687,0.1709627168563012,0.06722072058818461,0.030816148617795847,0.6842097882976523,0.06315374990559657,0.0005728545777479509,0.009185464154246627,0.044773518428324846,0.024471679139712675,0.06596698366808965,0.025080161967329807,0.029357048910871625,0.5511269699936685,0.27427554280635225,0.044880779647625865,0.04782534119136753,0.18205662271368495,0.020894747861458396,0.8415979037366321,0.6345031179514398,0.6428297945937953,0.5607152708399374
600415.XSHG,4,1,-0.2467253422014062,0.45775474708895353,0.36913417269119236,0.40744074301186406,0.2398771595913901,0.13790123081840275,0.3446928029347265,0.10487882501739237,0.7821932857309709,0.07091363305019363,0.5543248799805203,0.0044350649160280675,0.016261255012963015,0.0070877081890203565,0.0012080631227075994,0.00820672443567645,0.017493877043834056,0.0017040325340376325,0.6140048402226972,0.024070908670683625,0.15365386538603368,0.008708498139770588,0.023455199348508024,0.363636358677686,0.020967695705148073,0.7007205052488922,0.0019397785066566616,0.009903228723885322,0.09121953562721641,0.2711102546837967,0.11120767604721615,0.9999999999999998,0.11529334568371342,0.4574155193671279,0.07489896161117969,0.03513865350670945,0.30348615995684164,0.17821662730600316,0.1402431256937999,0.08465774602788909,0.5074313285476757,0.016844518145893092,0.08720268277847809,0.5049858487778431,0.11747442671934587,0.006206708908635833,0.15260028940759987,0.16869186488278426,0.0536177452057053,0.006206708908635833,0.6343521735218405,0.06665241345213796,0.00046461938719762346,0.0090725060079802,0.05269289361663954,0.013502567659223903,0.029382399640542036,0.007173394383187564,0.02945488180746221,0.7256052328398623,0.33728267938835754,0.0361486137880682,0.026886945614923746,0.17846826392055531,0.007782048214392535,0.9276764283989718,0.7031146344699488,0.7156883972823747,0.4087189255122662
600416.XSHG,4,1,-0.2624639473634051,0.5247582846451159,0.46273481888311685,0.03154181053098298,0.4390760555657254,0.32382722985954887,0.3942562938637651,0.14381118136057586,0.9563086888215826,0.3975725912018515,0.2527901394968104,0.005244718784920744,0.0121705170435282,0.005427399657962095,0.001474823825213913,0.018789209194552185,0.013244020004332223,0.0017933833688956128,0.6213536056572665,0.022310864647630328,0.1509244777264945,0.003918567131769487,0.00890768422606322,0.5454545434710744,0.00985725706465614,0.6862177684661339,0.005628571001480107,0.02369539658135118,0.09114870958647059,0.5988517507650077,0.09241842391653277,0.7469879518072288,0.13006373270474642,0.5292891174305692,0.08206527682957852,0.03690812006213809,0.328723814475977,0.1822763687275273,0.13719625536516947,0.17819724323132302,0.5108611570291129,0.06284270593742551,0.09502510135454022,0.5154921917757183,0.10241218347696354,0.04648858218227824,0.13057517704764307,0.14304377345637476,0.0732026050235954,0.04648858218227824,0.715887433291617,0.10952596058692607,0.00019897725523221208,0.009058986002482844,0.049733549540155936,0.014098154686816295,0.02799660384651056,0.010396684527554018,0.029585895505590626,0.5699245877608409,0.26144094678408036,0.054117377118122825,0.037234147607593894,0.22006969777575114,0.02236002273135132,0.8757411839059237,0.6009049798770514,0.6840641858082506,0.41654445290389186
600418.XSHG,4,1,-0.2312536440881986,0.7288230521820421,0.4277055846268992,0.8207826159787357,0.6388276330736264,0.2286358531811026,0.7525384480570572,0.26213998879778877,0.9099126314282729,0.5736413258903624,0.47054096067083506,0.019636297632763252,0.014443039862371842,0.006363121051660823,0.005808639371502152,0.006447462332756929,0.03531832932371591,0.0017711570691605484,0.6119035339632142,0.026319089308122316,0.153246691053505,0.00790067885096207,0.1614217581228325,0.4545454565289256,0.12343467283614677,0.7023636248811453,0.026698286693449008,0.10450393415935606,0.09211317786561958,0.4369806549472383,0.3872014196626029,0.11646586345381525,0.18478531552102834,0.006231399477876473,0.0927445238853985,0.07329102706423599,0.3339673868874874,0.19230696742010514,0.1484205408974749,0.12267452341150384,0.6482838192868473,0.17942160813955643,0.13385237525139929,0.5583184680193941,0.1309255189025652,0.14046598057581933,0.18504155369064912,0.18916832817079848,0.18884830633440397,0.1405077780419927,0.7732458339029912,0.07066414079953302,0.000389251903728834,0.009097740938953124,0.04636749847897127,0.018489444462660844,0.1416635905076198,0.007265627539688033,0.029664319015871733,0.5459902665985099,0.2728227643358946,0.03391271522883941,0.10700726944443928,0.13777557696205098,0.036266225997487585,0.6926412421354617,0.6891142585467254,0.6370998619007004,0.8243225925298179
600419.XSHG,4,1,-0.3313722348567733,0.0,0.03702476469149729,0.25469150101648674,0.4970656555904673,0.13390474083105008,0.44297208173249625,0.38991463856378644,0.5191997463861342,0.752837809879403,0.07680840116028242,0.00035993632252088114,0.013684344003226122,0.004654356980537683,5.8043879708079074e-05,0.0004168536227045909,0.00035825270641149883,0.001120710088564953,0.6170685331163287,0.022225666168899396,0.1507118642588808,0.0031670992538505283,0.013871621143865174,0.363636358677686,0.04314553368157453,0.7276625105521453,0.018436503618682185,0.1988785384824093,0.09310577143522365,0.7484452842872431,0.49246524701795147,0.004016064257028112,0.3304409639093959,0.005815630649451439,0.2417280185951769,0.06884080314641938,0.2786346885300029,0.21037174986527996,0.23509646256275069,0.2146908020998661,0.5318427242963106,0.016892353571045644,0.03382372313156797,0.5210971565229233,0.07649207714377869,0.0014442119112303654,0.059687752730121606,0.06924738719257376,0.053239487170107694,0.0014442119112303654,0.7631555884301635,0.05824139543531984,0.0009155708672269044,0.009156292262594342,0.0662074910070661,0.013829413415205329,0.09065329858474512,0.0034609780497410064,0.03014632808396862,0.48001148758708556,0.2286855907462898,0.05788753297322313,0.1071518295658434,0.2316590508942595,0.027588682179816953,0.5419359191035491,0.4818064216531779,0.41584656454888,0.9393346604411802
600420.XSHG,4,1,-0.1929604612490253,0.31011477495953843,0.14326871061209318,0.3892367681866659,0.6662286673871921,0.1694260832843421,0.47449101563195933,0.4972938982760798,0.995266694123939,0.4459821299091026,0.30834807930433644,0.001836894455586629,0.011793021204836707,0.005238601404649422,0.0007824791589734756,0.0016278981371948766,0.0015932698233809663,0.0011752033744352522,0.6185763775851755,0.028294174045699835,0.15148402301585387,0.004139363734516105,0.02914755179966057,0.4545454565289256,0.019076302007346665,0.6999071269781229,0.0028806893554818203,0.03572397576196075,0.09120634295047245,0.28374895799534905,0.13567507446554233,0.1566265060240964,0.10479925581493402,0.4864977789731844,0.057575217119030284,0.05213496370792055,0.30551199358382913,0.1773215074194413,0.14077866774814962,0.05078567850935045,0.5556605588520693,0.0751503637186407,0.091494899917179,0.5333012607627656,0.1407534359241081,0.04184132998514421,0.16766339295626914,0.183290638223024,0.06812567709381197,0.04184132998514421,0.7345278033880323,0.06369493533902439,0.0005520386926771118,0.00899745317136335,0.048626879123465305,0.02010283444297621,0.07945095272248388,0.01479180812311326,0.0295946405585843,0.6543993799364192,0.28879962889228517,0.03831729434076872,0.0689351184405484,0.1997902891776866,0.01972363462343722,0.9139800599338173,0.717244925036487,0.723954551335708,0.2649904708275011
600421.XSHG,4,0,-0.2104056786893136,,,,,,,,,,,,,,,,,,,,,,,,,,,,,,,,,,,,,,,,,,,,,,,,,,,,,,,,,,,,,,,,,,,,
600422.XSHG,4,1,0.02677719586965979,0.4133004581232303,0.07154140699187278,0.3327592041141815,0.6738346418979745,0.1287519858616054,0.3701702988215436,0.6422157732045086,0.9595829246210064,0.3366263387582974,0.4243817421312532,0.0019281204877953178,0.011664517256509417,0.005211048484551484,0.000830433542085707,0.0020454282391941026,0.002317938626312057,0.0011773947799667435,0.6185371865212527,0.02198235250113956,0.15143940646253828,0.003950681925395411,0.020350312450395227,0.8181818152066116,0.027411178542420107,0.701794808151171,0.002206124407631689,0.02428325947363661,0.09148128754504628,0.6643818109904913,0.2009172865757541,0.004016064257028112,0.17629135477784466,0.177398806486815,0.1359071860137101,0.05880709926601055,0.31365975116237943,0.1855638823186234,0.1467307237356918,0.0920900282607395,0.5331229782928635,0.04199163393753277,0.08759625132752168,0.5123630886921264,0.132602466753038,0.057540012276547994,0.15042264509921438,0.16530692725707438,0.06360646108196642,0.057540012276547994,0.6622811783910996,0.0638226026604981,0.0005473954975031826,0.009081108102567643,0.046049836974216114,0.01592848877860626,0.10519614070443857,0.01281048227134187,0.02966478896030831,0.6453201943132009,0.2860673230352111,0.02522876303430515,0.08720339868844468,0.13913454109033796,0.018412544116767363,0.8154034880913494,0.6299008226084655,0.6093506164298559,0.5840686721806274
600423.XSHG,4,1,-0.2827057343582689,0.581393894004314,0.5613749998676703,0.4990189278486551,0.5467685432929688,0.21425864902838307,0.35660021354162136,0.2710240715622321,0.7858872840923162,0.19920568780127496,0.15788631997032887,0.0013555295432886082,0.010936474841813452,0.004903534956283546,0.000746464461462682,0.00836999010031393,0.0014168167470102874,0.0012839720043431122,0.6151809950696752,0.02214129344152174,0.1506671810359989,0.003977666118763402,0.009458447690539435,0.363636358677686,0.0075987387522173915,0.6997796850122493,0.004951318604177622,0.03518133309215881,0.09085758574111108,0.20928618783117187,0.00940371487574744,0.9959839357429717,0.05618281022094969,0.9821352860438208,0.027604594183730347,0.030933922753266507,0.3064258702529405,0.17158066297897806,0.13545834340724333,0.16204826072180703,0.4709728538669725,0.04283489269654339,0.1043526073291771,0.5301990565637775,0.09309323422735158,0.036159084143250454,0.14356567987044136,0.15849870368997163,0.05854517241223923,0.036159084143250454,0.7489158974826386,0.06174981504803964,0.0006371430403232929,0.00916291628118585,0.04464542485643229,0.014972334833719765,0.10387066718841279,0.005219823562499656,0.02918733494785174,0.5415676564546157,0.268566627597574,0.02979889685444429,0.023564021352511254,0.11253142891523535,0.014762218101333971,0.8913433270369686,0.7451212905223126,0.8089371106880408,0.18611861968031973
600425.XSHG,4,1,-0.2734590779492263,0.8717894260820591,0.5960669524280364,0.3395951016690356,0.5926889227140241,0.23150084496287152,0.660964972793538,0.1376268791507867,0.9895889224835541,0.29469446630457263,0.3804668325202532,0.0025469784064814636,0.009264001695347449,0.004192528322380827,0.000798967682220869,0.0037536849499702207,0.0024342908804065515,0.0012967839751349991,0.6205381956746512,0.02058545152999988,0.1496751296250254,0.004181150616389943,0.0606026822732194,0.363636358677686,0.045650973387982054,0.717072166881681,0.017429006926420933,0.10056977480329203,0.0895662064252445,0.29322081355075036,0.15679558667531648,0.8473895582329316,0.10399551486196076,0.2617362300957089,0.05129873904703053,0.03640480283576963,0.30499233519357344,0.1669477427292323,0.1420473304788422,0.49548505278931587,0.5637676911624548,0.07104704604955714,0.2108299357216213,0.5145983458550987,0.07148246959378836,0.004522739529913739,0.13629979125198402,0.15268938107467575,0.03985758200605053,0.004522739529913739,0.7212533171608959,0.08338454456182492,0.0002758427494796516,0.0091357986824563,0.051676719791419856,0.019094305077327473,0.03025554844867359,0.01641752141665434,0.028618390245461683,0.5436201201317746,0.27108519222986416,0.040912804766181594,0.04262839245722725,0.16379008967928257,0.029992223485075076,0.891754306855463,0.7311789615673789,0.7307354117761999,0.4963677069159834
600426.XSHG,4,1,-0.3015598861884925,0.8679002518589378,0.6255537993946714,0.5127502194375352,0.5165220182404967,0.24601869548145527,0.5000870076454862,0.2947924008918529,0.987579243356028,0.15793761130135328,0.3845542937090231,0.0010039966927811578,0.013800479914883838,0.00612496299083327,0.001723781893943225,0.004412628595972058,0.0031571179627294245,0.0014545144340642828,0.6198468589943806,0.02244686649533422,0.15199088243035394,0.0063122020143913955,0.038054463315657545,0.4545454565289256,0.040304210220204154,0.701858507889088,0.01167365886927794,0.050963190738898434,0.0910633742408789,0.3444693693948795,0.04690154891411109,0.7951807228915662,0.09640016285636357,0.8238474734087603,0.06735574786170079,0.041701136758990724,0.3386484804981629,0.17775816595744162,0.13268054396514295,0.2364177803777991,0.5128036342532144,0.06503227871097336,0.1636993675503047,0.5409290617797522,0.12019228677096327,0.037128425282405515,0.17608389954147588,0.19033750458845144,0.08680080910639652,0.037128425282405515,0.7575431450015601,0.06753926244452631,0.0004447041409601,0.009106303554269128,0.04073243666953546,0.018524429230526364,0.10936627613303342,0.013544171554962025,0.02956856477206438,0.5426526568371657,0.2841442360045731,0.025489404449924653,0.04588311864753409,0.1348898167147996,0.021614823233833822,0.9119331496499126,0.6938602892397507,0.7576014026452749,0.4588056400646906
600428.XSHG,4,1,-0.1964832565403261,0.5571098917239934,0.8582076643189629,0.3497663435146093,0.45648452082126534,0.25582435040541585,0.25491168516822105,0.26660749807937234,0.9966309224501839,0.18879803239509874,0.36162873221391945,0.004165279982417415,0.010569830512063963,0.004715084377905956,0.0020197184269623186,0.017203879023859614,0.004886408532193664,0.001657090803439008,0.6130740870540965,0.022450547520253036,0.1503318212980988,0.006227650792252676,0.012054297690931878,0.363636358677686,0.009853451496314905,0.6978640991414085,0.004399217283757618,0.01361128696753188,0.09104062441588096,0.2720352272026822,0.010297797174831917,0.9558232931726907,0.08385126312502386,0.9738270956032189,0.053595940194255835,0.03729539705831773,0.3024288701709154,0.17815810078781338,0.13385691668161503,0.18445830818319942,0.48852495563828496,0.06530712292068461,0.1116590626166326,0.5183926543401792,0.09504799075224357,0.021071774187460226,0.1469614016259671,0.1551330799754403,0.12494443423916457,0.021071774187460226,0.7171739834092293,0.0635346355723807,0.000558008603279521,0.009178278926845185,0.046134792958045984,0.020573260170656707,0.07531319548445717,0.0057892906889831465,0.030322557247684567,0.5035250037977785,0.26874961188837265,0.029531861075094853,0.03694232665515875,0.1471190688807823,0.015415295806663875,0.9085831759242164,0.7274943611516518,0.7708251367130254,0.2969761596614673
600429.XSHG,4,1,-0.1230975447926899,0.6500204048294633,0.26842139250972086,0.35391586879113957,0.9811810767593736,0.12422581225987975,0.4363046029944717,0.38046531501134795,0.9988219425171176,0.36433522759132747,0.3222516815376226,0.0021216065189201905,0.01043285727750166,0.00462644020395236,0.001272484706763266,0.0019425738116715667,0.0022099086993875544,0.0012005832505568128,0.6166847404156494,0.02113516440280506,0.1505524629355314,0.0032773921735229548,0.017092154786860343,0.363636358677686,0.01588208957904909,0.6727205803646682,0.019707806934168036,0.025730306593108435,0.08959929612773367,0.34149266465982897,0.03854639070069083,0.9357429718875501,0.06517087400899398,0.9223097446974075,0.03246728793433052,0.03826330925981798,0.30866150457527874,0.1748371502354024,0.13671140782567326,0.12991003276783675,0.5312006038058099,0.026769148387711182,0.057468777947553874,0.5215699345305237,0.09613764131732139,0.021727726395218548,0.1095547397275064,0.1259232350013015,0.022117624730388433,0.021727726395218548,0.7230411660981775,0.05924327461737303,0.0008101897413301006,0.009088194631790494,0.04570354899664871,0.016178650750478422,0.17634668330933376,0.006874827313438564,0.029580396474603796,0.5888779976115577,0.2680949563884196,0.04526318209864155,0.04036191982933164,0.2178940568475452,0.029595023030448045,0.9136196759029129,0.7319446287205347,0.8030395048493184,0.27402477054000784
600432.XSHG,4,1,-0.2593961867254287,0.5755138516532619,0.2650608557384997,0.3595136729460833,0.5362891597685959,0.36752739350105323,0.2321813521070973,0.11825753396345928,0.9531850582091244,0.23460846093310408,0.43136855410577973,0.002804001060664058,0.011246868588402945,0.0050311467316623976,0.0007951787093041446,0.041774483132841406,0.004564791439535563,0.001938831943615359,0.6098970362737022,0.01880598682148719,0.150431259272616,0.004884133502867331,0.010009222777226007,0.2727272717355372,0.008546786991774165,0.6991140710299807,0.0017721598186613951,0.008637062494347472,0.0912407536645342,0.11016559201764115,0.08217782187773115,0.9959839357429717,0.09508782516921381,0.7041963907159333,0.05930289404708479,0.03401470148105795,0.30417297716817104,0.18111633627716953,0.1365749225933754,0.15488891631685942,0.7084688006526152,0.1819773605461647,0.10985512668953748,0.5086631671886924,0.09187129381731225,0.009871853633334255,0.15067979826306885,0.16458185899385813,0.07309419049201907,0.009871853633334255,0.7113734068571603,0.08433534603235293,0.0002708995815590907,0.009040811555380088,0.051403251228563776,0.01728539875428526,0.0235673043276477,0.0060709582894889254,0.02984029890471263,0.5500635919999379,0.27643767739986336,0.06775621370467334,0.03120008196962959,0.18906740829406699,0.01818552970030508,0.9246637599238756,0.7287382247578615,0.755405808620248,0.35824852334166074
600433.XSHG,4,1,-0.1978388713998101,0.16318862867583545,0.030925534426340495,0.30649752903684935,0.4807620518761665,0.09292874182605984,0.7567218585164535,1.0,0.6614426132766157,0.9999999999999999,0.6184069472384112,0.0006513726397190483,0.011116013819936843,0.004933342844831241,0.00026719351907700516,0.0008005901125640851,0.0007011732089752501,0.0011511085353128963,0.6195700446129647,0.023761534894661734,0.1510272393493193,0.0037802158742982653,0.2120107190128082,0.9090909021487603,0.3732312967899395,0.7147792626088502,0.0289870540695318,0.11377407976847245,0.09353025525406149,0.6960986786155083,0.42438025374592103,0.0,0.3260546464791534,0.002908328619575625,0.23202930877145284,0.29044501003000994,0.642259218954632,0.2468073078896514,0.18982496093922635,0.08784105453515184,0.5200776086266473,0.020810705167395388,0.03912334946245976,0.5224407357350799,0.102505656696364,0.004658975128175316,0.11890669887515917,0.13714254904664325,0.01068134954620964,0.004658975128175316,0.7101522943477098,0.07911079202359805,0.00030227216023565934,0.00904633454095709,0.046579492680857294,0.017891126759890706,0.04323333691756669,0.03633059242458603,0.029536299340559534,0.5828292729444039,0.32115222482617956,0.028730721237103816,1.0,0.1599195039773015,0.061131782018304714,0.5320519876155715,0.4997318782893285,0.44268350967619274,0.7447434204667751
600435.XSHG,4,1,-0.2184294620515935,0.41984981025763823,0.17344917643347357,0.324494859840638,0.36698822835142586,0.061203947354148996,0.8370452452186192,0.4844778650058421,0.9535064663632318,0.7824503023142947,0.43102838409305383,0.0022455394325805607,0.010911062949048823,0.004882532971301923,0.00030829084194654565,0.0011899444472607257,0.0021043876499341877,0.0011576579834297292,0.6195761962594245,0.024858879000419942,0.1510072314140424,0.004183581767047944,0.257906758474214,0.5454545434710744,0.24695397619030166,0.7212883590010191,0.028863847246813908,0.20498326851768112,0.09136926069655076,0.22074706213497203,0.20079477407775445,0.20080321285140562,0.08921853980032965,0.18986263203226772,0.053686427340659544,0.06633315538677875,0.2320589985579508,0.1390885140014217,0.14370855073481048,0.12338730175676149,0.5351862729666231,0.030363472359303284,0.08144642358342914,0.5224512544033876,0.10378538688078126,0.005145261948280352,0.13453963253384568,0.1519706296622936,0.028800625146286722,0.005145261948280352,0.7190623258161881,0.10148200498215698,0.0002140585549232914,0.008946391120345955,0.06549591868287619,0.01719350885742147,0.027454303795924832,0.01821972071827595,0.029738356378078132,0.6180466001288473,0.28060679926798504,0.03547137998169278,0.08459104968336756,0.17139105803820237,0.04761619907878208,0.8848777179702034,0.8267712617752423,0.7678400266164613,0.5819910119785898
600436.XSHG,4,1,0.1102491839364667,0.2996672277259372,0.05225431420976462,0.3245796777380288,0.6325503678274483,0.10363431655628275,0.4214414183737774,0.664530600047528,0.7693659389904096,0.42826382457069817,0.5615597043547633,0.001213390449070692,0.01287904372971966,0.005739426316594391,0.0004285752233420629,0.000431594461606437,0.0008279211663126585,0.001133280918904985,0.6198102948644342,0.022248012240145765,0.15215318901063704,0.004569738145456682,0.04632616945500406,0.4545454565289256,0.053352011392855225,0.7028222748089723,0.0029376897589580083,0.024328479696120106,0.09154096805608458,0.5080411700587826,0.09691788710801719,0.1285140562248996,0.13324246229334963,0.6127960299723129,0.0984138919441325,0.051676829302252786,0.29788342977846166,0.18240083253369696,0.13527116366009195,0.33994140773602416,0.42751963183043257,0.11614408438096133,0.3193365238696922,0.5338100110100747,0.2591108973585721,0.04938823792296177,0.29087476426865266,0.28718774108324097,0.3339427343311181,0.04938823792296177,0.6910071198454738,0.06803977101113974,0.00043440964041740115,0.009101969333420936,0.050121128236572325,0.02901598310228216,0.05082849369452059,0.042685301408879814,0.029575021399975598,0.7523975902679292,0.37237711972214427,0.029055663789392568,0.06831834645651434,0.15396233913462026,0.01897843512591972,0.8730232137024045,0.6897334262084827,0.6788808411646812,0.5154497935621877
600438.XSHG,4,1,-0.2193690203623257,0.5014875620749035,0.27513992532375753,0.4455142399333639,0.5708553273334118,0.2137851878044777,0.31114804102286187,0.24452591322115613,0.9768748589448504,0.2250840621295997,0.2750760187369076,0.005322994689404806,0.009815587965368919,0.004371486334898144,0.0043542691470262185,0.004254226944972651,0.005710926352987339,0.001302154992797504,0.6169115855364221,0.020041297516667982,0.15003282851496327,0.004275163829191123,0.008254878802313384,0.2727272717355372,0.007819386619633061,0.6981614260085847,0.003025853266365189,0.01808808899339785,0.09096450830181498,0.23455179008755872,0.06771722246453957,0.8955823293172689,0.08501734631089489,0.6900705164464803,0.05511033230506556,0.038558476527206224,0.2937521080620962,0.1779179082612489,0.13584960107316388,0.046496126416428564,0.555120900876017,0.05733897249725365,0.05865799466899251,0.5424875108880262,0.08041951894886666,0.057579375137496384,0.1392193189140133,0.15384133988120574,0.05857857150998645,0.057579375137496384,0.817704846005443,0.0551067183805167,0.0016277108001171764,0.009116022857405901,0.04355366131268075,0.016373214034025585,0.26391287615513004,0.00825753249832482,0.029783702610813236,0.5100571829021238,0.27034410585212965,0.030412804522432026,0.03980623336151554,0.18147950233064802,0.0170835078064246,0.9417660237746943,0.7609957542788912,0.7754341678262959,0.1658484735916716
600439.XSHG,4,1,-0.2839611145591296,0.6417261014930924,0.43048620013952826,0.3341198319295292,0.5156463540321428,0.10605657961054332,0.3758307676435968,0.15453518243719006,0.9792344865680371,0.240439733398817,0.27822518893440046,0.002031532341739237,0.01175043428815106,0.0048453732405486834,0.0006849252724483113,0.005945208990984968,0.0006156676652979836,0.0011868448549601503,0.6214692091833853,0.0221440403477184,0.15071188120186219,0.004560853893117398,0.01096755901280859,0.5454545434710744,0.009533140550149581,0.6973248705172415,0.0020693183719278853,0.01704802387627747,0.09112808754192976,0.3031241028591816,0.05258045347060277,0.9718875502008031,0.10043072609430648,0.7233073845676876,0.07017265346895445,0.033560936677188485,0.30825642964512806,0.17929104641506802,0.13841812315907417,0.07852501821397054,0.5158943798174952,0.03366207649390889,0.0661813725309854,0.5221214821076648,0.09764905279600679,0.010493823662280074,0.13806381340208362,0.1546917389370769,0.03878059363980451,0.010493823662280074,0.7100225876601031,0.056492707415030596,0.0012016600433739366,0.009126519957022294,0.04933581306306424,0.016765692371043972,0.036511421325892905,0.02001002780080048,0.02891465547769919,0.5635554082029799,0.2832001149297078,0.04141028951436473,0.02997666050863639,0.1753616304402898,0.017419842076927677,0.9275299669085797,0.7167473795940031,0.7543535606118619,0.3575137589474505
600444.XSHG,4,0,-0.1756947328220183,,,,,,,,,,,,,,,,,,,,,,,,,,,,,,,,,,,,,,,,,,,,,,,,,,,,,,,,,,,,,,,,,,,,
600446.XSHG,4,1,0.0321635466874827,0.8402932333820265,0.15481060457691043,0.35521469818020457,0.5074313599125339,0.14376101398437052,0.513342208113173,0.6499057962557058,0.8901842301001371,0.4143716754612057,0.20617781269326557,0.002700233774745048,0.010622037885437656,0.004760932605562902,0.0006783563439310414,0.0006330160857062448,0.0022558360705246263,0.001157036845243048,0.6181427529524506,0.023345899515680342,0.15095723715607665,0.003739689272562761,0.016696030576466674,0.7272727282644629,0.016596887306528373,0.6964848983373378,0.00329095572420548,0.0529076603056887,0.09144187504802069,0.5975979347682652,0.13782238768778038,0.048192771084337345,0.1616527285687745,0.17199791807608872,0.11238070874625929,0.06481247463415282,0.3248099067218362,0.18761134940509672,0.14458855551829292,0.04693331001687464,0.5305213323209594,0.043798632606338095,0.06232066685969417,0.5184479375701779,0.10788236856612256,0.03131886390845263,0.14129964650380683,0.15721596371064228,0.04769974317154121,0.03131886390845263,0.6936059277124765,0.06951736547958375,0.00040736268110029377,0.009029869217313606,0.054890536061704416,0.016104504888004946,0.08003657765574139,0.012684831587987187,0.02954309787007533,0.5658900717752425,0.2806426174695882,0.0396569257296684,0.09026738468433754,0.15858183551198257,0.03186666267871029,0.8397471630853135,0.6325986245632658,0.6416692851842951,0.5139609522943437
600448.XSHG,4,1,-0.2461655457637471,0.41695508956847466,0.23819180593916428,0.3338529831375291,0.5468384225673277,0.1760163959676072,0.3518239081265555,0.3428059871916621,0.48377810894331363,0.1680345413659153,0.06824542295149205,0.0006472978020465184,0.013684344003226122,0.00483468793801976,0.0007327451358120199,0.0023895094881313,0.0014556097146378331,0.001167188099505941,0.6168613109274113,0.0225815301459903,0.15084827726149128,0.0029896988648131255,0.004801310642509269,0.2727272717355372,0.004832839388759357,0.6897235432545595,0.007138891731226747,0.029890567061589945,0.09090274839908455,0.3403976826722597,0.015506627123918336,0.6626506024096385,0.09243482122034227,0.8466973069472404,0.06291287798949341,0.04122750352466683,0.30515500456145817,0.18018761485445958,0.13624085873908443,0.1391729307508423,0.5229665729678092,0.027600785287907145,0.036865608544283966,0.5246530686247556,0.10100033751317024,0.03227079455141898,0.08706481473577689,0.1035476636162892,0.005946894904437495,0.03227079455141898,0.7353890090525921,0.06492376718801707,0.0005110243681546158,0.009041761251187422,0.04248603898793677,0.01446623899224679,0.12084104220638016,0.0072322100128338175,0.03029012699508747,0.5066452808304772,0.26916249452750446,0.04184605687132476,0.04045617665692143,0.17975114949080406,0.013579739187653287,0.8777321725298604,0.7042396399982311,0.7415681531925231,0.06859878452096196
600449.XSHG,4,1,-0.2096651884248344,0.9113326324504838,0.7365984516377639,0.4014230991184782,0.5397373174550235,0.3231004967094535,0.6530928524876523,0.12920506624310563,0.9800599610621925,0.29882109993290495,0.27937038280194376,0.0019621173535665655,0.010017021482300225,0.004576527451242514,0.0007509535489766509,0.004896836816416629,0.0029200234482966493,0.0012944453790903756,0.6185162023165882,0.02059785099632548,0.15016479911995773,0.004892600864086562,0.01931041549584371,0.363636358677686,0.01887550418396898,0.6989319980693061,0.0064094499605650435,0.08130596002532332,0.09044772142663775,0.3430165017104419,0.13939896611292346,0.859437751004016,0.10378601517093988,0.346905191361453,0.0572510953908611,0.041001135389388745,0.306795053963607,0.17922499253558746,0.14143119714446895,0.3837860921027492,0.514319832938214,0.07637364633124331,0.2163430252871705,0.540416256625958,0.0723808220804284,0.015491924977087602,0.17819563056808974,0.19431371063249817,0.07053571357569945,0.015491924977087602,0.768702594250605,0.06920788687428071,0.00041265307210746726,0.009135907524614358,0.045988098774786955,0.017271477665143795,0.060929750134593494,0.011046551270153547,0.02931858293711955,0.5773039209707234,0.27772771664999374,0.04616825675344746,0.044799845461684244,0.16445207605005827,0.030639618352575223,0.9157109684566331,0.717468820485605,0.7336439467353906,0.4592207878095548
600452.XSHG,4,1,-0.2081401695924643,0.5200354638093239,0.19552175445765496,0.3764715860929104,0.6244960291687458,0.12335011689195394,0.2864447060198104,0.24674033790955457,0.5485273622840704,0.10805236891818465,0.08417739617699505,0.0008577391566166527,0.010717254288316368,0.0048181245720952835,0.0004083190842492287,0.0006412986031593953,0.0009756490906703086,0.0011348070209853474,0.6164720843669834,0.02224991899932391,0.15092547065439013,0.0033422031685968836,0.003256543574778459,0.363636358677686,0.00339483091195292,0.6985686239005188,0.0026427886840456466,0.020439540562539566,0.09123596038510257,0.2883631905240503,0.10431450600388525,0.8755020080321284,0.12113496128208538,0.4299963350747716,0.08403535500991857,0.037714659079575365,0.3064258702529405,0.18168078936836898,0.14028212147445646,0.15704705746049788,0.5086141735955775,0.02879506790171201,0.06545279711515214,0.5313301345875654,0.10975827338079405,0.030348786250069842,0.10845021585490348,0.12116681402724368,0.05600949170549312,0.030348786250069842,0.7668703412220708,0.058686063631800664,0.0008651519750356398,0.009076475319729212,0.0474749604110392,0.015035515161361809,0.43153245929770456,0.001402323434482264,0.0297669548808199,0.5289956234067349,0.29599917104153156,0.07155046826729966,0.03713281945632447,0.22502754977960177,0.013498983071125202,0.9258860476346025,0.6989352527530852,0.7092138373913757,0.4327559386878389
600455.XSHG,4,1,-0.04005867553473946,0.5805292626433952,0.10112840100316417,0.3773783761817178,0.5231834523203512,0.24885530489890453,0.4806822310914778,0.4654667194102588,0.14758122800747142,0.3648302225350315,0.0,0.0006152878820745,0.0106559826894813,0.004788413097596959,0.0001079807290819386,0.0003266523293010828,0.0014409008796048427,0.0011426593755781524,0.6165143025432135,0.022679252786832308,0.15086082463200798,0.003252355084233459,0.0066980678851636475,0.5454545434710744,0.004873270380504876,0.7009225783537365,0.0037718685427139418,0.07009134484941666,0.09116362600758493,0.3318145207229578,0.04750793901235315,0.465863453815261,0.09945306086954228,0.884503525822324,0.07661456930080969,0.041901408963994614,0.30657782188458216,0.18154990428069992,0.13502679010131102,0.22898026482376468,0.5275281855450464,0.08576152157018818,0.05314806243746076,0.49096615012243405,0.11030971315558104,0.015557720694764316,0.0734291448797166,0.08635378260993884,0.030544800250864333,0.015557720694764316,0.6418623075871401,0.07793724850531282,0.00031102706146517156,0.009009533005938096,0.061192449576512875,0.015730284594822095,0.06554602100212947,0.003268697688172168,0.029814212220930413,0.6582947364452572,0.2834897751687593,0.03531326776036557,0.056764504511525114,0.10068660700714395,0.01953191362086499,0.9075020238315035,0.7052264384591576,0.742576832588266,0.2535082193597608
600456.XSHG,4,1,-0.3666365562527475,0.6543349329699881,0.41486453153732056,0.2686568829192514,0.5150069085191695,0.09962914915818269,0.41065764936001736,0.1790836723098524,0.9912275771708883,0.226826018945158,0.37684648393859954,0.003190965205574661,0.011014831531272133,0.004923249640059631,0.0003466648501552895,0.008545491882086581,0.002237447580093522,0.0012634776529023587,0.6191713174890094,0.02352520825633074,0.15082788179364312,0.004404465596737208,0.01734359200323812,0.4545454565289256,0.015270421622023229,0.6978718601175369,0.00402890455699613,0.0193090350004522,0.09110727607651871,0.16111051521158998,0.06050754600410856,0.9999999999999998,0.08476634196410571,0.8292483618194865,0.05156823983765605,0.034671181786254085,0.30156818742209157,0.18026077595317178,0.1337958232919198,0.4848271124039293,0.510511168377108,0.04643825184364031,0.23350818740638846,0.5160031099928313,0.09953122397175541,0.024696778614247666,0.16196269026325608,0.17295476092242903,0.10825946433678801,0.024696778614247666,0.7127160463531972,0.07355458099122306,0.0003519751943349274,0.008636883776263288,0.054987496695423285,0.014966969860135246,0.03730420201478256,0.011500460451858166,0.029583961241532834,0.5666413111816581,0.26917397971171414,0.0513954906654477,0.03279193382560466,0.22159736472108224,0.019693126757193275,0.9161494652824134,0.7401983547830704,0.7693728496249139,0.32367453888849984
600458.XSHG,4,1,-0.2744877412786841,0.7368163328060043,0.22681802350385497,0.37040241399881324,0.5651493000788231,0.1499458384945849,0.5133235636177117,0.17616732299947366,0.9980096404882945,0.17212095665507163,0.35598769244113315,0.0036176666170241963,0.011885051347022519,0.005322856862820009,0.0012586115803987967,0.003603389146717182,0.0045152467233074275,0.0012658122727704317,0.6184358760305019,0.02226430813319598,0.1514560471706407,0.00418623494992359,0.024393726170090387,0.363636358677686,0.029758626811256267,0.7003997936771861,0.003464822550181361,0.04015555756534322,0.09104400436823114,0.3418319728809214,0.08379565721098467,0.9437751004016063,0.10594162205465174,0.5646038031042019,0.0657002051236175,0.037970134889232184,0.31361313252697326,0.17895347270689543,0.13816855016287236,0.14501653769750453,0.5185397492424786,0.024062894731060897,0.09945371532279457,0.5079901330073563,0.11965268345598865,0.040336928085914804,0.1446986051888136,0.1613587277817699,0.04292579277132194,0.040336928085914804,0.6620626635209874,0.07438745670223518,0.0003429843502312628,0.00910691795043086,0.05005384942950209,0.013851162439856344,0.06666660200266268,0.010599311902120153,0.029411713665028802,0.5623717210201776,0.2776235713355498,0.04374061665716314,0.039067249112837495,0.18242537809697523,0.02077376323503021,0.9161521282186023,0.6948000972977755,0.73178105847964,0.43535767379524404
600459.XSHG,4,1,-0.2723730860150888,0.7584070152607729,0.32001215315087367,0.27839766065510224,0.9146070252075271,0.0963047969449729,0.588757327804619,0.42372629813455887,0.976141591708021,0.29951389949669066,0.27413230670957117,0.0009101528253738046,0.011193908904581804,0.005010887681414653,0.0014926147026681866,0.004007941841725812,0.0006284370822723565,0.0011251053321813058,0.6206026487825365,0.023836855147881784,0.15108418537359108,0.003621871014116697,0.025971860459802786,0.4545454565289256,0.023709178376848567,0.6955328753341559,0.0061688405869943395,0.055666093877181876,0.09121280869459474,0.41433384275498886,0.07002987579264613,0.4457831325301204,0.09575651128992516,0.8595769013211183,0.06223832648614983,0.03985673558873848,0.2966022713239954,0.18048520766642281,0.13460433581086526,0.5328173117620665,0.6847600346329954,0.17936178653399631,0.22484155262421954,0.4857580844396938,0.12089568580187054,0.11295291610569305,0.13815972049009514,0.15082325476521843,0.07644152228846376,0.11295291610569305,0.6383812605386684,0.0545252576567247,0.0019242616544803907,0.009028417257441886,0.04142224232084972,0.023620897131096975,0.12817689632734322,0.021500809394602725,0.029111208035599814,0.4893207576041506,0.27115137803717426,0.03346727101393483,0.05028051301937893,0.17712917046663626,0.028873452174433212,0.9071576174177332,0.7405936269957101,0.7615252183051544,0.34878654828380934
600460.XSHG,4,1,-0.1942088731631978,0.6763513615541636,0.3122936319818422,0.3335857801998196,0.5408426805221553,0.14273039067872537,0.5049202823522393,0.25789765971991546,0.9847322345155476,0.5321744779833596,0.28637797541469795,0.0029684907561551717,0.010837971252537323,0.0047160102863225955,0.0004743741713521706,0.0025135849577081646,0.0009499067608948487,0.0012009572179705272,0.6193545531689673,0.024632789879411414,0.15065316497756087,0.004233044419629135,0.031417664005905364,0.4545454565289256,0.03936901631815068,0.7108235018296986,0.007261197018272314,0.09265623586868046,0.09094401105507131,0.372220729945292,0.10181769125383963,0.4377510040160642,0.12147951580536819,0.3257163799572733,0.09911618180369537,0.047360368593600766,0.3082738067222687,0.20832292644194472,0.14181855523232384,0.05497740775244876,0.5196531895907223,0.024969764040198225,0.05570215347202138,0.522952617494328,0.09825636762373147,0.007171876438833787,0.13247368839682688,0.1499857689176895,0.02664611826938599,0.007171876438833787,0.7254296387960882,0.0661472264686022,0.0004770450942514819,0.008609255414459527,0.06303298666718729,0.017295571857888638,0.04446703373650415,0.018886046839773827,0.02914400470864166,0.5838693652886368,0.2693069353187519,0.044161555915257694,0.05452627594614001,0.23515557708871662,0.03717039540587426,0.8471226086833024,0.7445187077086373,0.7254372044265709,0.3671030509016925
600461.XSHG,4,1,-0.2166696540550259,0.5744499765947487,0.49457480380812835,0.4662593872960497,0.65509211776831,0.28082270531296166,0.46426430271037106,0.33703741637505313,0.8869394128066221,0.15067568743389592,0.20435995860135459,0.0009477282813105941,0.011632122691156753,0.0051583871103907395,0.00032554968992133855,0.0009252195860364828,0.0012454372776892063,0.0012673734081901321,0.6166924263738881,0.023536080915735266,0.15101891464323078,0.003610318765740421,0.011548618292049754,0.5454545434710744,0.010281981534787293,0.6796486604788351,0.006300661831017978,0.03558831509451026,0.09091088998776846,0.3305472403171666,0.07805254978107903,0.48594377510040154,0.10883047785693672,0.5812212105751059,0.07918351312782193,0.04679322721261985,0.30735417972211854,0.18058960488293638,0.14003384833760985,0.32674860759438634,0.5225759767869674,0.026135957459187693,0.1428856451506891,0.5287270050669469,0.1122503703680495,0.014835093038029493,0.12705170099469537,0.14313078388401412,0.036598784325856434,0.014835093038029493,0.7333709599580265,0.06308667184117872,0.0005755704943486331,0.009058147342126425,0.04921616232186286,0.015427982789850088,0.12885291230046073,0.005051444996550279,0.02948304578186987,0.6635450959867738,0.292843581718935,0.026979047449428868,0.05870033606311166,0.14216145437503167,0.015197403840401988,0.9094939001008364,0.7005550395825044,0.7277542624626034,0.4288170722057564
600462.XSHG,4,1,-0.3200586755347395,0.2691213647095092,0.06427492375168181,0.4019456411126337,0.389734266505844,0.07581453770009564,0.2887452295986752,0.7817686851473227,0.9195434599148709,0.5199939285776436,0.22416481033827718,0.0010612300888685276,0.013684344003226122,0.004633322644017052,3.655476367482396e-05,0.00031161417092829863,0.0005462245967595223,0.0011143750915625663,0.617554638419796,0.024362510198209158,0.15068907018527244,0.002277589047215551,0.015489405505756837,0.363636358677686,0.0112324898661331,0.707739622610368,0.004947671317689493,0.07253323686352536,0.09082056814749491,0.22105555560725437,0.04713793922775151,0.2369477911646586,0.024158344873384432,0.9979232090372745,0.026389036255602502,0.07592122042133123,0.28959714721571567,0.1771255004245612,0.14148709109674332,0.13821265656989934,0.5318427242963106,0.024037865837626165,0.017643237399615305,0.5189878021989316,0.09542397241687106,0.0019124130925212794,0.06909951676036402,0.08386390920661722,0.010193086545809646,0.0019124130925212794,0.6133174880839285,0.09144452396065123,0.00024140476639361043,0.009642733089821458,0.08175206150180016,0.01518323933421299,0.058478753440586895,0.01679350526795967,0.027857121122942398,0.4809157469759149,0.5821357108832633,0.03549932993243099,0.08754117293674546,0.10474695369103715,0.026268020577854878,0.8970162687648238,0.8507418955375705,0.8765621988154617,0.10345571470975756
600463.XSHG,4,1,-0.2860046214806854,0.6948218014179641,0.3095733587688476,0.5508134461334637,0.5521081222954171,0.22858125780515015,0.34873347942331334,0.41380719261115784,0.7317238629747467,0.3375190698735635,0.13806520512522824,0.0005838750378659941,0.011306740562471076,0.005069780590763607,0.00032669276011052856,0.002515121631347899,0.0019203192775107416,0.0011867379665751203,0.6197232063174348,0.021846158311352892,0.15119395107467187,0.003878019098758647,0.008181560344440366,0.5454545434710744,0.0065250084291725375,0.7015268387201073,0.003655062355393065,0.029212263724337523,0.09120730592020365,0.2984932290026385,0.18898705739232757,0.2610441767068273,0.1148822519503894,0.17906085521081533,0.06695119534657415,0.05964380294379771,0.30896458840522023,0.18102385636905183,0.14413880418138755,0.07256708332759682,0.6244186037161518,0.10386943413606618,0.0845224082035335,0.5044228189902592,0.12424836304371778,0.014594169415093868,0.15397217321363063,0.16920671617642918,0.0626659849009571,0.014594169415093868,0.6616747119868844,0.08673293837651172,0.0002596206474625002,0.009085774333122151,0.0471294639488491,0.019718612382671724,0.023628365622841836,0.016866804759845047,0.029629322458003596,0.6225435025830439,0.29836425670515765,0.034991380202692386,0.07674390077716527,0.18013542141662867,0.035902973021475146,0.8997076096064536,0.7113683605324845,0.7149609334773297,0.6732741219300064
600466.XSHG,4,1,-0.2649909248572327,0.556394889242272,0.1611992661529454,0.30701883152102216,0.4493683699321853,0.007347597550366958,0.7302684268727672,0.23561049944382875,0.8695930322927379,0.5378920562979405,0.19509495622287498,0.0007656527971179522,0.010583125406376634,0.004712437489544191,0.00011246961357956129,0.0002155641385018881,0.0003452033354506492,0.0011156602849425037,0.6175976591331599,0.023554367542677517,0.1507985275169848,0.003346524351486717,0.08864293495204333,0.4545454565289256,0.060046620934849915,0.7113503762684236,0.01978860856385793,0.1645563896174369,0.09176839176302753,0.3828244821256783,0.1525128675515553,0.6626506024096385,0.09068042600905724,0.4420443917917994,0.04806786740080582,0.03971629871786367,0.3082139487528636,0.19034518935263728,0.1414350967225346,0.06751394941761588,0.5318427242963106,0.01673263498470232,0.037284957411956914,0.5211744807792614,0.10021042788628155,0.004204010834116005,0.11069742804286185,0.12842588185962833,0.00998659529862637,0.004204010834116005,0.688506468390714,0.0659110633285892,0.0004831534617324841,0.008725646612371284,0.06185164996657166,0.019744291437872676,0.06566347854651577,0.03256537502953985,0.029572572240274254,0.770634134766251,0.2827360356219802,0.04246207703558922,0.04285096391625161,0.17341937097836552,0.028905006879224742,0.8893079561432162,0.7284452257750655,0.7378370956370655,0.37128553253315255
600467.XSHG,4,1,-0.2589036603371712,0.6075309018934624,0.4498264364907882,0.3445565059842656,0.6329545976968258,0.0529501027188497,0.49169429159410855,0.1391721760084693,0.9985110723352761,0.24567198463968812,0.3205422481668992,0.0005518805991196208,0.011143090612791416,0.004960569633976039,0.00035289491148593764,0.003952611428703614,0.0006766641536291535,0.0011611701862040437,0.6189690774730003,0.02155942865016509,0.15101823630277883,0.004660989462096719,0.030357505733816303,0.18181818479338843,0.020907318741472752,0.6992234440892633,0.0079071458991919,0.03992945645292575,0.09070804086757177,0.2800169425215593,0.06050139236075799,0.9839357429718875,0.06832061621896537,0.8707934203812959,0.04029402030827752,0.023952970521893813,0.3064258702529405,0.16782906079400411,0.13686609108894415,0.1658362996200367,0.49488139083600646,0.02853796615357678,0.11069239676080592,0.5196998598367374,0.10530759042576616,0.005313883933694365,0.14861440231572023,0.16352451319650232,0.062148829030283695,0.005313883933694365,0.7025054424225003,0.06661969442116646,0.00046539896633634786,0.009175896736640241,0.045206345420476704,0.016534206075681596,0.030982002344901536,0.01525894935452047,0.02947626223608973,0.6326339506987358,0.3186188657193142,0.03318703213285586,0.0164579801537013,0.1457856753812636,0.02058593048992044,0.9176078666685603,0.7403973729600639,0.7908825416608356,0.00674965185157772
600468.XSHG,4,1,-0.1922570971807372,0.45907042225348155,0.06385909120262201,0.2995684911604345,0.5212079418296834,0.11175546911890294,0.26517444411436786,0.20632699573513463,0.9999297468515613,0.27368811838113444,0.3418347225491157,0.001230460043754564,0.010669713348579184,0.004729042089535725,0.00020354851290053951,0.000842272092920456,0.0012022439389617141,0.0011383043313462399,0.6175201289527675,0.02374397898934104,0.15080659208976233,0.003478957883662925,0.007814562563507254,0.4545454565289256,0.007361466041072287,0.6990199694254697,0.0010654889139526435,0.010717192728588223,0.09131941489773492,0.38089023625241836,0.08988276663638728,0.7710843373493975,0.11421158941749861,0.5471538313867482,0.07942853795290747,0.03454368966395963,0.30656577933346424,0.1812202312761337,0.13930072766126703,0.04642366504618889,0.535361217035783,0.02939186310310115,0.036500153995534815,0.5221189528095603,0.10224038074409904,0.0072607088412443245,0.11678888555363331,0.1347431519537195,0.011931164989687366,0.0072607088412443245,0.7131028293585829,0.06797803196496269,0.000435645664016855,0.00889068669083388,0.05945982241560994,0.017320961782776652,0.05590835928207436,0.010855209767987109,0.029571103834179678,0.613615673681561,0.2784545925455704,0.044604741384143304,0.03221317793738765,0.09767085613315094,0.018635670275767183,0.9213892360568661,0.6890866171332539,0.7194537816235513,0.3371628456598644
600469.XSHG,4,1,-0.2514971504047567,0.6315797730779014,0.492329011624891,0.616965739767004,0.6280429874560015,0.2552051809927102,0.4787104721159141,0.40686544942322544,0.9656066930174518,0.15412866388103102,0.2619661465333152,0.006246321472278588,0.012721879126754009,0.00566528192878904,0.0020270634714500383,0.006742864315951709,0.007678541976562852,0.0014242610672281712,0.6169774473115277,0.02238833798585594,0.1516461811999486,0.004770033773440773,0.02499635563963816,0.6363636304132232,0.030142008846080464,0.7134694621262958,0.02073561913540258,0.06688070905308854,0.09066990093777683,0.3205450966809847,0.09515001245102445,0.4538152610441767,0.10694102781338978,0.6983797334767822,0.08528803267633003,0.04217123036160021,0.2584141498047777,0.18135017355529734,0.13322128545691356,0.21431633784099416,0.5081544239992908,0.0841421485217451,0.17045919222656677,0.5481914394420192,0.13654679291991711,0.11021699268110613,0.18972186657329693,0.202469827184657,0.11022815559844422,0.11021699268110613,0.750419793941646,0.06889937931921916,0.00041811455258097656,0.00910231148710672,0.04741480524236464,0.014994062441310563,0.10567354580816518,0.0084351334019457,0.02979616771672369,0.5684681258267792,0.27594829175404656,0.02542652518574936,0.04712517706656341,0.13710876146324164,0.015727702338936413,0.9173442359858544,0.751359957542789,0.7325732150731556,0.4930071835150065
600470.XSHG,4,1,-0.3244859599620239,0.664591472958061,0.41601759877875644,0.2576094845887297,0.48601954780753776,0.2109169419936785,0.6811205010314549,0.27188265124863253,0.9886791442112723,0.24136958913486095,0.29322880973473514,0.0024311862375961083,0.011188580011470502,0.004999984705243466,0.0013834113085724401,0.0043920338963039565,0.0053392238931260685,0.001350845573989127,0.6168566685790136,0.02081455161102764,0.15094896498418567,0.004018730755144274,0.036685817973902364,0.363636358677686,0.027149607270559192,0.6690386021777359,0.015566542158862497,0.05485212987247897,0.09015649654223226,0.2650164625579856,0.0371274217888387,0.9999999999999998,0.07458320761155857,0.9031987508456533,0.04464193130892591,0.027693892077862787,0.3053231341106862,0.17377966434040504,0.13590679488479346,0.236119159019778,0.511087915903014,0.04505069662478268,0.12391997898917757,0.49374930143195206,0.1036934802516501,0.049155456929265984,0.13773061849969415,0.15343381915040535,0.047326786580030464,0.049155456929265984,0.6587685810672641,0.06983194473578556,0.0004021685407856737,0.009134368107189941,0.04403186851979764,0.01503358762594222,0.10114549511749818,0.008169455750637065,0.029149622247355976,0.4999861394943466,0.27047939742883714,0.02733420682346047,0.02016215802779751,0.16755680954552363,0.01794146677035353,0.902316399426226,0.7276436247843971,0.7851248834869677,0.18323567576628935
600472.XSHG,4,1,-0.04005867553473946,0.5832710543596483,0.33323445031838866,0.36979524077594106,0.5086859991960199,0.19531619973499242,0.5201466800399461,0.3337110635790617,0.8075837911617676,0.3255274155849768,0.29448349460704565,0.004585277962534866,0.013684344003226122,0.008150090726543492,0.0029840589171838032,0.008062098247688082,0.00966583515757642,0.003724127055187232,0.6194366714067405,0.02795801905504902,0.1535011777904567,0.007249247564261568,0.03212743887797873,0.512508658030105,0.03385548310334353,0.6973754749785577,0.011416551503228026,0.07601564141075765,0.09146680527188153,0.4259820692575249,0.13112622332231372,0.5511172547939428,0.12284974011172788,0.494504656209718,0.08633157970599001,0.045919982486072305,0.31147779666162767,0.18463137997985954,0.14208910423830812,0.20470555979997465,0.5318427242963106,0.077915971133906,0.12469801664167228,0.521515575256219,0.11601091851739048,0.03148564188991912,0.14997234261458614,0.16450473416111355,0.0632184951466207,0.03151351181947201,0.7073590212283098,0.07474128671978711,0.0010165370293848852,0.009470773081934954,0.05305644375124136,0.029247760156912796,0.06504798281099847,0.03229344616550119,0.02996043969994048,0.6137324122247689,0.29599917104153156,0.04246130980234155,0.05485061095598209,0.16042323302325237,0.02380545148233199,0.8768056165474607,0.6953581940533766,0.7048157031587168,0.46648362214367545
600475.XSHG,4,1,-0.188707324183388,0.7235336811077165,0.37890666104883375,0.30703972611787417,0.5761731735471839,0.18484511906492218,0.48218207717080974,0.2756478694636406,0.8848010826010175,0.32930950138927284,0.2031772692344006,0.0033444244924481915,0.011045980088731137,0.004898033876552342,0.0009076597284289545,0.001772460265565813,0.006275117114512399,0.0012510827426808566,0.61840315677216,0.023555487072236217,0.15101535625158807,0.004501174544584171,0.01487863257708072,0.5454545434710744,0.017386479042550657,0.6926788678683062,0.006307138310772345,0.045265442705978105,0.09057930439918017,0.34148906846956406,0.02580618456572089,0.9277108433734939,0.0587455580136267,0.9713335092223685,0.04260136218712182,0.034493759487024205,0.3071546363126375,0.17632488125616716,0.1358898967131756,0.0860624499463021,0.48646216353295146,0.11872176894746436,0.14182848735641476,0.4949286368576707,0.11330103024198075,0.054119473770923826,0.2040831829270556,0.21288662166739647,0.15726972448660154,0.054119473770923826,0.6731578436905876,0.09120794063776366,0.00024221625752665737,0.00904996361815157,0.05116157520002912,0.015844512485492887,0.04816415197592873,0.010360078790645814,0.029510848784463927,0.548330474373034,0.27560295757119896,0.04635250705370632,0.03458425667709222,0.17622430270557837,0.028200334988335227,0.9204217025748818,0.7512383353235155,0.8266418105531101,0.26092577469449235
600476.XSHG,4,1,-0.1970426063134786,0.4095103174309016,0.16194856930524837,0.30456566419230957,0.44428975156914907,0.05141438179594926,0.33120206034104516,0.2218585666776173,0.47316988352906153,0.22595455714387913,0.06574768058713432,0.00038711450366378866,0.013684344003226122,0.0047042794482716355,0.0001342746668171051,0.0005306683027735141,0.00027703872645599894,0.0011182958241735621,0.6177489038941488,0.022678906291167603,0.15077567539827336,0.0033553628352124137,0.006077882154708404,0.5454545434710744,0.0045910883281341216,0.7011151019773982,0.003556418467963255,0.031518495070995745,0.0915115147444502,0.8134626879903775,0.18596305622509351,0.4939759036144578,0.15129830516067572,0.2189448916383242,0.09501090508323819,0.03849695158950011,0.3067369587186592,0.18195524208229202,0.1437397473593357,0.10674831935915807,0.5285966460191454,0.020984778024500408,0.05011548429632661,0.51971868905596,0.0947592159459394,0.004498823113880133,0.11017568199820042,0.12665417290467332,0.021490463894912656,0.004498823113880133,0.6953563837308084,0.06156093288343112,0.0006471671124495875,0.009390353622315436,0.05175217759072216,0.01574068257755776,0.050708541967123336,0.028052747311898836,0.029346657009113257,0.5124556048003921,0.27207973131676866,0.03567824211709827,0.0385386934379147,0.1234207959669656,0.012167853083687265,0.8703576145772678,0.6388787537039495,0.6555623915735662,0.5193309397221259
600477.XSHG,4,1,-0.2920271794717474,0.6470305727295387,0.2859600406939999,0.22021824937630513,0.39766907482682723,0.20649670511482743,0.32358930568313227,0.17130771800109607,0.7620372183617141,0.1870640032329357,0.14884764584732824,0.0019860202717089637,0.01110252538661758,0.004957427019423555,0.0010556522029304633,0.007624421452028916,0.00793991060832953,0.001399769175651778,0.6175137394291504,0.023326984028097922,0.1508313490303425,0.0036837355968074876,0.007024010306443206,0.363636358677686,0.012574167279649436,0.7050031185704158,0.0025529688473626263,0.04300443158180338,0.091068332678437,0.34471714008670806,0.11665015487641239,0.9598393574297187,0.10935027426013008,0.5729119935448039,0.0845189521977362,0.03578389561742186,0.3064258702529405,0.191837029721976,0.13949050712712882,0.04617979227901556,0.5318312266670043,0.020862948883822473,0.046084639504112956,0.5229001044479674,0.0999437594093328,0.026411804553738805,0.12592441419864497,0.14192725609611742,0.03656565030031355,0.026411804553738805,0.7255827160580386,0.08461852643466924,0.0002694822772435014,0.008809191604771092,0.046192837419047755,0.013373155072858805,0.03704434509590041,0.008897169585352353,0.029391488346204808,0.5249405938727695,0.259364269747655,0.05274126454352124,0.034262501141616754,0.20007702855043827,0.017414159239097924,0.9121275439917058,0.7255622263500068,0.7290375561440987,0.5649990045768405
600478.XSHG,4,1,-0.358037873157325,0.4247756008050544,0.06534499386519949,0.3065812844971122,0.42339334090637426,0.12324906121262474,0.5123714513828208,0.41982347997407776,0.9507696671493644,0.4564963252426152,0.43389385340343933,0.0016888252979142405,0.011551198115930672,0.004597748133081384,0.0005150521108763498,0.0032041103232615413,0.0009713430418942791,0.0011594301578161303,0.6181447435177189,0.03807132012652113,0.15050441390291178,0.003475848141032382,0.04341533377501798,0.5454545434710744,0.05213570881924767,0.7024913597281671,0.006874936892675191,0.04146694401736457,0.09205517786610828,0.6622153142872758,0.22679207989020597,0.20883534136546184,0.16618991212871448,0.12089736258840218,0.10623434060007153,0.05246225099916775,0.30301711232876566,0.19000306632871802,0.1460002027780594,0.19461328614648904,0.5206076172889167,0.06244723484829303,0.08577776420886792,0.5300196369887125,0.08196922485635673,0.021343508864755657,0.11888461466273191,0.13564847407104627,0.02462626807229155,0.021343508864755657,0.7402629423319393,0.06595776340263468,0.0004819296882211734,0.00868841354698256,0.05189135237789687,0.01799677711794433,0.06037959802638069,0.012344886246034446,0.030064846529455302,0.5295517068935502,0.26930849263186507,0.042683710394960425,0.07319156050919302,0.1985931404215433,0.026793383980379254,0.8339783556546563,0.6545265578700636,0.6207603118984562,0.6338637020733384
600479.XSHG,4,1,-0.1919574097119548,0.5033339000796779,0.18933740979090857,0.3971296136110945,0.5462354212692115,0.0786835066284571,0.5310638010491465,0.5075133051451937,0.9737630835511912,0.3295138801609506,0.2711710657621366,0.0016405522443659793,0.010956729595949352,0.004910004050000038,0.0005746245122959219,0.000692444074655292,0.001463214248462945,0.0011441428711323248,0.6184601837682483,0.02196399642844185,0.1510520121993093,0.004029861481723159,0.030041057810064956,0.2727272717355372,0.03552217652327566,0.700772159866066,0.0031532582751734317,0.06244912724970607,0.09112182843971023,0.23912670995054908,0.023074143986338495,0.646586345381526,0.05319447500563276,0.9837973347678213,0.04537717051080548,0.032654128677283255,0.2774277483489506,0.17596080296264494,0.11294997881229249,0.08132846811591017,0.5373209323569031,0.031200064033163173,0.09072689900874538,0.5254119784988784,0.11228640194424296,0.02392893686047754,0.1570308105305356,0.16708260520680124,0.11386839218068805,0.02392893686047754,0.7265210446179321,0.06718529558556036,0.00045238216679410227,0.009104466123177689,0.050360297799745546,0.01641992464236026,0.07688993484454958,0.01670787346663233,0.029469738862446943,0.7366060389668712,0.2871377811363831,0.03377820609091176,0.029641834363210804,0.15689164070020772,0.02070885924507986,0.9438173722855805,0.8130224227146079,0.8329486972984819,0.16491715396843282
600480.XSHG,4,1,-0.1469503773631503,0.6289143003045723,0.5786536468451033,0.5270520397641886,0.6309887833734136,0.18112431764819026,0.42236991424775056,0.2245348947781829,0.8628930773425694,0.1781902520800422,0.19169867713167554,0.004093301472935139,0.011877978494159286,0.005239817594832645,0.0014327282032979213,0.005796146508865547,0.005144533598050337,0.0013076453241433058,0.6194291746819393,0.025739523557821567,0.15120502129614918,0.0044206942134705305,0.009763127980668342,0.4545454565289256,0.0065496107186825536,0.6769430771993968,0.005926895145368633,0.02175092701456091,0.09112610625446096,0.22640792237920215,0.05106683844094758,0.899598393574297,0.0901942286129144,0.836311298954213,0.060777120985947175,0.03497968487492449,0.3052452126643362,0.18041348693138498,0.13712476310063249,0.18327139093867345,0.5181644813986358,0.07418250697484581,0.14168890573776546,0.4877918408536726,0.12109011706084688,0.05640411549759004,0.17243248646121612,0.1919000586991966,0.03490470786789967,0.05640411549759004,0.660676788462415,0.07183219293200788,0.0003729093596685943,0.008996047270641638,0.04844179644440738,0.015433187135482975,0.06469707500691904,0.01136656540937615,0.029380928899038615,0.5692703718939993,0.27924784891259646,0.02748975967429857,0.03192127452053642,0.13390134962253636,0.01598163546090806,0.9039620939909958,0.7157052983061343,0.7594880555988308,0.25060290162892784
600481.XSHG,4,1,-0.2255425465024815,0.6179921765471734,0.24777522175795108,0.3835422822530679,0.5671004029760546,0.20854746652146464,0.4620862113183689,0.40687937431784055,0.9919669915582061,0.3635614112769902,0.3751081383755594,0.0024527981228510683,0.011985833802726558,0.005033813710142796,0.0016753617180730567,0.006740243748203013,0.0052143760993862715,0.0013546450408189296,0.6192552345599961,0.020713225321967475,0.15081444470680197,0.004073299177540586,0.02666471514552613,0.7272727282644629,0.023520520875415125,0.6835293922080429,0.00795258503073398,0.02627294926291037,0.0908766065123854,0.4386838686047795,0.08835363209320404,0.38554216867469876,0.10958810252572299,0.6958871736856315,0.08802007193097357,0.047961911054076004,0.31523027620589983,0.17888783428310193,0.1374601268142787,0.12444539878752803,0.5672877306763947,0.05937924628201617,0.0768446778907054,0.5163008846601522,0.09932251933477007,0.03290835423735163,0.12985219318548552,0.14353805305880782,0.06117389346270977,0.03290835423735163,0.6990781476950187,0.0603457763168223,0.0007219386651598829,0.009130352462129314,0.04376671086840317,0.01623715145046291,0.08164902078374989,0.010976919197808795,0.029459774678233748,0.5383298423339761,0.2776590002088747,0.04511692423142104,0.05989951298577467,0.18784809304858896,0.024767452294071905,0.897154741446649,0.6795586219096901,0.7120906860868257,0.34881150578251346
600482.XSHG,4,1,-0.2289727026840607,0.7690810649261868,0.23709124708477874,0.33645719361128223,0.2681282802927908,0.19084771794944105,0.4771901170915748,0.2999755764677343,0.9819019107978211,0.2359667966672918,0.2820185589169492,0.002453870780923866,0.011404806347330104,0.005079957963585006,0.0015018347192112282,0.003924665049475051,0.0017475600274630021,0.0012325715219674042,0.6185710580562157,0.02282983331133391,0.15107090207867513,0.003455979446149991,0.021057834305640413,0.4545454565289256,0.018516532154239106,0.6894523001903997,0.007758198400949803,0.037894546441168485,0.09121413842759868,0.3462079859264407,0.10340196069159285,0.4578313253012048,0.11351852754657413,0.7100130479550846,0.07698955137825178,0.04369095340986968,0.3090591180598461,0.17993723545841286,0.1389757628224626,0.17214043883088892,0.5282015267224678,0.03777526727816103,0.07842493729397366,0.5139134279874302,0.10867175599625481,0.05409044263803102,0.11569576924702415,0.13082072299376468,0.03802990915710485,0.05409044263803102,0.6845112687066841,0.058306182711932046,0.0009078124437555927,0.009064559159633962,0.04495767767277593,0.01528395305988645,0.12339189859797353,0.012313248640130618,0.02951643771786471,0.5413059701078791,0.2728572198885237,0.03596732910758244,0.04950660509048717,0.14896086664640015,0.025039032122988573,0.9030052122537671,0.6817754632700899,0.705917145701362,0.268402624443283
600483.XSHG,4,1,-0.08302742553473941,0.5325711477476344,0.35850926995345167,0.29401353863632296,0.597359800526435,0.07139701251210318,0.4460051268219298,0.2921078277878968,0.6395179228954133,0.2872287437376372,0.10896824582952913,0.00036624528720576033,0.010500922849141493,0.004720093075717573,0.00017937319725756172,0.0010549243333657528,0.0006581895172407435,0.0011350170007703927,0.6180348469040453,0.022358257176994092,0.1507780578271231,0.0035468561287908752,0.006272140561913825,0.4545454565289256,0.00473358942574826,0.6908087417587767,0.004291494887930346,0.024418920141087094,0.09111967377551995,0.3160926126094914,0.06644909905786761,0.78714859437751,0.09402912704509248,0.7336933925607151,0.06324957117140104,0.030265451166216574,0.3062636840868115,0.18071282489715043,0.13910574875798437,0.12845227102388157,0.5299630290562951,0.019472260499265582,0.07276979515271804,0.5161442287680279,0.09704173796828211,0.01757410575159936,0.12467803972281546,0.13845075208398078,0.056878928535738484,0.01757410575159936,0.6813106685503351,0.060132547719190396,0.0007372402605537049,0.009181480311932435,0.04254790910659548,0.014449908483830837,0.08404579209155535,0.01720897989287849,0.029318938460302004,0.5042601650176362,0.2728377534746089,0.036309187880056354,0.024892956033890395,0.1688343118255054,0.01870042471735359,0.9216058215335672,0.7162885321303789,0.7565069062852343,0.24924327702357846
600485.XSHG,4,1,-0.2169734543912659,0.5777290650469881,0.3002554490684524,0.3080203555870824,0.4734116883952759,0.05016971569186801,0.3714921935497504,0.1553296343194419,0.37426091492431546,0.1750563153427163,0.043740081198085146,0.0009517258777994625,0.013684344003226122,0.004663476029010426,8.661252294144621e-05,0.0002451037307421965,0.00047309040697911286,0.0011152408102287196,0.6181924945800409,0.02215378361386767,0.15074519965683028,0.003575896560664191,0.004340690042336574,0.6363636304132232,0.005354798136003855,0.6996103152002108,0.0023887989284101948,0.038844171113321876,0.09149716908385515,0.718507117932574,0.1558841704336727,0.6827309236947791,0.15099196127286213,0.22933089963135161,0.09757371384797538,0.040047105058051514,0.30767333494805027,0.18244287879248058,0.14287014145069502,0.12113230391490265,0.5318427242963106,0.04577799182076164,0.08967380456607606,0.5218166414646868,0.09015935878415884,0.0054241776880460954,0.14312477874999652,0.15801448632780524,0.05865968360451544,0.0054241776880460954,0.7261681489453444,0.06748718408828941,0.00044581241364034655,0.009147498803205078,0.08142965090478121,0.022443965420956925,0.025949664800278754,0.04087026124897328,0.029347508357730243,0.6814506516100918,0.2475207088577829,0.033926690204208514,0.042328386911495264,0.15032442240462077,0.013410001794580368,0.8777889818352247,0.6359708770067671,0.6597647823021655,0.6314755658108668
600486.XSHG,4,1,-0.06009030442245686,0.5938776098522087,0.23003733812119478,0.4438540048479006,0.4816631267297419,0.08714542834230357,0.6196282619062713,0.5605849261916458,0.9919634789007843,0.5352098024467444,0.37511626992964847,0.0018465420396577919,0.012706489338117211,0.005675178874108653,0.0008095883550998252,0.0013296355687913428,0.0031411313682004924,0.001097966980321369,0.6206181000188271,0.022860205499123647,0.15206923914413217,0.004596986072169054,0.06511302509535705,0.9090909021487603,0.07933310172471109,0.7163262791023521,0.012810116860388215,0.13321877543637514,0.09217150782042897,0.7340400061952645,0.3889295851965256,0.0,0.3160829882298066,0.0041546085151509225,0.27917382720239126,0.0850811510483756,0.3670076186522728,0.21062898020157955,0.1707105291207491,0.4386118945661299,0.6122523267410427,0.3558861272057258,0.3311996161560397,0.5843901115524848,0.22123909979545553,0.10473990836186851,0.2606900313979549,0.27542562507684687,0.13898292325337958,0.10473990836186851,0.7788372438146854,0.07646525984486366,0.0003231741047492522,0.00910283595826129,0.047564269729444206,0.0282621239996814,0.05228389566998744,0.018170264343297386,0.02964067876747529,0.5667943311640719,0.29427280582855586,0.03017451494241741,0.14190029351147296,0.1787037037037037,0.03127071244840582,0.5516671755833606,0.5021118039892092,0.45434273447175033,0.823890412024855
600487.XSHG,4,1,-0.1982507659302197,0.6589769581331337,0.4079234732604214,0.6375136279695782,0.7507503245290462,0.2756386755089482,0.622331713748161,0.3928734954472008,0.9955446331424498,0.3468733141651697,0.3091761425624063,0.006959055516816392,0.012686401900614834,0.005546418649823218,0.002642378297333737,0.017695573426076167,0.005283317124478491,0.0014517790922442058,0.6176964264529735,0.028787166931118945,0.1512700267681852,0.005107433254543823,0.036751196213048926,0.5454545434710744,0.04770887544565337,0.6941919484603254,0.012332314042693715,0.08533055982635435,0.09077748500915665,0.1668861433515818,0.1045602059424863,0.47791164658634533,0.07020677224221325,0.7494813155541685,0.04624312631459629,0.04218144244427345,0.03681578282726994,0.16351884001915445,0.13138458418799084,0.3841145031352022,0.5320060199656363,0.2290030445262557,0.33065279335929737,0.5005116007261253,0.1343137055238495,0.14928868302812762,0.28698073810293323,0.297701300776545,0.19469526901780407,0.14928868302812762,0.7058486030823451,0.06791530838987456,0.00043691082017886785,0.008979374406661505,0.04936457145510603,0.015343995788206607,0.06145759316143053,0.008965520505804247,0.02955307431370861,0.5726262775228061,0.28080535668991546,0.04572868690318933,0.04700498518011362,0.1381514572883417,0.02516689597415804,0.9615844825382398,0.8935252753084786,0.8271857580806572,0.5659590703751852
600488.XSHG,4,1,-0.2232165702715816,0.46755298735135903,0.35414789791776713,0.32091267599049683,0.637333754615083,0.07587112164934437,0.6030129090343354,0.42921307305750933,0.9982239125910328,0.4691506002780479,0.3191115464002287,0.0012786940525678263,0.01116989820519225,0.004964882101647212,0.00038033661734513145,0.0006025391652245307,0.0005585487801369033,0.0011130488876523429,0.6209428942475654,0.023728587215726238,0.15106223615936154,0.004259078127675813,0.0593800153269567,0.4545454565289256,0.029298562814394014,0.6906565002023047,0.008792819734730813,0.05978113412317989,0.09108944133955527,0.31310403703785555,0.17056109311703951,0.12048192771084337,0.0899570591513813,0.3876197388561121,0.058114564224417305,0.06392889853208791,0.304332443216631,0.1782798209630125,0.14146239376899417,0.09289499357146877,0.5597741316773502,0.04210348066656425,0.0672245556903478,0.5218940058686139,0.10362925005060956,0.008525230519777372,0.13103108812334288,0.1474283108005767,0.036251009593758286,0.008525230519777372,0.7076598225939702,0.06148995347669577,0.000651032375555467,0.009053598726901405,0.048090231697658,0.04345518305600418,0.0636964457337831,0.07137017493258696,0.02947847710465168,0.5570492868492631,0.28416934767852314,0.04484849907952037,0.09285136593028004,0.22346552477580178,0.02563139319255847,0.9158840593089148,0.7420365087789134,0.7383559582058183,0.4016165142346814
600489.XSHG,4,1,-0.2849384618214714,0.3692154367584619,0.19481712577981827,0.4064964134778649,0.378108060440557,0.1226020517737712,0.5224185556647986,0.22894908637117434,0.4852762573337701,0.2744704424210666,0.7036965593135883,0.018213373460157466,0.023104380551529205,0.009969655844952578,0.008511746070785454,0.006445313382288308,0.011764679426417455,0.001580205417918297,0.6225750860176965,0.055686553502605256,0.15760046484059775,0.010598723448320305,0.12928452969594575,0.363636358677686,0.11167524034444377,0.7039590019551484,0.00914986271064377,0.029890567061589945,0.09112119681928862,0.38973131662664695,0.05723798655289356,0.9959839357429717,0.0806099471507383,0.9410059963104366,0.04116399785230233,0.0250455598486863,0.2663874040550158,0.15164634779993505,0.13207350964625625,0.08749034150319179,0.5322147868898793,0.03951581368841476,0.09919841054863647,0.5275217744463486,0.13839223625713037,0.05270719815176229,0.16291325115134841,0.18151985164009343,0.03668440264785926,0.05270719815176229,0.7176156872643225,0.05613133871534345,0.0012879527525119221,0.00902889731441609,0.04469238810215191,0.01655614785387457,0.21983188652243268,0.01220501575464756,0.02936816139409941,0.531539303404251,0.28446913045281025,0.03046213131049356,0.011195101118897807,0.11457834587323301,0.013143656158401627,0.8777934200622062,0.7107270797399496,0.7698072154903579,0.3078699395808158
600490.XSHG,4,1,-0.3182133566744952,0.50537614798002,0.08397128553446859,0.33538377796622265,0.5717311587170633,0.1628026879726025,0.5428647308708513,0.9163203612557398,0.9050225732147578,0.6698536477840275,0.47439305854402714,0.0008473327921990376,0.012763291701945957,0.005705543447847209,0.0005526099064549988,0.0006799411607254618,0.0022031640959857164,0.0011574812797917715,0.6208972402645139,0.03759649350428769,0.1520476643116133,0.0032116970782677316,0.029614586730206314,0.363636358677686,0.03394441696748036,0.6980057778858422,0.0030666193787779383,0.03486479153477435,0.0910298842017339,0.15290012309639978,0.06428456230034771,0.19277108433734938,0.04341650514987133,0.9630242921920666,0.03276996707745589,0.0728382889775527,0.1980749089841578,0.16978463165761043,0.11693274787667973,0.18268284358706005,0.5637454776380169,0.06376105137674033,0.07101212103274804,0.5262878382996437,0.13451753632444152,0.021854407702387148,0.10608355052738587,0.1238631310600366,0.006406795178972776,0.021854407702387148,0.7153452359668465,0.07292300715982711,0.00035925987910342516,0.008948420464562434,0.04399519497398288,0.027654586252487567,0.0518789142507271,0.02488054676667971,0.03594295376903761,0.6235375780485074,0.3345133873448454,0.03288406766683073,0.09837644057603867,0.15560068019455844,0.04565143267332655,0.9713645595148486,0.8950787227455668,0.8555211994307035,0.304441903920404
600491.XSHG,4,1,-0.2333920088680728,0.8079296638370532,0.505321873236708,0.27740552145034,0.5127023970430032,0.20285454273299391,0.41083829380493136,0.2392710977269259,0.9942704166626417,0.2613656446439033,0.3055661842998664,0.0024080791062916023,0.011950416142776414,0.005306261494592135,0.0036952575546256275,0.01526635651576142,0.019749192006874135,0.0017520268139234291,0.6241232876504572,0.023350417355287756,0.1513553300536888,0.00537915941834202,0.013826814275221158,0.4545454565289256,0.014677953302498572,0.6989532040074169,0.002814441456361535,0.024147598806186128,0.0909703358132268,0.1560066162129013,0.07827556414889883,0.9437751004016063,0.0709499032216836,0.769838589301498,0.0529585807482011,0.03835374633555193,0.2783368411582247,0.17813645376313825,0.13351505367119276,0.0778994350509013,0.5289809098378171,0.04402294541110905,0.08840749398445505,0.5171976212071769,0.10906932179348128,0.07042498652937021,0.1559564370897926,0.17031043213101393,0.07234774716458889,0.07043153336694997,0.7117777177933037,0.06986724874117782,0.00040159680137771445,0.009035489256099555,0.041099831723830776,0.013977458843959775,0.05580009326396917,0.011109298373547356,0.02909214463736828,0.5032782867971476,0.27045019780796503,0.05298535536331117,0.04041525369043723,0.20807707288341692,0.02823398337022193,0.9549182656119071,0.8152226792269253,0.800894080741881,0.3500278228887793
600493.XSHG,4,1,-0.2085980013774361,0.5952629026472938,0.3860408146845632,0.48492977202047033,0.496720940127003,0.12093074630794248,0.43583310442036133,0.25519348183011964,0.44534919766513664,0.23622396200913803,0.05933143265785723,0.000495283382439536,0.013684344003226122,0.0047014694696012865,0.00023920077097812714,0.0020655008929783576,0.0007695009960680172,0.0011491373457879158,0.6173163329848228,0.02301809235690668,0.1507091394676214,0.0035527954155208058,0.005633168501961666,0.4545454565289256,0.0047098798914348705,0.6900361981410572,0.004403058208575248,0.028940942389436557,0.0910562256435573,0.25468445112624555,0.03558974213901225,0.9156626506024095,0.09526306704912436,0.7785625485705251,0.06872130344207247,0.03636097666201128,0.30673822228906916,0.18081380949907205,0.13726644777035124,0.09773058234546345,0.5355887800191659,0.02388474147211499,0.06360161099810906,0.5218289667744977,0.0936981121368796,0.012860055352284204,0.1259220387100742,0.13770734818294528,0.07656133492482683,0.012860055352284204,0.7271906115728748,0.06967113981204584,0.0004048011773753658,0.009264347028516034,0.04591000259089366,0.014466924338173754,0.06599030889809951,0.009245936293773488,0.032048950578520814,0.4984592661915655,0.2771267884524454,0.023051770621254276,0.034857914841883754,0.11737520266504535,0.016671202967039542,0.9202557128857707,0.7170763124143118,0.7494659544298716,0.0829221633368308
600495.XSHG,4,1,-0.2921247912372187,0.7884381000230818,0.3078666244623447,0.39926033127143795,0.41221432876192476,0.07574746854619382,0.620883243611878,0.2968102280549616,0.9794022159599347,0.32244531369337764,0.2784560347199289,0.001749513540397781,0.010720542440520578,0.004785552933769445,0.0005394229827908748,0.0013362163050848347,0.0014858687619115987,0.001133487240090559,0.6189064528349145,0.02195653280918837,0.15087390969534453,0.003994415904464306,0.032866932755499095,0.363636358677686,0.030301026600649743,0.6969775035463524,0.009305914230964043,0.06398661481414489,0.09066298496468908,0.30983043526586024,0.12045268983583521,0.6345381526104417,0.10349218856026277,0.45990910574797833,0.05974524931332201,0.043058924229172464,0.3073715838677633,0.1748138026254437,0.14090865368367142,0.25574950780614264,0.534420760739837,0.07690741389705445,0.14803956738044563,0.5377489712581804,0.10536433580663124,0.027426052906917613,0.15497194065068914,0.1698403019052209,0.06680959359924847,0.027426052906917613,0.7740731522347528,0.06546071108922685,0.0004953763732095186,0.009152461676618573,0.04688462185880526,0.02060139147925258,0.07649248216289638,0.01736886960506449,0.02948419271872667,0.528862562552462,0.28123867906365774,0.03045767881834108,0.048215933898173344,0.1757778854435831,0.03220030507866244,0.9099758915510361,0.7273036353986999,0.7495174446084503,0.428561092292993
600496.XSHG,4,1,-0.2426560781321421,0.7181501791526378,0.33747479121035,0.2204133836621605,0.5007510350240607,0.20878229894981637,0.4708406305816959,0.16883898076367423,0.9973857047137229,0.2062280418502756,0.31548577678251566,0.004257164473331482,0.011937121372504276,0.005322975714879365,0.0015266745228764928,0.005178798267093721,0.007894810656601983,0.001413404082686986,0.6209349359360264,0.022625370611603014,0.15132492651046067,0.004786687080856628,0.02783099535703299,0.7272727282644629,0.06316566550157905,0.7206953516154686,0.014543073650838553,0.08469747671158542,0.09284869783214104,0.6813096103262651,0.3067319837508819,0.34136546184738953,0.20310402120822027,0.04943850676368623,0.1412376310545426,0.044044869362006564,0.32657312175148656,0.2176882530878624,0.15215633668437073,0.09953181098435471,0.4775368498247141,0.026584983822481825,0.10215858964799679,0.5122598290933197,0.11382357512957877,0.04384308695176194,0.16215103257136795,0.17956473040561086,0.047486094974840666,0.04384308695176194,0.6941364397500751,0.07575723148322988,0.00032954281233877605,0.00908966742794436,0.04720373447508546,0.013733839783984104,0.05721300175110122,0.01218823364282964,0.029758438670334477,0.5543176583950865,0.2768052032945738,0.04480400665793827,0.05035219521306433,0.1337270260171252,0.021137614404498413,0.7595688173722857,0.612318119499359,0.5811141946539993,0.820258699726476
600497.XSHG,4,1,-0.2354405583056098,0.6568870564744103,0.28092812808658796,0.3991579831614339,0.6050251222678331,0.27136215824560106,0.4249847011556687,0.22933861697580243,0.7419215465528097,0.2960214781399791,0.5766256670697809,0.00954273352359197,0.014109238877670193,0.006195944043226826,0.004649852682424318,0.038538884297985174,0.006148046460087294,0.0020821891143535318,0.6013724707919829,0.024767736711463786,0.1513530655577281,0.004985253939321437,0.05548326151302458,0.363636358677686,0.06233405794902461,0.7051210878868169,0.00531697728010038,0.029212263724337523,0.09110243288564737,0.3789178400839501,0.046359853314141074,0.9999999999999998,0.0880373041210829,0.9351893390712853,0.05477069011483451,0.029582614013819793,0.24270464756115448,0.18118275821280186,0.13024070795539922,0.10311043652259172,0.5469328550490135,0.048360594728769316,0.06561415061098258,0.5277428672187549,0.10765103540302537,0.034646907874395075,0.13190605104549036,0.14449363047613317,0.07296722090613872,0.034646907874395075,0.7338769328925644,0.06325638865615849,0.0005687589306314462,0.009045073123402372,0.047643025509485244,0.014797410994392178,0.13580027432318034,0.0030072546839597794,0.02890477166079544,0.5405885503352579,0.27461367441605145,0.047765498938308115,0.031520641771071764,0.1550305264224553,0.020106029790034098,0.8591839343284431,0.7512410994648624,0.805033098942999,0.24523189375535265
600498.XSHG,4,1,-0.06149625434936745,0.5407305301549258,0.26509367348040613,0.3442993961992728,0.6411934978839786,0.13802777639180244,0.5451557250409247,0.38590518502612114,0.8266503562273708,0.3828171013018753,0.5280432454116576,0.011860680368652062,0.012323763180489361,0.005071669320591395,0.002533988518252206,0.005362812142302621,0.012443101559425948,0.001351143511473153,0.6291138362043251,0.0329378536273839,0.15139699942072077,0.005500299379287293,0.06768981216618697,0.7272727282644629,0.10337107256500248,0.7062925068275218,0.018112815777602233,0.05575653432214887,0.09103726052967996,0.6493308872149414,0.2171801848017841,0.008032128514056224,0.19109534080592816,0.11258814555810036,0.13633751221874793,0.05737656198190435,0.3144682718883239,0.1904665073795269,0.1469594989822101,0.5731781339603014,0.6637537800684177,0.1924083978021644,0.3077510847913306,0.42571495629372874,0.12037140025841776,0.07099918510285112,0.20391598507765066,0.21633797007886643,0.1228408212254977,0.07099918510285112,0.6041141559074386,0.08363746036960537,0.00027449925451867284,0.009041412517623066,0.054967840730220416,0.017624612862542376,0.04232854893605543,0.01652059057542419,0.02949555039035615,0.6100030714880529,0.28413956406523355,0.026197106952598994,0.07967819086265407,0.157145763667224,0.022396063887061075,0.7792772081066879,0.6258320065454872,0.5971091565380644,0.6821396355660229
600499.XSHG,4,1,-0.2890808398111411,0.7969806735574394,0.17861426555481563,0.3371300704590596,0.5694137747429888,0.14110428006053938,0.6158065546588245,0.5816267245111676,0.9365504299053604,0.4353743495940461,0.44776989870342365,0.0030724373603803635,0.012316919066919398,0.005303000641032416,0.0007273023209626929,0.001659315945042955,0.0041962438238496895,0.0012606064803494274,0.6193207214584747,0.023349406459684325,0.15156795527119374,0.004943935962337974,0.06305490819904279,0.5454545434710744,0.06629811254070023,0.6994484849651961,0.0032709184000699275,0.056932260106719715,0.09148958546262431,0.5773645991500728,0.13578910643474026,0.0642570281124498,0.16575971307765586,0.14748603581360825,0.12491608333654852,0.0780113435879715,0.3135109218778046,0.20541152550810626,0.14396202330907795,0.11469378911857264,0.510732499512006,0.03173809416161168,0.10762816291426212,0.5185824319931961,0.12306262827545739,0.020127454243180357,0.1621404342377445,0.17763213740905864,0.06570636308477247,0.020127454243180357,0.6929714166190492,0.07359547322373673,0.00035151792633886063,0.009095216458874046,0.05171233798339822,0.015269368041878235,0.05499396407711348,0.013024463976805793,0.029867091186228604,0.601848658802031,0.2965087181308038,0.9851162287326468,0.12798335125903576,0.16878293306986877,0.033360202189388045,0.8093257800627742,0.6649390783247098,0.6466545906794854,0.6087642528459283
600500.XSHG,4,1,-0.2274460629221269,0.5690994204479336,0.6049216026491328,0.6748437730471388,0.6530833393934378,0.28535665242848185,0.2245039631982519,0.1933907686376928,0.9593532846420469,0.14693112802773517,0.4246405966030884,0.009850703972396579,0.0164094217443765,0.006187824750779089,0.018001416717716493,0.043129003935241286,0.014217624609488944,0.00209615138633035,0.6196563565005079,0.04442681865258842,0.15244042489130014,0.00843626781786059,0.010097932836018824,0.6363636304132232,0.008468394958613493,0.6976648648355261,0.002955509449681103,0.010445871393687257,0.09146209194525097,0.5409359808833754,0.11361562543785339,0.8795180722891565,0.12774144839390156,0.42958056624634655,0.08583470810757801,0.038539464703366444,0.30719020574108225,0.1818728616180248,0.14046670150289736,0.12174403890499275,0.45500349084028835,0.16263632868467484,0.13087042427485784,0.5044225781047255,0.13484251677252465,0.1640039280207124,0.18521462500080596,0.19880552263820983,0.09921069449712754,0.1640039280207124,0.6926196894751787,0.05570245902223067,0.001409811379322375,0.00902102887628951,0.041270007529949616,0.017557663132302025,0.15708914247032013,0.009279656993976398,0.029410762878893354,0.482147114298165,0.2717252479193811,0.029862531742287802,0.039283367731302886,0.11839177369914375,0.015559759526230782,0.9069871895016404,0.67537647605148,0.6940902477601774,0.4050759340311322
600501.XSHG,4,1,-0.2589868397308626,0.43884914800767094,0.2678838167245564,0.3474289818328563,0.6051593640317332,0.1674369676498896,0.5643717778686524,0.28334192340538433,0.9446282247292841,0.29758380593104483,0.24263382843956838,0.0036441981388890335,0.010838080851717238,0.004761284263976112,0.0015845980590577476,0.005585255491779916,0.004380875992394909,0.001276511557607734,0.6169708634379122,0.021259142487719773,0.1506945425213059,0.0037109772007679906,0.024099026121961103,0.2727272717355372,0.010369614707252851,0.6951274842870142,0.0031214445688762882,0.02636338970787736,0.09115837801053467,0.30859893950973805,0.09394410250361623,0.8192771084337348,0.07921262373987252,0.8608231812166935,0.05618843992835292,0.03480827698326819,0.3078184032674174,0.17965534691940294,0.13971148321751584,0.14461800016118628,0.5389628736621377,0.03333160037695627,0.08398629288737208,0.5123421717982779,0.09762625020430948,0.035422176197044755,0.1301016455896875,0.14482615956627942,0.05149080583805625,0.035422176197044755,0.6972914672864543,0.07247915984362736,0.00036464219724263106,0.009474622401358246,0.0492698534482895,0.014002452553233763,0.07575979280914105,0.008309629415372641,0.029323346402901306,0.5507388758353727,0.2705870466977857,0.04800077414863556,0.03386605346126862,0.14194137280235092,0.022828856852306036,0.9029270994588914,0.7142430675335016,0.7613245386347973,0.2582835582853614
600502.XSHG,4,1,-0.2334428994533146,0.6838263340159784,0.25712234983501137,0.3685702411714573,0.6635849572323794,0.22085040794677274,0.66830986819999,0.36584710722223823,0.9846114869166684,0.17296244805936842,0.2861837216225703,0.0029435462366453036,0.012570114837980272,0.005622263961395925,0.001725424779201583,0.008216683579476724,0.011261803349257447,0.001470553284014037,0.6182905522590577,0.02212573012788034,0.15166049361907863,0.004457290121066218,0.03772672021718511,0.5454545434710744,0.0355618548368348,0.6861299201743093,0.007776928643507654,0.06484579904133128,0.0907259795190745,0.2835216208225184,0.05676098961750794,0.6746987951807227,0.09647263130294312,0.7569589949276203,0.07153418730909214,0.04452473614990722,0.31461806486880756,0.1739165902577275,0.13830893497323588,0.07194141965189396,0.4709420966792891,0.09118594219957778,0.11815869551477916,0.4952453210393922,0.1406002582088895,0.09152679433422763,0.17963337544735214,0.19779899115420072,0.05208218192594571,0.09152679433422763,0.6853876652445673,0.07607477707229822,0.0003266409826356857,0.009061715829605714,0.044162996233969826,0.014558899903278414,0.05442616793352688,0.009337700020572756,0.029485174834491226,0.5635753673311208,0.28132004867382143,0.04124527105520976,0.05193361532040414,0.1817675083599331,0.020450290123826046,0.920292993992416,0.7166229932333823,0.7461520993469988,0.3612893866700664
600503.XSHG,4,1,-0.2710764461324778,0.7425224291336645,0.1740705962560249,0.3334524443402469,0.49944372419753763,0.09848553873343066,1.0000000000000002,0.2908054836967884,0.9681603949632005,0.624375987331223,0.4141730277254371,0.0005030076775319886,0.011057975634492458,0.004839703510783814,0.0002631203977769921,0.0015958872702025258,0.003346730290956187,0.0012185793858328355,0.6221621098792238,0.025415950457439645,0.15079914067743827,0.0043610794441131615,0.40501909753975374,0.5454545434710744,0.5749236097821988,0.9859683670367765,0.2855106990616358,0.6956226824635976,0.1018656435320047,0.6865433420196498,0.3180804144947507,0.02409638554216867,0.21084892173539527,0.02118778481447984,0.18718255798661382,0.06327221058302689,0.40541216722011464,0.42718692226702926,0.16193127903560833,0.044288872566294296,0.527022249910392,0.014815101144600079,0.04952841235463153,0.5269925087810806,0.0992729106429095,0.002825901523573904,0.1298685344585109,0.14565232539350836,0.04128870683729895,0.002825901523573904,0.7577780192737127,0.10321395483889936,0.0002104148228231607,0.008771764158802865,0.04850287504768879,0.013434932583056591,0.011780765377931542,0.02123348873933989,0.029048608712332332,0.5931525775550733,0.2653776396700599,0.038254983825591005,0.08029601426799327,0.2045776175457263,0.04439672189986242,0.6974070102682819,0.6484371544823317,0.5887505842154876,0.825064348063291
600505.XSHG,4,1,-0.07104794847872037,0.41907950588347426,0.1876054799277162,0.3725140077908514,0.6038990294638102,0.14922091313839528,0.24500296447477837,0.18000894491256728,0.9417895584501805,0.22387925217092017,0.24034344070448166,0.0007701441316000628,0.010672061571869075,0.0047947133925900776,0.00021427835518108074,0.0012901729192224573,0.0010077516212035418,0.001162710302735336,0.6166532260943853,0.02233531002007741,0.15087622436042952,0.0038520046042683203,0.0083437545843021,0.6363636304132232,0.005580561043206115,0.7027015139304889,0.0024034542284151602,0.015691417201772632,0.0913939284183523,0.5066451869460421,0.24852047998751434,0.6144578313253011,0.1488047317942792,0.14790180464203329,0.08951611912079584,0.040274404866530986,0.30673865087246494,0.18195276260756402,0.14411020727557278,0.058041799099884855,0.5596047158608786,0.03498667694150712,0.06426369021402717,0.5232898572415973,0.10210025794779111,0.00801439305874819,0.13941985191621917,0.15377266509138568,0.06126640366202551,0.00801439305874819,0.725994038166485,0.058080782436114864,0.000935467378035503,0.00907979733592363,0.052997099359980655,0.017134247851799254,0.10360845465224251,0.0047181694682687635,0.029780701777208086,0.6115820602920907,0.30375976264990845,0.05393900118251041,0.04286226154125581,0.20699859401124793,0.013146497577316504,0.8469779224837028,0.6728307018707711,0.6670196164377775,0.6031921628720937
600506.XSHG,4,1,-0.04005867553473946,0.4284755327366613,0.14377156310904693,0.25945847933728006,0.6451353242239513,0.0,0.3468062600757961,0.27313369309642205,0.5624335339353443,0.38493262461401023,0.08776747730731715,0.00014462315053766393,0.013684344003226122,0.00471543647717243,2.7900764310380252e-05,0.00020201023178249028,0.00021157105431219268,0.0011104759745959505,0.6175002667385332,0.02392265344599766,0.15079863523780843,0.003260493775619377,0.005779843999460196,0.18181818479338843,0.0,0.6915186235358766,0.0011443673207213248,0.005019444695667902,0.09134051696217903,0.5169046166912321,0.16761089609004498,0.6626506024096385,0.13905509051308976,0.15122590209003395,0.11620183605981407,0.039368432890466626,0.30786428409617683,0.18498997510341475,0.14148709109674332,0.1633026475532895,0.5356822074895963,0.03089184796553897,0.055169168034798974,0.5276908760910508,0.09693051005916314,0.001468087409529098,0.0966448990990346,0.10802818355236826,0.06073519896452193,0.001468087409529098,0.778735581816291,0.05880931874007697,0.0008522684852761287,0.008744867534328715,0.06555910799383038,0.04662030330026832,0.02616023851040739,0.16044346319727867,0.029447810846388978,0.5113268052199773,0.25416926786622607,0.04871591101320683,0.0427523364746091,0.17687227668845318,0.025998983071125203,0.8690092812202639,0.6367033744637567,0.6704377721387964,0.4521148701065323
600507.XSHG,4,1,-0.2615971370732011,0.7028868568385007,0.29222547694236034,0.6461786881132586,0.510576428784577,0.18327866564562467,0.35657846163024987,0.4942969311547714,0.9997058149409128,0.4594314905728599,0.3448727615073913,0.006033628659734974,0.014709263527198837,0.0064367075713341725,0.0030357495245531886,0.01569282871675767,0.009631190638955959,0.001493708192308158,0.610136006135533,0.02636581657114158,0.15268741596110313,0.0043454161404693345,0.014169235863815048,0.5454545434710744,0.012174718908885048,0.6889964670641376,0.0032783595609714683,0.017455005878628922,0.09127515410636258,0.4290346935996298,0.08765303333995636,0.19277108433734938,0.120827958590212,0.5878683788814073,0.07928589273285963,0.06048500274690435,0.30541459124565284,0.1820662470835211,0.13972188209235759,0.04520003404074148,0.515172641300631,0.041907985699794564,0.048153379662496915,0.5348407200614611,0.1237012749085677,0.047887293572329195,0.12735727757941578,0.14206924548654717,0.049768896798643464,0.047887293572329195,0.7569086339081327,0.061407245429785144,0.0006556064967029753,0.00905656104306718,0.04430692011340831,0.014745292578352548,0.13427651325778361,0.0047818554310649726,0.029679452588887264,0.5309294411555004,0.2815991970493589,0.04224448991908651,0.07902338216669894,0.21213053212240968,0.0343279296524496,0.9120121500901848,0.6957343770731059,0.7157874168565641,0.5930954053961368
600508.XSHG,4,1,-0.3043554297851259,0.584735932483057,0.5967351639987253,0.4648743234267564,0.5907287923507271,0.07342192246588874,0.1831809249409902,0.1158783924295479,0.9204330404069766,0.09946691364851876,0.4619445527396786,0.009009864458652584,0.014368081091158643,0.006402532670711567,0.003404445606160212,0.003000850047370822,0.004431774459358943,0.0012897081915457702,0.6178087676637917,0.020262327494397485,0.15294017771551185,0.011389304442502456,0.009771184597376971,0.2727272717355372,0.011607980353073455,0.7000522302699913,0.0028018401845941398,0.007596997377227096,0.09120881617904299,0.1801941897066311,0.0672606321270762,0.9919678714859437,0.10288015958869544,0.5762360909928046,0.07020290290174344,0.031219552931886337,0.30334691035051925,0.18125680275663994,0.13628115437909616,0.1337512100042422,0.46227666110423926,0.028854379457042056,0.3115320334598335,0.5298882339300443,0.14882642371288507,0.06060428006462793,0.3431923940301727,0.36450923756980014,0.13191106191371,0.06060428006462793,0.7238567991427673,0.05892443991076173,0.0008406237985478351,0.009085708260174815,0.049877605338823974,0.014703764898590542,0.1688590073447223,0.009665665125359442,0.029175568628886112,0.5870068293483456,0.2915839100745116,0.02974806694403201,0.02124959566665986,0.1440486934437858,0.011431028294550458,0.9354229097726208,0.7278288222546547,0.7388008861591757,0.15964118867909186
600509.XSHG,4,1,-0.1884961755347395,0.47515366376017965,0.38803316920933584,0.3820543390552065,0.6386002746690138,0.299414600177453,0.4339266011789122,0.34829844200583715,0.9639553049469634,0.18607304655852827,0.41931578393376573,0.0024431554164263416,0.01356359983838991,0.005981561839171139,0.001007859189875443,0.004774431915589602,0.003707654054653164,0.0013351959655672923,0.6261334643311346,0.027661669569415712,0.15205063918708853,0.004384772552519894,0.01760952997032669,0.363636358677686,0.023220791905674675,0.6988034653139599,0.004775563369342424,0.02957402550420548,0.09141037412661493,0.832593503256289,0.15370155396368165,0.3253012048192771,0.16124295244357012,0.2563353416849827,0.10352841654175265,0.05372626758963893,0.33045213826392594,0.18469903895518838,0.14410630769750712,0.2690931886231462,0.6306029092279001,0.12367370090297472,0.131695229740527,0.5313602051316969,0.12239003885317933,0.016278650265501883,0.13510533816920156,0.15035885442624392,0.049830393550051054,0.016278650265501883,0.7346166115705377,0.08122563015511351,0.0002882425151703833,0.009063639895765028,0.04799366682162778,0.024879192253003845,0.03478147446492384,0.023204047047339995,0.02926772268966196,0.6048053818680192,0.29272308461680274,0.025222433670460655,0.07907205678829549,0.1396985199118407,0.01318403421666567,0.8654391714362812,0.6040284595993102,0.6399027759807558,0.7111004950975015
600510.XSHG,4,1,-0.2491495846256486,0.6316033057980897,0.702703440887307,0.05724694562606142,0.6345945873653925,0.24201895146507232,0.49349431405036753,0.2250149371978092,0.9966923939550678,0.4252025902157288,0.31290762238327713,0.002396515125568215,0.011648644652880949,0.005210171871043574,0.0012922762749213112,0.01187963181724579,0.006021728885790777,0.001522394698212823,0.6339578056931093,0.022523545272814575,0.1513629288982319,0.005630005903075734,0.02106175772507296,0.5454545434710744,0.014000905986559373,0.6979020596173456,0.004626348716591855,0.022881432576648278,0.09089571014732202,0.3999168864186051,0.059719738000614205,0.9638554216867469,0.08172464361994383,0.9430827872731621,0.06530930884730742,0.03791466613002291,0.3097277339697408,0.17713333289586877,0.13693238391606027,0.2103857915812931,0.485455116920534,0.06294686548084603,0.1494564141570025,0.46211669490915724,0.1110273855644973,0.02285275951556757,0.1710010066067558,0.18237888745219352,0.11066340415797561,0.02285275951556757,0.6058564322247502,0.06695358392269539,0.0004575992631562512,0.009051265063300937,0.04665587391476645,0.015599726195735355,0.01984441286377659,0.02201145111165452,0.029302096741421355,0.5626550297557336,0.2925656013282324,0.04725209734317843,0.0403064212773037,0.15490742324061407,0.03481590596398875,0.8638422973683089,0.6865104373977271,0.7603673494176326,0.25345563383400055
600511.XSHG,4,1,-0.1991633337319567,0.4283102153773384,0.1520371877947641,0.36402035417049955,0.5483762681291161,0.19601150046171056,0.48964795463669963,0.5333667042211303,0.9566072647024473,0.3158810233247031,0.4276885741274729,0.0017105651565885002,0.012561077883299328,0.0053512854598394485,0.0030334534506532814,0.0009813706880113181,0.005583568412976194,0.001221757603209925,0.6205522714856349,0.022905810966599865,0.15160878900766528,0.00506524487041711,0.02243020664178341,0.5454545434710744,0.019611251997227106,0.7014831254819763,0.002144969771676312,0.031608935515962736,0.09134482617890892,0.5090476789484133,0.07617768005645853,0.24096385542168672,0.12269237407948601,0.7623598833383465,0.0994825699726854,0.05334566909817512,0.30477488804817554,0.18186260893940204,0.13747182554847565,0.0493225224189441,0.5419480798569167,0.06431813552449941,0.10991272744404695,0.5258606679531025,0.13424373115848828,0.10161074504627908,0.18564975707757891,0.19904827418464338,0.10132703097660287,0.10161074504627908,0.7134826011916656,0.06443773031735309,0.0005263123752153715,0.009082802421300126,0.0413504782599748,0.01624295547378189,0.12075767182981025,0.014410758342949144,0.0295734807995183,0.4977507171425625,0.27823617938144696,0.04239658965101074,0.07177682160287321,0.215656349749202,0.01991206556200275,0.886837639005269,0.6944573437707313,0.7002967946703704,0.4562707767241482
600512.XSHG,4,1,-0.1328421806893786,0.5664206124664978,0.36241987442449847,0.2250039974196943,0.3638511838936631,0.22602919514845965,0.3494229114332604,0.2380315988838831,0.8406245856161948,0.09641418701914428,0.181025108883768,0.0008450617882945498,0.012066106005302082,0.004859374831667462,0.0006149804120189466,0.004921891922567239,0.0053403236262084776,0.0013200133561412713,0.619547308543009,0.03617312956822977,0.15091441947323359,0.00378276827861661,0.006876362260506809,0.7272727282644629,0.008463514980738761,0.6989460494181441,0.004260381750335375,0.02803653793976666,0.09150334237887012,0.6692012445218051,0.13814982859166017,0.6907630522088353,0.141563816372862,0.3190692116509718,0.09954414157017392,0.04026966961781025,0.31119744653995374,0.18341962414156757,0.14163527506323814,0.043943151317617425,0.536759412654311,0.034140612906230876,0.043234417993794814,0.5256091433082641,0.1017136582824496,0.01191209372960059,0.12343495438500703,0.1400202100095756,0.029372385891054793,0.01191209372960059,0.7240706398980109,0.0651145986319652,0.0005053212830015099,0.008901214770711886,0.04536702304206798,0.014678332139582093,0.023518298250339853,0.01162580796186416,0.02928970110555805,0.5350925826335626,0.28079134087189683,0.08424275214714932,0.04304924960473774,0.26306540381010285,0.016463480289525635,0.8901689721776427,0.6458554464641106,0.670373079350326,0.688280092134965
600513.XSHG,4,1,-0.2904183877649553,0.6040033471372348,0.14440102857154952,0.32217502837149814,0.5222348996822833,0.03311101083880913,0.723112669514717,0.410105369311108,0.699804344981598,0.5903073802585961,0.12743003588274116,0.00029955690044549104,0.010658601030917304,0.0047865573828558385,0.00010806680490850799,0.0003842490837873979,0.00032974034289191617,0.0011151252963184238,0.6177721191331208,0.022141349691250728,0.15089340761170433,0.003563526997737654,0.06269214614294474,0.363636358677686,0.02564419654791978,0.6979307054800514,0.0073722568163329645,0.13118386542461788,0.09115076442223272,0.2669458271568766,0.14290515544073937,0.2329317269076305,0.06895438572450657,0.40922329249901696,0.03319979106717978,0.04673694543384628,0.3051887684176357,0.17362519494099818,0.14148839095609853,0.06620811501326324,0.5309392179673439,0.030466466073626408,0.06622206095719275,0.5234319797065179,0.10826113528011766,0.010555404853264809,0.13863398286761097,0.1553963752624183,0.03788783045557694,0.010555404853264809,0.7156700869502219,0.06721274665432111,0.0004517742947732165,0.009116093042777345,0.04944108460824473,0.021520740206155055,0.054911240340583464,0.031636667044427184,0.029568675106845143,0.7678093637140833,0.2915387479942294,0.036372952767670746,0.052965719336070735,0.20173270697167756,0.0436895076867859,0.8939672068284785,0.7558240458184073,0.7814347540221749,0.2993622333207402
600515.XSHG,4,1,-0.3268081579363958,0.3244148245939674,0.16918032925722853,0.3880999604596315,0.46709864763543074,0.24479283043399347,0.9559768244778195,0.6009786635802261,0.9759505909607031,0.8299406199424955,0.2738888118399041,0.0005535600646852942,0.010882961758161076,0.004888380445059678,0.00027214318921686985,0.0024207568765349085,0.0012781013912058117,0.0011812511957423337,0.6168036098774755,0.022150100089701415,0.15083609215196486,0.0030236467145666,0.25979316065208624,0.4545454565289256,0.17292909090888123,0.7985502961568479,0.08935222668421702,0.5701365650719001,0.08937707374400795,0.1868064519116603,0.19049577700496387,0.07630522088353414,0.05360490993489697,0.2833397837386138,0.031729501496378654,0.06472548214614848,0.243460096005855,0.1495511684628208,0.14240219208281663,0.18513187687589405,0.5548827839556839,0.06248720092703815,0.060600770927619785,0.5241016816379702,0.10011904345390682,0.012151421560876147,0.09473082960492571,0.10949819300332743,0.027358102210251558,0.012151421560876147,0.7319967701866258,0.06657749710181646,0.00046640934125336626,0.00913442403615781,0.046777899202099724,0.019342400302888633,0.07137252489287021,0.006892773219724043,0.029439693748135192,0.5990127993453407,0.3036083139496517,0.03541058071385149,0.08293516420829933,0.18529253432639206,0.044526230783035234,0.9379535867975173,0.8763102029985408,0.7845875372643663,0.3058071626892277
600516.XSHG,4,1,-0.220493458143435,0.6713643859342578,0.18180796116073172,0.37738191763881135,0.47261543245323895,0.15235653166784896,0.5358892036355938,0.3799773940329262,0.8420076944760828,0.20603487780779112,0.5184222616652789,0.004156295640444029,0.013700832063359803,0.005937900490434397,0.0011633101596140347,0.012251555893446082,0.00251183465112668,0.0013149622270527146,0.6232398762325495,0.025840602987881527,0.1521421941578315,0.005863574494634163,0.05182587908069949,0.6363636304132232,0.048494417035787184,0.6817869786190365,0.010215597241101408,0.02889572216695306,0.0913376528021965,0.5386058268447069,0.1139567776756985,0.20481927710843373,0.13243674492819693,0.3211470292033971,0.08313907343661106,0.049467937477146465,0.3082654981430654,0.1801302172001469,0.14154688462708334,0.0445143079403733,0.5643315226798074,0.05379831309630109,0.06640828875406493,0.5079816618660856,0.11418597967853916,0.012644337054030702,0.14559139732737697,0.16446734510948988,0.02251072680942925,0.012644337054030702,0.6350112237183285,0.06660961882261378,0.00046563964453869,0.009055074812994559,0.05068270839676449,0.018694759110437265,0.039145047642590594,0.015146853453787953,0.029298959692037486,0.6379098135706548,0.3062364744922819,0.02724737510150138,0.06345632694831975,0.14338924038607692,0.01838069031524795,0.9000360384030905,0.659900048648888,0.6838278590911853,0.48394841481507955
600517.XSHG,4,1,-0.1232869226974129,0.3968530477716181,0.16165066889968455,0.3288242911375213,0.47442243024401737,0.11482401849445475,0.37426877324606056,0.24272263936849875,0.957055567605922,0.20761286754824748,0.42719706685808945,0.001152459738075902,0.01133355829862791,0.005068366172709494,0.000637821789823348,0.00266176547594151,0.0035660382819812705,0.0011865918395523505,0.6195465752461475,0.023110902277046184,0.15124422754956804,0.003947569058934966,0.02063454757871248,0.4545454565289256,0.016527163417115014,0.7005582081529331,0.0014249139401290817,0.017274124988694944,0.0913306300246101,0.23258428030652623,0.15006074483415804,0.9236947791164657,0.12932455454963493,0.29663514694091664,0.08520286097680903,0.03385679709975254,0.30419586498361106,0.18138378929451185,0.14185625115362516,0.1377654894028869,0.539744367564877,0.04814710227530857,0.08068229384105169,0.511624092022128,0.1098646274535197,0.01530085961409543,0.1291819399487453,0.14407311268498835,0.049293622336256275,0.01530085961409543,0.6563099966463226,0.07429344620482226,0.00034396631317914236,0.009066251833396802,0.04621658288036666,0.020524664861022876,0.05207757130869228,0.013538870911252634,0.029355940114432863,0.586757340246584,0.29974695608552226,0.03319784648879556,0.030066051935676925,0.127931993210721,0.014815307770532991,0.9092986181136471,0.6948470877006772,0.6969420114968328,0.6093598458032587
600518.XSHG,4,1,0.005448909062693505,0.4513452185336645,0.19018453098682941,0.37233321640622496,0.6818555454971751,0.1257792495630562,0.6324246006245493,0.5213159904878313,0.4511745009172427,0.3996482828896103,0.7199307552994014,0.005305650909726095,0.023828923023863323,0.010326479499021773,0.003949236402608658,0.01342610937818014,0.004717665322307941,0.0011853768286792818,0.6383869542817922,0.022072764743257638,0.15758357359560082,0.008619491775504301,0.19065496766206538,0.6363636304132232,0.19231039440523484,0.6984872989767831,0.005316220376657613,0.040607759790178166,0.09146240007345965,0.690592512500758,0.1361351520064481,0.01606425702811245,0.15503108896358261,0.37806424193023497,0.1066065544667032,0.04518410530794092,0.419763187213532,0.1941459834902619,0.14076696901395266,0.21497935937868723,0.556944319639952,0.13119854481212062,0.14099415497853643,0.5335940972766445,0.15226787440332493,0.030907906638249844,0.16149166481522131,0.17804334762795682,0.05521904639214198,0.030907906638249844,0.7267407280167615,0.05776336650598795,0.0009778088297541477,0.009106021990298536,0.044186873614518285,0.0342031629614046,0.05485387413133148,0.026098335429662944,0.029302961711616213,0.6025078644509078,0.3049440992724818,0.03886387025242868,0.052501032351408905,0.10533009069260779,0.023964228031345337,0.8603494127338058,0.6266418999601968,0.633788647339806,0.5554490540646619
600519.XSHG,4,1,-0.05731769729611473,0.04335982137096528,0.13742016554962827,0.4437468757708203,0.6986376049129476,0.020523341873351697,0.5018161810189922,0.1286185716685927,0.0,0.4619406895511594,0.9999999999999999,0.027131075189977535,0.09898176098700609,0.04446007955118842,0.009108271839370685,0.00416925460904645,0.017231267231995258,0.00019965176885029464,0.6932447358184968,0.022297738066916973,0.2064862354219744,0.04758306887954567,0.33942028853247797,0.7272727282644629,0.25978031337978114,0.7002740331528654,0.0032739643925465472,0.014063489192366826,0.0911545114601734,0.3108433423063224,0.22180352704172115,0.9317269076305219,0.13327672010445996,0.23099294835535195,0.09573039079515024,0.022477601534992564,0.30153815088916025,0.18296365288004773,0.14294423343394244,0.14784695933170006,0.6703036538533831,0.7758822165777474,0.9999999999999999,0.5533155163686537,0.9999999999999999,0.1412064892826939,0.9999999999999999,0.9999999999999999,0.7746496606943248,0.1412064892826939,0.6490756353582768,0.15785754583838854,0.0001564114930760551,0.009077945374267007,0.050214395131863813,0.03978430964323054,0.041378958037495514,0.04832199810561645,0.029489806170967626,0.9746020094406678,1.0,0.03465891391366423,0.009896678271471615,0.11101634936920504,0.015730992402943112,0.8735886438198577,0.7162139003140067,0.692879568433088,0.7550694959952007
600520.XSHG,4,1,-0.1660005485164402,0.4012450377827628,0.14564894967346337,0.29352747365023113,0.575323421509944,0.13907611607772355,0.5692377840229933,0.18839997647425705,0.33941359696998175,0.37082720229244526,0.036472730607485904,0.0006159815800081172,0.013684344003226122,0.004656994331138873,7.45868900283738e-05,0.0009296286575224595,0.0005406372702810375,0.0011328032071953604,0.6173273113735611,0.02798911470386726,0.15068469631274894,0.003373547043930641,0.00731225028240492,0.6363636304132232,0.007534580652237625,0.6864781521013689,0.003941946178973791,0.05254589852582074,0.09157715782880632,0.7279022314694649,0.11079921286693911,0.8835341365461846,0.14661750231569626,0.4054844528122911,0.10336845493768032,0.03287818246126252,0.31016495175956194,0.18228594003483164,0.14007674369633205,0.11353094515149298,0.5310044513490645,0.027496370719371565,0.05529263352242011,0.5219652276914302,0.0791812163737926,0.010320312007548666,0.11289898386257521,0.12889752142146138,0.02786916142022506,0.010320312007548666,0.7041846181890844,0.07299651557520283,0.0003583899169614259,0.008488583183051374,0.06406485888072337,0.015099852010255602,0.04584068193550079,0.010077491890308519,0.029600053773630536,0.5982953795727195,0.27864108079087374,0.04064339649101368,0.02902378418072736,0.17311640256877944,0.01811584016270862,0.8771081578162503,0.618017778957145,0.6670473419185503,0.5407112656987579
600521.XSHG,4,1,-0.1390019992619248,0.558020607995281,0.12126515570959889,0.35639630533947253,0.5808397048018596,0.09724213808508345,0.5801164328025453,0.5493273817845157,0.91088168579455,0.500013341660592,0.469767559526364,0.003941736739340662,0.01273049700527126,0.005688359311317096,0.0006302266937649822,0.0036718097740105014,0.0020653024605542286,0.0011769538126601932,0.6184018504637027,0.022270307393391014,0.15201555079715368,0.004950339733538723,0.07699453553239753,0.7272727282644629,0.13943875148916415,0.7048227259778013,0.009844942996799748,0.09030478429953875,0.09149591412332486,0.8264740554659957,0.2378481896602043,0.0,0.26587948365573005,0.08142909498931833,0.20355060280723336,0.06547484040189858,0.9150627092483421,0.2662812203304953,0.18170473954718097,0.0680557994417415,0.5479391980656342,0.03968238152070529,0.08082204019017145,0.5272606143801597,0.12753158811696025,0.017094652193218207,0.15803856587421672,0.17283163823249928,0.06958039335124691,0.017094652193218207,0.7168023912771669,0.06912138414235129,0.0004141650829868525,0.009122405613783075,0.059647675398488406,0.017534832546110022,0.0632759449535657,0.011715498374149792,0.029470967528770976,0.685107607421691,0.3155363590759138,0.029432882499544594,0.09120628329371949,0.14069624943000456,0.03223649578273614,0.6747400974279587,0.46745499977886906,0.49447074697726245,0.8111644976747568
600522.XSHG,4,1,-0.2371030105101089,0.6809635786050706,0.4459497083984835,0.38957373782911864,0.5243361259966782,0.08961469403811262,0.6707189441746517,0.31576347540451366,0.9733266358665156,0.2538852269145766,0.40740712297033016,0.0038880880952765293,0.012702532138177245,0.005651698351529713,0.00183562627367335,0.004765385575177978,0.005013193582682872,0.001248660332646484,0.6233872326976274,0.023694635839019932,0.1518182179286706,0.0056257503256199794,0.10149886578570459,0.7272727282644629,0.1426102191485597,0.7264409565373158,0.03911766111765387,0.1435742063850954,0.0940279629515203,0.6924104190624155,0.2223093381933645,0.048192771084337345,0.19345781216442165,0.05816349262241312,0.1315806693854354,0.05692777336628399,0.4775143018367357,0.24351377483747932,0.15131012824412396,0.27869931196318704,0.5271902082784277,0.05912586061412889,0.1806356366807974,0.5169893756632381,0.12142815242784066,0.03822911235050475,0.17854135552008332,0.19528044036611908,0.06487827751840462,0.03822911235050475,0.6987754987572697,0.06047737647967839,0.0007128591880655353,0.009089945427814059,0.04659585066532143,0.016494873644591897,0.0569993795950703,0.01697216238840825,0.029661519781619086,0.5834646385235568,0.2879662717125948,0.02951101236184071,0.08080407753551794,0.16802111833105335,0.019436800861398578,0.7902405163965858,0.5902685639732876,0.5872256827729705,0.6754733020278657
600523.XSHG,4,1,-0.3294105273865914,0.5907859987374696,0.3546590077820393,0.3620084523956452,0.6209937066859252,0.14612940478024095,0.6394711841036204,0.36754063091865286,0.963252334380398,0.5019871339986116,0.2595293908246254,0.0029443755307934968,0.010813115649013187,0.004772515326971041,0.0005923140777641386,0.0005909135630320164,0.0020412978345846393,0.0011626844464358084,0.6198336872976152,0.02260319488906197,0.1508383776552347,0.00393749012187915,0.023031347824035955,0.4545454565289256,0.021808600976460518,0.6886450668668,0.012649715726063373,0.06760423261282446,0.09062561143465071,0.28780888125578474,0.13203923782981622,0.3052208835341365,0.10296316890023202,0.404652915155441,0.05651575574591873,0.0562304156723613,0.30744792416449007,0.17938255305326142,0.14117642471084627,0.29630734441879575,0.5242580230526126,0.050891500402739306,0.15976425861651553,0.5143663730860841,0.10736556784284523,0.035714942590065205,0.15287754285936098,0.1622750065607204,0.11728808868891841,0.035714942590065205,0.6965611368382184,0.06943444924583046,0.0004087621764642127,0.009082156770715175,0.052302280777943515,0.017138981022107355,0.06827544242187757,0.02137777969374641,0.029479209945541183,0.5729312086471814,0.28081392191203797,0.03818959394084068,0.06991514617745476,0.17359899870801032,0.03671247831548723,0.9171809092329324,0.7246942859670074,0.74222696342613,0.45914841214889346
600525.XSHG,4,1,-0.1404236390383892,0.5372190560908269,0.3326571466984821,0.375919827077733,0.4253327415327801,0.10897309351862497,0.47121434913516475,0.2360669061870689,0.999720743734956,0.21633966707722885,0.32912420000189735,0.005000435883451266,0.011367768589586252,0.005003126334906173,0.0008473941559436856,0.004944471152148424,0.0026281144448443952,0.0012180149139914285,0.6192934723050864,0.023610448389185627,0.15101446962640175,0.004975403652597257,0.03443389528606684,0.2727272717355372,0.04227742380879099,0.7062705500959415,0.00627269429385738,0.06272044858460703,0.09097461758067912,0.17980921668659694,0.06324449866575929,0.9397590361445782,0.06667097085319078,0.8753637977248719,0.04191407048569432,0.03639397569138579,0.2992670730719793,0.17332595057471994,0.13763560782723308,0.05297763495910078,0.5226723694111124,0.03126003136736051,0.07420860599200498,0.519296456862861,0.10335213763853227,0.011494794210492407,0.15051722086945543,0.16872822870108134,0.032120919577888415,0.011494794210492407,0.700818086954896,0.06784513506618517,0.0004383378010346711,0.009024875363638496,0.061917741500575954,0.015799301071373447,0.04803089793913971,0.012675755947097307,0.029446364234818997,0.7022835460274128,0.29286071216318,0.0,0.0391171607006754,0.15928411739372753,0.014742328168929833,0.9530790643507407,0.8133320065454872,0.8056813470886925,0.32083341154037126
600526.XSHG,4,1,-0.1610855704002651,0.6793619808902546,0.3100431817965278,0.3085198781101297,0.5613848467295078,0.17604278975863058,0.6541663611041022,0.5412346361232654,0.9356946587409407,0.40746378899293656,0.2356212665437597,0.0017026504329952059,0.010841181523584837,0.004864310595552707,0.0005863908579467081,0.003778432406199913,0.0028083873617741153,0.0011641040894811586,0.6198037909688875,0.022290145286555933,0.15089445778906263,0.0036403133274032695,0.01662568476094708,0.5454545434710744,0.014239860907732337,0.6832205092560695,0.005399425672946448,0.05403816586777607,0.09098712095409177,0.2864177095388347,0.056421585147696386,0.25301204819277107,0.09652467682366844,0.755712715032045,0.0693696433237511,0.06054221196124941,0.3082114460030298,0.17995099209589813,0.1387651856069173,0.3832682348434363,0.7047626600504537,0.19138246819645546,0.17537807153003362,0.5104271318048558,0.10572134432244187,0.045678349655179085,0.13970018567184128,0.15715631698639482,0.03202390315109884,0.045678349655179085,0.6996507267664357,0.07591096303556667,0.0003281284933387846,0.009068516682433865,0.049966123141851684,0.019322578813657204,0.04176929767871006,0.014199915948612002,0.02949577787070661,0.5475881056902365,0.271531167772651,0.045764908089349486,0.07739792606116756,0.18619241462734964,0.038528444098821564,0.9153496967803325,0.7196497280084917,0.7547113513399328,0.39409233317038406
600527.XSHG,4,1,-0.05199897404220216,0.5442178831808315,0.3110905970817616,0.39594605865042504,0.5488258025041187,0.0,0.4727746862442156,0.3627220677149304,0.9835028044178693,0.27771555966332606,0.28443679275243616,0.0006402670163796084,0.011356365180630951,0.005027766332561182,0.000500432490302625,0.00021643749974929836,0.0003257779480063109,0.0010977005065393444,0.6194047965931138,0.022198855841910666,0.15124572081043489,0.004302458743511603,0.019611819430910057,0.8181818152066116,0.025882290261227146,0.7029198056822182,0.00456643243544311,0.05516867142986343,0.091729941651045,0.746914200316722,0.23007495070940007,0.10843373493975902,0.19267910576572134,0.1557952528439101,0.1433381968266107,0.04719721197272733,0.4250889835420635,0.20143828232849537,0.15017275130830843,0.05411471488342857,0.5318427242963106,0.027982266427870862,0.059320513166165205,0.5211638416681869,0.1099956988393829,0.0077688252729044135,0.1359929877665732,0.15354699140273806,0.028608977942546656,0.0077688252729044135,0.6757917074191058,0.058105222780303736,0.0009323769587401582,0.009120806154966682,0.04400258245083765,0.06053684131643902,0.077055613260481,0.16484021023722123,0.02980147332130474,0.5525618095389109,0.3037685225361701,0.03499267207541546,0.056914734061535355,0.19466230936819173,0.023170126218819163,0.7924489781426198,0.5767519127858125,0.5990737048899826,0.7875424368395347
600528.XSHG,4,1,-0.2657080261840902,0.6373368569659696,0.45876662456820844,0.2786329904789696,0.6519082642272447,0.25546984202050615,0.4464399578882996,0.2723172545384622,0.9395915130684029,0.18700038864837373,0.4449274687962905,0.013309647497319747,0.014151581244120293,0.006235487628058491,0.02222543202420154,0.04689646881752085,0.07942221881512812,0.003573526341579609,0.6262689695604022,0.029708293831983368,0.15209228625995672,0.00676284271236084,0.02514960360332041,0.4545454565289256,0.04261246092938423,0.7037290139786144,0.011148569989985655,0.02907660305688704,0.08900079834672511,0.35870451700892847,0.11760333006680554,0.8835341365461846,0.12055126088509006,0.3618615766980563,0.08183940850542776,0.04015006009249773,0.3069323049982497,0.18761173447933707,0.14126481514700107,0.12937913246188068,0.5548861009072967,0.09575424351772609,0.1104513137172655,0.4842315526646436,0.11494107618833269,0.2009813054848321,0.1602054291190887,0.1743284523735022,0.07738836020237731,0.2009813054848321,0.6896831768089118,0.07276782401337556,0.0003611161277538251,0.009027541311106889,0.0413366267408721,0.014063716053986326,0.08207284714131523,0.009508279038246512,0.02930658641348789,0.490820464315851,0.2711546873275398,0.030826106293987653,0.04277031371731651,0.16314963646957492,0.015252587186696177,0.9122722301913053,0.7060308035911729,0.7136195483123104,0.45911484599578645
600529.XSHG,4,1,-0.1946041300801939,0.5894383582946858,0.6002542845679332,0.408035707803583,0.5665151222594744,0.04514585642790048,0.45794734048701913,0.24140692004966796,0.8751465436768215,0.15062657465432527,0.19798301318350797,0.0010113355242058484,0.011295951665214113,0.005062680209762903,0.000508883930418056,0.0007793608339638086,0.001572655173387983,0.001146493674505313,0.6190227193890978,0.022188378996653612,0.15124695342125452,0.004747455672063523,0.013809208671558057,0.6363636304132232,0.016557382846199446,0.7010098816236081,0.00476696134842166,0.046983811160350906,0.09140068741992531,0.7564692556939103,0.15626381939769204,0.4016064257028112,0.15192548662561878,0.24968817337868116,0.09249798036120362,0.04339287731224581,0.31511962880263267,0.18352586542152602,0.14341478252053128,0.22473700749516262,0.5420084383249032,0.031860688377634776,0.21248108413735073,0.5269307617892592,0.12732427600465868,0.028388049312662863,0.2235460306643205,0.2322131665476015,0.1716178178354893,0.028388049312662863,0.7238556306140502,0.07887868816074871,0.0003039440399124088,0.009084888791130901,0.046768928694490355,0.015293044601948837,0.05669744488502185,0.01926469079271929,0.029525941492745844,0.6173452585427841,0.2929545402782491,0.028345523791014314,0.05028156444068406,0.13743840882606273,0.014561225100197403,0.8717547684310689,0.6127852593870244,0.6548745355981969,0.7588492923474393
600530.XSHG,4,1,-0.2400586755347394,0.6004475531167813,0.41300683561804796,0.3367941632537349,0.7087605707030306,0.024712904249834244,0.3712653521883045,0.34656589196004073,0.8871449032658054,0.14529184399151546,0.20447425211160647,0.0007440788373312971,0.011668565640102803,0.004848429820455075,0.0001336900939755055,0.0006186556241670911,0.0004782509836106446,0.0011263446619057282,0.6175299093572539,0.03360130091963263,0.15096751840333072,0.003568120494491822,0.014563326648442221,0.5454545434710744,0.006655889992995071,0.6996279485517898,0.004522904912126234,0.024916342588405537,0.09144985782130123,0.6064301081802548,0.1549925316767853,0.21686746987951805,0.12650750838986968,0.2343160192136528,0.07119957932516797,0.04919813303006045,0.3189603731502623,0.17951919389360838,0.1428623422945637,0.28735788211839364,0.5320027030140234,0.022201794305704507,0.12742003475044186,0.516886437245143,0.1350769831161604,0.00803585441068938,0.12511847096640016,0.13831351430701028,0.06265299636294427,0.00803585441068938,0.6628923189101834,0.06813993583979798,0.00043242409671903636,0.008908877861794675,0.06147040339317364,0.016961647763505283,0.05863921254762503,0.014604808845682927,0.02946383118412396,0.812608181246625,0.3412119750370495,0.03334014748799005,0.06377031021257883,0.15517421277296448,0.01707348806604056,0.8819928704321769,0.6462507186767508,0.6826581078547607,0.4035224030134937
600531.XSHG,4,1,-0.3433553788314427,0.5774254929565589,0.34173601620137806,0.18140281719370333,0.5750462448666734,0.2329537689248905,0.36570659944704575,0.1219137349114148,0.9840011626896068,0.2235248280569321,0.2852138079209468,0.001135896240445928,0.010591062154352055,0.004459154190769328,0.004399111765118328,0.014120630982280467,0.0037401954165627864,0.0014019379848010539,0.619878852196674,0.025864547244555787,0.1499694574246511,0.004315576856681459,0.012082265241962898,0.2727272717355372,0.009180442067382735,0.7020088662936418,0.0023802181537791837,0.02369539658135118,0.091153643806458,0.12300755336644947,0.04077715724258616,0.9999999999999998,0.06931079872086603,0.9505614932363137,0.03591364209201381,0.02412719038367385,0.2963665026596105,0.17539205182841658,0.13215020134821412,0.25030371378209626,0.5020230891996638,0.08917623499646261,0.1731161848950175,0.5404291038544254,0.06372018887508549,0.24257140057785254,0.1786855555076107,0.18868209836057875,0.12891839672667635,0.24257140057785254,0.7528304686851832,0.05832775620169646,0.0009052618518738847,0.009181132675014508,0.04016887772090006,0.01457991003935192,0.11509158085753336,0.010950455098403616,0.028948359347827298,0.477223308269843,0.2680628368054603,0.028625307672895225,0.011032460674266172,0.1037569032781071,0.014307591074953638,0.9015166309241454,0.7465807571535983,0.7958638863730583,0.174447585740868
600532.XSHG,4,1,-0.3431474786235426,0.6047691410733628,0.15854124078588955,0.3350067898586126,0.4492752532914726,0.24158688872160766,0.6635546932131137,0.44234131712280167,0.9855269732572609,0.4636304398687489,0.2876763135509186,0.0006564380166342782,0.011040934727320291,0.004913292700446554,0.00011987289830399562,0.0021138122768428005,0.0005623577037689431,0.0011555271742915486,0.6163878630584356,0.022214304523402943,0.15100792770450677,0.007249247564261568,0.014465317687644343,0.363636358677686,0.013783761844672178,0.6901465313854441,0.005858616789149632,0.06235868680473908,0.09080949117469729,0.26907526946551924,0.06183569763921327,0.34939759036144574,0.0722121718002875,0.8321566904390622,0.046124985184146025,0.04516100961963296,0.3061351537585614,0.17960073566520446,0.13631885030039748,0.07888555378722975,0.5086230690567213,0.018932554491489575,0.06556022883698037,0.5224092600253347,0.10977132829970473,0.004786352036836764,0.14997234261458614,0.1535008448508484,0.0632184951466207,0.004786352036836764,0.7104163818377919,0.08815765485199312,0.00025361800133043104,0.00908945413021396,0.05409308431907778,0.014419721137454072,0.07365142295912089,0.0030110492407111507,0.03875948333910893,0.692311189419888,0.36014481454639463,0.040070885625064084,0.054375840235089554,0.18747355854486497,0.039503648980080165,0.9378328670236185,0.7612942815443815,0.7967352586259251,0.3239678844865784
600533.XSHG,4,1,-0.1347332317477572,0.6594446709468763,0.705043663476288,0.5295319450939575,0.5839043623558008,0.2894901731938873,0.40096375468650114,0.25506724166709577,0.9829122388888061,0.1646507868679388,0.28353102797751534,0.00086471645311733,0.012004576492404016,0.00541032809412924,0.0012032604388857743,0.009230570580768992,0.00863479306377226,0.0016167794942415353,0.6333847967302153,0.02637096168853245,0.15170427913462914,0.0047408277660673116,0.01767225742405154,0.4545454565289256,0.01496247165767127,0.7068128199518949,0.0056377786133165915,0.04268789002441892,0.09075518330397388,0.34902510162279776,0.09097992749866562,0.9839357429718875,0.09481376268033112,0.4918986673839107,0.06766024301540136,0.037471038342239964,0.30824425074365946,0.1801898047897622,0.14063178364101003,0.1572898835634344,0.5094562772505165,0.05161912348815192,0.09762056719226851,0.5046313455673207,0.11273740587621048,0.007953487010388869,0.13895660554064698,0.15404244493320224,0.0540039554074332,0.008015907014938513,0.678071506946319,0.12558970410232054,0.00017866496202016593,0.009017302745886083,0.04286702172287568,0.01568030788480423,0.015465782210895552,0.020552805892813632,0.029388494323388595,0.695137623732734,0.33464420164635256,0.043926833203956475,0.037512135154230096,0.09513975971525561,0.018205569181073158,0.9173380224680803,0.7304215868382649,0.7477047262702892,0.30975446413281216
600535.XSHG,4,1,-0.1031654716512443,0.16887923262937166,0.05641052242669198,0.321571918228464,0.6779097069500621,0.11996249189204433,0.4564506018235974,0.6884310326536947,0.4316089990770493,0.4383994261152371,0.7292716521827123,0.005790459463971589,0.015546675953761035,0.006865527258226764,0.00334158727528758,0.002721040627534742,0.006683032523019268,0.0012884413524989072,0.6222775465375201,0.02913827667311817,0.15349162255020687,0.006077748968467432,0.10903157618446593,1.0,0.11658727785212569,0.7026448137467618,0.004164968560452478,0.021208284344758976,0.09170546593534648,0.8305507887854755,0.33438081369830175,0.0,0.24245438770091876,0.048192226868110935,0.18375839371036148,0.07345892438221144,0.3693049835444881,0.19455621342451954,0.15486394372128934,0.28305577005463023,0.5196075061207808,0.0719594166147478,0.22687317351658975,0.5306654912523221,0.18672276452355377,0.10777633163136698,0.22115427913332464,0.22632004783141813,0.2032189308206609,0.10785327743179673,0.7078292592579609,0.06268465601565472,0.000592533263459819,0.009079416525451231,0.04576198921533914,0.01655595510033261,0.10821747391361701,0.015068223978836857,0.0295099061712752,0.6307350614242169,0.2917846088019727,0.040143498622083676,0.14076803646246622,0.15399915134012263,0.01476864868098343,0.7237496626947495,0.49537559152624855,0.518045327200281,0.8066955204589992
600536.XSHG,4,1,-0.216441336222333,0.7184945412913933,0.3508493972651175,0.21825840702072613,0.5235176357400725,0.13192755663637526,0.36482347184536174,0.2448320776803911,0.8951441023799133,0.3800402956821358,0.20901391805832942,0.014238936884854418,0.01066478141642415,0.004283707718046122,0.0009718552007008558,0.002414890682139786,0.002497105933576069,0.0011626327095052291,0.6199078118275259,0.0269195403695273,0.15012810197522447,0.003913327552900763,0.010757247916329558,0.4545454565289256,0.011332693621570262,0.7006847633816404,0.003543088937013908,0.03201591751831419,0.09136936442642248,0.3588133895387535,0.0820332216747734,0.827309236947791,0.11060595479813583,0.8201086337220344,0.07901580937246995,0.03728088922968151,0.3064258702529405,0.18184644148334034,0.1377837917937279,0.26468117681451925,0.44528663186078765,0.1400718886653614,0.15415611956950218,0.46614149070246075,0.06233497494586995,0.04679804301112711,0.16216753047001337,0.1790666495124104,0.052377207289379585,0.04679804301112711,0.6086620696746934,0.07632650851523978,0.0003243934517581246,0.0,0.09565133536559302,0.01874472511192502,0.053318104036622724,0.01620163265302929,0.02964508671007459,0.6840508824706739,0.2737112114669637,0.03183394576767058,0.03994735059354794,0.15563947155089425,0.02810043668122271,0.8961863203192684,0.7130876564504001,0.7233630744125499,0.5188017408761806
600537.XSHG,4,1,-0.05099959457193874,0.7521547637187425,0.19964641529687874,0.1340466300114052,0.7794937764816119,0.3354267586761453,0.7303865086773554,0.0,0.9857368545382217,0.6338027406477859,0.28802506687073853,0.00245923642763879,0.013684344003226122,0.004505183670951976,0.000710687175116391,0.00798041146265654,0.003445414798207129,0.0013207049269933027,0.6144537172984882,0.02273617031473582,0.15030891283558087,0.007249247564261568,0.030466525605930703,0.4545454565289256,0.0207759870280885,0.6817984109017521,0.011720872898793323,0.08695848783576016,0.0913695065017176,0.2788647333868222,0.09135609342555492,0.9116465863453814,0.08743318079823334,0.9077691281892292,0.06634879812181436,0.03487926394315598,0.2971426250184592,0.1802560100406623,0.13693758335348113,0.20470555979997465,0.5239693980054466,0.03717042056956799,0.06594048167299386,0.5308741382721506,0.08215460470488833,0.018634693439522492,0.14997234261458614,0.1678471398123968,0.0632184951466207,0.018634693439522492,0.7615827487768426,0.09248280375507578,0.00023795425627200686,0.009162603462792037,0.05259738409444571,0.01424175607557558,0.04960010856162498,0.005069958130391377,0.028405973997971606,0.4693250377282964,0.22004951087715083,0.03970870626340521,0.03666858602595113,0.19883214267619193,0.039994466710534186,0.9028330090468819,0.7559152624828629,0.7736188089661564,0.459869867324569
600538.XSHG,4,0,-0.1814088865052036,,,,,,,,,,,,,,,,,,,,,,,,,,,,,,,,,,,,,,,,,,,,,,,,,,,,,,,,,,,,,,,,,,,,
600539.XSHG,4,0,-0.2501281199791839,,,,,,,,,,,,,,,,,,,,,,,,,,,,,,,,,,,,,,,,,,,,,,,,,,,,,,,,,,,,,,,,,,,,
600540.XSHG,4,1,-0.273850424061262,0.6262254909170564,0.31149076180565327,0.8580031529592504,0.6471461087023936,0.15438361097432135,0.3439240282385385,0.21162963224902992,0.6958763158195163,0.2250158069674405,0.12616603097489654,0.0009115639143496944,0.010801319221062587,0.004770222396912839,0.0008275726034509103,0.003277718656584227,0.0009918374571738326,0.001171115519230789,0.6172275423531203,0.02491855149875851,0.15079612731352113,0.007249247564261568,0.004846205965133488,0.5454545434710744,0.004125386703077298,0.6961883255250945,0.003038622556423351,0.021886587682011394,0.09125001665194744,0.3546006452356157,0.07938167841643132,0.9317269076305219,0.1043282109121669,0.6618197944972739,0.0637307336193767,0.03960306440404158,0.3069869867235632,0.18075361363274814,0.13940991584710533,0.16326955686088004,0.5106710353934819,0.042268299755208676,0.06677920686341818,0.510815399137694,0.09817107548684839,0.01153505726160801,0.14997234261458614,0.16450473416111355,0.035358511481735064,0.01153505726160801,0.6682920901122607,0.058541533615593395,0.0008808370290709181,0.008802816524918919,0.04338295782964372,0.01483473022182142,0.07897765840186793,0.00868696287706892,0.022810552639646438,0.4791255240657188,0.2750107892599123,0.048920611902421515,0.04206831475925441,0.1962027220448903,0.022106089609379674,0.9030380551334309,0.695452434655699,0.7367359979720791,0.3381397488137942
600543.XSHG,4,1,-0.299744539409085,0.5170342575613082,0.2989319412964701,0.34004362720993564,0.4221500582187973,0.010006139268103786,0.6473310819069259,0.18484381490077328,0.9182999791875048,0.4204850563733499,0.22333674708020734,0.00043990352145231243,0.010960117535664726,0.004922716987645783,0.00013936752121964472,0.0002092908709643455,0.0005654217304651625,0.0010903060823805872,0.6190738283783626,0.02209264035839721,0.1511136709548974,0.0038368200876306153,0.03094196867974764,0.4545454565289256,0.018953458412175998,0.6789541846235433,0.009472542495612865,0.05137017274124988,0.09063154997605942,0.17284110378525686,0.11613952955084111,0.9919678714859437,0.08739365255464449,0.4798506106668829,0.06274533896076441,0.030261413310301553,0.3038958975289686,0.17958157170601005,0.1407903664823466,0.1580373628537735,0.5318427242963106,0.07325931605834494,0.10127544214070101,0.5272912068429477,0.11485404339559485,0.005938656827479025,0.14218925392142912,0.154681592844808,0.08076803080775188,0.005938656827479025,0.7408764199084575,0.07216052013820366,0.0003686491084265356,0.009067176032174667,0.053311330964767534,0.06007868756426323,0.02342171794152674,0.058387411960904495,0.029454045442580883,0.8042414256139927,0.32288668230598366,0.052282885351414565,0.028257648523051994,0.17086119977706846,0.0269676078243704,0.9308151425203448,0.7571176639688648,0.7727381948863652,0.17856979593570121
600545.XSHG,4,1,-0.2753527931817983,0.6404816128071339,0.36952311586462566,0.4118172756880918,0.5926765517420084,0.20914295383400544,0.35829561966223633,0.2531175731986821,0.9784643364282772,0.1308809169781332,0.27717757371592594,0.001372611579505419,0.013684344003226122,0.0046391518412623985,0.0012979564612010546,0.011228022190343454,0.00736471418850371,0.0014383808371599858,0.6200198913816991,0.021470906505575576,0.15041404884495038,0.004193016274014632,0.008886002839642347,0.2727272717355372,0.007767240680562788,0.6960305251277292,0.003550447111800626,0.017771547436013384,0.09094639507279785,0.2811467819893643,0.08111764120392928,0.8674698795180722,0.0973989098110418,0.6327375348912174,0.06648431590212682,0.039688186886510456,0.3056871210596509,0.1805886708073975,0.13930462723933268,0.10817766014345259,0.5570604632032464,0.043719866277945246,0.07903575787849558,0.5289758398233249,0.08947301818062821,0.0024176039061379077,0.13716219802025736,0.15294227871337823,0.046216399116037206,0.0024176039061379077,0.7482264655395039,0.07203688762717811,0.00037023729632462633,0.009131810727718,0.04508537548697983,0.014627937796889982,0.02543854203732997,0.010728414849735749,0.029460635561955245,0.5438895683616771,0.28317578191231435,0.05304223026306916,0.04188646010567402,0.21037763781223084,0.01673580786026201,0.9272095269205096,0.7251918314094912,0.7456345570392355,0.4170395753738335
600546.XSHG,4,1,-0.2837672848062626,0.8933008817121937,0.39343539298187286,0.4034399589332635,0.7647602831615189,0.27838453367233085,0.44962029449187746,0.08790089725791345,0.8063432445889709,0.3655375239038085,0.5403065324839774,0.014425106139999356,0.022936121856360923,0.010111878743245716,0.02482763003840187,0.05987319210856018,0.05085379063795707,0.003230402930281124,0.6111608898707231,0.06503825489151696,0.1564521159889169,0.00810897344590106,0.03564592748074693,0.4545454565289256,0.03577548410875603,0.6975820624983012,0.005788949459240233,0.017274124988694944,0.09090249587126349,0.29452246399108273,0.09930918791447776,0.9919678714859437,0.0782099239608354,0.8284168241626364,0.04964046023991693,0.029428898226978563,0.25174716445023493,0.172902637832915,0.1303992907967358,0.3002367635016265,0.291921996555597,0.13683846166373212,0.2326857979876196,0.5608474850907913,0.19535502503846414,0.4608210335815737,0.21144852881424564,0.23181939754516556,0.052509743391551136,0.4608210335815737,0.7381701073994744,0.06080193156297626,0.0006915700790014682,0.009011244871013438,0.040890739744994846,0.014398828795211763,0.1673123367464842,0.00793478001917855,0.029156863478152606,0.4919974984559397,0.2725739835660641,0.037570843781387836,0.027004972810451205,0.09694791191670468,0.026703505413650776,0.9361800712956783,0.8050478749281322,0.7917671165235944,0.34464309327602966
600547.XSHG,4,1,-0.04005867553473946,0.24216326099179045,0.11275667973377396,0.40963892542983993,0.46651152799057793,0.12675835074238864,0.3791592244055617,0.20480881577749196,0.39189269885373207,0.17034516229453356,0.7483541508647229,0.0215805849971991,0.02503471277790937,0.010834190947670968,0.015789486579408228,0.021781919037574836,0.005255313192641463,0.0015840667212887753,0.6105177839154827,0.024160413452718882,0.15858854458397303,0.011823590489216764,0.018300030377006837,0.0,0.0,0.694118918958336,0.00011999103179336834,0.0,0.09134051696217903,0.30851949949635105,0.06424577393230849,0.9196787148594376,0.1311165015923294,0.49688378696621177,0.07760321831465629,0.02791486268340499,0.30731584676411094,0.18069320473642247,0.14148709109674332,0.20470555979997465,0.5281744885411382,0.033859939551032656,0.1597909174976541,0.5470684712312013,0.19281906352366884,0.19187283357216675,0.23561280778859528,0.2547773769869466,0.08015889488217143,0.19187283357216675,0.7445864985854961,0.05528298802653913,0.00155601206363439,0.009081863966118688,0.043978177393370996,0.01459062927799085,0.6165945108759312,0.004821336424893028,0.029370812153153257,0.5164768147005632,0.27991652023056807,0.028894764697977218,0.01730936340150872,0.12527953526371788,0.009163426452114614,0.9263511738222721,0.7175406881606299,0.7407403495522995,0.42055528252599583
600548.XSHG,4,1,-0.159580587885337,0.3570749064133134,0.9999999999999999,0.6071128749141418,0.6800560705947846,0.3846141191596506,0.0,0.23675124146848278,0.9778535731190379,0.02098005131705391,0.40096105934272647,0.0009399268039432535,0.01730136660149982,0.007337991255769444,0.0009344394197127218,0.009880977656186708,0.002864789693508891,0.0018074555585322022,0.615280703036899,0.027228549855242735,0.15284338284209217,0.008806697574996334,0.002218160031408049,0.2727272717355372,0.0018581286653095897,0.7004433423086364,0.0035435413681328175,0.0029845346839106448,0.09120004546086467,0.22407341371203765,0.12086132591807505,0.8915662650602408,0.1240106410031741,0.37390963341508404,0.07982199351845737,0.03821263326002089,0.305606942924368,0.18160293034153224,0.14083846127848965,0.15859829437206224,0.5181080932212163,0.040433649077499474,0.12408223850259562,0.5305053023723691,0.11825058516498196,0.006918636577701214,0.1636920981513243,0.16572621521885328,0.19437347136173158,0.006918636577701214,0.737758785291028,0.08526013967732009,0.0002663590194765796,0.009070147943996692,0.042674023890044786,0.018709643967288525,0.06165412554497898,0.006300724568655718,0.029234093738212147,0.7377642228192712,0.29599917104153156,0.033096479167455464,0.03501925647196199,0.16738256510614583,0.006419662618890949,0.9144851301643209,0.6846971606740087,0.6935740257134031,0.5649581107544749
600549.XSHG,4,1,-0.2538659913513289,0.8173631469365399,0.11981312942576355,0.3884349823006828,0.6480490224842416,0.19984836224718905,0.6040789598526008,0.18314094686718274,0.705074648361038,0.35448966214661515,0.596129651305408,0.0067501585971215805,0.012859848423640874,0.0055466649037134545,0.0026879434400476562,0.011788554831799298,0.010486744073172693,0.0015954455125974478,0.6215098874115219,0.03845720353095683,0.15145125649539176,0.006326224005740919,0.11854844178455957,0.363636358677686,0.11491200206494018,0.7025117879290349,0.005282966279128466,0.044903680926110155,0.09109853231427113,0.17759934242962222,0.11368844424522062,0.9839357429718875,0.09010265484860022,0.6933946138944809,0.05845337474608848,0.03253144021116357,0.21296529930088512,0.17469846795217236,0.13390371161840287,0.12379630593544769,0.5730837518220618,0.0648699370091609,0.15461651377940183,0.5077724527800117,0.11461905485520267,0.045183470110750606,0.20217318569906803,0.2192307523528662,0.0777098927862455,0.045183470110750606,0.7001204753107411,0.06339338937031233,0.0005634026567972842,0.008858229520642543,0.048104215135990246,0.014698196462933955,0.05245229921180121,0.011190177199150036,0.029262511073968222,0.6012931297354418,0.29237268916633724,0.03585782055059128,0.031655306162545194,0.1855491114404418,0.027798498534426033,0.939103975231143,0.8104877050992885,0.7865402032673818,0.5679802478169977
600550.XSHG,4,1,-0.2931033304738464,0.6316656675065887,0.3933661581328186,0.18390503370316175,0.34468018947648216,0.22576128009163343,0.3717563239021189,0.06599209102630327,0.9308322627046233,0.3262364722329105,0.4529591854712619,0.006127999006631817,0.00949205717669233,0.0046457737210227655,0.0010198790886632137,0.012554107184708277,0.007411479644009919,0.0016520108759641439,0.6218300195441913,0.01563077492774506,0.149594629229208,0.004060585870674464,0.02962953490603004,0.6363636304132232,0.047225380011065084,0.7044444658492268,0.008503480600926445,0.03224201863073166,0.09178873270128658,0.8104909531561859,0.2056861726883976,0.6827309236947791,0.15430772210590668,0.2746158244695867,0.10702673994012203,0.039782748992260135,0.3126165787934732,0.18685844151168252,0.14387493273227836,0.23218168867358738,0.4944168668396708,0.04333499694716721,0.1058891033374558,0.5286662617648494,0.07775823021252885,0.014865638127112621,0.1222019975039619,0.13523427313073552,0.06224027894078207,0.014865638127112621,0.7539931547587748,0.10497598732813776,0.00020695010671698775,0.009109464363438513,0.06058707223211029,0.01549533944423457,0.023106573299235076,0.011876405184021725,0.0284262946678407,0.4864987586531137,0.18871656570411094,0.043036269773574526,0.042410067915631476,0.20460611731772813,0.02120491116827182,0.8674132947976878,0.6452722126398656,0.6567862735105474,0.7668065006695916
600551.XSHG,4,1,-0.04720882875230826,0.5307048069306999,0.48467231484706397,0.4682820905150394,0.454365741100632,0.06239871834643257,0.3582947910179936,0.22147288374123814,0.99946519790751,0.05480406127882714,0.32668066799813333,0.002570344972023954,0.012059800866621447,0.005264802528871291,0.0009691724843425411,0.0006385486844037037,0.003374769232649427,0.0011421478291102013,0.6221066880396854,0.02299568257151231,0.15157228500305153,0.005062544870142036,0.006105751709230651,0.5454545434710744,0.007180834163682134,0.7011842011238191,0.0022164897203199325,0.013385185855114405,0.09131674095824929,0.6232101211396974,0.15375255795955017,0.8393574297188754,0.14646268336163992,0.2658908386108598,0.10314684539939173,0.03485631657189438,0.30699999706959935,0.1824170792502267,0.14239049334861967,0.2567876377037765,0.5351310909534266,0.08094005317710835,0.17638344904642198,0.5218682311165013,0.12548858034023208,0.036288220514511464,0.1815848001518433,0.20014477886703702,0.04965120473991513,0.036288220514511464,0.7012095440751505,0.07311497593977773,0.0003570005099053896,0.009138955653363184,0.047900136087877195,0.02166233909978399,0.053165404610063124,0.0230167054774192,0.02931662960285274,0.5644724192570104,0.2899423073890809,0.0300593757703502,0.028359883782898398,0.10925672594619243,0.010040378058264044,0.8826275368905427,0.6579485648578132,0.6707665171251054,0.7656099411308078
600552.XSHG,4,1,-0.2834153188913828,0.5647262566129395,0.22101351773375488,0.33278009871103353,0.6528859053670792,0.21881338577381892,0.6149806035098885,0.5893337872360386,0.9989321521437309,0.42295287686807415,0.3229103374188369,0.0006405430275464225,0.011069993396020035,0.004946218787290877,0.0002753287603019397,0.0016899307803390107,0.0030763975611200404,0.001144861990338617,0.6180340494272522,0.0229791355540796,0.15106246848135918,0.003626740386602148,0.054104145029311,0.4545454565289256,0.05430221702412417,0.7073231239723115,0.008701393038314839,0.12010491091616171,0.09029015410569027,0.35984205675522485,0.08562004997824976,0.12449799196787148,0.0704465769199856,0.769422820473073,0.04203540570554123,0.04941995297770892,0.30911484281382257,0.1577679978275167,0.13865209784301338,0.14786692646483277,0.8131766204364023,0.2416000100844217,0.09411298873951923,0.5358595052789261,0.1248998905301533,0.027244582752753297,0.1456384111176624,0.16258841739435995,0.04080733571421187,0.027244582752753297,0.738673743276578,0.05788249787389809,0.0009614205794826848,0.009077839273725023,0.046433458093746015,0.02839273594141869,0.052091243126678254,0.0108460558888137,0.029513769250759634,0.6011229227260177,0.30725028532896204,0.032769529743703826,0.06062342686241244,0.1413127153316107,0.025220583836812825,0.9075064620584852,0.7286221308212824,0.7628322766844549,0.07214680940850585
600553.XSHG,4,1,-0.04005867553473946,0.5832710543596483,0.33323445031838866,0.36979524077594106,0.5086859991960199,0.19531619973499242,0.5201466800399461,0.3337110635790617,0.8075837911617676,0.3255274155849768,0.29448349460704565,0.004585277962534866,0.013684344003226122,0.008150090726543492,0.0029840589171838032,0.008062098247688082,0.00966583515757642,0.003724127055187232,0.6194366714067405,0.02795801905504902,0.1535011777904567,0.007249247564261568,0.03212743887797873,0.512508658030105,0.03385548310334353,0.6973754749785577,0.011416551503228026,0.07601564141075765,0.09146680527188153,0.4259820692575249,0.13112622332231372,0.5511172547939428,0.12284974011172788,0.494504656209718,0.08633157970599001,0.045919982486072305,0.31147779666162767,0.18463137997985954,0.14208910423830812,0.20470555979997465,0.5318427242963106,0.077915971133906,0.12469801664167228,0.521515575256219,0.11601091851739048,0.03148564188991912,0.14997234261458614,0.16450473416111355,0.0632184951466207,0.03151351181947201,0.7073590212283098,0.07474128671978711,0.0010165370293848852,0.009470773081934954,0.05305644375124136,0.029247760156912796,0.06504798281099847,0.03229344616550119,0.02996043969994048,0.6137324122247689,0.29599917104153156,0.04246130980234155,0.05485061095598209,0.16042323302325237,0.02380545148233199,0.8768056165474607,0.6953581940533766,0.7048157031587168,0.46648362214367545
600555.XSHG,4,0,-0.1753970213994012,,,,,,,,,,,,,,,,,,,,,,,,,,,,,,,,,,,,,,,,,,,,,,,,,,,,,,,,,,,,,,,,,,,,
600556.XSHG,4,0,-0.2877438607199247,,,,,,,,,,,,,,,,,,,,,,,,,,,,,,,,,,,,,,,,,,,,,,,,,,,,,,,,,,,,,,,,,,,,
600557.XSHG,4,1,-0.1966624491196451,0.316685698754119,0.07973525610013005,0.33394700882336326,0.5566123263362112,0.14098333864824739,0.6680685255642964,0.7694123566216814,0.8644794812507519,0.5492535437577464,0.5036865303968785,0.0033862078256313216,0.011908720234791587,0.005289697870293782,0.0006924939900402613,0.003112141696084963,0.0016358855881177087,0.0011894219678656968,0.6184738458655179,0.02321819050420632,0.15148204224037354,0.004564873941808368,0.08856704422059344,0.7272727282644629,0.07190849412784275,0.7041868270851435,0.0046147183945708945,0.07841186578637967,0.09169658934906152,0.736712474938261,0.16753927509748023,0.008032128514056224,0.178562252372024,0.26256776775255897,0.12473242118738093,0.060458553882597396,0.31513559797910634,0.1883472574675835,0.14234629813054225,0.09315617655486602,0.5184911508756651,0.030233919600855093,0.11022217363283456,0.5274721520263933,0.12641443518937726,0.023753297483532707,0.1717813937586622,0.18543836750661125,0.08957346436382538,0.023753297483532707,0.7224650814406091,0.0916321833755139,0.0002407678647520829,0.009094250039208673,0.058102637382004836,0.015014708487360369,0.056384840614315423,0.012684411057213196,0.02949768216729308,0.8755492918390452,0.3032421507039153,0.03251580269089775,0.09604220281422189,0.14575559228859503,0.02631946521505055,0.8107575520870318,0.5998656627305294,0.6107091649877348,0.7245119427601991
600558.XSHG,4,1,-0.2252438607199247,0.44369884942647825,0.5596881679336785,0.33612783810158064,0.5275044322350751,0.09101971146163026,0.26816688563590785,0.2673462503831637,0.6062139787958435,0.06805929111310052,0.09951892822503083,0.0014132809006568358,0.010965909998354591,0.004921799831738742,0.0006048327982689245,0.0020377901679168794,0.0012052326516425805,0.001143227424913951,0.6187700127179742,0.022828180209109,0.15103095138978315,0.003843406282487816,0.005144820632621579,0.7272727282644629,0.007531117303864689,0.7031836025373107,0.003576757071132698,0.03373428597268698,0.09154247183807002,0.6126340425807949,0.15835789964695082,0.3333333333333333,0.15443553009351063,0.2596594391329834,0.11347396720113746,0.04412174904895236,0.30932191285441774,0.18548940518105136,0.1423553971460288,0.37100116896292723,0.5280159282026725,0.10272313267605103,0.2174539401249766,0.4999935763857663,0.12497961256830116,0.07827323312566423,0.18360302568328646,0.1933062288257972,0.13499888802210278,0.07827323312566423,0.6712437936518509,0.0627857636186497,0.0005881529819423407,0.009057489902592366,0.04623557924942179,0.01785330423154635,0.08065495028816128,0.016166787277500594,0.029750709787050036,0.5293698570593773,0.27261350038631105,0.02839351808142438,0.054796532453767866,0.1509872796017632,0.008551025901776635,0.8509670008947465,0.6485034938746632,0.6500238967239043,0.7023533531734772
600559.XSHG,4,1,-0.2345031199791839,0.20323249366626644,0.11320469484263884,0.33867821842751156,0.6741502688596721,0.17460920919140271,0.6413946745520454,0.404480811220387,0.9782592850512717,0.7279184882545047,0.2769024561359126,0.0013424663342825936,0.01114139357807738,0.004989600851176368,0.0006224862553863896,0.0007621046108992897,0.0024971624897978,0.0011838809154304435,0.6177385541601844,0.022444018286308105,0.15113534874888815,0.0037865223512135266,0.06240123252306275,0.2727272717355372,0.05543962520760389,0.7028321606889444,0.012163527895782091,0.09025956407705525,0.08999528888406742,0.28451949033373547,0.029164344815509648,0.9999999999999998,0.02412540467039373,0.9925223206265483,0.012842666078857798,0.023899531587404637,0.27325249199091756,0.16238833531202018,0.12834941259355737,0.13691994572482344,0.5099947793191886,0.02243029680879423,0.12856694319604675,0.5290023372320389,0.13717012178150556,0.0700515508220465,0.17418784199367288,0.18839406673294515,0.08597882020072857,0.0700515508220465,0.7250054628717528,0.06441486053118907,0.0005270601453016906,0.009064487877616092,0.04764671924791263,0.013533868692731986,0.07734909546143678,0.010647800078339993,0.029656039820841276,0.7604766018031963,0.29017824032572764,0.025715400926605864,0.024070311635090002,0.14163571274763134,0.03823996530477957,0.9531056937126301,0.8593356109858035,0.9464449332344018,0.23912810810012175
600560.XSHG,4,1,-0.2286028282793696,0.6021150424481246,0.28570744994500374,0.5378462239125203,0.5464022622161259,0.16349959252325363,0.34029808819343543,0.33019351389402174,0.7182102307903744,0.29209902992592474,0.13347946037200054,0.0010454341254287308,0.010953426961063458,0.004916351325271067,0.0003308444952999087,0.00023664559720683,0.0036993683152063152,0.001163568309322188,0.618567440941087,0.022383723375387757,0.15109995092932227,0.0036864496643293945,0.011092649057244885,0.363636358677686,0.016697211764800095,0.7076522255608587,0.004490983621539804,0.06656416749570407,0.09126528731776438,0.2506436780050592,0.15062908191849184,0.4257028112449799,0.12529003848733317,0.26672237626770995,0.06599179133488867,0.04248602875216871,0.3043672033802856,0.18148490949733104,0.14297932963653331,0.11584173824843638,0.5318427242963106,0.10450543034085527,0.08612885975160732,0.5588784064426281,0.12046522160898916,0.03055284299388437,0.14146935036313257,0.1565152125280705,0.05606860280706163,0.03055284299388437,0.8285838483623655,0.09563473614411869,0.00022847505571329027,0.009093961072874687,0.04895878790501181,0.017347722399518595,0.03297005095893023,0.012514790458512726,0.029496498452176025,0.5546447663285073,0.28508407446837714,0.045293293295570566,0.04761905645452077,0.18030230341490602,0.021282377220793205,0.870406435074065,0.7389406704701256,0.7137845809359593,0.5202058742873964
600561.XSHG,4,1,-0.09038486379196228,0.42283866182755503,0.424478012642241,0.5164258977549464,0.6727978207028216,0.30240342584176305,0.3091609521288078,0.36416109564002397,0.8540446932967081,0.10047353227231678,0.18735055445905058,0.0026451498773261838,0.012033606982530365,0.0053167099579274225,0.0007001431194889749,0.003550396487877039,0.003282120771521071,0.0012584084779334852,0.6147545357149221,0.02558761143428538,0.15146800486688372,0.004125808545479138,0.006775910247440961,0.4545454565289256,0.009083316148495888,0.7028883385715878,0.003204230864088207,0.03396038708510446,0.09160705683730937,0.5861067246395718,0.18022748982055317,0.08032128514056225,0.1459435457625064,0.24221049400522943,0.10773436131745766,0.052354193252951264,0.30495517756821783,0.18237718677130468,0.1433302916624421,0.06947974587958482,0.5427011786435758,0.07297459873346514,0.104280922119442,0.5472823374375946,0.1445303109977596,0.054942799973182514,0.17844041030796015,0.18858810026608755,0.12732054147889615,0.05542407437076554,0.7547234852070107,0.06696704281382901,0.00045729187859158314,0.009024091261441911,0.05257218752160176,0.015519455054039634,0.1250226324013957,0.0037191839449721986,0.02935091511435597,0.5700171759386057,0.28856778390256055,0.07230943130462733,0.07345371488794013,0.21898702310381518,0.014924178979481964,0.874850875573419,0.6815543319623196,0.6577183777689173,0.5776238839376219
600562.XSHG,4,1,-0.0648356824723014,0.35730415432914786,0.04672293674327305,0.2976987788878868,0.3526163351998455,0.1337405931444116,0.33760872330367203,0.5872551302701375,0.9788006733764278,0.5293098881040726,0.2776324889919086,0.0007982262855431824,0.013684344003226122,0.004684897847278318,9.015284863913051e-05,0.0010552694475207988,0.0004695410011266545,0.0011301301335470571,0.6172817971052841,0.022520946322066204,0.15071249981227292,0.003426972163981631,0.009504645046880228,0.6363636304132232,0.00911168920141035,0.7022431924007283,0.0013632324402595623,0.022881432576648278,0.09128372254199542,0.3034520004196942,0.10992393730183195,0.2369477911646586,0.11422674191087434,0.4819274016296084,0.08449327091544277,0.055181497543148106,0.3065315423688716,0.18154852400815233,0.1400520463685829,0.22396352262417082,0.5415661781098482,0.035108251057069995,0.10733516231744362,0.5189923790240731,0.07665656912205322,0.015655800505256282,0.12657613340367913,0.1340659911344396,0.11773632578646259,0.015655800505256282,0.7286430927683264,0.07405795860987012,0.0003464617281932476,0.00918974546190463,0.07168636044871532,0.015060112655021768,0.044076324586695394,0.00948035775081052,0.029209622573565523,0.6642026383749722,0.27140833470084896,0.04144194445857289,0.07268795032013717,0.18413314776815118,0.026741341149727822,0.9143803880075556,0.6878372252443503,0.7173598476946923,0.30324494271678687
600563.XSHG,4,1,-0.1743128191811484,0.6276321592663126,0.26869113317545523,0.4499888709710835,0.6373070065674815,0.006113958989110546,0.5015410711304076,0.387954709646709,0.987715358831128,0.25360621218654344,0.2914547756843041,0.0015129965589600295,0.011700707371824381,0.005238257739952077,0.0003673688818002683,0.0004330904516380751,0.0005478079606658392,0.0010843345687880936,0.62004921465769,0.022963960923399643,0.151545286998936,0.004658666774417332,0.021127339718021023,0.7272727282644629,0.025162470507153794,0.6948017385296825,0.0065681887132405,0.05078230984896445,0.09180832373586373,0.7995690881206476,0.15942959600810613,0.028112449799196783,0.17477215261591325,0.18072290393481566,0.12283201433311255,0.05988488413007411,0.33074123088120977,0.18455544900868753,0.1491107662150955,0.13496437436732167,0.565146035328148,0.11926628400026712,0.18725178893172673,0.5337671333850649,0.15330008332519576,0.025440499363309815,0.23141638975909648,0.23928351147365112,0.18448415756209913,0.025440499363309815,0.7270573992991165,0.05943189409443131,0.0007933429877595647,0.009096971641483327,0.052883648822568095,0.05069141873438924,0.052189024338422575,0.06700167191299998,0.02956167497797684,0.667801934483053,0.33356362100994486,0.026325546726223892,0.08996909027523942,0.14415042179662563,0.01831728180893701,0.8333729814943689,0.5799970147273452,0.6108306289987404,0.7184806196120801
600565.XSHG,4,1,-0.0751463948329851,0.48111685505589713,0.36066952428036503,0.6424769800862097,0.6160005148999163,0.23883361860321164,0.3088149931574702,0.2489428531486111,0.8919809543714583,0.18240002939032474,0.20719696747242838,0.001349547970002689,0.011169465797800735,0.005006383695958607,0.0009314394862779543,0.011862105234357576,0.011200604171254186,0.0015215442141221479,0.6229086334017441,0.024491731554292424,0.15104857875214484,0.00399246055715438,0.006516648212909213,0.363636358677686,0.006488536713284265,0.7016912325357818,0.0018144190865619894,0.018404630550782307,0.09118290379751223,0.2719617592512327,0.07630882307050471,0.9879518072289155,0.09242889198380394,0.6248440866893407,0.05703453211204694,0.029539288485764856,0.3069716479972961,0.18150313678188937,0.13892376844825388,0.04709610656201312,0.5509389284879304,0.06914882125388053,0.05039956199266103,0.5244184862624586,0.10470166812272529,0.010968919481897186,0.12978654094641395,0.14754570360368793,0.022499858849051185,0.010968919481897186,0.7281137492594449,0.08741496594493399,0.0002566876263585076,0.008920068590277278,0.044222755644955744,0.015352519778173227,0.023575525893869,0.011875016454489008,0.0296185723087472,0.6060611436802193,0.2917289348581765,0.021588119450939466,0.020818719092594543,0.13731166400668796,0.014331817909912066,0.9349302665776653,0.738625558356552,0.7571934419996145,0.4377915455696949
600566.XSHG,4,1,-0.03040350312094632,0.4259553745104949,0.31242786713260795,0.2826279311533658,0.14049796505869105,0.13992107894925232,0.457822629528489,0.27790315272439653,0.42780040026731325,0.2970980921425353,0.055379497370571684,0.00040013022630757826,0.010579390348906224,0.004757501137934967,7.933214071210846e-05,0.0011456901773482836,0.0006753936301453097,0.0011441931316969935,0.6173161834784946,0.022157476851775628,0.15082482632850364,0.0034756937993051526,0.01394406799124916,0.5454545434710744,0.019823743936403956,0.7145590558874557,0.01249674319837769,0.12164239848060052,0.0921219558835587,0.6571548695383471,0.29271196353676754,0.18473895582329317,0.17105913293480077,0.07561243775016707,0.12563342358463941,0.05319871656864763,0.3044215278900933,0.18616252202273828,0.15004536509149707,0.19542477298053987,0.5296695793522375,0.022098727727062797,0.09919637887283395,0.5232467788786425,0.09992844163781094,0.009792473227679514,0.12809046821114667,0.14416635611145953,0.03732561231016522,0.009792473227679514,0.7276802251053721,0.08958599767563039,0.0002480513142175746,0.009122808905507264,0.06701510053036805,0.014115705967664652,0.02118997840961284,0.00960850227945283,0.029559058272867676,0.5833897917930283,0.2317803612304565,0.0467081539268787,0.07252040324274822,0.1924147065156812,0.018603966022611714,0.8184489994461093,0.6703042766794924,0.6232133568163756,0.6197352392597455
600567.XSHG,4,1,-0.2143325344559013,0.44637981457393133,0.5717528167679604,0.2415916512273893,0.4413939410656923,0.2341136494947939,0.6216640336495854,0.5392058156223027,0.9807379039446265,0.4375428528337493,0.2803299061844534,0.001972224826649784,0.01127858116487189,0.004986370261376802,0.0008603942598684456,0.009689124744365733,0.0026462020171624436,0.00138445120235402,0.6190806328910641,0.023352370633791534,0.15063847330844388,0.003959437059432081,0.028313496184680334,0.363636358677686,0.02213305876794414,0.6139057022000747,0.025911334256841546,0.0496065840643936,0.08883029759487186,0.3154563613338537,0.037873804148572186,0.3654618473895582,0.08375112490793211,0.8520981953579666,0.052330586613320636,0.051956135120940945,0.3188342527386849,0.16803693251554488,0.13723135156776034,0.08573935274766672,0.5398713666061775,0.043068932887845746,0.05271210324734823,0.5231172627566555,0.09777002837791239,0.012309384476355595,0.11945621986310972,0.13748435775836876,0.013019816532924486,0.012309384476355595,0.7289480787635098,0.06626531030947151,0.00047406430809792256,0.009266010092825296,0.044558885841847834,0.01751913384097049,0.05545681977994285,0.011002072805964793,0.029649521895829638,0.5309305499959528,0.26630832891932404,0.0694417988588295,0.07044277412769656,0.28459840654608093,0.02968026559789436,0.9153603485250883,0.7158877316350454,0.7702032937871159,0.3089574199778079
600568.XSHG,4,1,-0.330785492577346,0.6242899246815681,0.22649005781215753,0.2899410400515778,0.2305598115600046,0.22482683142177207,0.7442992383516444,0.3030857749689393,0.9425557568503407,0.4276852992302441,0.24095601777919118,0.00032878047961801835,0.011216309610682556,0.005032926264963934,0.00021921869029409015,0.0023945383732496307,0.0019123581331441852,0.0011895654909084895,0.6193064280939787,0.022112851339219565,0.15113038858968944,0.003935558183268939,0.021244519018196392,0.7272727282644629,0.02739901018792839,0.7011382904108624,0.00669602869025387,0.11987880980374423,0.09175623346715593,0.6944572631867892,0.2223093381933645,0.5140562248995983,0.15675320277593677,0.133361188133855,0.09766452241218,0.0396267055358547,0.35686034344798967,0.1866794968540176,0.14897688070150808,0.0778752007481878,0.5322823320863606,0.024656921088343723,0.07589939954096207,0.5211041823509914,0.11345159697341722,0.020256590614441367,0.14405262892318138,0.1617170273872658,0.032968620487377656,0.020256590614441367,0.7088914518618753,0.08755457624673135,0.00025610085743064156,0.009055291126502638,0.04337240429127976,0.01421334634519688,0.02581156096319066,0.015678834662673488,0.029297620690932693,0.5574795169447454,0.2928054275476621,0.03785486890579355,0.04275392391461881,0.11866434235192785,0.035854369803194355,0.8565529533737626,0.6335273760559024,0.6460512314074245,0.6572416158246738
600569.XSHG,4,1,-0.2327670088680728,0.3873758330337814,0.9999999999999999,0.4893213558893457,0.5576643604834375,0.2790610101518474,0.10493474219427484,0.1463935164224894,0.9989993317169257,0.06016624869242054,0.3233250466773792,0.010140108166657209,0.006299175850067641,0.0029217926889233475,0.008105637327316055,0.05038906698280555,0.0283076771427881,0.002551903865110443,0.5951479192210498,0.02080822391639605,0.14670723165736288,0.004461026782316341,0.005587997862495395,0.363636358677686,0.008037573280816772,0.7013286998078381,0.0124681602916349,0.011259835398390159,0.0906310520587505,0.28085449182554084,0.09353241043126292,0.9999999999999998,0.11343156541067867,0.49480699600348627,0.07840181700054202,0.03436282640925434,0.3002701036690088,0.1812661758767867,0.13904075579022349,0.1568184015810749,0.523897028152074,0.06092983541371286,0.07949335167039717,0.5430443177993212,0.07074564997046978,0.041934888385932644,0.12119742688122183,0.12066783871268616,0.19018135445004541,0.041934888385932644,0.7832799899973942,0.07244684707733896,0.00036504295012617185,0.009147597775545276,0.04494290271906638,0.014850043419877033,0.07536899128218373,0.004769689377975525,0.026075898216856727,0.41469468632566864,0.23950989020358565,0.03016016621770704,0.02157656707645296,0.11045086639306886,0.005868576897768738,0.9323108250131371,0.7129190438282258,0.7164409460462144,0.279138756343414
600570.XSHG,4,1,-0.1223553262524428,0.5241619262943438,0.11375179835932453,0.3656552678377439,0.4971968881990121,0.01819779579304659,0.4521381300233968,0.2578776884894806,0.9633177576248817,0.3634343754652662,0.4200711149580389,0.006150393671667505,0.011232594618644282,0.004897929096571493,0.00038304001032850516,0.0003869907845965936,0.0007682505895160526,0.0011132529378956747,0.618821996693642,0.0237598508684152,0.1510511836968259,0.004286933358960401,0.04373018291988373,0.6363636304132232,0.03881384294556498,0.7030644645091668,0.0023755181079698653,0.04431581803382472,0.09155018431256973,0.6945696347586114,0.1974487169653614,0.502008032128514,0.18862811960192422,0.1570415327394854,0.14622501884100927,0.03994962080380081,0.3278114428352522,0.19042006289651336,0.1455400525663123,0.047055447682045295,0.5268143373524735,0.02931750506598283,0.06367763411023335,0.513758739327165,0.10574379878296823,0.005633471901924446,0.14243011802079825,0.15724444544073043,0.0589091165488023,0.005633471901924446,0.6094800397767176,0.05904941691908151,0.0008283862693185624,0.009087207924166188,0.10569764429193407,0.024368877250667994,0.0615120033019288,0.03235079675716398,0.029481383949369513,0.9014085600265236,0.3162159315856777,0.03825408195218055,0.05209050387201357,0.17660152885443584,0.024345576359394626,0.790873407564159,0.5998739551545711,0.5986234958926682,0.578881963330758
600571.XSHG,4,1,-0.2684436673781325,0.5091572677962765,0.15550358824955451,0.3675430415414688,0.6028367976234359,0.0757537958248638,0.4209061141929772,0.48779290603572734,0.8713383839492632,0.3672653656291753,0.19599529996173648,0.0034540313343822465,0.010735728826269234,0.004754783202275046,0.00026732282869348684,0.000563763335338323,0.000786968784380073,0.0011283635767012647,0.6178437119909987,0.0223838730636476,0.1508432568944284,0.0036465898901429233,0.011799368956737956,0.9090909021487603,0.020482438592117527,0.7045315553486835,0.002907218363281001,0.058967170118476984,0.0916406499274061,0.6640030196681306,0.21362129370581442,0.012048192771084336,0.20222122376806934,0.11425019428210066,0.16387523944671958,0.05460848038562878,0.3092000278401799,0.1895103515584478,0.14560894511213884,0.09076881594336934,0.5199282955472236,0.026636462463563743,0.07650681569576083,0.5033945589417995,0.10266718955968543,0.015454178366666727,0.1404498219936776,0.15675530876110036,0.04343870748672584,0.015454178366666727,0.5852704618142344,0.06714349119873113,0.00045331193818997696,0.009034979863833382,0.09081372529878384,0.01548062592386505,0.06692281002417694,0.01649457634614933,0.029601255196798827,0.7586786170098343,0.2889964343369633,0.026273140568589745,0.07225853748945743,0.14100151365455743,0.023722707423580784,0.7502121472497194,0.6192809915527842,0.5936223472656075,0.7592530849189043
600572.XSHG,4,1,-0.1817077241605324,0.3516572820139616,0.14708446122266194,0.3690316930307489,0.5409210857366872,0.1350980655882091,0.510535590063064,0.5535392959609928,0.9213726762673449,0.22463934010986564,0.46115443673402445,0.003527475635527377,0.01313607068614028,0.0053876253120726586,0.000904733303053489,0.002967680548620783,0.0017700865434697793,0.0011671051355988129,0.620599665238529,0.03806497217132365,0.15155919172794574,0.004328576254302766,0.04128751008224208,0.5454545434710744,0.034479043082852386,0.7016083450934534,0.005302641893891898,0.03364384552771999,0.09128829911642466,0.31082243668082987,0.10758028869294906,0.10441767068273092,0.12382090543394762,0.5683426427909278,0.10289242312135183,0.05628458711144676,0.30039561248582286,0.19013210608138387,0.1398245709814198,0.10222149653501805,0.5558043939356475,0.0639612096598996,0.07619542019640593,0.5286456660517127,0.12102257961368232,0.01695798695874046,0.13644015391182013,0.1531793842249955,0.036635894434464474,0.01695798695874046,0.7276358210141194,0.06360684959595145,0.000555299480845372,0.008988327153944552,0.05334365117600715,0.02414764972714987,0.06385071557186812,0.019344581859992358,0.029485218423540415,0.8307499198862773,0.3065027750346357,0.025110422617880133,0.0897335925189931,0.16533382732938137,0.011665370580845847,0.8981489042905229,0.7102157135907308,0.6940915680211663,0.588805842091246
600573.XSHG,4,1,-0.1743870337436948,0.42612677115586645,0.5157892508132976,0.25888795059950664,0.43284125284511454,0.0,0.24244701130809365,0.19228392273808873,0.6219770289767893,0.15265721406791094,0.1039316515773634,0.0007309049505218483,0.010201455953704214,0.004583933554683702,0.0002475989897685952,0.00020361976625275536,0.0004092183529357137,0.0011020049128145125,0.6181917613860319,0.022459870046427063,0.15062373821842692,0.003705612683721602,0.0024415162117415313,0.4545454565289256,0.0021527076188744532,0.6947533491951858,0.0030303122921879625,0.013701727412498869,0.09131817152923795,0.2825098488828698,0.06005787799462554,0.9518072289156625,0.11066590596757891,0.6373079122347933,0.07343339688205207,0.03909459058746559,0.30654033603763114,0.1816530525310552,0.13916294256961395,0.20419485313328198,0.5318427242963106,0.05242503928388656,0.1146354676673347,0.5247942275475411,0.08652765440879406,0.013365225707033397,0.13992656190135566,0.14722835172594392,0.12847493092881035,0.013365225707033397,0.7574227865436908,0.05737415263296106,0.001036016513282289,0.009167475040390336,0.05099126747468073,0.03940590231477514,0.0684984408584867,0.05389830462725072,0.029074259505622653,0.5928321226643662,0.25041147132412306,0.03863187753631584,0.03927054451460104,0.11160241551400922,0.010150445654124544,0.9165675462640781,0.692815443810535,0.7198683435741575,0.305921116088052
600575.XSHG,4,1,-0.3572015326775966,0.5160521587054494,0.38555151273910626,0.0,0.8618528539748852,0.3156169530573772,0.30974017445447244,0.3559902972800101,0.950451771652679,0.33880025600519736,0.4342222778380366,0.0030617041818697677,0.014452769289470849,0.006420569801461492,0.008727693199844528,0.025232682149746468,0.028961881920507585,0.002007594858129331,0.6237076070683982,0.021927210705201882,0.15180110512547837,0.004433996081929457,0.014444097347682648,0.363636358677686,0.023855151309753686,0.7046761542178238,0.0026456001000473685,0.03034276928642489,0.09093890350469597,0.24521254273582133,0.08156137638461661,0.6144578313253011,0.07623482938951262,0.8346492502302127,0.056412865890122066,0.04457327880573962,0.3010119685682179,0.17764229477453264,0.13795407336926144,0.12702832458603824,0.5291599247112292,0.07477245293028775,0.05456433265737099,0.5046004319238211,0.10626042544066008,0.048157514293434296,0.12080296525712222,0.1399100843799903,0.003690600301069009,0.048157514293434296,0.6662471648572,0.08153922121972226,0.0002863306778847119,0.009080200353486209,0.04048983720639396,0.015933179114793923,0.07426263636252782,0.010160414691068511,0.02961396140463761,0.4841103163189158,0.26989092773619433,0.05177703186798133,0.0524466676851022,0.1896142080863353,0.017401746724890827,0.9356572481572483,0.7994228472867193,0.7934979786804257,0.5447041398172271
600576.XSHG,4,1,-0.04005867553473946,0.40775359986884435,0.18535587665187037,0.2696065246388909,0.5757386849489572,0.06873160117752461,0.38500489521586395,0.2211659863928129,0.7503896854327463,0.22246310257416702,0.1446178824619997,0.000259159497037498,0.010447618613747107,0.0046900486736271094,4.210407891267065e-05,0.0002934052612768112,0.0007573524006807634,0.0011243179990405106,0.6181402668440553,0.022286586624791646,0.15075993779983357,0.003320287854815572,0.0,0.0,0.0,0.6810434795270082,0.00022503818698926733,0.0,0.09134051696217903,0.7215105265107858,0.2359636395088234,0.25301204819277107,0.13305799715660166,0.3190692116509718,0.12107287863779312,0.04446838838518241,0.30209599184514535,0.19133939088613244,0.14208910423830812,0.15386181665002874,0.5167393983693062,0.030392545222419604,0.06343440957057676,0.5122415619403426,0.09595626497725572,2.532807788674466e-05,0.107210028091066,0.11992681061838027,0.05517583962283406,2.532807788674466e-05,0.6530486329966803,0.16083370729218482,0.00015502085071701267,0.00918107674604664,0.17782039355199913,0.017351534636237335,0.005691633253852035,0.023723823083994313,0.02996043969994048,0.4678519431874506,0.05876559965412079,0.043583308809418214,0.0555432889736623,0.11676942417793991,0.014890979242687084,0.8309275184275184,0.6549301225067445,0.6387039790025693,0.8136582500768075
600577.XSHG,4,1,-0.2533288177148342,0.3945038939788202,0.33130187982142906,0.612747333150004,0.5450999666485281,0.13626535811312596,0.4726818780890304,0.22517452381899036,0.9623877815724236,0.32693275222989415,0.2586552487600509,0.0037478996354899283,0.011972439260413846,0.005338954354110069,0.003207865744820666,0.007796808614984043,0.0019657229584973935,0.0012398017417948565,0.6194329478036713,0.023290042468449415,0.15131678690827413,0.004189630397836717,0.015691926607363373,0.18181818479338843,0.013270527906355231,0.6973275522209309,0.0030435129120398125,0.026996472822646285,0.09132589946783684,0.5450007462180019,0.13898309106296416,0.8755020080321284,0.13215214157435723,0.22185322025789983,0.08858395526773824,0.03194165656827355,0.30208072504333094,0.18929223797852573,0.14330299461598253,0.06679625980170865,0.4994121457118751,0.03164439064790843,0.0608776004832533,0.5346884402565334,0.1111699452790019,0.061192124702689185,0.13546103495233844,0.15398232304760884,0.01907883697979911,0.061192124702689185,0.7757219462546903,0.05621131879672958,0.0012677034597531837,0.009056775163282401,0.04435375143989838,0.014772717123961238,0.11775014900434061,0.012251332818499348,0.029773611745925833,0.5090841754052535,0.27257573554331643,0.07304127313975609,0.03126646582458128,0.23424002191315801,0.018097296165579948,0.8983557256678645,0.6828037238512228,0.6873423938444152,0.5160240005810895
600578.XSHG,4,1,-0.2101466520743289,0.36156416500123645,0.45126300667682245,0.6372905161726836,0.6210309867772698,0.5973751917165437,0.4481210698957276,0.3875358634744701,0.7377441187137703,0.23313701111998403,0.5788753970344221,0.0045444714681326165,0.026839775381566056,0.009336357811467674,0.0038500731167262037,0.014490457497528536,0.009142285081254767,0.0019767482116877302,0.6162756789238865,0.05815075869165267,0.15504141431140356,0.007969747450977508,0.022081108765294014,0.4545454565289256,0.018165507908940746,0.7003927141963596,0.011822329764966506,0.026046848150492897,0.0913612380259503,0.5986645750269648,0.14896488177817876,0.3012048192771084,0.12829154978384638,0.35770696818290537,0.08323267030023866,0.04878668398757932,0.31974682812649996,0.18268630219676524,0.1410633369469423,0.2403631409620825,0.5842238845845578,0.07345874569831834,0.14098020779870288,0.5437892563124856,0.1539792872397219,0.022115953863699054,0.15324840622337282,0.16602830603219285,0.08545927868021609,0.022115953863699054,0.7453401996080755,0.0632832400706286,0.0005676992465361037,0.009070082145210965,0.04361526759288036,0.02262407218885718,0.18731319031133684,0.008099862797434083,0.02994026630255572,0.6164897881338548,0.29599917104153156,0.044950898274041785,0.056466045173594805,0.1694078697370421,0.014073547885386133,0.9030904262118136,0.6481386272168419,0.6787422137608163,0.5428132429069273
600579.XSHG,4,0,-0.2175654506024901,,,,,,,,,,,,,,,,,,,,,,,,,,,,,,,,,,,,,,,,,,,,,,,,,,,,,,,,,,,,,,,,,,,,
600580.XSHG,4,1,-0.05882040161353864,0.28560250529339126,0.5242685084124575,0.394631292704439,0.42951145526932355,0.09353543746081605,0.501449091619465,0.29497837152388373,0.9737477156749703,0.3944562499879151,0.2711525438889338,0.002314843625132251,0.012114470515231181,0.0049818437462931155,0.0007688969258534119,0.0038677959117871426,0.0033497830428586787,0.001190359632820757,0.6186026052902652,0.03535191684830015,0.150978290236238,0.004579713665720648,0.03597635198833196,0.2727272717355372,0.021153075198782234,0.701667238377929,0.006537678933251668,0.0454011033734286,0.09118124228904155,0.233875459186201,0.11850686572862698,0.3614457831325301,0.09934040537531406,0.5014541643097878,0.052040125364352686,0.04600606021756351,0.30570336902141043,0.17614484620126336,0.14067077942166656,0.1528270682830061,0.5037274997602749,0.05625679163759532,0.10599293844401197,0.5200171060847043,0.10396885200787263,0.018029663352814335,0.14844743940474536,0.16521357202793355,0.04443511390285156,0.018029663352814335,0.7000001168528718,0.06982108034204579,0.0004023449832317021,0.00891862046866806,0.04922038373720844,0.01755409719177579,0.0507579175530254,0.011288904133183779,0.029786516828801544,0.5693673954335733,0.2852454510397304,0.09128194724056798,0.07122327920987544,0.3080586271976491,0.018806903152479515,0.914187768956555,0.7273920879218085,0.7249671915144185,0.35085571924531345
600581.XSHG,4,1,-0.2423058665459754,0.6751017741121644,0.6964665878335101,0.42505435693956484,0.6007103278391172,0.35786943533918913,0.3152614310437479,0.10422472141507716,0.9863379580395508,0.13332514787007155,0.28903970411985186,0.003298956014910223,0.013902591709705838,0.006177639631881622,0.003781381822012738,0.02973373164713155,0.01747584335469239,0.0021977992659649613,0.5997951492431048,0.022176489243512013,0.15168788065368596,0.005759359454109808,0.00848178426848311,0.4545454565289256,0.008364582377026092,0.6966092809745197,0.004780144546506069,0.01781676765849688,0.09118901092878189,0.34431074331708633,0.06537824012549598,0.9799196787148593,0.11351852754657413,0.6082256526287368,0.07655435569353004,0.0351506841379837,0.30785397653915353,0.18100999622352118,0.13851301289200507,0.15097584129864947,0.5202591865990329,0.021952051853746594,0.13539620176561412,0.5280939578842156,0.1185804394494584,0.13824447491406303,0.17677174705620188,0.17338112040306203,0.2545928398166018,0.13824447491406303,0.7278730323437064,0.058113822318026156,0.000931295039190707,0.009063118440388138,0.040633629166602896,0.01332832916582328,0.20512622967841299,0.00355562681324557,0.02948572242192167,0.5031956781834532,0.27028337064071567,0.032039150405997405,0.03146736975827824,0.1263499392004864,0.014187653287073039,0.9106975472582408,0.6831575339436564,0.7138307900705811,0.26347972254252583
600582.XSHG,4,1,-0.3351406427478542,0.7100637481779302,0.3587415348752025,0.45975302232375187,0.6164102615541117,0.1300532359149353,0.33920655656470616,0.15011073039553482,0.9082182133043657,0.29355114399905635,0.4718853776135605,0.015511446694392373,0.01430369612296891,0.006199860284805089,0.0029711167488630907,0.005650523814818588,0.015007332802661942,0.0014863840345493366,0.6308744411566999,0.039493093608156574,0.15267400768297154,0.008287451104450703,0.037172905651044565,0.2727272717355372,0.04865062227715339,0.7054346077916326,0.002529694180893246,0.0327846613005336,0.09092164663085105,0.2874271499200557,0.05434393058490317,0.9999999999999998,0.035539185006673676,0.9717492780507936,0.020351584548978646,0.029788646368603504,0.2735400013376229,0.14932413884397994,0.13004312933340612,0.04555058604743434,0.5310405860189081,0.07734230458254265,0.12122990295123971,0.5012460607185711,0.12522591537174926,0.037172698271538726,0.19620982184122865,0.21639487763770798,0.04404996398994103,0.037172698271538726,0.6705613728810192,0.07588181907520358,0.00032839521584617073,0.009012898613828056,0.05159822784983792,0.016352717907397302,0.05744740876555677,0.016313826351616226,0.02936099371982329,0.6181014877312349,0.30025736545836695,0.027888826470943342,0.02392667923836689,0.13945350103865836,0.018346443739905485,0.9253419210066609,0.8106424970147272,0.8566949114500955,0.10135918711635511
600583.XSHG,4,1,-0.2719239605088327,0.406347912049596,0.2919231302620866,0.3989488601200589,0.41991693059466756,0.13873299679441983,0.43175244584706296,0.4168882587670496,0.6262422732513773,0.1861828735616626,0.6359001788490146,0.009678109702117308,0.01664123779308853,0.007023225645581859,0.003858376547370878,0.0012858572732048804,0.014143620788706762,0.0016790091228535064,0.6168785476823163,0.031923221549066225,0.1535803175818239,0.009608453670161617,0.06159203822053334,0.5454545434710744,0.06076351450245377,0.6962136949597314,0.005565120436252322,0.017771547436013384,0.09139285741153212,0.6141050343824254,0.13055684097864842,0.10441767068273092,0.13570441306487505,0.36019952797405597,0.08178137250374932,0.049637215051716574,0.3212582946052196,0.18172073674022335,0.1410607372282319,0.07146156435564008,0.5322131284140729,0.02171772020516989,0.07614594614510656,0.5245014713288402,0.11319746121862272,0.013266839013529878,0.14513478143638692,0.16201523305783572,0.041128868298080046,0.013266839013529878,0.7208957473734396,0.06857697847894342,0.0004240334039924698,0.009070848426903083,0.04717603143688007,0.015066569898677388,0.1318584028286622,0.008414899025866868,0.029737464164727532,0.5685984145799213,0.2893587042999168,0.030962402928764836,0.06810517594092413,0.16309928687237168,0.012297810611951905,0.890748604621437,0.6424030339215427,0.6700733801057792,0.5306135312002332
600584.XSHG,4,1,-0.121948439314267,0.6168529967840577,0.42648984608479035,0.40323065881903386,0.5805650357880517,0.17643453869799788,0.4604535749991403,0.2199931804660846,0.9906242782586705,0.24041285672023308,0.2970637409937391,0.006904902707906129,0.011518691207578573,0.005129861888117537,0.0015529112379400562,0.012350194964811234,0.0034803414361304214,0.0013691522679669021,0.6133875339417708,0.024776265143418744,0.1509140333662535,0.004140833085981673,0.01511513819768754,0.6363636304132232,0.022313459441112453,0.693873854217735,0.008652459668039203,0.035859636429411236,0.09181220499921686,0.7088359669666303,0.13577823444264595,0.4337349397590361,0.1498733119792977,0.27129172702158605,0.10012314761447183,0.04551230247886433,0.3107589058456217,0.18657419671914238,0.1424307889886314,0.1313289069097633,0.5268644434245655,0.03551778495968982,0.07988722222530328,0.527169519500808,0.10104872774593247,0.026942118856567814,0.1305858797983466,0.1480336663552869,0.025989269347023784,0.026942118856567814,0.7398574628670788,0.06920600000704172,0.00041268591057904444,0.008843000391685915,0.055732972261607436,0.014716433089709276,0.10062596603403098,0.004925588937701319,0.02959861533500728,0.551497322704728,0.2710119985135447,0.025001718434471257,0.05417390549619148,0.18819420694634442,0.019131273553867324,0.8621770746048203,0.6304508867365444,0.6566053977550281,0.5646408389592915
600585.XSHG,4,1,-0.2608809567018482,0.7811288371325931,0.37611016598366936,0.5042983550108873,0.4594122618065464,0.20549609118801707,0.6090647051000153,0.33307193618880404,0.14535991127027348,0.22764430746146866,0.8790526197382632,0.02648355523116483,0.038058644199015404,0.015250361615656495,0.0190705919965421,0.019370663303896495,0.027705240582295534,0.0027349950147545956,0.6375675839036952,0.05070175477059763,0.16240349179663144,0.04521327961230827,0.3017320327097655,0.363636358677686,0.33879080043157384,0.7173176027212759,0.043992878845344426,0.03757800488378402,0.08698768722573083,0.3468832430837856,0.16655681906384542,0.34538152610441764,0.10379985005619596,0.22766885090735123,0.0608826866449365,0.04533213116858345,0.2887663096099299,0.15353726327428033,0.14311971444689683,0.20651450261992135,0.5552657410964474,0.07697812871824342,0.2589099554145999,0.5421686988840897,0.13615497128701134,0.03823719360314229,0.2763688041547765,0.2929590228401953,0.13191132698591432,0.03823719360314229,0.7470053530300534,0.06026194880779714,0.0007278650313313295,0.009066708860796002,0.04554432248658249,0.019147462220787663,0.10530583856834633,0.013959069172539789,0.02912332306695896,0.6131100424353242,0.3062055228941575,0.050038788681634944,0.05318676520339745,0.08256581864011756,0.02185589519650655,0.9031312579000441,0.735452324090045,0.732397620361593,0.3928969677702943
600586.XSHG,4,1,-0.2313419685129477,0.5615477705395053,0.5588711120238912,0.28060150940442785,0.4619173836397238,0.1786230540002502,0.6263102419185436,0.2134314403233068,0.999693520639936,0.461329293452725,0.3450069321498609,0.0018352741108659239,0.012003787758388293,0.005172144093486584,0.0010876889820115615,0.011186865761895811,0.0034979430400404314,0.0013021123193596227,0.614475848513728,0.028916483725131018,0.1509818996351378,0.0043374698881440315,0.03150053566400796,0.4545454565289256,0.02258848650721428,0.6913195111357884,0.005553260956674668,0.054897350094962466,0.09101732271127146,0.363613229798368,0.14082117016632043,0.5461847389558232,0.1140804874095956,0.3190692116509718,0.08833792601202482,0.043169386527666984,0.3092144123772315,0.1962499348683142,0.1416833698593812,0.147222744883402,0.5296468632593733,0.04899699168731064,0.08044799220187918,0.5260474345369474,0.10156256935425671,0.01097258161916837,0.12589298465755466,0.1436913624695376,0.019516471189169573,0.01097258161916837,0.7360877892254641,0.07693529797421503,0.0003191422816213926,0.00898043541208136,0.045931373506080675,0.01810264164660013,0.05563252111649238,0.005802180446195279,0.028429476668431545,0.481175215641747,0.24802119035953107,0.04353915763723466,0.048354371036682844,0.20956317766124538,0.03007447508524257,0.8867559756288079,0.7120676882933088,0.7352546651422052,0.4680997952128131
600587.XSHG,4,1,-0.07154015701622093,0.36498111597257893,0.14978377342630983,0.322524570186633,0.7272633654560667,0.13272822855721414,0.3717780758134904,0.5542269292437629,0.9836064278118164,0.38565326764337926,0.3918022189204097,0.0024338852962115147,0.011978818765665679,0.005349881315964378,0.0012350890709567895,0.0035116700115310085,0.003486605802220553,0.0011984693216668758,0.6190008513115781,0.0238823809060264,0.1515550650973513,0.004023969082478583,0.023079868558732095,0.7272727282644629,0.030345640014187842,0.7030274251745383,0.0026133836742514003,0.030794971511259837,0.09161993527853174,0.6954237129029668,0.17936621931443245,0.008032128514056224,0.1728444919368971,0.21811335398147413,0.1334969100841215,0.05592192771808338,0.3071471723850852,0.18363660161212933,0.1446457493299225,0.4265544835835143,0.6440925996397187,0.1534865011745546,0.24355828358976467,0.5200319205450308,0.17023614259522388,0.1054762025420511,0.19041107151006337,0.20596595256531364,0.08407083047386692,0.1054762025420511,0.7025790597316826,0.06654630496970082,0.0004671597878295316,0.009079449150682487,0.0474752242494983,0.017669652940180074,0.06840370809264466,0.01209429880366232,0.029510373391396203,0.5891607519268875,0.28426375978600965,0.037758051576434096,0.07602571817744569,0.19160642131529615,0.022690075970568883,0.8144235275738165,0.6357995002432446,0.6190307700026141,0.5932644194445598
600588.XSHG,4,1,-0.2127205460383365,0.5254952509990131,0.21309512593014474,0.39009539445900077,0.5607240027784534,0.14465478729135345,0.5612374310205459,0.20044244520416557,0.9418966945015497,0.6015304238200847,0.44273104568623306,0.015381021162055222,0.010322481744150541,0.003773399121483865,0.0015070581224370602,0.007123300587812996,0.0030526406760688074,0.001239406948624206,0.618159709454987,0.029139965764506177,0.14933765723435627,0.0051388635489547614,0.06626378080331191,0.4545454565289256,0.037104170622541864,0.6976350329971023,0.0026703483810362576,0.033146423080401555,0.09132746636099796,0.4292783312291871,0.043502535888510475,0.9317269076305219,0.08808012638497081,0.9883677121113972,0.07852234867588663,0.02013578070843544,0.30151366049643147,0.1789165994752057,0.13521137012975196,0.07475751003730874,0.5559497869813468,0.06485234027622207,0.08120794877233793,0.5040445484070721,0.07365463403493949,0.011120151429989929,0.1501935540256191,0.15856556168641023,0.1252126873099598,0.011296670538234545,0.6488208960979321,0.07065541438650748,0.00038938150760255044,0.009507860932130097,0.07945020286539119,0.01897729296882839,0.07426115832815097,0.010027419388847127,0.029440550545383328,0.9249919331857097,0.2902173678176963,0.04451786091227014,0.02155026092772055,0.10061773255813954,0.04197388885565592,0.8285681569641108,0.7026253814515062,0.7318747970098729,0.4053823174525878
600589.XSHG,4,1,-0.0593636948397587,0.5736241742221407,0.47290048496153436,0.35733603097925004,0.5263795096581348,0.13133116542688159,0.39612074340989595,0.23644397767546244,0.9460508509851688,0.09873853632315432,0.2438052239813986,0.0005065786331204995,0.011222996693350806,0.0050324864110281925,0.0003881684937893829,0.003154391177411028,0.00045779008596936587,0.0011707732588343161,0.6202080119772838,0.022162416680982,0.15101596375924536,0.0044220794618233545,0.010820498895870759,0.4545454565289256,0.011352822105101041,0.6901081259618396,0.004877675154594659,0.024509360586054085,0.09105501546994035,0.35372029615441525,0.04370430831278057,0.9879518072289155,0.10250200605836213,0.7075194615742343,0.06957375568050217,0.03548683594559728,0.3064258702529405,0.179610264235354,0.13922273609995398,0.1165841452428587,0.5737986051514872,0.050778961462681245,0.09350422728587826,0.5174340102109771,0.10502003407856032,0.009657567455801328,0.1482406152734674,0.163703816727921,0.056652556873229475,0.009657567455801328,0.693845476099498,0.06444844175749419,0.0005259630932904155,0.009117073444684683,0.04383121937165287,0.020188599060617755,0.04001912022220768,0.023820711418365025,0.029831661462184144,0.5633724495283547,0.2888087781068251,0.021495908988460405,0.03193145887592341,0.1269284845721234,0.012974217862056589,0.9174116970359745,0.6983381982221042,0.744505733893476,0.14291539821545524
600590.XSHG,4,1,-0.2467515889205662,0.6337794940975036,0.5102566029826033,0.4923333651474229,0.47488316536395314,0.23640412437332822,0.42012097377299545,0.30121342631009906,0.948125075192823,0.19681888405710227,0.24554311779143378,0.0019442742159976314,0.011164876783413324,0.0048208576375187015,0.0008217956497712086,0.002966910259024281,0.004411300334259663,0.0012954498411755714,0.619162748974427,0.023498309889185623,0.15076158181621657,0.004047797091276929,0.01993311434282958,0.4545454565289256,0.009423225960215872,0.69718595695547,0.005469450910994955,0.03355340508275301,0.09098508919714612,0.32800851746926807,0.10055879622903735,0.8393574297188754,0.07663867627817868,0.80016610221343,0.04767062312292758,0.03858355966393532,0.3070500549919906,0.17808443842322125,0.13993635888596853,0.22411247099633014,0.5689588209503488,0.06991495313166653,0.12155760676717166,0.5160587545511307,0.1061793108778284,0.015755598860612938,0.1400505049753564,0.15708498688317105,0.036257901471071205,0.015755598860612938,0.7062353860877308,0.08694773137886279,0.0002586846995515954,0.009033335990836623,0.048220040219534695,0.01669890326875526,0.04173068403061452,0.012016696206182603,0.02942938085152848,0.5578116146602015,0.27638083547123227,0.02868573319139525,0.03956671546498488,0.14595271571160764,0.016717114314769396,0.9249389299967334,0.7383159745256735,0.7691391634298268,0.502191651596184
600591.XSHG,4,1,-0.04005867553473946,0.5832710543596483,0.33323445031838866,0.36979524077594106,0.5086859991960199,0.19531619973499242,0.5201466800399461,0.3337110635790617,0.8075837911617676,0.3255274155849768,0.29448349460704565,0.004585277962534866,0.013684344003226122,0.008150090726543492,0.0029840589171838032,0.008062098247688082,0.00966583515757642,0.003724127055187232,0.6194366714067405,0.02795801905504902,0.1535011777904567,0.007249247564261568,0.03212743887797873,0.512508658030105,0.03385548310334353,0.6973754749785577,0.011416551503228026,0.07601564141075765,0.09146680527188153,0.4259820692575249,0.13112622332231372,0.5511172547939428,0.12284974011172788,0.494504656209718,0.08633157970599001,0.045919982486072305,0.31147779666162767,0.18463137997985954,0.14208910423830812,0.20470555979997465,0.5318427242963106,0.077915971133906,0.12469801664167228,0.521515575256219,0.11601091851739048,0.03148564188991912,0.14997234261458614,0.16450473416111355,0.0632184951466207,0.03151351181947201,0.7073590212283098,0.07474128671978711,0.0010165370293848852,0.009470773081934954,0.05305644375124136,0.029247760156912796,0.06504798281099847,0.03229344616550119,0.02996043969994048,0.6137324122247689,0.29599917104153156,0.04246130980234155,0.05485061095598209,0.16042323302325237,0.02380545148233199,0.8768056165474607,0.6953581940533766,0.7048157031587168,0.46648362214367545
600592.XSHG,4,1,-0.1780762414067595,0.7165981962562188,0.4757748956978057,0.34043655187446664,0.5836470795729339,0.13952336428999615,0.5085447722699177,0.3343244438149741,0.9392007299302123,0.3180276771782194,0.23830693815817588,0.0008894661024048431,0.01114538154680941,0.004928712077399726,0.00019498628421951453,0.0023674438248911566,0.0007933493326665617,0.0011588860978422974,0.6183243655383903,0.02416624956204121,0.1510363854388009,0.00409660235788472,0.02194665807056185,0.5454545434710744,0.01464717339391735,0.6976011442637436,0.006617717089077951,0.04802387627747128,0.09133706116774444,0.3224429937628801,0.11693330996309856,0.4939759036144578,0.08693051330059515,0.5866220989858321,0.04029402030827752,0.04485314096469553,0.3052989507600841,0.17610400813080263,0.14008454285246336,0.12720577443049189,0.5414927528627805,0.03554733144087696,0.09203963612796197,0.5219157257142416,0.10903624933224089,0.01042006944517045,0.14975857857446617,0.16238085573819233,0.0846131682039529,0.01042006944517045,0.7085560841200453,0.08118832207665952,0.0002884726932971743,0.009038879812695771,0.05367015126914213,0.017442910523655902,0.03381627182825832,0.014637629805625201,0.029461606780457502,0.6253693824756638,0.3008121582549373,0.038984152540431145,0.051872220562625845,0.13705089109287125,0.02345740862594963,0.8789659996307395,0.7158048073946315,0.7395811604037885,0.38333015819091804
600593.XSHG,4,1,-0.03447208335596844,0.29730728810305296,0.17624355422496663,0.36939185921716444,0.6409255158820711,0.1802612768376044,0.35955412310587465,0.3283068738959712,0.3945320218241406,0.5475326628987753,0.048076006539576555,0.0005483856240670208,0.013684344003226122,0.0046821759216393475,7.685105559460014e-05,0.001137738715059302,0.00041887679679677623,0.0011322131796501287,0.6170230149396583,0.0220578604311805,0.15069488405245904,0.0033482628241523257,0.01118658962355565,0.5454545434710744,0.006535145152647243,0.7015192432612636,0.004388579705908888,0.04178348557474903,0.09120665421599387,0.12050473276875467,0.09927707189567755,0.9357429718875501,0.03574077904897681,0.9534698218558892,0.0193768047132417,0.037905445652745284,0.29962853212049123,0.17895149604950847,0.13532445789365588,0.21661231661335523,0.5797028292793148,0.07552783732108212,0.08471204043012884,0.5231562460655362,0.07636831651250547,0.006581658572149865,0.10744929982996461,0.12201670997110152,0.03778577765690485,0.006581658572149865,0.7466746594030922,0.057305424750080734,0.001047111284289063,0.009141022009396635,0.0682988065531141,0.01981262256849706,0.06169491005606553,0.006101666815775796,0.029163821380129504,0.7437824543739875,0.2748579779106815,0.05718412858797336,0.03934395846102432,0.17040267011197244,0.024223245797690973,0.9371440541960772,0.8948603555791435,0.8604853807500668,0.19938440413396485
600594.XSHG,4,1,0.06920326368378439,0.38422637064857945,0.09721250334793896,0.3636885196408325,0.5742163866898371,0.05584275374737596,0.3978542671656763,0.6648120294965914,0.9143236509858713,0.43307165631882305,0.4669910855579533,0.0018388347692008475,0.011533725853367063,0.005132961447966669,0.0008180786154173849,0.0013968014032107478,0.0008414131143823659,0.0011123944872585094,0.6200539968442852,0.023495654688708262,0.15130382606632797,0.0047515747221329235,0.03690944133566839,0.6363636304132232,0.02876139473847895,0.7021721836628488,0.0014823007115328695,0.02274577190919779,0.09129563559808855,0.296897889122555,0.1237358939600178,0.05220883534136545,0.12569059135570015,0.5575408659694754,0.1072941957099892,0.06190789413592708,0.3064258702529405,0.18285946290354715,0.13950610543939143,0.06718561889779653,0.5310835556193482,0.0744450371147158,0.12241966877424659,0.5447317209633366,0.12164538627851433,0.028837100994032944,0.1917494635376731,0.20411846935101707,0.11518209002541246,0.028837100994032944,0.8093814159529878,0.10385080161375353,0.00020913556361849567,0.009082222295339294,0.04803865127890415,0.024227663864122975,0.07346163410741688,0.029916109391672704,0.029470196547463436,0.9140737356723954,0.31041202027699544,0.03269232612977519,0.08833924293955131,0.16987368267720526,0.022722976610635878,0.8745481884932753,0.7159209013312107,0.6871971651356039,0.538771224553298
600595.XSHG,4,1,-0.2524480560657129,0.6143193072437831,0.5706181698074656,0.48705854187941233,0.4839768328472711,0.3345561251311554,0.22621138466038637,0.05649677867717534,0.9865092000888704,0.2519872306773116,0.38660209008045265,0.004859972955907714,0.010984942244422,0.0049349895861299465,0.002979376789885734,0.016145105020086127,0.023680240722842024,0.0020753867988456704,0.6090043467415562,0.023183205838639545,0.1494144012425819,0.005069081293978588,0.01638753632554291,0.2727272717355372,0.013212729594142209,0.7066989278718171,0.004044772151130045,0.016414940761508547,0.09116944564606039,0.2697839473313496,0.1387976464168193,0.9879518072289155,0.10959469056632112,0.3485662134957535,0.0651864308220161,0.030370534701621897,0.30473351469320425,0.18183620918163942,0.14153388603353115,0.16343340007025534,0.5595851659490995,0.12786095826707083,0.09610567833070048,0.5424751454306262,0.08390814141297043,0.033292142131598354,0.13510063940060002,0.1509964371004749,0.04373585342779446,0.033292142131598354,0.7641979160458858,0.10049410816174326,0.0002162524530620072,0.009115511820170084,0.04438013528580828,0.017646361887193387,0.05679213146228961,0.006121079689877528,0.029756331412237713,0.5171188333224297,0.2675983681694544,0.05596725760770846,0.029200051870117715,0.20587918629984292,0.016857988873601723,0.8993543267387198,0.7291639025253196,0.7287695431632923,0.4613755242363855
600596.XSHG,4,1,-0.2505849913242131,0.7413020614858992,0.3334144954907363,0.41927593847284933,0.3292353652654869,0.09381492239863878,0.6412906796995834,0.7625686373629474,0.9441439170872343,0.605765724307152,0.4405526926963736,0.005142688695165323,0.013355103537187295,0.005818363356672247,0.002202686820827946,0.003910619048864575,0.0036432973275597664,0.0012349745600534008,0.6187478164999829,0.026385720977611632,0.15205611624733548,0.006720654228111373,0.09309467318168434,0.5454545434710744,0.09241049189417078,0.7035229483911923,0.009809962077442985,0.08447137559916795,0.09117285436714102,0.38394945736267005,0.11921536172694647,0.08835341365461848,0.11286565272329832,0.7901958630488276,0.08420673096364605,0.06786767926552295,0.31740226539757094,0.1801176646404124,0.13626425620747834,0.12805526322760172,0.5334242680643697,0.051475981534287195,0.1699598392603997,0.5315612642572117,0.13475165453690635,0.05214637967758503,0.21465940623384064,0.2264279933089456,0.13624393216590233,0.05214637967758503,0.7309789816739641,0.06384262537072026,0.0005466760364440851,0.00908323340334664,0.048142735551018695,0.01649054739842793,0.11151958746582506,0.011400354568077146,0.030442892990919308,0.5512251023736948,0.27851532775698445,0.029297333363449946,0.09655309048799761,0.15348013882555606,0.04390710055631992,0.8776487338626067,0.7379124098889926,0.7096151967320898,0.5646749479027141
600597.XSHG,4,1,-0.104526441651681,0.48819647781854825,0.15247609862684208,0.37492255276018505,0.6748529066351039,0.15641195573652775,0.4217865487008723,0.7462981308943759,0.7540885136980467,0.3827345376921247,0.5700106478183266,0.005321798982686163,0.012001858274500076,0.005330584609839116,0.005012322035397166,0.004493773594190363,0.008476301734376078,0.0013070388041334946,0.619636905044265,0.02162500090532739,0.15146407915198956,0.004803625177431876,0.05388230602606888,0.5454545434710744,0.055909202096601635,0.7001837450905705,0.016763459052946343,0.028081758162250156,0.09126326261420357,0.3947717130409378,0.12406585339971712,0.06827309236947791,0.11750363330438986,0.427088006455196,0.07694615193968271,0.07762214876157617,0.31748092522217264,0.17784664831815006,0.1408488601533314,0.15156012148068207,0.5702982160630116,0.07272788015072859,0.09311842852402542,0.5207148711808401,0.10841814243821672,0.05712113742464718,0.1361347600569898,0.14944634898739342,0.06893732818351055,0.05712113742464718,0.7128188768803089,0.06100840822617412,0.0006787859281920256,0.009065480068472541,0.043417652587015236,0.018505849930787556,0.14502722724076478,0.010913976498706155,0.02953723650511711,0.6552908876600473,0.27442893814800046,0.030290604737809146,0.14292454279150707,0.1640359002127983,0.01916492193575402,0.8902506355541038,0.6973956260227325,0.693477646661192,0.4286799742278816
600598.XSHG,4,1,-0.04005867553473946,0.46471533350865213,0.301088384530775,0.37444870580106604,0.6329544305215283,0.16746263832335068,0.4833504655530517,0.16620516023614426,0.859464723698758,0.23192311336350993,0.5070511867777316,0.016743243472469062,0.014381872978428866,0.006395584725838799,0.003058681655010263,0.027514515276398636,0.014805652703978489,0.0017065722828466024,0.6143697732390174,0.015265837349524882,0.1522125496550239,0.004868330788301854,0.04797257601738591,0.363636358677686,0.04561693690321346,0.6706788676822977,0.02709835751103891,0.022881432576648278,0.08994558988832062,0.3028612792989078,0.11301611392131192,0.9638554216867469,0.08305806303700763,0.5176568295419665,0.052477940604151924,0.035474781099295055,0.3064258702529405,0.1700687200324839,0.13971538279558152,0.15115675318634786,0.4991719682609946,0.059076349309648835,0.08537126431789202,0.5541105590728412,0.11284080083398303,0.024179046514892284,0.12928022252532761,0.13335221494085595,0.15196377417226564,0.024218163869431427,0.8106960107598125,0.06358894435542453,0.0005559681915393049,0.009202539761627734,0.055723474077079865,0.015535367929781342,0.061835600453313135,0.007709150589253589,0.02951230493113842,0.579578152738337,0.2630401126871769,0.04790582556598244,0.03325983692249396,0.07596424228606172,0.01656636956391697,0.9268376034994532,0.7462103622130822,0.7746710569745425,0.24075342856488097
600599.XSHG,4,1,-0.2365841912784963,0.439472372880658,0.15948490966122558,0.3010589133782614,0.5858068172414571,0.12380387316228708,0.5373963003520495,0.17032766193140858,0.41384022150817706,0.31127969727965465,0.05228544103968247,0.0006506198562857266,0.010570333368099049,0.004750478905810043,8.151613903453888e-05,0.0008111734006345583,0.0006011179103243275,0.0011310876729851728,0.6173225221518581,0.022101897670874775,0.15081683096025142,0.0033626196497679272,0.01001033674255596,0.5454545434710744,0.01349069159081091,0.6987453022414074,0.005883649236907897,0.08935515962738536,0.09153352416724755,0.28753655080010926,0.09172788889078223,0.9999999999999998,0.0976736311039843,0.6140423098678882,0.07511503874556996,0.03363799131771141,0.2979840398133534,0.1824477263966136,0.1374393290645952,0.12836048662157798,0.5256794875892737,0.017954751768207527,0.058444421614021455,0.5242700204784821,0.09972217391902224,0.009418894308283748,0.1109629606773891,0.1285490604508929,0.011514736556664351,0.009418894308283748,0.7375577983516735,0.10927306865983201,0.00019938737583021524,0.009874343444774203,0.0726659926473498,0.013778408686297016,0.0351314914807946,0.010030568479759347,0.029507278568903738,0.6650170816871673,0.26232608462478396,0.031366742841115736,0.03094693682834021,0.14069173696610426,0.019698360949931208,0.9218241823010609,0.7974492503648669,0.758652330392672,0.5681625059491175
600600.XSHG,4,1,-0.06432784266104932,0.18074933279835614,0.17193553748580098,0.40446379417901324,0.6060575969052509,0.2643432176272922,0.3953196515882417,0.3969340680058874,0.3580087271973648,0.22726300666889668,0.7648327452262129,0.015342847522869981,0.02214259229565043,0.00929872615258719,0.008932791016159652,0.004668451726184149,0.019579581649392632,0.0014035551065506228,0.6252247469306957,0.03873165888813068,0.15751047897158285,0.012903519191698434,0.054677210098553294,0.5454545434710744,0.041379421124678,0.7007515178234334,0.00802609173524329,0.014334810527267794,0.0910930846040105,0.2546984472942338,0.18204285418894167,0.20481927710843373,0.12287090997969564,0.3439968627418773,0.08716166542778184,0.05177285036343803,0.301801290948181,0.18165382367918867,0.141288212615395,0.2775691561253488,0.5732304515456692,0.21074525005704367,0.26518923385340754,0.5700216507917747,0.18316294923499044,0.09557998239759964,0.25889995718638675,0.26903747209021045,0.18138837928757603,0.09557998239759964,0.7752966018016376,0.059864613450297366,0.0007575791127803807,0.009051560883675104,0.04569405081212115,0.022521602264245877,0.11350758989127946,0.01232661760682939,0.029457948024641144,0.6863434101057502,0.2909625421423529,0.02646587335389821,0.08002821107674406,0.146625151998784,0.008620715439373093,0.9118443851102811,0.7197354163902525,0.693732457032106,0.5715321807948128
600601.XSHG,4,1,-0.1807430861811273,0.47024101231486864,0.621296808950986,0.3341003539155146,0.4608163671303273,0.06655067860967634,0.2065698230140194,0.22847215873060667,1.0,0.00398103550621931,0.33651623442186224,0.002190777601207542,0.01101031222957026,0.004880788906127049,0.0018486386305969138,0.004136846538143135,0.003034993729979764,0.001166954612680703,0.620283871998375,0.023983551775219266,0.15095470228670493,0.00489581895956069,0.008105755604121946,0.2727272717355372,0.009484235327875064,0.703060845908353,8.017931595180636e-06,0.012164239848060053,0.09134044746905332,0.3502400872864575,0.09674662250597771,0.9277108433734939,0.12019682430091005,0.4686330650170054,0.07654086418133646,0.03669821814588379,0.3064258702529405,0.1810810042861134,0.13979987365367066,0.07416646679405375,0.5238640094064727,0.032520438350283336,0.055781965384966596,0.5232559325289255,0.1006267927667394,0.01133836571007072,0.12619271388579315,0.14590880071763895,0.001531057052285757,0.01133836571007072,0.7279630090549291,0.06388675116537632,0.0005450987603892145,0.009009181530757667,0.04353294999364148,0.01935398693246638,0.08503944688997547,0.014672260025874184,0.029401996031375086,0.5001624451262582,0.27214280249785244,0.023911117856654774,0.029798393057155877,0.1231748271013832,0.0067664652748698935,0.9174374387524677,0.6907036398213262,0.7029940878712904,0.3551769815046263
600602.XSHG,4,1,-0.3042955775848533,0.5836391116162802,0.3547538616425173,0.3011867599793391,0.47526716702233207,0.03607181569758067,0.34554920675958256,0.23794493473713377,0.9996153640122978,0.19899415480580146,0.3280359270129775,0.0023953469881555158,0.010734622017904332,0.004612012756896066,0.00040818735085349433,0.00032320854111746097,0.000915410974260146,0.0011186860202068926,0.6181980992571463,0.027591376069227905,0.15065718358612884,0.003535553186070234,0.012443818953531314,0.5454545434710744,0.01705350570039178,0.7030338897420262,6.682435410121433e-05,0.033236863525368546,0.09134392374581995,0.5593085709625131,0.20867880985621182,0.2570281124497992,0.14568990619947794,0.1632739588070617,0.09664948097915546,0.04324169986571218,0.3044517451254089,0.1840906332753893,0.14382553807678009,0.11643938352764654,0.4965552452363046,0.021345055647755233,0.05813986242919129,0.5213633350377322,0.09952252069248163,0.004524846793259729,0.11466305822121484,0.12609267194712537,0.07238220655115349,0.004524846793259729,0.7041261917532255,0.06077552406555982,0.0006932463851806558,0.008666700221854094,0.06065408720072143,0.02160404186187157,0.05495387239464108,0.021126380529182625,0.02917785024317963,0.5390489253672757,0.28641032124838894,0.06353199302486229,0.050153291041457534,0.22202422797284288,0.014894717951785609,0.8749334265952764,0.6926827650258724,0.6664387016025328,0.664407370732071
600603.XSHG,4,0,-0.1663744650084236,,,,,,,,,,,,,,,,,,,,,,,,,,,,,,,,,,,,,,,,,,,,,,,,,,,,,,,,,,,,,,,,,,,,
600604.XSHG,4,1,-0.2910708212837274,0.6211524247624618,0.159100201035135,0.31085228175195173,0.24622697891668732,0.10238151537962586,0.4561960008800202,0.6641496808908856,0.9996693711201601,0.554469746334427,0.32857577185389036,0.00030844264975030193,0.010929561804558008,0.00491491613283842,7.893654353326968e-05,0.0002191469716512266,0.0007842783715424354,0.001123305331655745,0.6188349105598739,0.02225204782496768,0.15105121126784013,0.0037551162890119474,0.01721925334395581,0.6363636304132232,0.013022597683583294,0.7022826189538615,0.0005946695599823992,0.037758885773718005,0.09128303258100808,0.4039294439332344,0.06595816580764943,0.18473895582329317,0.08351790827075792,0.8591611324926931,0.06860070346544517,0.0488859238313583,0.3096936222392862,0.17981319808011895,0.13751082132913217,0.07999042865811767,0.5318427242963106,0.026490405936955536,0.05759188651915565,0.5180209278139927,0.10608078975644918,0.0016822303749899675,0.1259598376930466,0.1447903827119979,0.009772947101925828,0.0016822303749899675,0.6631867881469121,0.0722902535053179,0.00036700286128716144,0.009064761216738468,0.04932420417086389,0.020479721160156155,0.023832703875443083,0.03580199502146331,0.0401286467037848,0.6755787869950757,0.29599917104153156,0.030746294559655836,0.057185815213324095,0.14707647755484624,0.03615810253035832,0.9032670676456804,0.707838552032197,0.753546881147465,0.38510184749213994
600605.XSHG,4,1,-0.2766912125085733,0.4458324827235516,0.2709002965241776,0.3609111319152041,0.5958940075178731,0.1124198333792513,0.4953264464710321,0.33991657155902577,0.511291437282819,0.39245983483410896,0.07486586323900579,0.0003811288538907512,0.010649091797821053,0.0047776804557275385,0.0006655907754163019,0.0008672395402142563,0.00026234340404568304,0.0011329481490701477,0.617526660659618,0.022405723155067964,0.15082467174367634,0.0036322302448202827,0.010768616128255375,0.363636358677686,0.008981928253675444,0.7030021097803245,0.00037269779901361554,0.0763769557746224,0.09134493698176802,0.35330159393753635,0.15155042231616886,0.3333333333333333,0.11500083668115595,0.45243039978482674,0.06693524097048104,0.04594155259378643,0.30832881366825143,0.1812224196759697,0.1403380154267308,0.10494507790442684,0.5300279106401173,0.018699971586558967,0.09057784538804375,0.5221490635012809,0.09992617878519976,0.0670895159945482,0.14923108959040285,0.15573253793932754,0.14230666362363772,0.0670895159945482,0.7214028888366947,0.053059486032636015,0.0036792063994968587,0.00886887494168843,0.041536880131328224,0.01440902331587536,0.27382850071518383,0.01545031041625779,0.029516493566333988,0.4786126853565421,0.29599917104153156,0.030653791597692305,0.05453448115554087,0.1425629053300907,0.02156158401627086,0.9073821917030009,0.6781267966918758,0.7005027553846843,0.4961218988937314
600606.XSHG,4,1,-0.2196787100770538,0.9023478398825875,0.5647780938396862,0.28908684060060985,0.49909081714449544,0.2484653637534429,0.6165301682437838,0.2927201567063667,0.9266399060715407,0.34531175980370354,0.22902973844856267,0.0011223680527098377,0.011425784059785353,0.004736266552663618,0.00018792233107383331,0.007082256030721525,0.0009369706844231354,0.0013110570215023923,0.623455790688123,0.027370632205345025,0.15060716454878947,0.004727150757676444,0.017994238880405123,0.363636358677686,0.013870350011775005,0.7024874821384925,0.0002460261121248569,0.049968345844261554,0.09132719925426053,0.3641528338867257,0.11001325053981867,0.9156626506024095,0.11999061863018823,0.341919045189452,0.08556558498286858,0.03869362301984394,0.30773685778533655,0.18272157554419186,0.141419498410272,0.1336797952982393,0.5432347555416712,0.05505354671260422,0.11843637617784344,0.5144621250857553,0.10956784563028366,0.0028059745866904715,0.1664032354258751,0.1811087252731975,0.07602191298898864,0.0028059745866904715,0.7007339528872593,0.23770918986078868,0.00013450730605690025,0.00888890793032638,0.07096964327457297,0.016003523449078766,0.008608210776570348,0.02187030924816022,0.029763740188442165,0.896802436787778,0.32747491606568985,0.03912188729767364,0.041451254149764034,0.14266233786796373,0.034900400789615364,0.9127471204783344,0.6902696696298265,0.7055197471436154,0.3850640584303787
600607.XSHG,4,1,-0.04005867553473946,0.5832710543596483,0.33323445031838866,0.36979524077594106,0.5086859991960199,0.19531619973499242,0.5201466800399461,0.3337110635790617,0.8075837911617676,0.3255274155849768,0.29448349460704565,0.004585277962534866,0.013684344003226122,0.008150090726543492,0.0029840589171838032,0.008062098247688082,0.00966583515757642,0.003724127055187232,0.6194366714067405,0.02795801905504902,0.1535011777904567,0.007249247564261568,0.03212743887797873,0.512508658030105,0.03385548310334353,0.6973754749785577,0.011416551503228026,0.07601564141075765,0.09146680527188153,0.4259820692575249,0.13112622332231372,0.5511172547939428,0.12284974011172788,0.494504656209718,0.08633157970599001,0.045919982486072305,0.31147779666162767,0.18463137997985954,0.14208910423830812,0.20470555979997465,0.5318427242963106,0.077915971133906,0.12469801664167228,0.521515575256219,0.11601091851739048,0.03148564188991912,0.14997234261458614,0.16450473416111355,0.0632184951466207,0.03151351181947201,0.7073590212283098,0.07474128671978711,0.0010165370293848852,0.009470773081934954,0.05305644375124136,0.029247760156912796,0.06504798281099847,0.03229344616550119,0.02996043969994048,0.6137324122247689,0.29599917104153156,0.04246130980234155,0.05485061095598209,0.16042323302325237,0.02380545148233199,0.8768056165474607,0.6953581940533766,0.7048157031587168,0.46648362214367545
600608.XSHG,4,1,-0.1693421646313127,0.39369632946435806,0.24054896671751647,0.30593284370328044,0.3829110067380004,0.2480096189098135,0.4137397916208323,0.529542305204008,0.8436265904654183,0.47040858352169557,0.1824137976209783,0.0004784851311385472,0.010452008716137447,0.0046946134983453765,8.371931153689741e-05,0.0003834746895124505,0.0006179971091226975,0.001126325503301731,0.6170939428564163,0.022337645116943004,0.15075275956115197,0.002387483991459086,0.013049183524241212,0.6363636304132232,0.013421516007738998,0.7030475781080912,0.00018203969393481808,0.06190648457990413,0.09132827831316231,0.27265629096578414,0.1260688205640512,0.1967871485943775,0.10314236360450146,0.45783128819555297,0.06895150287109063,0.059509873861691494,0.3069913748973755,0.18063665119689754,0.1407526705610453,0.15208264847274378,0.5255467090110719,0.01457971296340386,0.0018090425716798557,0.5207000968681026,0.09624886922644035,0.0035705633805381463,0.04954726189831975,0.060092034280599144,0.037094734420182386,0.0035705633805381463,0.6696008422754994,0.06968113028986973,0.0004046362644240602,0.0091988476272636,0.06464490773305245,0.013769788319559415,0.06341557301360494,0.006290455793941956,0.028963389396851003,0.5479080061607176,0.2940191584552467,0.049431421627119373,0.08131129554277769,0.2016833073668744,0.02306290004187354,0.9117245529817783,0.7578556897085491,0.7357629656230444,0.5339566635995033
600609.XSHG,4,1,-0.2992209791996609,0.5111346046100992,0.04917495138210326,0.3616752012831407,0.5092915194479203,0.24325855574621755,0.5399510105523702,0.4217661859951839,0.9906321817378698,0.7287955574203802,0.2970804558549222,0.0032769498650167574,0.011340118544564622,0.0050357810101968594,0.0013952496821878209,0.02029335617813245,0.006048240093763837,0.0014728330707650989,0.6157368808267741,0.028450877059956782,0.15102890026559695,0.0010880182204546216,0.025382102811745626,0.4545454565289256,0.05123752353780709,0.7049211920325696,0.004766371312278418,0.08026589490820293,0.09167631197648213,0.7025432935886817,0.15981465284556426,0.2570281124497992,0.18123172642239088,0.18778584106954216,0.12419705966272529,0.03429603591371481,0.23443646241815952,0.2173198324227093,0.14952412149005476,0.12228435918907998,0.5390682622611116,0.055022542945045334,0.011226381562882535,0.5235151655108443,0.10281357871707049,0.02443150893906226,0.06816281723964626,0.07341896840179843,0.0997368628227486,0.02443150893906226,0.7260968686935967,0.07086931633159108,0.0003862381761617805,0.008834098912623413,0.046113817800547616,0.015362617922065846,0.04926602660387976,0.007799946117294132,0.029650983491135277,0.5309477370229629,0.2730888702141092,0.04136242522372554,0.0360475877405925,0.19920343137254903,0.03962986779924627,0.8001368749201119,0.6281538852770776,0.615988888683515,0.6644426303909622
600610.XSHG,4,1,0.06284960187018224,0.4190206740830035,0.0,0.2784738019826139,0.7789176904063948,0.9242228836337525,0.6019976126759368,0.5108516154068699,0.9942418763210885,0.38884192452487243,0.36921230990798243,0.0002959270449199119,0.013684344003226122,0.004693076563828134,3.5901516208201714e-05,0.0006796629144755792,0.0005224594850063619,0.0011271027125642694,0.6170263779269418,0.024358085197313216,0.15075265994016446,0.007249247564261568,0.0031751488208267634,0.6363636304132232,0.0051578542306818026,0.7030258782344402,0.00016192498318733233,0.0780953242289952,0.09135633708747247,0.7835588252003822,0.218995226280965,0.0,0.1769027249453522,0.12297415355112774,0.1115107753971821,0.0710390349108349,0.3142951791682811,0.18345955376758616,0.15251639772576606,0.06860529816605908,0.5304525809602554,0.016741378702932793,0.011680845475845103,0.5213713244079354,0.09990668343962648,0.0007811400176040371,0.14997234261458614,0.10309927900973914,0.0632184951466207,0.0007811400176040371,0.6821496721692685,0.06675786895163513,0.0004621296339889625,0.007727578279386998,0.08236878389994401,0.01489846739302912,0.02762035172045049,0.00547029364744648,0.029136544170441293,0.48517923851490785,0.1961702555920681,0.027798224755628865,0.12466075685428762,0.14792038747023356,0.01776410241071963,0.8317565792276775,0.5793419132280748,0.5976953524172659,0.5770590563353709
600611.XSHG,4,1,-0.02045083239748454,0.5310164193671935,0.5259161707835288,0.37901984154458523,0.4706472776756615,0.1269648008064207,0.2897982292701177,0.275801409749002,0.9707342946891255,0.08232307314517076,0.4108707132592669,0.0032829268434183523,0.012853834307187645,0.005502813860549448,0.0009488852036597189,0.003832790310617811,0.007401336817595812,0.001274838846436282,0.6180038443765962,0.027049002853003316,0.1516391730612119,0.006825311540873735,0.01073039032620322,0.4545454565289256,0.008994568189340784,0.703026376827025,3.6467517088593855e-05,0.013430406077597901,0.09133916806500433,0.4380953887115752,0.11294363883471409,0.7630522088353412,0.11618997800912047,0.6211052470026147,0.08363588893149147,0.040471929876610975,0.296195537919606,0.18216860674380153,0.1381347538196367,0.0993285165845156,0.5183265094592424,0.04013811140130945,0.09728734490557567,0.5239463506162816,0.10977916125105114,0.008582617642937565,0.15743229420326751,0.1659225127560557,0.12894728959694973,0.009042758030458384,0.7208232985929747,0.06414622024372126,0.0005360471805544199,0.00904761432733949,0.05119706147277793,0.016504511321689834,0.03992896012521907,0.00950068992474377,0.029455073871710202,0.5912509161794237,0.31512152979539054,0.027307475620574215,0.04311416971630385,0.13379946293762984,0.011583268529042292,0.8925620641661105,0.693785657423378,0.7051197080638902,0.413429531264847
600612.XSHG,4,1,-0.2203865443871984,0.3786302897877996,0.18091298957983754,0.4179022072662554,0.6052240608718693,0.2663321524823541,0.48247065252833865,0.3439023894203049,0.8934022633808099,0.3984523673713254,0.4832316060858357,0.003927046587831323,0.01797207425192653,0.007815026444852578,0.01023266430617152,0.014936043418299336,0.003516293155074623,0.0012784222797471718,0.6239902462723137,0.04153325155116812,0.15447528929003915,0.005656225749333011,0.020062113885486364,0.4545454565289256,0.019012725046937077,0.7030921521167848,8.581809242035944e-05,0.04074342045762865,0.09134017096331466,0.6997062863583998,0.11769757205231005,0.6305220883534135,0.12700424665096954,0.7498960577928937,0.07208759644326937,0.0406278831320372,0.3040177615517658,0.17768073547774446,0.13572351471570776,0.13638043056707222,0.6213757529228877,0.1697064992458361,0.15778911282043986,0.5151839787352674,0.21945753852811184,0.35550584232625015,0.20294498454614163,0.21822603766223858,0.09507530303717081,0.35550584232625015,0.6744140120615535,0.05449995687528958,0.001939810619301171,0.009028328977404368,0.04081185204572425,0.018045490221409353,0.1785530653139696,0.014381027795206443,0.02939939839647494,0.5066413998888942,0.27683771220581144,0.03745788210548279,0.04401156810828897,0.10203140041546335,0.021715020637674224,0.833300194571871,0.643036022290036,0.6908133599850017,0.46180297160979766
600613.XSHG,4,1,-0.2910988974487477,0.4663616433918259,0.05222319028679523,0.28744502109203307,0.7337039609679115,0.04065366935160214,0.5922747154539252,0.4646178505056295,0.8444933386842814,0.5911556391718888,0.1828172130543969,0.0001751197924846032,0.010631606378626276,0.004777209181245382,4.539391736166314e-05,0.0002028228692582255,0.00027142868847017084,0.001114136460394171,0.6175618218460833,0.022361067664045556,0.15088127902879,0.003414360067452183,0.011394505655937177,0.4545454565289256,0.012625919048526328,0.7025795689821419,0.00033526724350568766,0.05345030297549063,0.0913378262260169,0.18183171068285953,0.07846899561583115,0.718875502008032,0.08095384286996128,0.7449109382105925,0.052150833708156714,0.030723808350141713,0.30372421889947304,0.1808483559230033,0.1367880995276311,0.054269299139939886,0.5318427242963106,0.01955707456610118,0.04082998459166089,0.5270177214669479,0.10631717082152516,0.0034747954220665377,0.11836294693088051,0.13503302832540198,0.02516569000812976,0.0034747954220665377,0.772349572376916,0.06630784840475117,0.00047300215339656794,0.009079260527496736,0.0517160317218256,0.023589328384336174,0.05020226900447364,0.05254277746610689,0.029470998858400082,0.9018897967828103,0.29694943774183374,0.04923879446662475,0.03621113529380112,0.21151177040583674,0.032731650415744454,0.937210627600801,0.7863954491176863,0.7859843733909317,0.37640632492711434
600614.XSHG,4,1,0.1249740042038226,0.3936959372523549,0.08530728522111208,0.3024167080279343,0.5336477900679484,0.17929880736220452,0.5842793343169341,0.2556006017753142,0.9894370000500554,0.19380038168750732,0.38078757715376627,0.0008822331536094332,0.010930120628765066,0.004855777927956171,0.00032750019647435403,0.0033816166204533272,0.0017508141278672917,0.0012071285014857518,0.618965500346906,0.026281456506617607,0.15090198514781478,0.0035297903757052123,0.03086124093716504,0.363636358677686,0.0304996122531175,0.7028644083608981,0.00033006245801537926,0.05141539296373338,0.09133198730789216,0.4133622748590172,0.12957528903479498,0.8674698795180722,0.1287224076389648,0.3552144083917548,0.0869218837305738,0.040047105058051514,0.3350483940004938,0.18313364405580004,0.14091905255851314,0.0689402307218336,0.5322889157327437,0.022106342048355168,0.045087059229993766,0.5232382675897829,0.10225117281039854,0.00940989240661156,0.1176528585781072,0.1358627718380591,0.010086262447459375,0.00940989240661156,0.7242190430450924,0.07496656847483199,0.00033710976384415247,0.00878881728493218,0.04871328621882022,0.014423329912100744,0.028554284692330515,0.013816245185949518,0.029662012882738044,0.5393089484533339,0.2813654054182428,0.04189148366626003,0.04154668609528309,0.14261919237979429,0.008914278877789077,0.9092915169504765,0.6511377205784799,0.6813154024287522,0.43054874700492374
600615.XSHG,4,1,-0.224476821491347,0.35873043327856097,0.186022182676255,0.2915968483156741,0.38821731785624425,0.0,0.36088969046408637,0.2761286447724572,0.7551805110740917,0.2788903992250235,0.1463440306939061,0.00013744402963393384,0.013684344003226122,0.0047151330891679,1.5263486744762666e-05,0.00020936187338122466,0.00021887242583603034,0.0011146827539258732,0.6175803604662197,0.022191321044090172,0.1508182916920885,0.003172914766329801,0.0057977345438663995,0.6363636304132232,0.010690242241179112,0.7030593324810904,0.00012334304711944245,0.03893461155828887,0.09135306445280444,0.738532271630252,0.23402150467120694,0.6385542168674698,0.17048465579464284,0.12920657961870402,0.11398988696656,0.03236068491451122,0.3053166358194912,0.18329361775123099,0.1481280725425509,0.2390878208458641,0.5318427242963106,0.016468064643911894,0.07418098618312197,0.522121401812487,0.0992965835625342,5.094257991760437e-06,0.09014919086291032,0.09876781998294393,0.08259676394551493,5.094257991760437e-06,0.7197914877357069,0.052880996068808875,0.004154996631778045,0.009279867042937899,0.1679082464821099,0.022149363049133154,0.005410991476545257,0.12911971016784343,1.0,0.3284208005162761,0.29599917104153156,0.028005663765017612,0.02569585020503746,0.09333683247200689,0.013929383262547109,0.8383615486216642,0.6262936181504579,0.6274170678059638,0.6406228636112428
600616.XSHG,4,1,-0.2388752435820767,0.419496623348812,0.26287434721806113,0.36003143397316245,0.2747622976238539,0.04667886565994239,0.602930666093245,0.12339435429805617,0.9726074192593739,0.4253232452332566,0.26978282877793125,0.001996804700852404,0.0122886350305174,0.0054906946505027905,0.00037419345942756493,0.00024173675139426857,0.0006346532171897727,0.001106331588517042,0.6194399931968219,0.021936368480984843,0.15186659561008578,0.004422343405425517,0.018315827767156224,0.4545454565289256,0.024588239288606897,0.7029890846327814,8.894879728993396e-05,0.042959211359319883,0.09134527197628342,0.4777791812577827,0.1028836756007541,0.9678714859437749,0.12181352946369395,0.4432906716873746,0.08165675882233306,0.025476632749839308,0.308232627840849,0.18277627916630534,0.14042120642546474,0.04896931349534246,0.5374400913307549,0.038967546123204744,0.08476060846384059,0.5252115617347869,0.13970260198459136,0.01522606199474653,0.1618495543570389,0.18142627280561335,0.026770702205427245,0.01522606199474653,0.691278218507859,0.06731796261441803,0.0004494640722680993,0.009082917843336756,0.06162857454940347,0.02562303887995286,0.04937743344503578,0.0569079749182146,0.029482213503461904,0.7620472743038422,0.30360480999514705,0.05450344393768006,0.026584445520605068,0.20987976262856564,0.024184213674702398,0.9067102441379897,0.6874226040422804,0.7094448830644839,0.38587916664708094
600617.XSHG,4,0,-0.04005867553473946,,,,,,,,,,,,,,,,,,,,,,,,,,,,,,,,,,,,,,,,,,,,,,,,,,,,,,,,,,,,,,,,,,,,
600618.XSHG,4,1,-0.3009825207282475,0.6965995023221893,0.22363300871999156,0.3665262892099062,0.7690247578256846,0.20046228905756808,0.2882668947095623,0.192245262833302,0.9463516222769222,0.18825025088122632,0.438374791459519,0.004050645912889774,0.011066084236680058,0.004840220282275236,0.002248019201265438,0.0028183337658486025,0.004480977095497051,0.0012899713937516272,0.6161218034233804,0.022727405220710203,0.1506896793866383,0.003470602678700369,0.007102319434396471,0.363636358677686,0.006041090877570011,0.7017035222124228,0.00033365525759103995,0.00823008049199602,0.09132653433647916,0.3280951157760733,0.09750596418029617,0.9718875502008031,0.11383080067092605,0.4794348418384578,0.07635386732248434,0.03214161034565955,0.3060481925449453,0.18148290048318352,0.1399779543853355,0.15197886768803381,0.5295908771366947,0.02974292339005468,0.0690718706413347,0.5269546496046907,0.10016586709639978,0.024098643165865703,0.11353446621166402,0.13233151246847127,0.0017555732093643647,0.024098643165865703,0.7482101061374634,0.05642996215686524,0.001215728188716234,0.008906483060155802,0.046233336622519446,0.015637045423164596,0.17289866005098478,0.006746614326298161,0.029097999191537563,0.5150757947891152,0.27066900030036684,0.031086243960495016,0.02716408790129504,0.14014849964533618,0.01684916552012921,0.923381112326199,0.6968759674494716,0.7263613871190058,0.28395541246782624
600619.XSHG,4,1,-0.2856208057122543,0.5686911277526665,0.385284947983879,0.3164484922512033,0.6004931671276525,0.34066556463550174,0.43870684265413096,0.2876170492745222,0.9966880031332905,0.26904599392471046,0.31289226278110893,0.0049710719806351,0.012075190547515758,0.005287887456929511,0.0020455555959230107,0.004887475243279483,0.007214782892445279,0.0014052443570755288,0.6201168873353959,0.027895430646944094,0.15125393920647132,0.0044862284602710965,0.00825976482814031,0.4545454565289256,0.006283783900371919,0.7028430503645384,0.00021364696790068222,0.03287510174550059,0.09132756320685038,0.3241460386892193,0.0983832041616794,0.755020080321285,0.09513921188587932,0.5704194337536533,0.07005492616392286,0.034912221806982925,0.3070368621385018,0.18356015083212301,0.14054599292356565,0.14174434324274776,0.5544962585790942,0.0409142256907419,0.10038856074274113,0.5033672987288952,0.1103737692910361,0.05216368787943655,0.14662849387054772,0.15915451019935226,0.08342643994510883,0.05216368787943655,0.6734289423529729,0.07877167924457829,0.00030472444258647054,0.008989354163325115,0.04762191843275733,0.014439414124324193,0.07473302080296435,0.011649905353192453,0.029586618811375618,0.5398273313647719,0.275076391074805,0.02880131923767484,0.03280131415293479,0.13000147248822008,0.018077107136447928,0.9053530343270226,0.7412487284949805,0.7622249566294266,0.5917962367761216
600620.XSHG,4,1,-0.3363549718310358,0.5897344783570554,0.20398682632321655,0.3642280606290371,0.3932302363273593,0.05120485848227746,0.7469736876450387,0.7754359728765041,0.9333798174998837,0.7166192618774616,0.23389060078180374,0.0006375607826756036,0.013268118292294651,0.004557496327837847,2.7657157732670105e-05,0.0009728022664675369,0.0005190449597207436,0.0011030855624773964,0.6181308674050614,0.059202092518496424,0.15055936472945478,0.0038645845175902653,0.0822780217733492,0.7272727282644629,0.11638699070117998,0.7033480921524755,0.0006090075551088875,0.28018449850773264,0.09138212757515361,0.6385344405931577,0.17887331539846965,0.004016064257028112,0.20242940585097058,0.1084335370429494,0.15419703206097163,0.09651003100753705,0.3562944250743672,0.26217464033884796,0.1477992081256808,0.0426116333831465,0.5430150828825797,0.05053632328178559,0.05366117039791248,0.5219343943431084,0.15777356887192096,0.0004434254928249627,0.13434137060313053,0.14935682299968742,0.05157589401565039,0.0004434254928249627,0.5528204193382155,0.09093016327736886,0.00024318144094203836,0.00889243118114048,0.1698089387414589,0.033128947472068355,0.009334895615669678,0.02051954484252648,0.029727336521579877,0.6600178745080907,0.29599917104153156,0.03891194579269554,0.1602523576061157,0.19791832915336677,0.040719327630555725,0.7374087500532587,0.6421072707973998,0.5654202522754697,0.6491106168993227
600621.XSHG,4,1,-0.2133920088680727,0.7233766002004596,0.44378797198000014,0.3904389157970766,0.5067452724915555,0.15762281609457218,0.318717084696971,0.2849377896171955,0.8756326076475822,0.1317169943752332,0.19823960889031833,0.0008875912128743451,0.011564936087645496,0.005070579532986773,0.00029280165083184217,0.003916890725671463,0.001147318922903289,0.0011592147386681989,0.6190497623438849,0.023641286569990864,0.15116318469878112,0.004289127008435378,0.0073130835053883915,0.4545454565289256,0.006106018200939676,0.7030238333175969,3.983855045137513e-05,0.0201682192276386,0.09133809273310563,0.3202844546958479,0.13274114272198767,0.7630522088353412,0.11107304687654405,0.37764847310180993,0.06912489973924137,0.04156433759069364,0.3064258702529405,0.18078644174155448,0.14115302724245235,0.07450896753738664,0.6042497789201493,0.08348589603638874,0.07929130974835938,0.5132478612576409,0.11275341991007423,0.006561056492641017,0.1483687350306695,0.16110775873911856,0.08257370266373708,0.006561056492641017,0.6638621977454408,0.06615095463931658,0.00047695018180385167,0.009096457314308224,0.04956667171477584,0.023034540856458386,0.03311572972219974,0.014568770336330344,0.029391083785342016,0.6899676551240073,0.32951441225153805,0.02868992568400598,0.0458926639036964,0.12320538519025181,0.016428635520727403,0.9227863899106674,0.7131042412984834,0.7156395476257746,0.6247678282274478
600622.XSHG,4,1,-0.2427984015621367,0.6842507074033742,0.5234683906920414,0.31520986763272896,0.6667209986383571,0.17914008305728318,0.46230683784799437,0.2648132021192957,0.9711970873044657,0.15310309623204432,0.26813031628583134,0.0006731104248044849,0.01296088693106544,0.005713919972504855,0.0004569825817292083,0.0011544497720901864,0.010196926246094173,0.0013697361353278488,0.6225951726906999,0.022410527570889436,0.15216887746104213,0.0050218331864909805,0.018645503940136265,0.6363636304132232,0.029293959990115918,0.703233129089351,0.0003714342837913933,0.05394772542280908,0.09136911276600335,0.7606324611978826,0.29696654963634134,0.17670682730923692,0.17788961342695375,0.0876604944671948,0.11623877500058469,0.04658131908129773,0.3326790895982791,0.19286823667324468,0.15538518732273165,0.14895585983426796,0.5298623646005274,0.04754549802889267,0.13666528531015482,0.5088445539956166,0.14627862573827743,0.019775725394207085,0.17878216741091246,0.19321195122463192,0.08694023708588101,0.019775725394207085,0.6800182757891368,0.06131179095663594,0.0006609818147918137,0.009080929623361357,0.04254474304508629,0.01445961041210943,0.02218723591682657,0.013793037755096414,0.034262094648711106,0.6430969692063918,0.32749983307550073,0.05857055989438818,0.056305528187677464,0.12963358793129656,0.01981231680325417,0.8320175469741944,0.605617840873911,0.6098272306469543,0.6769669198504856
600623.XSHG,4,1,-0.2488191601572931,0.5237697142912053,0.19823906348750958,0.42386584393896437,0.629826079179236,0.24714097393811993,0.2113268624504419,0.3121583934775794,0.9436372162541198,0.4068935780206776,0.44104736223679175,0.007025363232137614,0.013395242971282011,0.005887880130673879,0.0048046964159919455,0.012645531181146795,0.010064049034037726,0.0015416819647744578,0.616434513393787,0.021224467645526972,0.15150131753664214,0.004611469248944675,0.014095806767311795,0.7272727282644629,0.022222370035568713,0.7037607303992397,0.0008404812299011748,0.025639866148141444,0.09140037941523284,0.7495544720785364,0.2090968680538459,0.20481927710843373,0.17006895043290013,0.17656829541966473,0.13652724916435288,0.048947525651778234,0.3160732565591393,0.1889776819629122,0.1494331313351895,0.10334352059686269,0.5368436431225421,0.0679135888930296,0.08123814935859171,0.5080949583621325,0.11243487988865372,0.07348915202311296,0.1408490606991888,0.15618148155922573,0.052934919207317466,0.07348915202311296,0.6873227488002132,0.06208000802442633,0.0006204826116228339,0.009138957572494433,0.04558600896312012,0.015398373704099199,0.10310176599242432,0.00818840897482304,0.029990777837619796,0.5614807677167756,0.2752576233883513,0.04703399022759222,0.06064998040439312,0.18691844631909613,0.0218608302925166,0.8184853929073583,0.6208316748485254,0.6155571633400492,0.6407257657992446
600624.XSHG,4,1,-0.2212047014127432,0.7253992375006447,0.1493046343944755,0.34428345964235174,0.6037017626127492,0.13985419057474105,0.7158955924827053,0.5511760947669697,0.9022172771811627,0.5308260034765659,0.2131881158240494,0.001070219932921347,0.010824357169301729,0.004864253208129208,0.00033815430558677107,0.0033869732591250024,0.0004398889788145647,0.0011389158666914405,0.6173672780272748,0.022584773236111508,0.15092109151828698,0.0035583040905588824,0.0538936847782085,0.7272727282644629,0.07433555174535703,0.7005975834300489,0.008147459147640482,0.19697928913810253,0.09126331807598448,0.42824900272275246,0.15981465284556426,0.13654618473895583,0.11617153149544568,0.3049433373815187,0.09237560856894875,0.06212999195102156,0.10850400574897381,0.1935102711757136,0.1431314131810938,0.062412105364307184,0.5478642651132879,0.06058434924713125,0.04825468890183914,0.5111108050972664,0.10420941064700004,0.013175121910810753,0.12323259408390053,0.14197513558938635,0.008777866046821823,0.013175121910810753,0.6414743560530373,0.05820912237250389,0.0009194918219099724,0.009033234276880353,0.05261558894812354,0.020203226912746404,0.05814337820276193,0.00936481936560253,0.02922226203567273,0.6259520781333336,0.27918224709770373,0.037241928111101705,0.08132240762284569,0.17025708377666313,0.03707991864569002,0.880793661501754,0.7768812746008584,0.7246740935748177,0.4949414710831227
600626.XSHG,4,1,-0.2153460318565785,0.5428506321378908,0.6022908901124377,0.3524537782300612,0.526695638145725,0.08766715766349145,0.5181537309085547,0.3171748367626746,0.8922496726642366,0.2405536209073489,0.20735011174110574,0.0026888323822362005,0.012071628855401705,0.004985860935255981,0.002083637022188689,0.0016108509170281885,0.0032315620075969395,0.0011494845297696562,0.6185497664461345,0.029223002094294175,0.15110836634599675,0.0049076653335431005,0.0430964738643602,0.4545454565289256,0.02554700059052781,0.7060394322012896,0.006787981368032823,0.08469747671158542,0.09092124281745693,0.21412808988204102,0.13702184951688068,0.5823293172690762,0.07934899618025404,0.4262564687983459,0.057130463272453705,0.04159935070502006,0.3034829641735773,0.1757731766006626,0.1412804134592637,0.05733046998203199,0.5154693074426162,0.05951171361320785,0.0824194041072907,0.5107574661668238,0.1119652509390403,0.044434450515022324,0.15691266260447678,0.14615149636273772,0.31117064632820657,0.044434450515022324,0.6404740954711333,0.05819556825163929,0.0009211500103117383,0.008983702870115946,0.04362568921201477,0.019982781111926223,0.15484271497178617,0.012132870277444297,0.02978381566990957,0.5053301960540804,0.27498353628043165,0.06880074561368585,0.046136779191424025,0.20060498682677205,0.01473664533110008,0.9305293207027312,0.7762040599708109,0.7631861066295584,0.36727705862101756
600627.XSHG,4,1,-0.04005867553473946,0.5832710543596483,0.33323445031838866,0.36979524077594106,0.5086859991960199,0.19531619973499242,0.5201466800399461,0.3337110635790617,0.8075837911617676,0.3255274155849768,0.29448349460704565,0.004585277962534866,0.013684344003226122,0.008150090726543492,0.0029840589171838032,0.008062098247688082,0.00966583515757642,0.003724127055187232,0.6194366714067405,0.02795801905504902,0.1535011777904567,0.007249247564261568,0.03212743887797873,0.512508658030105,0.03385548310334353,0.6973754749785577,0.011416551503228026,0.07601564141075765,0.09146680527188153,0.4259820692575249,0.13112622332231372,0.5511172547939428,0.12284974011172788,0.494504656209718,0.08633157970599001,0.045919982486072305,0.31147779666162767,0.18463137997985954,0.14208910423830812,0.20470555979997465,0.5318427242963106,0.077915971133906,0.12469801664167228,0.521515575256219,0.11601091851739048,0.03148564188991912,0.14997234261458614,0.16450473416111355,0.0632184951466207,0.03151351181947201,0.7073590212283098,0.07474128671978711,0.0010165370293848852,0.009470773081934954,0.05305644375124136,0.029247760156912796,0.06504798281099847,0.03229344616550119,0.02996043969994048,0.6137324122247689,0.29599917104153156,0.04246130980234155,0.05485061095598209,0.16042323302325237,0.02380545148233199,0.8768056165474607,0.6953581940533766,0.7048157031587168,0.46648362214367545
600628.XSHG,4,1,-0.2033920088680729,0.44344449994244295,0.49608314957162253,0.5237259032619122,0.5822489925598633,0.1316506026100205,0.24455363213416081,0.1994616562452878,0.9627113851374196,0.0,0.25898096267661846,0.004040362420391683,0.012147656255361735,0.005428291366839085,0.001280128233705838,0.01016063093907929,0.0019472837432795503,0.0012736638811965,0.6131068514029545,0.02289936704030079,0.15153284774922962,0.004972024840079585,0.006245144277107413,0.5454545434710744,0.005340935141149598,0.7027485946286229,0.0002067457617635969,0.012209460070543547,0.09132758700879356,0.29691668134713345,0.09071483754235732,0.9759036144578311,0.12105590479490769,0.42459442007434556,0.08416063161554924,0.035267823125066954,0.30659239776640024,0.18168002356237986,0.14061228575068177,0.11203099478753159,0.4843268508037174,0.03592269197807935,0.11969593281017497,0.528636231368307,0.12205339601086934,0.03438789861264533,0.17461994597512487,0.18538227051712453,0.11892862056159786,0.03438789861264533,0.7320622077947877,0.05975653444496524,0.0007661588068668705,0.009068805922929458,0.051772361232843234,0.014363201515539716,0.14296486121072446,0.003168415768253197,0.02939742599199911,0.6089208432066335,0.28800345256317195,0.033067984842676715,0.024791792811453148,0.12314593149921467,0.006077047317102351,0.9227411199954554,0.6896919640882762,0.7023035913739426,0.35123782191577346
600629.XSHG,4,1,-0.2773683202047902,0.5666671177104703,0.20463047751931743,0.30204556332452864,0.512446284487219,0.08044050152541649,0.29842483015900445,0.2968908458658912,0.8975133898110104,0.4032522714660551,0.21039492699445556,0.0013048843512537133,0.010637697005984003,0.004643463469407449,0.00019005722986188957,0.0009815066980378645,0.0008340673620210655,0.0011330275091237334,0.6184235561166257,0.02661064344991644,0.15068449317404284,0.003133500313119173,0.013421129655971177,0.363636358677686,0.009506270453266737,0.7064591294038061,0.0028138225336506724,0.032287238853215154,0.09124539429637847,0.14227352062080895,0.14206291039999472,0.899598393574297,0.07193942691952444,0.51142543006409,0.020682600688977537,0.029008717850784932,0.30306097316570096,0.17737533233878158,0.14062008490681308,0.18033614185553118,0.5181808651293299,0.033241394350545204,0.06206376969098814,0.5219824911546832,0.09296651448112528,0.005715368748273912,0.09767703583090374,0.11086157065812724,0.044345254425579246,0.005715368748273912,0.7185505102380644,0.07907482316817624,0.00030252941208666585,0.008148913401429614,0.06542032896434433,0.018728533814400483,0.03352583807320482,0.01975095150466498,0.029836032626523193,0.5942531017039552,0.2748733563776742,0.05633166321544358,0.030419968593427126,0.11892345277904444,0.027462612909014774,0.9021992302339124,0.8416506346468537,0.8093992020342582,0.43623999030880456
600630.XSHG,4,1,-0.2072884052644692,0.7219571849611015,0.4721461003524201,0.32557305645277385,0.5970567117120505,0.08747824320034475,0.5172370432150403,0.3625674280957835,0.8665501928009843,0.28047438304487626,0.1935409258858537,0.0027881895217445785,0.010841102939621372,0.004824185647649985,0.001549360063595174,0.0016999635062222014,0.0019731635311835737,0.0011595737868024336,0.6193805345218573,0.02303053714291915,0.15093565229572015,0.003571048924828474,0.02434714000326105,0.4545454565289256,0.01144956045473059,0.6915038232937891,0.007938618642920895,0.04087908112507913,0.0907916844010057,0.22277429253537973,0.09337252402826907,0.538152610441767,0.0847011203621841,0.6435393117126699,0.054618374236701524,0.042053223265764016,0.3070326592474348,0.1781031294346991,0.1403601130357695,0.21952671292439518,0.5216112966928785,0.0371554833842576,0.10068139660908916,0.5287963801006709,0.10476781304520605,0.049929538637604326,0.12168795221895301,0.14066343871862289,0.005532587049049225,0.049929538637604326,0.7493844774982268,0.06084021186372997,0.0006891570175210985,0.009038076793348289,0.046001026859282805,0.015911612135154758,0.11640587673858412,0.01687422761699528,0.029632135313834115,0.5587502481030512,0.2710752643587676,0.04751273875879793,0.046674715193676955,0.19955009943253788,0.027676018424358437,0.9135193719731292,0.7320800716465441,0.7586958990053152,0.13925353934295642
600631.XSHG,4,1,-0.04005867553473946,0.5832710543596483,0.33323445031838866,0.36979524077594106,0.5086859991960199,0.19531619973499242,0.5201466800399461,0.3337110635790617,0.8075837911617676,0.3255274155849768,0.29448349460704565,0.004585277962534866,0.013684344003226122,0.008150090726543492,0.0029840589171838032,0.008062098247688082,0.00966583515757642,0.003724127055187232,0.6194366714067405,0.02795801905504902,0.1535011777904567,0.007249247564261568,0.03212743887797873,0.512508658030105,0.03385548310334353,0.6973754749785577,0.011416551503228026,0.07601564141075765,0.09146680527188153,0.4259820692575249,0.13112622332231372,0.5511172547939428,0.12284974011172788,0.494504656209718,0.08633157970599001,0.045919982486072305,0.31147779666162767,0.18463137997985954,0.14208910423830812,0.20470555979997465,0.5318427242963106,0.077915971133906,0.12469801664167228,0.521515575256219,0.11601091851739048,0.03148564188991912,0.14997234261458614,0.16450473416111355,0.0632184951466207,0.03151351181947201,0.7073590212283098,0.07474128671978711,0.0010165370293848852,0.009470773081934954,0.05305644375124136,0.029247760156912796,0.06504798281099847,0.03229344616550119,0.02996043969994048,0.6137324122247689,0.29599917104153156,0.04246130980234155,0.05485061095598209,0.16042323302325237,0.02380545148233199,0.8768056165474607,0.6953581940533766,0.7048157031587168,0.46648362214367545
600633.XSHG,4,1,0.1675332580358418,0.5720594444356197,0.241109620785699,0.37050015821459564,0.6471188591288997,0.30685204508493374,0.6384647956708311,0.49898962064006513,0.9274267413340547,0.4288885623297246,0.45596153594214667,0.001846492485597621,0.011499605054796101,0.00512328763260438,0.0004823821343657757,0.002699058027013178,0.0015063151035395518,0.001157465480522173,0.6180053196922072,0.02509255623652763,0.15132022930224276,0.004149235332368318,0.01892536169004825,0.5454545434710744,0.032224002606555925,0.70583280817654,0.004915537923183219,0.092339694311296,0.09164852093692148,0.5736934496226052,0.15550924190155327,0.13654618473895583,0.16657465369964594,0.2550890617894074,0.1327760422756655,0.04214618839041867,0.3208771320924324,0.1892003603891862,0.14465094876734336,0.04379669883709967,0.5163164870386597,0.03625881507972249,0.05150364051594242,0.5209299016673133,0.11460895905124507,0.011803252554836873,0.13912944191237375,0.15809456498992755,0.017330420719952014,0.011803252554836873,0.6917245964778208,0.09720537518748888,0.00022424002524093812,0.009090923362266934,0.053103953935915736,0.01713865976620409,0.05804938445410832,0.011517614195522871,0.029775601858452898,0.7104202172661982,0.31678512952854493,0.04270967784919279,0.056528883058654666,0.1709922195622435,0.027708619967697554,0.8051724872534121,0.6567903896333647,0.6349148299635872,0.6024651061003629
600634.XSHG,4,0,-0.1027498070332104,,,,,,,,,,,,,,,,,,,,,,,,,,,,,,,,,,,,,,,,,,,,,,,,,,,,,,,,,,,,,,,,,,,,
600635.XSHG,4,1,-0.2318394974525477,0.526718560236802,0.39214618504336696,0.41860943624784036,0.545527601059557,0.18947506003683562,0.3805469963510651,0.351691535734486,0.9792722476353231,0.26914363941165204,0.398817039581243,0.0028870116282095717,0.012361784646705211,0.004878399959180493,0.0012560949723874615,0.00458894700127593,0.0051353973680771684,0.001417086767325803,0.6147899931524554,0.025558258139690877,0.1505252708507808,0.0052166511587174915,0.01793693346109827,0.5454545434710744,0.015873092245752923,0.7016262509285229,0.0003720715655400145,0.017590666546079405,0.09132543929434508,0.22131581411238666,0.08216974131491567,0.718875502008032,0.0934375209993794,0.737848001075866,0.06325243580755172,0.04098932390411768,0.2926182566254154,0.17718150953719866,0.1368777898231411,0.077920609873538,0.5344900649258097,0.03831100218057403,0.06651978382749821,0.5232791779829338,0.10556816660722326,0.014064387042818219,0.13511953889208622,0.14972431837476036,0.05599226201221081,0.014064387042818219,0.7230692107873897,0.06124286616797339,0.0006649289167218428,0.009045463255369415,0.04789736578405665,0.017478944727472086,0.09550462310677652,0.005382950383666852,0.029663105333283358,0.5152027570209006,0.29011147052600006,0.0679014884486266,0.04449295413720882,0.2406588038962355,0.017290931387210624,0.9314737754044113,0.7449996683030387,0.7595078595136686,0.4259932598686905
600636.XSHG,4,1,-0.3071668433051588,0.9230017239678598,0.2447826671508165,0.40192669431718314,0.6254636397907299,0.08075361142988544,0.5802935555094277,0.2140734512539826,0.9990344582911448,0.38919750878325987,0.32355001967384334,0.0031988235652535813,0.010550050998961223,0.004709947364808241,0.0011597640513651313,0.0027653673651386003,0.0019418566203393672,0.0011600307206578102,0.6183550553943771,0.023253264742801243,0.15066617111105002,0.004821291997442227,0.03117311529956316,0.5454545434710744,0.029336918883267685,0.6992513205918605,0.0018809902219687545,0.04612462693316451,0.09115353347874444,0.05136111659942011,0.05507414348638102,0.9477911646586344,0.05122596847490811,0.9775659352899448,0.04403195264178694,0.03249646705163331,0.26654456077423705,0.17721023632664198,0.11771656306787603,0.064858964812034,0.5236908745836472,0.06086808290371013,0.12093080732701365,0.5559107368142471,0.09358479544073493,0.03587824526994566,0.1910883990039759,0.20968121117844457,0.05571446634205924,0.03587824526994566,0.841234340254529,0.061754618582177755,0.0006368929944064883,0.00929138978112682,0.05090631149085086,0.017225216815073687,0.0861385502034699,0.012186629758017205,0.028810567552549893,0.5632465961370217,0.275299476178268,0.043080494070629194,0.032674525113197864,0.20124924000607997,0.03276185918526051,0.955229829146014,0.8563392817655124,0.8468299213388504,0.2303206078930201
600637.XSHG,4,1,0.1114393459463233,0.5982186123029454,0.08605066000713513,0.35532519164152376,0.08199814602595057,0.047611325756507505,0.6422322267203795,0.38271235326871333,0.6623484398092979,0.37614395071706586,0.6179515802094235,0.00267216996499396,0.013491960034584752,0.005960193449869611,0.0006494684911740987,0.000322387716149118,0.0018296246979998911,0.0010358723754467054,0.6218700803284715,0.022404897266262744,0.15254004235844332,0.007249247564261568,0.13674189011615676,0.7272727282644629,0.1984182390080825,0.7245068051746251,0.023619677399504446,0.08049199602062042,0.0930673063266179,0.7391889734684435,0.43097259520554937,0.0,0.21810828367048726,0.012878567784177987,0.14517634103511856,0.057789962150264655,0.3999446599617457,0.21087331786428679,0.15981770772402423,0.11991455033170803,0.5440594703290637,0.07495563382721619,0.08153952375432602,0.5216077134117356,0.12591051531942515,0.008794326003173456,0.14997234261458614,0.1564463979849134,0.0632184951466207,0.008794326003173456,0.6731543381044361,0.0691425676297405,0.00041379346266587076,0.009106522061070066,0.053058177963262065,0.0471535988082177,0.048201056646776014,0.03617491779992539,0.025109970335445334,0.7047645765393755,0.3495513867581277,0.028645319512624355,0.08133774600423825,0.15768670517302527,0.021671950708859244,0.7554048728181677,0.5569965945778605,0.55074027033664,0.7326807524589243
600638.XSHG,4,1,-0.04274684757775028,0.4979382395525018,0.4955074628603731,0.40671828576477675,0.6702485645911017,0.25799442620982993,0.24861440324563377,0.2760284221756879,0.9993751860610729,0.11355377365969482,0.3259515386481472,0.001401138859921984,0.011385948954283298,0.0047413564145696325,0.0005585488113029209,0.0005177672920281733,0.006675344244396437,0.001379466597679767,0.6285917176486592,0.027341619808100962,0.15076315772441182,0.00538977084824881,0.0076504933606490145,0.5454545434710744,0.006667751532540569,0.7023137781250549,0.0005519839778104197,0.012797322962828976,0.09131016655565995,0.3523203538236722,0.1344261869230204,0.9759036144578311,0.12400800578693484,0.30328231524721816,0.08496109854240282,0.03535022444376701,0.3074295321801473,0.181957026406488,0.14180165706070602,0.19784981350456116,0.5770248431634712,0.09127155777391784,0.16192425945554273,0.5092252334341413,0.10588235498900689,0.0017015026281154227,0.18685326834205437,0.19696709544015326,0.13328493114882028,0.0019327901244883211,0.6963484646116921,0.0800023154772122,0.0002961036746750302,0.008993407916849144,0.05395351377421442,0.01854580345662357,0.011701967670215058,0.02588177186084242,0.029607942029376076,0.6272510847231725,0.32793568608305196,0.08208431720139092,0.030847546590848877,0.019595572402087452,0.0121039959322845,0.9169865148911391,0.6863943434611479,0.696231711084647,0.5381709201760294
600639.XSHG,4,1,-0.2618937510283514,0.6194935640951875,0.4145835693211279,0.3232657971563162,0.5754339243815977,0.18452297019092473,0.3939965138936709,0.4825743685564154,0.9695773131507748,0.3198846816467089,0.41237098498869934,0.0007510563459035585,0.013397028586700714,0.005921631741409189,0.0004413948153136286,0.01015106178155489,0.00393970405049292,0.0013830007495163766,0.6148246621642116,0.02452806168138623,0.15218628773908224,0.006667458889153364,0.02028411711186065,0.6363636304132232,0.012207383599083207,0.7017169046469849,0.0030601886587320686,0.02753911549244822,0.09119419380158836,0.33793390374773924,0.11872619291001127,0.2971887550200803,0.11434203262134181,0.5392603831848714,0.09427545294206549,0.05555922776454814,0.30800888847537183,0.18432367084730358,0.1407474711236244,0.1129567290486603,0.5209929365012834,0.0323928893605963,0.13175071645399872,0.5169625972214014,0.12427586540622294,0.0075327708604187435,0.18578158364112224,0.19551117312556743,0.13621026799595073,0.0075327708604187435,0.6969000101661998,0.08662853743640477,0.0002600796654711589,0.009064390276083929,0.04621829783035081,0.014690004437400707,0.025409212292664105,0.006121871852498304,0.029635897593642296,0.8389863867657674,0.4402364546365397,0.05710101810945557,0.07284630261513217,0.18165295510969245,0.026627983489860618,0.898430287881155,0.69601079120782,0.711516372556527,0.5321486616261782
600640.XSHG,4,1,-0.1936603704499936,0.6487900357756179,0.3685620853451843,0.3636054724719884,0.9999999999999999,0.14808290687475098,0.5875727808596439,0.249753795037644,0.9986708982479744,0.26176666789126346,0.321396513099256,0.004486276103557638,0.010925255420156705,0.004859897999461997,0.0007104241056657834,0.0003762205005578468,0.0018924692628913653,0.001084505540324517,0.621311022437104,0.023925623618298718,0.15106261780181332,0.0040072139151796915,0.01784030732612765,0.6363636304132232,0.027341811789375944,0.7059912796368287,0.0033981722002789008,0.1150854662204938,0.09148746115853408,0.8941367263971374,0.29178848582085165,0.19277108433734938,0.20012227403350147,0.04653120473381041,0.1295478303617434,0.04778559598700033,0.3457277752110099,0.18826325224769247,0.1680016222244753,0.24538865903873874,0.5318427242963106,0.09101897361353502,0.12519680486583057,0.5253273875289384,0.10914625878226153,0.01624121053809256,0.13661192000847658,0.1436571229019635,0.12868513318685443,0.01624121053809256,0.7297683859229683,0.0623301651001538,0.0006085393933347488,0.009023391052697127,0.06089826969461752,0.030150583992902047,0.051511715085225306,0.03159930826403998,0.03155595707002814,0.6245011604015334,0.29134272120610794,0.04481060414631019,0.05881665212200527,0.1784853637837564,0.0203261649817551,0.7782510900285466,0.571757109371545,0.5811155149149883,0.6391651676516991
600641.XSHG,4,1,-0.2417632209892849,0.6801028693641832,0.6009318121427761,0.44663068428211034,0.4105480925716492,0.24734001204713857,0.18184204300580753,0.1298589866231233,0.9441022042803489,0.1431813479717775,0.2422046630848677,0.000711536405611395,0.010916976055814332,0.004899715104036029,0.0005181224034440953,0.002405631757414925,0.0039060826507858245,0.0013558098070948924,0.6295300828862951,0.02162076218167377,0.15098971445621814,0.005459946845964481,0.004399624493635403,0.4545454565289256,0.004546055712280565,0.7025093219884514,0.0006316172408596837,0.012661662295378493,0.0913114898812499,0.34809928885661345,0.13217087455187662,0.9678714859437749,0.11799839515331027,0.3410885341223017,0.07855804614040118,0.0354167528116287,0.30766550001126153,0.18145223230410257,0.1413753031921946,0.04518723253199914,0.5281042797319984,0.03861120317315364,0.08731942177188816,0.5328870179398698,0.10310566076949869,0.004685510279240831,0.16581789937947278,0.17593804745749408,0.11911443617684238,0.004685510279240831,0.7580175676607341,0.07959807391311419,0.0002988520179796208,0.009081255327350707,0.0451175637789899,0.016153014529397904,0.013473253305161997,0.033515950614900106,0.02915951832367981,0.6390940551736832,0.3000177339030764,0.042840083869352175,0.03278702719284736,0.09201808468865583,0.01588203625052342,0.9187094346053883,0.692641302905666,0.7045585971434833,0.5729832330008956
600642.XSHG,4,1,-0.1745124570473445,0.22224908874443722,0.6655573564144392,0.5074286489358896,0.5464427186381231,0.09393062120860421,0.20943776073808998,0.34310189120223333,0.6856909265424298,0.03310588057860267,0.6061206207628391,0.0061020608610595235,0.02610278267401032,0.00924919610185905,0.008543443858510911,0.01672442500382186,0.009692923671786173,0.0015061921254931766,0.6230210832247545,0.0739746615988579,0.15623897178364254,0.017135040513968046,0.01873863873546522,0.4545454565289256,0.016968681526345227,0.6950140950042232,0.004501294152413471,0.00714479515239215,0.09134803834812251,0.5725800213946393,0.1236607024377635,0.21686746987951805,0.1357254947947891,0.30452859514279346,0.09051555170186326,0.04484040264922867,0.3297336482176828,0.18319565479570826,0.14199533610463347,0.12081661387855844,0.5309938974121143,0.05846822370671936,0.1163669770975776,0.533875130399369,0.12929278371080324,0.030583326706365186,0.17239225978113293,0.149917681091885,0.43263918875182006,0.030583326706365186,0.745198807633297,0.05658989902498023,0.001180558906250621,0.009040044177041542,0.04200031238473556,0.023004728308635432,0.1325943715711912,0.011709650062455668,0.02961104638697305,0.5216190622979832,0.28994912063395106,0.05421211445114828,0.06107966124442514,0.19798482862137104,0.004344828617574924,0.9062690843760208,0.6465326610941577,0.6704100466580234,0.39215935915483113
600643.XSHG,4,1,-0.3034583692560259,0.7453189007160419,0.36022002707993017,0.23772685910118171,0.35635103134620416,0.01612877566796178,0.4414593916674021,0.3466831542304838,0.9506888760286598,0.1568101443026275,0.43397787946235966,0.002378742984852963,0.01252595592598326,0.00557038850327246,6.730089287599274e-05,0.00028196618936205417,0.0006030050232394785,0.00104678375817891,0.622068064145339,0.02338824916353507,0.1519586511609887,0.007249247564261568,0.02124690266874971,0.6363636304132232,0.02953219960983264,0.703023778004266,0.005948701304735171,0.030252328841457902,0.09139163000032398,0.6291335305429536,0.08454094174741222,0.827309236947791,0.13480053389481006,0.6107192390095872,0.10345276282686136,0.03861305114650748,0.3150320385527804,0.18544185025176319,0.1370753684451342,0.2579118356067283,0.5318427242963106,0.05522291982116036,0.10912303702366744,0.5266199793031149,0.11777590831338977,0.0006424902729849186,0.14997234261458614,0.13653051328242266,0.0632184951466207,0.003705325940344275,0.73252494516679,0.05707139299795443,0.0010869592768900289,0.009055382696479443,0.07637054845155847,0.08778151574489103,0.00812734152977297,0.11586111812756386,0.0301633046564702,0.6577419794797986,0.5467582288911561,0.0367776339294202,0.04003536074161898,0.144020906166084,0.019093886462882098,0.8779798255954325,0.6326456149661674,0.6785468151344158,0.6106252202982344
600644.XSHG,4,1,-0.1914293549149541,0.524520996383217,0.19580356358331624,0.3170153024590284,0.620579111948102,0.2523447086957056,0.4405627985967739,0.1787558876195045,0.9040662522316352,0.12697625764486817,0.21430665626430084,0.0025196127363855065,0.01047145656632629,0.004693650875363552,0.0005119102472860001,0.006872962074841465,0.001301737330250365,0.001279377018335401,0.6138128076134255,0.01732138585819496,0.15040171359905963,0.0038872948410754796,0.009993706818609258,0.5454545434710744,0.014822583244918218,0.7017465998229014,0.001133687417972906,0.0361761779867957,0.09132319937592288,0.4211944875154984,0.13547871616417953,0.9477911646586344,0.12196834841775027,0.3909428097144129,0.08493538110060679,0.039892475153904185,0.30696185397469794,0.18254785691121156,0.14096974707336665,0.04283819593409589,0.5468870710653867,0.03760188663208259,0.0648151529190212,0.5290380284386249,0.07798329701454892,0.020081462709182457,0.144912790724234,0.1574671843093003,0.0820061830742385,0.020081462709182457,0.7543472189600796,0.06836555016274895,0.0004280381533961138,0.009034565057321692,0.05872081089167372,0.01451708309320347,0.12569259767128294,0.0017822974382477948,0.029987204897744032,0.6292841436924166,0.2719062855687882,0.0744299063172901,0.042151232729631956,0.23082194925773927,0.01516330681342346,0.9167974464217239,0.6928845473442129,0.7091847916496132,0.4444973725312038
600645.XSHG,4,1,-0.3393860297948291,0.5682898948734558,0.0,0.2989621937060162,0.5109390320048748,0.19578100673873255,0.6692880827285267,0.5941475866600243,0.9401258760787152,0.6567424692126679,0.4444215054307487,0.0016689856241977699,0.010397391087382517,0.004644670811683813,0.00013940710381955067,0.0002243830629252446,0.0026841978197256746,0.00113508378750894,0.6167086787073782,0.02348227578397364,0.15070809876784888,0.003133884646822932,0.0948680432487718,0.6363636304132232,0.10775747871881466,0.703231476400537,0.0017626284795793598,0.10970425974495794,0.09128999790986604,0.39218825597224183,0.17660882672436062,0.05220883534136545,0.1531574502174712,0.17033586935208844,0.11655342293907177,0.06846202925731357,0.30923429672439795,0.18975659348768775,0.14358116451799913,0.20470555979997465,0.5203634695474693,0.08166108204168882,0.01361036093159913,0.5223873795893512,0.09340394129742569,0.0044280558914162795,0.09671376216331724,0.11258070440768887,0.018260294012787615,0.0044280558914162795,0.7303339538220822,0.0895243308575416,0.0002482830364731231,0.009413271887707537,0.09738778818415289,0.020115695387636905,0.023694369095483604,0.0065956535582204125,0.02937394647822155,0.8636819268985844,0.28055209864488456,0.04006609188351305,0.09314184683595374,0.17116408902062116,0.038866273852964046,0.7949707787135534,0.6989932997213746,0.6673681653389241,0.6138884973862964
600647.XSHG,4,1,-0.1350368414736042,0.5802804041274039,0.10553148333017498,0.3098190616449041,0.399580222827954,0.10867824233260368,0.3473552368866013,0.3185055803099059,0.46800847252970174,0.3749234788089957,0.0645424035699329,0.00028479790519813703,0.010709720574332744,0.0048138567909346295,5.681220359334441e-05,0.00037417424279890176,0.0006624292539844962,0.0011230199026026936,0.6173995411555504,0.02345749997769205,0.15093257963842133,0.003474353476031719,0.006578435571206146,0.5454545434710744,0.01030297268353306,0.7038598623235054,0.0007443178971775013,0.06679026860812155,0.09131435659915188,0.2933353223844646,0.17265382764740717,0.4618473895582329,0.1210888449978984,0.21686707408589884,0.09252692805189888,0.030572211983624097,0.3061417287576402,0.18220817143258497,0.14317950797723686,0.04172832927992479,0.49386273489294386,0.03723734644619041,0.051543120918699635,0.5269813477513496,0.11692594605951198,0.010968592140018198,0.13261337234564277,0.15019210074449119,0.02610722647795646,0.010968592140018198,0.7373603169984705,0.059153663733531564,0.0008184859333767056,0.008922816512066223,0.05247905254553983,0.01669705069304643,0.04148657741556081,0.011864737899989802,0.029396473843705872,0.7224439287104296,0.3267344136803728,0.029205001026185687,0.02816619548560923,0.12995143955515023,0.025404827421188013,0.874960943602562,0.7634917739153511,0.7144922408261665,0.5653011868012545
600648.XSHG,4,1,-0.19047830109962,0.7231485289206346,0.23205912274999965,0.4803370333886804,0.5362144324106093,0.2981482405465033,0.4352866135422843,0.6671437164554328,0.8114493312339351,0.703237382946264,0.5372675900196918,0.003689883919110262,0.01260838872233138,0.005561381202182173,0.0030094568042952543,0.05429804350032895,0.011528176596481199,0.0022647821733694246,0.6186144825271761,0.02547673282158016,0.15136131800986408,0.006264977075308894,0.05907110177217801,0.8181818152066116,0.06914033030034376,0.7091016638987091,0.006985434319987983,0.05159627385366736,0.09114897317211938,0.48800384555793797,0.21720773037592925,0.020080321285140562,0.17334518302235583,0.10469469735622354,0.16659284704210187,0.0902648475582142,0.3296138255542064,0.19887252958607163,0.14925505060352467,0.17465194992339625,0.5225461242224512,0.06791755999839262,0.13746340443960697,0.5072387708799581,0.10918490134223713,0.022355629495721036,0.1714669939306789,0.18331858889043146,0.10648374563989357,0.022355629495721036,0.7057574578424053,0.06024554614591788,0.0007290379515355584,0.009011953852929652,0.04502627567214166,0.014238340054470866,0.02553895599780807,0.008978400483230935,0.029588685204738764,0.5904414626492638,0.2853114421829014,0.035010165169583884,0.13444666479884765,0.21148137064903483,0.048961536160794406,0.731891146269759,0.695731612931759,0.6235619057175221,0.702855434215263
600649.XSHG,4,1,0.01521770637480829,0.3972866381410877,0.5652872981576542,0.311656192512191,0.5749310610866896,0.1454225573631084,0.31427161549581306,0.4409761277836277,0.7540498744664055,0.19000593607217642,0.5700318802095591,0.001955308135578108,0.016772034801004383,0.007070551570820066,0.0015449634671001458,0.02421099430300779,0.008600373419425157,0.0018717719843571983,0.6333633757728869,0.023744743417506358,0.15390461882842302,0.01185040668661705,0.053778963889766836,0.4545454565289256,0.04185000478504423,0.7091046555902281,0.0038622509880525935,0.017726327213529892,0.09114886002899347,0.17028988630663228,0.18126591817754165,0.24096385542168672,0.10130957071009852,0.5234734867811177,0.061256825000651174,0.049733116248513336,0.28554758434051025,0.17488437232830484,0.13993765874532374,0.15142373307936427,0.5256280748392735,0.025890550434185724,0.1292084860133123,0.5143569384026784,0.1191919318512345,0.011259905953450633,0.17089228232217007,0.18099004673938554,0.12273081626069532,0.011259905953450633,0.6886957700428967,0.07443228031105845,0.00034251905276565676,0.009091529259418842,0.04282019039638561,0.014393827911650944,0.021778374657326963,0.015917001777534683,0.029624406430549678,0.58310537421702,0.2995480093353135,0.06493986616848588,0.07658666175178747,0.22288215027613112,0.010591164682658371,0.9112407862407863,0.7349603069302555,0.7118834051115226,0.40594364948520734
600650.XSHG,4,1,-0.1662567586018321,0.5893805070242228,0.4311455191607973,0.44275756973173286,0.5620841409989894,0.07095247599068913,0.1397214346649232,0.29328429816057644,0.9760625569160273,0.1509699773965199,0.2740315657894677,0.0014252461443810067,0.011644218246542699,0.00502435717821623,0.0007178660317889589,0.0007680325013370193,0.001473069935296919,0.0011112086620485055,0.6181485594260722,0.02451145761446535,0.1512313639095829,0.004831523461500369,0.003156116581081694,0.363636358677686,0.0026162913721105444,0.6996937812195295,0.0011605498266135227,0.008998824274215429,0.09124917500990756,0.21544182590776118,0.05646846241117578,0.8714859437751002,0.10326753637586614,0.7366017211802907,0.07369091682414833,0.03941868754877694,0.30603206554532875,0.1817397024802713,0.13853251078233333,0.1055649446705105,0.5416229683420086,0.06020323242876046,0.10954738271561146,0.5244153948981086,0.11785145277748621,0.01830618540508997,0.16704623580472638,0.17666241695402513,0.12471806257665555,0.01830618540508997,0.7145342770371254,0.05586069464782845,0.0013620350061448508,0.00906472859150721,0.04700189805387475,0.024364497461853485,0.10315959408741908,0.014483872018911131,0.029283135505023858,0.5743244666754634,0.29512543475802183,0.09221423247241525,0.04124224808718632,0.280207541673,0.015124125142070946,0.9236891252787207,0.7235416390252536,0.7326880777792153,0.29743036659743083
600651.XSHG,4,1,-0.2365995560378841,0.6432567088353403,0.18175312377264286,0.3229437016336564,0.5704455806792165,0.11310191401987557,0.5555485811331793,0.22945496313475766,0.9950910612528421,0.21309590333676862,0.3078385019147551,0.002502226825152071,0.011117735082124165,0.004888923318889267,0.0006892491555657596,0.0022458330394096978,0.0014905808243073602,0.0011743977272604693,0.6175529800268155,0.02354506914257208,0.15091771748924962,0.0039049076548727177,0.04484652227022587,0.4545454565289256,0.06173731410878823,0.7030763142587052,1.655231060974921e-05,0.09853486479153477,0.09134151210875417,0.5972432379206791,0.24132946027381588,0.2289156626506024,0.1664652922257168,0.110510328005675,0.11401543968173306,0.05041053044539486,0.2996211352963549,0.19391756600151247,0.14654094426983,0.040062683916015335,0.5216083817960067,0.019777306969031246,0.04491038580040915,0.5184823440539172,0.1021669250670283,0.013774730397648162,0.12684800937581844,0.1454088191790548,0.012926511116995713,0.013774730397648162,0.6780551475442785,0.06485048981461944,0.0005132577959895248,0.009015367164939267,0.05275001464303447,0.014670782625855373,0.09591551666354431,0.010007370828691686,0.029405438204103282,0.5755142524807533,0.2749738030734743,0.023623728988177654,0.0660664700302665,0.14374414171353295,0.017643715977747203,0.8215965900214455,0.6735963690239264,0.6263991465832965,0.7060926030891521
600652.XSHG,4,1,-0.2569261454142576,0.6611927598448646,0.3145298964335583,0.2919903041987692,0.5567143032676919,0.11586693479865873,0.44596949511949263,0.21529297886659057,0.8630564159126894,0.07390255173760624,0.19178044442557118,0.007239421314413179,0.010953638771111851,0.00489865365674998,0.0004439211830098642,0.004064389499112929,0.0021943042912519754,0.0012100951397869982,0.616158383022336,0.024880757670754747,0.1509681477018861,0.003942501483447147,0.009062911695692993,0.363636358677686,0.010308549703131274,0.7030368354132636,2.2107315655442286e-05,0.02957402550420548,0.0913391210135708,0.15448035045559283,0.0912779125741848,0.9879518072289155,0.10700295539501231,0.5417529429760218,0.0747983015913769,0.03432811779890472,0.29928332131954133,0.18074187290301583,0.13809575803898017,0.04129815027860189,0.5018941301415011,0.024082786690035225,0.052585672611258544,0.5169619548599781,0.10401271653541251,0.0199388439442806,0.13321935686962189,0.15285918137917592,0.006967687963362779,0.0199388439442806,0.695432338097425,0.059925113337913394,0.0007528729171531439,0.008882547106877782,0.07697882801901113,0.014427110023229158,0.09617634354248626,0.006136981621005697,0.02934005190600324,0.6611705141582294,0.28990356922539057,0.026001002298233447,0.029151418480729194,0.116734353625171,0.01306574146078842,0.9325540398517278,0.7231767723674323,0.7310813201553683,0.3463599607553917
600653.XSHG,4,1,-0.2119336755347394,0.42825412906088955,0.3152262677440766,0.3352936478831914,0.7428782069446289,0.17118886312179973,0.1444913180871079,0.2724746424920725,0.9935577862881662,0.17772058695572307,0.3037248390516981,0.003652384573308685,0.011695017620587061,0.004760772345952563,0.0017809618663040749,0.011984969294675449,0.0031216352696271546,0.0013363328965797735,0.6155597698870741,0.03269513817949064,0.15048461230996904,0.007249247564261568,0.0050738116748741124,0.4545454565289256,0.006942803116405802,0.7030664111348655,2.4584579264909868e-06,0.012345120737994032,0.09134054861884647,0.36635883584783224,0.11998960838372036,0.7429718875502007,0.12203357001967187,0.4607396168151286,0.08384713274570044,0.03130521783098188,0.30303901674296735,0.18255465155901818,0.13979207449753936,0.047718227681837574,0.5381928383195157,0.027537466195054795,0.03151873202344422,0.5231509064362045,0.09858813662964813,0.02444274085728506,0.14997234261458614,0.13054191508637553,0.0632184951466207,0.02444274085728506,0.7235564872624528,0.05692478243188608,0.0011136870133219936,0.008779847813791094,0.04254553456046359,0.015066966114291414,0.17847837838936376,0.006943686782733422,0.028760604967074048,0.4735353049255802,0.26919364078976804,0.03760796684095844,0.02229571863306159,0.14205940935805847,0.012262367649697912,0.9200595432531848,0.707587015169608,0.703864139863168,0.5660882870376799
600654.XSHG,4,1,-0.04005867553473946,0.5376167590620093,0.2719889986460034,0.3446983413408629,0.5464612750961466,0.06544521263633477,0.26538346962459514,0.261012255556262,0.9754285222513677,0.22992727828190346,0.2732292524526799,0.0027309961247143364,0.011102385567851522,0.004696595289031533,0.0006010045482080811,0.0007932477959386207,0.0016147929976085761,0.0011418940655080379,0.6182581343172672,0.02602119687488747,0.15074624390034702,0.003678033475849358,0.00797783908551285,0.0,0.0,0.7030353243654818,1.1418177382679034e-06,0.0,0.09134051696217903,0.7571716461920217,0.21998034458819563,0.18072289156626506,0.14004395540687078,0.12214364248397748,0.15139013460049408,0.05158559736822553,0.290575891828965,0.21154156662095497,0.14148709109674332,0.08269669981130254,0.5321593535924696,0.024820246458457117,0.052519560782441174,0.5221747178106267,0.10385013927857821,0.014309954828661998,0.12025947435554366,0.13778186466225348,0.0183549247897381,0.014309954828661998,0.7045024580001567,0.06424210940396559,0.0005327957601006221,0.009005232232805981,0.05410548472665543,0.016880991114725644,0.09241728642495631,0.014593650110493971,0.029397588088775784,0.5405724721487,0.28079503949054063,0.06663953192282498,0.06403695890200278,0.23530472589552617,0.015773613686666268,0.7863029214185284,0.6030914156826328,0.5941187653975437,0.6187426494656995
600655.XSHG,4,1,-0.1720529366538212,0.49902211742317504,0.4061981069456103,0.5173548219505886,0.5793827720840657,0.13445431017838586,0.45108140145286196,0.37042363377087434,0.905660998701195,0.26157041013038085,0.47389477497956944,0.006146941994563343,0.015926120251294355,0.006055642815389901,0.007387302903290745,0.009817456847317189,0.0037889169835480995,0.0013184544171485207,0.6256260670061763,0.03782181872198619,0.15203534919997544,0.008416352841548385,0.04346114685430836,0.363636358677686,0.03145123477106757,0.7028247709974412,0.0002285965425435253,0.025549425703174457,0.09133180358968991,0.4930496976144269,0.06822761447661888,0.5662650602409638,0.09864866111250922,0.8861655745463243,0.061899294989740526,0.03940406590950924,0.2935438913819146,0.17180693039057973,0.13515027674005672,0.07092293483685845,0.5260475184477792,0.06815214667208437,0.1165728078204363,0.5338614802191223,0.12865692212706056,0.09348094351631996,0.18493945989064556,0.198402362211525,0.10023996986659181,0.09348094351631996,0.7436166197502387,0.053430587650351566,0.002977591557043745,0.009043907662410174,0.042503848083925946,0.02152393134812748,0.16250539944433298,0.01786472428652847,0.029189478984208758,0.5075118396439292,0.2798487771101447,0.043366826690967954,0.04101087355174446,0.10929638812889497,0.01503828438116887,0.8680000284046527,0.6950074078988107,0.7226857805250941,0.43540626438428254
600656.XSHG,4,1,-0.2730287027826959,0.46339554011809114,0.021202378545242373,0.3103612587259289,0.3806533043451367,0.21749062297301108,0.6804681508513699,0.5091872240557686,0.5361127527905868,0.7089304048710595,0.08102551546147252,9.85522910284198e-05,0.010716871032921372,0.004822204191458975,0.0029840589171838032,0.0010835928196919154,0.001105253503744566,0.0011471812867958034,0.6172363234842971,0.021816782290268358,0.15086763745383588,0.002505214592434665,0.025446047576768008,0.5454545434710744,0.011857504059003314,0.7025949467655508,0.0001371400867356889,0.07407072442796418,0.09133615444642046,0.18654177401252003,0.08416319262182745,0.2690763052208835,0.07432627402823105,0.95596238164704,0.06511615683756769,0.052333327768719906,0.29680906599389234,0.18032434703107994,0.13610957294420742,0.2809262108959196,0.5318427242963106,0.017421312091830028,0.011770266666234706,0.5243810687095473,0.10335544488465631,0.00736592879647173,0.017243567118215716,0.02854992971664927,0.00820318950780598,0.00736592879647173,0.7333522634985516,0.0674518077083016,0.0004465693455572937,0.009238904283044854,0.04490939523476081,0.013616088786907512,0.02270750401748219,0.008779323170780132,0.02996043969994048,0.6137324122247689,0.29599917104153156,0.02765023626645858,0.059977112001314475,0.13029787011703906,0.04162259974875875,0.8792482708667679,0.7806764406704705,0.7730194104770631,0.4483185620728979
600657.XSHG,4,1,-0.2573288705208119,0.7311839723349343,0.8222567808335917,0.07076698929931025,0.5233355818410848,0.263336637980593,0.33888939298080323,0.3853349972360917,0.9965808670819214,0.3096659364202197,0.36181124042791846,0.003821782359290093,0.009738466714629673,0.004328271347067125,0.0012953097339912334,0.013484925935926128,0.012055330681696853,0.0018026184758880965,0.6431577257355781,0.022363606232975845,0.1499389090533405,0.007249247564261568,0.01807785001031058,0.4545454565289256,0.017363201483793354,0.6970934004949029,0.0031066816146984866,0.021434385457176446,0.09095912694688324,0.16020896224267128,0.05131693592224094,0.7349397590361445,0.051704919026393,0.9214792336302573,0.043374275572991616,0.0423243801221625,0.23789420667085598,0.1721484836764036,0.12575099374247706,0.13391601936522068,0.5305598793192489,0.054910878376810315,0.11874972098776562,0.4989625060060793,0.0908034014504189,0.0037296515337266168,0.14997234261458614,0.18942776626567426,0.0632184951466207,0.0037296515337266168,0.6762182204008755,0.08311421519194401,0.00027730246586511476,0.00912345592690025,0.050052794075665694,0.015858861915838705,0.015876537201940513,0.02199991096483334,0.0292123863917157,0.663237947181494,0.3159920678256581,0.04433322061269866,0.04689188523344748,0.135135548082282,0.026415176167972725,0.9691756259675335,0.8605988235814426,0.8358796766944889,0.2236616020241215
600658.XSHG,4,1,-0.1829158183918824,0.5459002765682941,0.364485486618301,0.646877417597819,0.5435256768718827,0.08791934491333794,0.34559519651505377,0.342600228551494,1.0,0.3994444841901321,0.33735875377609037,0.00040967219283894076,0.017071086472894955,0.0075079800443096836,0.0005313202663988011,0.0002181695099739531,0.004615815692338382,0.001073992075336173,0.6223489626743103,0.022828982900739255,0.15477974052321516,0.004957330784761033,0.013124232654742074,0.5454545434710744,0.01450247675632393,0.7034796960019604,0.00440348919904861,0.020575201229990053,0.09149398852030623,0.7389328275733156,0.23728202322460826,0.03614457831325301,0.1750732260712483,0.06439489210028959,0.11331671755976037,0.05167352576706114,0.40744643481086584,0.1897196808856737,0.166400195498847,0.1442517481909415,0.6070765252901478,0.1592341479211974,0.12461440028746565,0.5584953582963547,0.2145058948180849,0.029860699049630367,0.16884972761107894,0.19017368572677645,0.014896262667469306,0.029860699049630367,0.7845174619088852,0.06101355795701118,0.0006784742200668364,0.009080551554505031,0.041302987337336984,0.027979161800085924,0.035004934787275746,0.020342765440882704,0.02954711214907414,0.811814805903023,0.49365424106000083,0.05816251498856733,0.06614011075383402,0.1963443500785327,0.02343228450080756,0.8325030890059792,0.539975012162222,0.6022858998766876,0.5250987273162906
600659.XSHG,4,0,-0.04005867553473946,,,,,,,,,,,,,,,,,,,,,,,,,,,,,,,,,,,,,,,,,,,,,,,,,,,,,,,,,,,,,,,,,,,,
600660.XSHG,4,1,-0.1844519167021741,0.40246128720449525,0.31543884202068356,0.5538904411292077,0.6354996744261081,0.1150948260215301,0.30126335101245827,0.3295782534187907,0.7788211346059106,0.0823847541557339,0.5562398609684951,0.012234320904214783,0.02026371867938163,0.008822732136680243,0.003502753218498304,0.006395703521507853,0.010013622665656275,0.0014743930580410096,0.6177579549307375,0.022730196646834542,0.15578186362321733,0.009745780676873055,0.02291828683695587,0.6363636304132232,0.023398842131177128,0.7024130070416528,0.0005099646162890689,0.012571221850411504,0.09132919917850313,0.4122389034206223,0.13957345960703924,0.38554216867469876,0.12877708837592938,0.3178229317553965,0.09249472600596932,0.050348909252952545,0.3040768394759246,0.18366854218922926,0.14162097661033074,0.049650369862961855,0.5320941704675917,0.02051247151141764,0.10281970793617046,0.5300800992576872,0.14177972661607274,0.026553768634882683,0.1780890468336447,0.19089676949260678,0.10185823567410644,0.026553768634882683,0.7230738849022584,0.06076019618107517,0.0006942237157422629,0.009094691439396263,0.052144901137090985,0.013951565618156647,0.0998907824972647,0.009055768365860053,0.029523856029173675,0.6731775929956767,0.3116843450904634,0.031080946469831845,0.07335956114087044,0.16965930105892485,0.009407339833702219,0.9094637201573619,0.6890672681438241,0.6882309294901414,0.35356947541801986
600661.XSHG,4,1,-0.04005867553473946,0.34830661487114956,0.20414223421069616,0.28493341972127667,0.5415135549910602,0.1282069359990339,0.3965926563061277,0.32388663596716005,0.48830680252454695,0.20533163694441164,0.0693210468562735,0.0008257226270802605,0.010669047887810064,0.004719914550404499,0.0001848313420139857,0.0017043685058979422,0.0006229850281715292,0.0011400119572408502,0.6166820484789216,0.022311840553769634,0.1507544656542961,0.003386221175892246,0.0,0.0,0.0,0.6952753029028785,3.1426762759119335e-05,0.0,0.09134051696217903,0.5372329190021069,0.15130637432041716,0.21686746987951805,0.13305799715660166,0.3190692116509718,0.04796862563704958,0.04737265953642576,0.3049614170502167,0.176417428077042,0.14208910423830812,0.11842804557755776,0.5179511411017144,0.031831797675314924,0.058104610108509605,0.5181261144970696,0.10254847683039102,0.014222411334899978,0.11398954195072354,0.1259036136327815,0.06733602699707386,0.014222411334899978,0.6978126310943156,0.06312956463057946,0.000573830158296966,0.009036146969795223,0.05753617621031934,0.014968768893193528,0.0728334694972503,0.004512001811372741,0.02935082248762644,0.5765105456271213,0.25470362092818594,0.05113093300673057,0.06461276668734461,0.19428753736636772,0.013767721481126998,0.8533769581457442,0.6748595816195655,0.701837539244758,0.15095933357420918
600662.XSHG,4,1,-0.1992098691686917,0.46211594845785187,0.5324011683116118,0.48176565718022457,0.6641349639611852,0.1913011126609931,0.440313169518653,0.22142176472021685,0.9899858527722332,0.09102821664536512,0.29576359584549866,0.004087911838567693,0.0116405217448184,0.005099190804873308,0.001320473728065063,0.006468916358640773,0.00511129223820018,0.0012587151727385323,0.6158098906006392,0.022887632973612886,0.15122356005502624,0.004840535190129112,0.016912254270811514,0.4545454565289256,0.007174950071958365,0.7026503746683578,0.0003699739722150133,0.029528805281721984,0.0913110109442249,0.29804547263625936,0.1014567323670516,0.8915662650602408,0.09326359672758847,0.6697132426991507,0.0720557439391983,0.03837940336844406,0.3064258702529405,0.18054652679057115,0.14062658420358914,0.09840254078548608,0.5417852979436709,0.047614172649161186,0.07952478773517951,0.5256752262396933,0.10791544102736293,0.017264849511424856,0.14084386594945708,0.15245546193914294,0.08821788511081476,0.017264849511424856,0.7320236463471209,0.05773698318227245,0.000981523488835208,0.009077783344757154,0.05119732531123703,0.016661144991591555,0.07922795428587474,0.006992585709941814,0.02924439573755656,0.5529909307939409,0.2815631841836166,0.026790799656215603,0.036865098729491355,0.1563813364493084,0.009040049051863373,0.9047813906917954,0.7092510282605815,0.7337878551832127,0.15956909526939458
600663.XSHG,4,1,-0.1658071785287514,0.6031106726180917,0.3961321644571151,0.39835655142116017,0.6107680952631714,0.20639004527439056,0.14913255449060958,0.29559179977613903,0.6910846120138153,0.16282761994442904,0.6033567958785669,0.001965683219437056,0.01733082493740392,0.0074849653850263395,0.0016038262773429362,0.024470955343340643,0.028890233554618425,0.002123575771476185,0.6223447254823024,0.028258494655992096,0.15395263570960516,0.014038226454210972,0.013880784728514775,0.6363636304132232,0.013485929743976879,0.7038463612631397,0.002415288645613534,0.009677127611467847,0.09125263499817049,0.385839088320023,0.1634586575366653,0.5662650602409638,0.1346351740757967,0.26339827881970923,0.10444561036073247,0.04628930582130339,0.30767333385748813,0.1854106119187313,0.14214871950854915,0.1011177488410005,0.5570866470182514,0.06726735525147899,0.17510225781230138,0.5267774381470185,0.129394786143892,0.008996807414195356,0.2308385195339166,0.21637791158259165,0.3958431907059323,0.008996807414195356,0.7236371157439381,0.06848945371223963,0.00042567913642225814,0.009063493219305177,0.045060970429513174,0.01502350019057971,0.0140498714664355,0.009857603194437823,0.02963254940980142,0.8249152014264124,0.4311037865484355,0.0577411613562031,0.05642058666422571,0.17343021672493286,0.017399802596159596,0.8818765888852595,0.689230352483305,0.6846675450803112,0.4066666353295725
600664.XSHG,4,1,-0.2583992868884513,0.4791112789778485,0.4697347373680805,0.36469004370689273,0.5427899383875441,0.17671583142972633,0.5440815949412927,0.24655106927616754,0.8615951504251633,0.13058894730430778,0.5056272613061353,0.020278650962261034,0.015756000612197917,0.00676188185626257,0.0048965110018507575,0.003826145249401956,0.014795311558646766,0.0014217100894208649,0.6290972981878568,0.027741781979641892,0.15365242933508877,0.010009085175476612,0.039899181644194655,0.5454545434710744,0.04434564184393325,0.701652131822981,0.008732404180274555,0.04078864068011215,0.0908552142765415,0.5613075840520082,0.1414338638951579,0.41365461847389556,0.12257905978119799,0.41503994973816827,0.08743290187453231,0.05004580308864232,0.34426872342713344,0.1885037522674459,0.140279521755746,0.08172169181841084,0.5240641321537851,0.053370854571308794,0.11913697486877432,0.5250238316088071,0.12450911329076036,0.05100831425867877,0.18391546769101907,0.18974469888340717,0.17194756765769212,0.05100831425867877,0.7164015859271751,0.0704322032224447,0.00039273741410227525,0.009072237877928362,0.05191140410078839,0.016692745863942687,0.08140329756859649,0.015826225809065026,0.02995964980786724,0.636104621314353,0.28033991473321385,0.030603497936334885,0.06909949063791791,0.13556937794497645,0.01222871926781121,0.8864106815696411,0.6513533236035562,0.6895406283914205,0.38916366683647674
600665.XSHG,4,1,-0.2076723118983758,0.7178266042500485,0.5291189706662318,0.15777988179678654,0.5827431627393009,0.27387535333331886,0.18102686423202702,0.3084882676350088,0.9490822743403011,0.10985175288150861,0.2463576284593551,0.00107060061319671,0.012494356966627285,0.005606286428077986,0.0006587258378910398,0.004992689361563015,0.008734538677737227,0.0014814294793072513,0.6278966002767159,0.02107387832367439,0.15201289435123191,0.004872889817798211,0.004142445672143541,0.363636358677686,0.003782441317943981,0.6993777563236457,0.0025454630119444046,0.010898073618522202,0.09127558711090784,0.40525788173015126,0.10499475440442751,0.827309236947791,0.12342167017370026,0.3851271790649615,0.08172678370798575,0.040047105058051514,0.3075848260312234,0.18155749221295076,0.14094634960497274,0.059952605433105224,0.5409739012195727,0.049012183897736095,0.07395582708506084,0.49954878124767144,0.12275192120538328,0.019410023138774483,0.1480153354232934,0.16308923745296636,0.06019365645104898,0.019410023138774483,0.649392306640632,0.12880449836932242,0.0001756142783048486,0.009097541349303084,0.043975934766468654,0.015023553733230255,0.01859672090683321,0.018160142265365248,0.02940087497551624,0.6501175925299636,0.30454056051202905,0.05500642930116835,0.04287976461357071,0.1505692037797031,0.020964886044146678,0.9150834031614379,0.6745969881915883,0.6970133055902492,0.45459930822676986
600666.XSHG,4,1,-0.1888551744406476,0.4981341494480695,0.15547458160025657,0.35945718670544086,0.5588173685103593,0.19448264915565178,0.45940306126042596,0.33125125621787777,0.7913494663834295,0.22688460623732296,0.16003485726186184,0.0009538951109070518,0.011163156175410922,0.005026374118332657,0.00030998926552376274,0.002175967415333946,0.0015461469051590206,0.001180578960341392,0.61720480735283,0.02219328152042657,0.15108488852541754,0.003568687154232349,0.01851935423004961,0.4545454565289256,0.024239449160188525,0.7043697321977069,0.003062237829854222,0.07538211087998553,0.09074087665482224,0.34332929356748637,0.10748415936794709,0.8674698795180722,0.09515436437925504,0.648940200123396,0.060920722423952745,0.03820834720006911,0.30759585029063596,0.18594936578483062,0.13980897266915718,0.04186367101700579,0.532439083178492,0.0240422376967414,0.044813853744710704,0.5296343807250462,0.11310276954012394,0.020338937555874445,0.1261724830765365,0.14027651762970178,0.05473953077448531,0.020338937555874445,0.747258923761681,0.08518459715489053,0.00026672055148967876,0.00911682039352124,0.04777916615438031,0.014192293375002937,0.06254242420547337,0.008596685677656788,0.029560206571882266,0.6523430353176773,0.2762796101188756,0.03326336637331676,0.03864577348220634,0.13249900250797994,0.015407519291738947,0.9150736390620784,0.7203656406173988,0.7451262565583963,0.32285138651932266
600667.XSHG,4,1,-0.2819465811394593,0.5843417594199027,0.29533490505615534,0.5000480752800451,0.6788351893970739,0.17986428529591053,0.6105823670305659,0.45039503643467005,0.9813460327607995,0.4554247385324559,0.28120540350804274,0.002074725479686997,0.01157750094667343,0.0051831546315043555,0.0013462642094745768,0.007479119436730901,0.0015876246679797244,0.0012922127245289718,0.6166394211556265,0.02998028133226776,0.15126911545587174,0.0035282072923011392,0.021088802747117354,0.363636358677686,0.02643192604837996,0.6738443877935774,0.01300471250251748,0.045039341593560635,0.09065573680267619,0.2786694193509049,0.0609110950189611,0.4497991967871486,0.09395204697009424,0.8417121873649392,0.06791586257474969,0.036820964728070615,0.3030310255549494,0.17946993169335898,0.13731194284778386,0.0618424784815897,0.5314267595975994,0.028639466149368867,0.03807195723465202,0.5284023315150222,0.10591264240087965,0.018434135162039653,0.11448829013350742,0.1331925886792921,0.003274967084659025,0.018434135162039653,0.754686092288061,0.06053320263860499,0.0007090879109300318,0.008888637606981683,0.044763228728419986,0.015348268491720026,0.09855727216931473,0.007615313547940685,0.029127378210691383,0.5183984352043538,0.2751869603058408,0.04068567079150523,0.04404519297394928,0.19829840527942444,0.033780881737153795,0.9144940066182841,0.7307753969306976,0.760348865763784,0.3205415966109823
600668.XSHG,4,1,-0.3352286218674765,0.9298979876190439,0.2806960748922042,0.35000592308698897,0.6016981666720999,0.09825757592192064,0.8279585396139596,0.4490925091212641,0.9850360793825452,0.32092610460248616,0.2868703861900913,0.0014066897158204277,0.01137265821520472,0.004916543170143059,0.0005993990626582736,0.0019254330777965312,0.0020153218214883526,0.0011841723959362819,0.6160883961232572,0.023125843911218386,0.1509696487128868,0.0043039161202958805,0.09052065620134928,0.4545454565289256,0.08780594828615443,0.6923130554483165,0.011443028142940966,0.1841819661752736,0.0907415409782703,0.5365560682722985,0.11721284452434688,0.3172690763052209,0.13444939133092912,0.36393836766078186,0.0881660076657583,0.046409124806607895,0.4859943564563988,0.18864473407191268,0.14141039939478547,0.14675190700211127,0.5312988559331319,0.019873305708769988,0.1250651028546857,0.523295237018518,0.11732229339764012,0.024109547742209515,0.16846722174264328,0.18368359665610512,0.07256139536128943,0.024109547742209515,0.7144010647633672,0.06535529749081133,0.0004983524240348881,0.009082739912453685,0.04851976070907112,0.01380396994766677,0.1213149369784617,0.004617916887706118,0.029232012361113342,0.569844196828051,0.2837720381705231,0.043300226183351345,0.05320513415208128,0.17834223159548057,0.03081862774421248,0.8588084603258015,0.5780869930564774,0.6502734260508618,0.40381201421420193
600671.XSHG,4,1,-0.01164085679434,0.21470038042603246,0.028209495760688708,0.22018159529538672,0.5555121457033022,0.16977860309595552,0.302713271276166,0.4570181560471329,0.5495574490730537,0.4475686273751539,0.0844407681788798,0.0004629654874002651,0.010607464581462868,0.004732201685253992,9.99134089312921e-05,0.0007787486309634516,0.0004202132907752505,0.0011264032510750336,0.6171238339602393,0.022147831672757447,0.15080078069138597,0.0032503314738561227,0.006180564568813955,0.2727272717355372,0.0038484121893269854,0.7022191955123204,0.0011696533709699836,0.02586596726055892,0.09122121759620096,0.3181125688203017,0.11869972849392266,0.3373493975903614,0.07529010436773914,0.7843792058096763,0.04636105048803094,0.057364519243116106,0.30483825727414504,0.18067172516558047,0.14148709109674332,0.07644207587011412,0.5324489837764881,0.01793937739698561,0.020355936422165096,0.5214686823111649,0.10347346135160883,0.012642986768779873,0.09170659771589204,0.10366066816461746,0.0520095521419557,0.012642986768779873,0.7012516111089688,0.06227382792384001,0.0006111804711616488,0.009132675433427101,0.05937578986638692,0.014024115909643907,0.06927015955750607,0.006964331909800804,0.029132640226223246,0.6066211081086176,0.21444727161662538,0.02573891463516295,0.0948970400840972,0.13472990132745605,0.020515792307232158,0.9250365709903283,0.7577091902171511,0.7683007977016898,0.13467233480157753
600672.XSHG,4,0,-0.04005867553473946,,,,,,,,,,,,,,,,,,,,,,,,,,,,,,,,,,,,,,,,,,,,,,,,,,,,,,,,,,,,,,,,,,,,
600673.XSHG,4,1,-0.1303113831159669,0.6407804783535254,0.33317841947637694,0.3894058727628837,0.6424341057667954,0.2325593082946646,0.5104877358580466,0.0799697536631176,0.9983995454621297,0.36823060576939803,0.3540700009351287,0.002702316930352968,0.012212944034101851,0.005417918935573346,0.0008313515112269472,0.0061426972441896216,0.0016394923150573322,0.0013511618412212498,0.6218573638155298,0.02570834874504818,0.15105662612070025,0.0044730311249727185,0.0687780391986505,0.2727272717355372,0.04482006433450099,0.7277812282908049,0.0140655144292359,0.08306954870217961,0.08990811540885649,0.3424556630559656,0.1483125643356746,0.9919678714859437,0.061131746318273505,0.49023661865991025,0.03835564597627561,0.025421820823263882,0.2878433574708047,0.2082992652769027,0.14108153497791537,0.12830493290439424,0.5806110709391415,0.06524668196841646,0.08835672954447028,0.5363478605510433,0.1042748593071389,0.025823959915677548,0.13954630100014073,0.159309943860805,0.010037224089655902,0.025823959915677548,0.7627828277693839,0.06261001612456762,0.000595818242978614,0.008913588780691156,0.046023980805224414,0.019467390266318788,0.06673796334992056,0.01817617133370416,0.029471022015082463,0.566661270309799,0.28131420874964697,0.04045760244347569,0.02013764548011504,0.1601814643816183,0.02346892384997308,0.9196290352359717,0.802374950245456,0.8106798551937746,0.4640038017902157
600674.XSHG,4,1,-0.1276350502801569,0.309093847115369,0.3350071087463516,0.3702122377528888,0.4982619620194441,0.15323078080065022,0.44135746842554696,0.5206814916713557,0.7411852057407361,0.23672843146543635,0.5770232097141351,0.0010395833885284977,0.016323416512695088,0.005824659144107049,0.00039644752273842516,0.004944647985059969,0.0010929105136906943,0.0015138293772478627,0.615791479023855,0.026857508514961343,0.15154109643695243,0.006053771691662379,0.05623380081116307,0.6363636304132232,0.05234924653532526,0.7019621260992309,0.006551524370810858,0.023062313466582256,0.09122960788708498,0.8258892586851908,0.15038472769878194,0.048192771084337345,0.13804448508533487,0.2708769847828608,0.08269516732948441,0.0587194075690734,0.3476873367462304,0.16892399959133644,0.1423631963021601,0.22896174691803678,0.48552231031911686,0.020508026787983816,0.12323505714802024,0.5269668143241458,0.12183233271731522,0.003200462468606635,0.14007295464756375,0.15347325754211724,0.07073769859540889,0.003200462468606635,0.7236242619280491,0.061999604537005516,0.0006244425812925091,0.009114508662849347,0.049376708024224586,0.016697768164563722,0.06303451727582006,0.004726218231687264,0.029471975525533486,0.7200915236909307,0.39734707817887027,0.020716925986417944,0.09708661464398977,0.1314069070780767,0.011884758030747143,0.8765409524080043,0.6181946840033614,0.6546672546228938,0.3579160208502261
600675.XSHG,4,1,-0.3058067070308025,0.870129584884777,0.4730976031403402,0.48286315473352037,0.4884292125458373,0.30840964031409335,0.7058433091742105,0.4193683557869206,0.9443999019968581,0.44693828225153087,0.4403024215316324,0.002543661371269748,0.017166410444991256,0.007635148511192754,0.0018340263409620762,0.023560867171196927,0.019093637260253402,0.002229742053646647,0.637044165293001,0.028858706456109082,0.15321998504966997,0.008626189627255944,0.19332941337182882,0.6363636304132232,0.16457995720876015,0.714040642885509,0.007544953858689499,0.2189563172650809,0.09106389991625069,0.3716767269151932,0.21220791598514474,0.08433734939759036,0.1428827421006099,0.04486915600981009,0.12677304655730015,0.06126268834775663,0.3459652277710128,0.29232190558077575,0.1453281754914118,0.04322522016380939,0.545833788157759,0.0614017047408841,0.10417241964955569,0.5210325590522856,0.12458831313215181,0.015151162081060446,0.1821687265676652,0.19811916604935287,0.07479065259981492,0.015151162081060446,0.7167918745187123,0.0850334580488457,0.00026744876261173563,0.009014551808319459,0.04649598780855247,0.015014836989721675,0.012761210244108461,0.014801587908554941,0.029549516357568504,0.7567259489733801,0.34240273557621465,0.03735725415783954,0.07787380759031348,0.15913393942848458,0.040904468505114554,0.832542145403417,0.710887399938084,0.6564364043484117,0.6439809553116065
600676.XSHG,4,1,-0.1703844900710803,0.4742313772347995,0.6367984281360263,0.5574506679453688,0.6243778362334067,0.17225618464373083,0.13690445856178018,0.23080787657999463,0.9704704063003025,0.01093996832805788,0.26729547673268733,0.0057734117362243965,0.012511726093402184,0.005424632234331162,0.0027097096532160284,0.0014329886139893444,0.004460307557238466,0.0012496306981560168,0.6205835363279846,0.026379889133671595,0.1516764582367377,0.004696509450585799,0.0054027874241800574,0.4545454565289256,0.0034302733961444907,0.7022228441939957,0.0007067222525233584,0.007823098489644568,0.09128792057599265,0.22330887559221124,0.1005779841805953,0.9357429718875501,0.1061590273943904,0.5675111051340778,0.07847333246124649,0.03759949422264787,0.3061185367204927,0.18135684238280897,0.13968808574912192,0.14467411746680525,0.5237451519736767,0.058860124444241074,0.0986185867476423,0.5263784915555167,0.11737451307328282,0.04813126556651289,0.14382306797272593,0.15814381406589945,0.06452414105340223,0.04813126556651289,0.7255207840360282,0.059516747593927374,0.0007860241262745667,0.009046102051914187,0.04724858701313228,0.018384661495546035,0.12491556728622172,0.015466652437730835,0.029366539064174885,0.5234935570825521,0.2785182477190717,0.032279422482517875,0.0344235747623427,0.15528908268733851,0.007930699288149788,0.9192136171904959,0.7140523417805498,0.7229485124619435,0.1402835708129619
600677.XSHG,4,1,-0.2532283183918824,0.5692614040052298,0.29112428290587333,0.23204777850594066,0.6889093400002841,0.23789609668371053,0.553700704471903,0.3336140909673057,0.8994207627911226,0.37058879261838784,0.21151888847076633,0.005409135999057086,0.011992476467122802,0.005150120432880751,0.0030968824027365277,0.009998317971606085,0.008585074371863243,0.001448259841438433,0.618194897172243,0.030697074677847193,0.15103234096828874,0.007249247564261568,0.02057422191278342,0.4545454565289256,0.012745710439354041,0.6969686631623274,0.0026447463189530813,0.03907027222573935,0.09119282414726071,0.21102721432151722,0.09565114066757904,0.6746987951807227,0.08372477274553955,0.7216453358436874,0.04357954101610348,0.04094094833197831,0.30543835336099157,0.17806417915649358,0.13960359489103277,0.04348592007140504,0.48875226733745475,0.0824066661816332,0.09144303727405775,0.4787773822615747,0.11033373420637668,0.1281639203740061,0.14997234261458614,0.19302157922891988,0.0632184951466207,0.1281639203740061,0.6651580960927906,0.07191100461784847,0.0003718741757495381,0.008881451831257027,0.04590973875243456,0.014478393173920301,0.08185266620773698,0.009348907654688921,0.029877259694109874,0.5141848414857132,0.27284923865881866,0.045953415882104505,0.044735688145966956,0.15921326379388964,0.02722557875216845,0.9231592009771201,0.7438774269161028,0.7713730450235403,0.3845855561998959
600678.XSHG,4,1,-0.3331844861702777,0.36426297579483236,0.0,0.3830994230435176,0.2900108580355732,0.1708900347891859,0.7763957372882866,0.6139768198142457,0.9298711118175456,0.9999999999999999,0.23132870949074336,0.001411284287927894,0.013684344003226122,0.004705205427064541,1.4196945876294159e-05,0.00023684225887981303,0.0004650089686005438,0.0011179396263759852,0.6171996835932325,0.022759556939321874,0.15078691629993907,0.002612822099717169,0.11944320304695333,0.5454545434710744,0.15631474352587163,0.719794321412398,0.03416071897148579,0.3244098760965904,0.09055942260358912,0.4343401394625765,0.16828006834918746,0.08032128514056225,0.10069622413041157,0.14374719612688236,0.07517341223593936,0.05504093051649793,0.129234953348246,0.18854616140817862,0.14748984159913897,0.11166176384984361,0.533536742878153,0.01857056455674795,0.006009944119580703,0.5203282900467382,0.0979139806171008,0.00026686546684547447,0.06659773573128203,0.08010367796962772,0.020449790420661636,0.00026686546684547447,0.586980019327465,0.48236098444156933,0.00011794590748075823,0.009677136259100685,0.9999999999999999,0.013964201683685055,0.008431077594218225,0.008016001137271692,0.028156560182824027,0.42863724617256,0.29599917104153156,0.029398619434933243,0.06369365953782405,0.15190251811318842,0.06215065502183406,0.8455008805442332,0.8859625845827255,0.7408974606100134,0.32320193136084274
600679.XSHG,4,1,-0.2024036586238037,0.7320733130520507,0.14721213282504642,0.27278763847318577,0.47488517146752324,0.1731918987693262,0.43841143098159957,0.2968479718482605,0.9054555082420117,0.3524737178954207,0.21515414490158336,0.0011058346456813083,0.010328817758260684,0.004645969245568139,0.0002464117303088909,0.0009857598873971069,0.0009549912783355664,0.0011297320556206635,0.6173956676909634,0.02083195823628558,0.15068482932384833,0.003230618347517572,0.003629629489594379,0.4545454565289256,0.0035102597697271917,0.6981709275657793,0.0019270805869893077,0.018449850773265802,0.0912513909041894,0.35895562823768556,0.06285669206214589,0.9638554216867469,0.10874812734945996,0.5720814824776537,0.07225317482341276,0.036263506936777365,0.30925714750585226,0.18152947498503363,0.1375563164065648,0.1179945655582573,0.5331843921545449,0.040119822457344044,0.04706031062565895,0.5153157832698252,0.09326051125499372,0.007614974589779761,0.10362768690924895,0.11741424127312382,0.042627586541435954,0.007614974589779761,0.6743520800395431,0.0642857905490316,0.0005313307936773834,0.009044382236152233,0.05478658370881942,0.018977421471189696,0.0708943345833809,0.010120239332474096,0.029481287236166626,0.5395174104583614,0.268754089163573,0.040097941827377526,0.03700722615062084,0.14700111149110806,0.027162319794221453,0.9075259902572042,0.6680432090575388,0.718854383134458,0.22718352955329885
600680.XSHG,4,1,-0.2299184382100361,0.47406037280143115,0.30546118984428505,0.19957155452082043,0.5885314402402643,0.13714846543606518,0.2722438153101139,0.2385352769798956,0.9498783303285478,0.3932145087658577,0.2470415825088464,0.0015959476050809158,0.013684344003226122,0.004816894812067623,0.000443379408745765,0.0028772681807776425,0.001464828134447916,0.0011697430681900935,0.6180448395548573,0.02205399579488329,0.15086601464910304,0.0034888962834161174,0.004996433140322712,0.363636358677686,0.004525374636085754,0.7004512250850744,0.001406978357908059,0.01578185764673962,0.09132559837543108,0.2026289408650756,0.08446645016563384,0.9999999999999998,0.0981446760067514,0.6668049140795751,0.05210088136417139,0.03063580246321658,0.3049194215483533,0.18127308282158577,0.1366945096540554,0.22416198626599396,0.5209960524255258,0.031023950975137708,0.09872258658466895,0.5104305443499174,0.10113889371920888,0.015438772839486825,0.11832303350203739,0.12903090200632963,0.08168226484053123,0.015438772839486825,0.6671445949119923,0.07834873734495328,0.00030787003874941814,0.009177656579996845,0.05305936523632801,0.015130564074607701,0.04666274618048203,0.011595001637722872,0.0291601994025734,0.528044238298684,0.2586103355367368,0.05631133450127294,0.028799810826629486,0.230859078127375,0.027027726266674643,0.9274580676314781,0.7400352704435895,0.7492283074518171,0.5317261210772177
600681.XSHG,4,1,-0.2855132209892848,0.5588038553655486,0.0,0.2953090036411491,0.8298663684259359,0.2551954189056194,0.5456098220859379,0.5261792599321602,0.40001835363502963,0.42760215554829384,0.04926411694258981,9.5606138090334e-05,0.010370010356487214,0.00474292022458128,5.492014339761522e-05,0.0002234001770892858,0.0005662364389664334,0.0011232585779987027,0.6170175053187916,0.01950956896183504,0.15083820555499078,0.002417596302485913,0.007733626450843101,0.5454545434710744,0.0063721322885671,0.6933820590222555,0.003199972552831361,0.057429682554038165,0.09137073022657347,0.33921410316879486,0.07552199206725793,0.2891566265060241,0.109821977966957,0.7939347027355536,0.07978862231527696,0.046384371599634974,0.3064258702529405,0.18168927244568162,0.13792417660409143,0.20837579368347794,0.5318427242963106,0.01718694401109403,0.0035295699705577225,0.5244013432419724,0.10067970870472402,0.0017851793959318893,0.03293184182932041,0.04336842325337886,0.02697507287497578,0.0017851793959318893,0.8447259040614553,0.06023400796520457,0.0007298657074915182,0.00883846192044036,0.0493727504473381,0.015381036593853018,0.09761243869390536,0.0034014191564011847,0.028680861525897168,0.5531772159899229,0.29599917104153156,0.04247205451800391,0.056866657306955434,0.18431119217712927,0.028344798707902137,0.8996703284998082,0.7052651364380171,0.7179394422689476,0.3999771572123648
600682.XSHG,4,1,-0.04967406015012409,0.2758260327971599,0.31650552449632696,0.4601287709213791,0.6268047200273499,0.16394159813319967,0.14882927069777235,0.3505815750558233,0.9367901687744076,0.035413214431422896,0.23645158856685422,0.0028929719000830353,0.011890627477831744,0.005317377415286756,0.0010376270930385755,0.005977121976077844,0.0031523842676552047,0.001236406344529238,0.6149858528604275,0.022002202523985374,0.15147155498943993,0.004053768011790754,0.003431690035155539,0.4545454565289256,0.004508022403471865,0.7017681768473983,0.0007790386443327183,0.009631907388984354,0.0912503393058347,0.14440376568092778,0.0626629752028171,0.8152610441767068,0.1035310579997918,0.6418782895783693,0.07082083264173263,0.03897428730160156,0.29949808477204537,0.18071505218747738,0.12905133664537496,0.13323898862928127,0.5442775347691914,0.06691636782884405,0.10276811984383331,0.524612840740617,0.1300457914335711,0.04349111259637942,0.1516486321401672,0.15903379126681955,0.13554785255729734,0.04349111259637942,0.7164296306163873,0.05905143637540749,0.0008281918120370293,0.009084419426459378,0.05059999503983696,0.015512805056842056,0.09457327669505601,0.005091062907374519,0.029553939283903468,0.587571783558779,0.27959843902720105,0.03695463674245274,0.036941976181390376,0.1377640978872169,0.005831189806783514,0.9402579142463536,0.7394326876299151,0.7364481810764352,0.33376086393459387
600683.XSHG,4,1,-0.2797590500665748,0.7241161159323772,0.359401489078573,0.03661760391033525,0.4793240099669912,0.7149732699593101,0.5380123973465154,0.27943342535367865,0.983820260832377,0.5977199295405634,0.2849305587868444,0.0013193317514896903,0.013366576950559242,0.004605819030091068,0.0003062403147652718,0.015304120904464286,0.01092734082498093,0.002397124820045062,0.654854942874779,0.07746854713495252,0.1500522102941739,0.004443384522417367,0.042119717929895016,0.7272727282644629,0.019301508464195902,0.7008042440676279,0.008669940981462794,0.05394772542280908,0.09131235066272676,0.4055856412378622,0.16285021761274385,0.3654618473895582,0.11853268524581954,0.19817184906256963,0.09230518191104489,0.05910849706009705,0.3158327254249771,0.18493342364316753,0.1427427552338837,0.07684141853276835,0.52494644128282,0.046221771953117496,0.07336150700266485,0.0,0.12373208451719689,0.0014716267935956627,0.1419745985091486,0.1595224527851037,0.03267969178464367,0.0014716267935956627,0.2386252493348151,0.10518216160031293,0.00020655954508324675,0.008546895437771115,0.05257271519851996,0.013975092258805727,0.007488553547522685,0.02808384702960337,0.029267804419129188,0.7181826548523413,0.33358367141627704,0.036594171752772284,0.07112770295162822,0.18779592263261893,0.0491454806484417,0.8663294797687862,0.6719793463358545,0.6899089812074051,0.4710329146636031
600684.XSHG,4,1,-0.2546256046685977,0.8160951255303932,0.2722307912992755,0.5145843400662925,0.7142482670190722,0.26036824038741746,0.8182634019740793,0.6425781869090967,0.9888727794516567,0.6445537987961567,0.29359427791573806,0.0005820746090250536,0.013067193763830413,0.005819187913739977,0.0006677262441401558,0.0010070646102390119,0.0018893329003081836,0.0011573249821919603,0.62548791295593,0.022209263374705464,0.15231218049030718,0.004632700879511441,0.09882160436378179,0.7272727282644629,0.08940107876292844,0.7005884815074155,0.016284919385653365,0.20796780320159175,0.09156647401621013,0.77230146629153,0.2816822911018276,0.1566265060240964,0.17618331091203515,0.04320710728580976,0.13232433776914407,0.08002038576031212,0.31480500239542236,0.22332092766228215,0.15296354934396098,0.0993310124761572,0.6816948698016081,0.2303334741193409,0.13699955088982732,0.5229011482852804,0.17892131904811887,0.03407614639064354,0.1951901368461536,0.20972774903967795,0.09692391659025959,0.03407614639064354,0.6933173011193338,0.0578406300494173,0.0009671094586512213,0.009081119617355145,0.04233749793546405,0.04274074205273399,0.03266968666040719,0.04719609052685778,0.029497048763922045,0.7273555374937767,0.3591771391106925,0.02929977898413954,0.0878738343912487,0.17420406470081573,0.060711252018902914,0.8099648847481218,0.6201019415328823,0.6170952673924581,0.7599830293351134
600685.XSHG,4,1,-0.1607483307071533,0.5811279742661861,0.4280852117961784,0.21949543798350846,0.5057101230493777,0.2644303532935474,0.4196602475740404,0.13353827358057233,0.9800946485542341,0.24902963588868024,0.39754354786029444,0.004563690337631655,0.01122129451745053,0.004908885286347086,0.0019776631152766846,0.005512436087600608,0.008546893741758809,0.0013132006409345173,0.6263520440640795,0.025336520108500748,0.15135787742184623,0.00697129512078353,0.01205693725962789,0.5454545434710744,0.01029586278937431,0.6909729755522084,0.004568584962148375,0.014741792529619246,0.09097791504440543,0.28772836068096275,0.07070513920045382,0.9799196787148593,0.10132274679129481,0.573743531201654,0.0635414426409705,0.03186635206889761,0.3053620968269575,0.18069446357115282,0.13938261880064576,0.12369856359825773,0.5159342837505354,0.18402790819984802,0.1804319749091333,0.4799832953911852,0.11710540767813742,0.028942730126609084,0.22857055445130142,0.23697691059652004,0.17746159965243732,0.028942730126609084,0.6426954685624877,0.07264787410930079,0.0003625695646823409,0.009045197318610433,0.04853044616666463,0.020284943706006815,0.03502705911435441,0.016702113173007183,0.029430383399659844,0.5100078395019976,0.26829059384826287,0.048859373885353524,0.028202933382976907,0.19810088602624512,0.02015014655739666,0.9248288619675902,0.7137980407766138,0.7435921132889549,0.2628487722240474
600686.XSHG,4,1,-0.1225329023388631,0.678279671867594,0.42200863635930547,0.4828249069969099,0.6134423984974284,0.19935881165752284,0.43544944213597975,0.4435886945246399,0.97567309102437,0.35396527687812873,0.27353734800205454,0.009497735420827718,0.01076899827775857,0.004675534253524104,0.005216283059508705,0.0027508020710456053,0.02649757511106519,0.0016512253164900682,0.6212776534803759,0.024419933173914384,0.15081487072654695,0.005083822707359435,0.016864928483670005,0.6363636304132232,0.02054128242405246,0.7031547678331381,0.0018996440546771257,0.04345663380663833,0.091444494810918,0.43242708725090123,0.19121901758271306,0.09638554216867469,0.15220086672262106,0.13003709068585428,0.09762172563198765,0.06430747930634562,0.30892214969138626,0.18181566112722528,0.14521898730557353,0.09564466103416383,0.517645629755428,0.19918357716952506,0.13299058779510847,0.39723465816094494,0.09975855362638666,0.19163015048663154,0.19257657733289488,0.2021659754792708,0.14209752165441106,0.19163015048663154,0.6131246808455941,0.07910810112441499,0.0003022913074322529,0.008970128032297148,0.04460677252217429,0.015487554342845457,0.08104099439196806,0.010125363940045536,0.029533592733036414,0.5290638170945497,0.2735243338933821,0.024634655956418873,0.0918015320651543,0.1374319963773623,0.027729407190285337,0.8369235630796326,0.6823006501260451,0.6638153430170075,0.4998665658567544
600687.XSHG,4,1,-0.1829158183918824,0.48479070488929527,0.04446274709907033,0.2249452092319411,0.7999242695902282,0.2430394511248455,0.551891566928974,0.3448177680189511,0.9949997321598716,0.44120581541715886,0.30757603341888023,0.0011694884971980642,0.011898360406593974,0.004173686990917264,0.0004817079661267606,0.0004896328879819597,0.0006577154520510279,0.0011171804513982714,0.6175145852054564,0.052440034547207956,0.15005880476275457,0.007249247564261568,0.010152809889042378,0.4545454565289256,0.006995584459885347,0.6988792696191409,0.0016749099411713956,0.0411956226824636,0.091293736132773,0.6096083921623192,0.07429560886092978,0.9718875502008031,0.09888319535780306,0.8334029703346374,0.05143264973833839,0.028191394065262776,0.30913666803065026,0.17591887805370915,0.13533095719043198,0.20470555979997465,0.5257080334758818,0.04953983086078591,0.03551992533097234,0.47980676644252535,0.14331045937474596,0.008461808030723326,0.14997234261458614,0.13635509489377362,0.0632184951466207,0.008461808030723326,0.10487662089539684,0.05231368516447561,0.0071255214320919405,0.008680428041849706,0.04808706563614881,0.024052386643301796,0.1309785104886862,0.013381611961350445,0.028957782755398984,0.5062666118160256,0.29599917104153156,0.04311809650435491,0.0330939391334268,0.14165780007093276,0.027203894239397022,0.8623803454005765,0.6545680199902706,0.7274902102647649,0.27089510671599554
600688.XSHG,4,0,0.2632200129898508,,,,,,,,,,,,,,,,,,,,,,,,,,,,,,,,,,,,,,,,,,,,,,,,,,,,,,,,,,,,,,,,,,,,
600689.XSHG,4,1,-0.3160188462317523,0.4286498709720563,0.15586034886318278,0.19046257273046163,0.5036264501412213,0.22683149408381365,0.37832913003541213,0.21107098746374722,0.5968738227109109,0.3156352660694501,0.09695116414490612,0.001210160622407094,0.009939212910849158,0.004456917640264844,0.0008395491672510181,0.0019286158522666256,0.0009602927998274311,0.0011545956380925547,0.6171680707598873,0.02301266199207497,0.1503818265620865,0.003236426092974261,0.004837015971904976,0.5454545434710744,0.00371542398384834,0.6946978779689637,0.0021633996897536165,0.0277199963823822,0.09133389236772445,0.32274138040659817,0.09010749335858562,0.9759036144578311,0.09846353717170145,0.5945165737774086,0.06533484147386792,0.03180964350025595,0.30507112748010773,0.18171416912555435,0.1389250683076091,0.132080492344416,0.522333537778169,0.04811529700024522,0.046083376570505985,0.5039915134420552,0.061742107561739756,0.0675791785277803,0.09812840476362204,0.1107174290663071,0.05029533019646886,0.0675791785277803,0.6714716567517005,0.055739675680142924,0.0013982505902565745,0.009175007082224886,0.04434359365922307,0.016352053978530554,0.1760241023065835,0.0083659120805895,0.02951439448118395,0.4927892105388632,0.2626638269062048,0.045539724111236246,0.026197914186291645,0.12561401175457262,0.018523957647903332,0.929141043302893,0.752050992879572,0.7577928404887078,0.633292599815041
600690.XSHG,4,1,-0.1679449988029455,0.549743561987048,0.23640694423418734,0.5739147249004983,0.5750659715517796,0.1934196663390944,0.4007425066736936,0.43064477209070023,0.5059943498905368,0.1251385889163671,0.6938397604986268,0.06281616423503918,0.031047205287798134,0.012040407381406291,0.02039907446429798,0.009386569086970987,0.08635590536799603,0.002354044129225405,0.6411790090700685,0.10074108714033561,0.1607948980734724,0.014278799803796633,0.07557889890494189,0.363636358677686,0.0728949215824133,0.7018802121585455,0.0032005819796974834,0.018495070995749298,0.09117827975915821,0.2929531547337081,0.12329955815007565,0.285140562248996,0.11552853873306707,0.3959289558864139,0.08407000786658014,0.048268256583753735,0.2831322152783667,0.1849816571447464,0.14070067618683657,0.05219939984272662,0.6082640442244133,0.2540621766532012,0.1222004948832794,0.5481657449850843,0.1709042063122796,0.15593362087725945,0.19608705345937832,0.20306509254843313,0.16921732395295813,0.15593362087725945,0.7408553863915484,0.0695472217583346,0.0004068618686732643,0.009037580012516047,0.04781702697326102,0.019443006943261003,0.10250902801872816,0.01129426345560582,0.02958692529687773,0.6015049182618261,0.28264610078969404,0.03343769606606068,0.06461620957671632,0.14960163652024117,0.011779775079260634,0.9186819175981025,0.7234283092300209,0.7081853540807947,0.3791384274124828
600691.XSHG,4,1,-0.2832700096551645,0.09235180710699914,0.1911286233168997,0.3769645569203347,0.828454405863172,1.0,0.5400873225302985,0.8061533742859599,0.7799175228037329,0.49934935234938904,0.5556182488336866,0.009252539875186587,0.016025593205596104,0.007000904662256701,0.008754705596752609,0.04093728953357341,0.01369519132950589,0.002045912531464006,0.6069145955028138,0.04337167397325231,0.1527231028819311,0.0033558796363248825,0.01609940922723996,0.6363636304132232,0.020839730469254216,0.7032410136416735,0.002313945584456161,0.047662114497603325,0.09144359645729369,0.6494186598227384,0.22183454523721544,0.008032128514056224,0.1806071801736871,0.13211490823827965,0.12274049463202341,0.07634645265773637,0.3051328833660685,0.18576685159108214,0.14637976170978298,0.592139825324621,0.8264863410947991,0.26354583203892906,0.21760134644097345,0.5397097795030178,0.15409190767352468,0.21449078666616228,0.1112733926563311,0.12827816258238003,0.017236055015205864,0.21449078666616228,0.7301469892273338,0.05665818167224139,0.001166213435383469,0.00897128828421881,0.042931266387666284,0.01939726010263612,0.30114243743388097,0.005860849379059908,0.029509891187539543,0.5054261107532021,0.27426405762214257,0.03047006942150264,0.14672101896331097,0.187942854790495,0.015584883651372854,0.7948047890244421,0.6419469505992663,0.5894410807128352,0.5384134931680014
600692.XSHG,4,1,-0.3226168150696231,0.47076167374903494,0.11510854732794762,0.3628162587586874,0.5596626068145666,0.17081085341611582,0.907582964897387,0.4582369507705506,0.9130889519020602,0.5601211964182474,0.21993866097698817,0.0005381161636387504,0.010690540373074339,0.004800583942733302,0.00013544039909396945,0.001118752473555727,0.0015400456728486313,0.0011530991799189596,0.6171113429410194,0.022703666785393227,0.1508692257144809,0.0034531733010509254,0.1678262953031992,0.6363636304132232,0.1582632356651899,0.7205912586889528,0.013556623248468316,0.6090259564077055,0.09139667132273673,0.19914292355331564,0.2072563954040408,0.06827309236947791,0.08619792318608183,0.11881954503597682,0.06042025080158686,0.06577557228271573,0.2525081968964466,0.16996013460678946,0.14489402246676908,0.055231183573554846,0.534799697333191,0.02372239977030252,0.0394962168823803,0.5300022932302814,0.10186753226001012,0.008883281158788614,0.11678173298365097,0.1318755811817212,0.039053352938073556,0.008883281158788614,0.7842358464880455,0.05644738128624229,0.0012117865427078147,0.008885210312730102,0.0490013978161563,0.014624243354002439,0.04456952618282472,0.008077672464266914,0.031249775329099984,0.591681700695132,0.28269126286997626,0.043947746917096055,0.08726605102856835,0.13728086841971932,0.03930699288149788,0.884022027808155,0.8616049710317988,0.7571591152138955,0.5588532395186131
600693.XSHG,4,1,-0.2006647361408,0.28868784101608014,0.32692441650584203,0.38059950848116997,0.5729005499231411,0.13221608054372652,0.3363616137183712,0.19834418345242483,0.855523522071344,0.1628589438432103,0.18806703472489827,0.0005862891429627866,0.011513664167765643,0.005163234387799371,0.0007159548421141485,0.0006092079300876695,0.002746867092663939,0.001159969451852695,0.6181605168056158,0.022181094790042825,0.1513775132369162,0.004194240294697871,0.005437614340954965,0.363636358677686,0.006517169517326708,0.7015622005846599,0.0013921284838270215,0.023288414578999727,0.09131447283007588,0.19388290558388577,0.10642723258409564,0.9999999999999998,0.10705500091573764,0.44121285413494926,0.07341886076200552,0.02448438081296881,0.3056918850486941,0.1812884706044753,0.14068637773392917,0.05093800841212098,0.5537840688623278,0.054814697476275105,0.0855318490715269,0.5137852768834679,0.12601234368692843,0.035019729815695684,0.1619444433785201,0.1721548966732305,0.11566028028204743,0.035019729815695684,0.6682114616307754,0.05726666478449743,0.0010534857566259484,0.009060045911256271,0.04239554239646582,0.018013514550504418,0.08525131388018388,0.012059629464271571,0.029511066729709875,0.5812918656573262,0.27677795031509317,0.025837543836328986,0.004904138208712071,0.13584630072959417,0.009884548663037626,0.930037565153172,0.7274169651939322,0.7368204946753876,0.4098511318312508
600694.XSHG,4,1,-0.2584072993879506,0.24926014108257966,0.30798286278690373,0.6780310844313473,0.6436285732674997,0.21200053366076094,0.39785136691082673,0.36767786441953076,0.8944661594974793,0.2668927659195981,0.48243923131515687,0.03441456950377774,0.020135843066829272,0.00871599210868922,0.011415885948311251,0.005206507336682205,0.020953750061727512,0.0013120782115103534,0.6155432088316557,0.033992767976076185,0.15618407893993663,0.007231021352332631,0.0,0.0,0.0,0.7014094450174028,4.0855716518487795e-07,0.0,0.09134051696217903,0.7586674721587467,0.2333112879858842,0.2248995983935743,0.13305799715660166,0.3190692116509718,0.15944996719911253,0.03744353430808895,0.37105763368205824,0.1927262089840771,0.17751919242337977,0.44000597081690773,0.8776298149321924,0.83972928428258,0.4539260679764679,0.635656294242643,0.40661163757247437,0.655672821464609,0.3860679004954303,0.3944625423463093,0.2832198426690438,0.655672821464609,0.7558955195103398,0.058658274570748556,0.0008681183493207954,0.009078638180648396,0.05111039053896392,0.02149133458247623,0.20332949413903945,0.007935797116864485,0.029493300105691733,0.5714126516477924,0.277102455435052,0.05116651231902203,0.049148482747516424,0.1620315745807367,0.015105581144942275,0.7613787263353737,0.5545448012029546,0.5598659142939375,0.6075072373218104
600695.XSHG,4,1,-0.2266946202352003,0.49921998837875836,0.07322146365011623,0.24420365290674825,0.43265802871904435,0.16755592048888532,0.31252317614366376,0.1622695452843986,0.9394760344556567,0.22521844552251932,0.2385215208355262,0.0006387938375565718,0.011940125196401752,0.004577303780611113,9.833493386820745e-05,0.001481973587382478,4.714114494187678e-05,0.0011194899915479585,0.617337345124214,0.049025511780401536,0.15057032676319684,0.0024588228749048507,0.0032680517058286894,0.5454545434710744,0.00500670556366712,0.6991994552809957,0.0049685383994368705,0.024102378583702632,0.0918803360458089,0.7806231715737298,0.142574739789837,0.7951807228915662,0.16677295372165,0.2845860636341891,0.11633638958672377,0.037390721937448655,0.3160956966273746,0.1837433746193866,0.14356556620573652,0.08399995781137999,0.5350713355675515,0.02022797277949359,0.015992885181159863,0.5214606527933728,0.1183520654013143,0.0014283358300994171,0.08510749046626376,0.09909780556235609,0.028272071170826578,0.0014283358300994171,0.5256252505033439,0.06482599321163565,0.0005140099925782821,0.008788757243540203,0.06407923807674426,0.018059357767900276,0.05532841554345291,0.010649912511995398,0.029647399653997215,0.5193315244449422,0.2563829884566113,0.030365898980103043,0.036617581784600055,0.11123492678725237,0.014994765807262068,0.8417061964749826,0.5993625890053518,0.6351300325048255,0.6764522135059626
600696.XSHG,4,1,-0.2981707699300197,0.5650612056636198,0.16518863320456773,0.2890864864549005,0.7786157718190929,0.10070460575268944,0.6428292648972627,0.2094657769147601,0.8343101448180839,0.2321971007991461,0.17815060451328357,0.00014408706302723598,0.010783398519943555,0.0047734537733240415,8.69012581283e-05,0.0002087451333594358,0.0011125725708007106,0.0011374578860350994,0.6185651213302454,0.02260676101524527,0.15087977886283843,0.0035641885963758973,0.01973843515530909,0.5454545434710744,0.016004695883420503,0.6919764146076309,0.008296894123716324,0.06326309125440897,0.09112705900527451,0.41663071413797353,0.16986202964989516,0.755020080321285,0.12027917480838682,0.25592059944625745,0.0742190183242257,0.041149610438800235,0.3071957525506643,0.17986409226548092,0.14195114088655605,0.04828439252131028,0.5221060753084714,0.01859887234451911,0.04445435694797707,0.5249978561187495,0.10732936220106629,0.0017843201234995442,0.12374891044040018,0.1416199944093075,0.017389001677111837,0.0017843201234995442,0.7310140375354796,0.10680505598071238,0.0002035872001668954,0.00910575742434759,0.04471547396732307,0.014644718063570504,0.019692221511534026,0.023380572174562287,0.02996043969994048,0.6137324122247689,0.31088057685992343,0.045218275302789775,0.04493032478404115,0.15131843111921772,0.015863342705030807,0.9078437673090853,0.6858774490292339,0.701755683063428,0.6141113888014303
600697.XSHG,4,1,-0.1923404215664855,0.2564427194960547,0.2549233493999116,0.6802434326776975,0.6723250489614652,0.2946423858251603,0.1851151877645706,0.2645449646756572,0.9569010106793567,0.1342010568915477,0.25334172991585197,0.007996187546339809,0.011945328546656737,0.005338723695026073,0.003302894897713886,0.004532963426353126,0.011374695342167495,0.0014723130047153926,0.6104658560972551,0.02534110646081124,0.15145570528055002,0.0042622295013471645,0.006188041273824049,0.4545454565289256,0.007375777642412766,0.7035548304408703,0.0013519523601022427,0.016912363208826987,0.09132308344371372,0.39559417709371814,0.08086398569188344,0.9518072289156625,0.11511546858756361,0.6161201274203135,0.07227202195971415,0.032138531404852386,0.3067320446457036,0.18153697501181937,0.13459913637344437,0.19467842086707116,0.42400607544919056,0.08757456797743626,0.2051292181502009,0.5526336497177464,0.16632610734868347,0.3069874336112309,0.2290537183848902,0.24229748784152955,0.13190973655268826,0.3069874336112309,0.7371885432770454,0.0652434910473012,0.0005015590647547172,0.0090243955808259,0.04906933621937428,0.013857587557921637,0.18441753621276602,0.00367653430066104,0.029505009214030303,0.5514696016934212,0.27627201821744884,0.025131905080017294,0.020782888303803853,0.12266547284288393,0.009231919602799546,0.9044192313700985,0.6770653664145772,0.7094013144518407,0.24398338918338097
600698.XSHG,4,0,-0.04005867553473946,,,,,,,,,,,,,,,,,,,,,,,,,,,,,,,,,,,,,,,,,,,,,,,,,,,,,,,,,,,,,,,,,,,,
600699.XSHG,4,1,-0.1128268675827515,0.5842548844612077,0.24626560563025407,0.45194021382963784,0.6788034260905471,0.4679179854523209,0.4652160006231405,0.4149583783067732,0.9952078571121215,0.3226599404072493,0.36637259051887894,0.00560796023719024,0.012262534309763533,0.005465795983026871,0.0020438984063936533,0.006166248969597013,0.00357253586829011,0.0013268621529705235,0.6163714781687017,0.023742301486143643,0.1516046691021431,0.003924173087326173,0.006202368901771633,0.5454545434710744,0.004791316927918155,0.6992320746461345,0.0018498737990381238,0.022293569684362847,0.09121710105078222,0.37704547424857976,0.08323590481326149,0.429718875502008,0.113483610931404,0.7320313438367146,0.08828843168840582,0.04093736329708644,0.307148671825281,0.1816902309687284,0.13857930571912117,0.14288005445230434,0.5356402932828513,0.025617345671642706,0.07222014448289925,0.5242041784325867,0.12038567363642677,0.042923706366887526,0.12993666660323328,0.14884521398346173,0.011700552171908867,0.042923706366887526,0.7177652589401211,0.058539245757933324,0.0008810905750129066,0.009065946417366385,0.04906973197706293,0.014566299497583611,0.19780293884965322,0.007404608070599725,0.02996043969994048,0.5604190529837234,0.2799727781667817,0.046467735600616,0.05543396177403224,0.19811743172721286,0.02534620446252318,0.8853375182854952,0.6727754190438286,0.7100904906881993,0.3593621010970194
600700.XSHG,4,0,-0.04005867553473946,,,,,,,,,,,,,,,,,,,,,,,,,,,,,,,,,,,,,,,,,,,,,,,,,,,,,,,,,,,,,,,,,,,,
600701.XSHG,4,1,-0.3106920728475994,0.37011634772967106,0.2937723570866737,0.3878281536277004,0.6492088846983614,0.13911787611694545,0.5903885139964228,0.4808440171781898,0.8387905393597656,0.4937804658753192,0.1801834930355498,0.000998363670925598,0.010567439297940634,0.004749399624452283,0.0002479512845929414,0.0004828285441399598,0.002358892337463913,0.0011772304230565067,0.6153632244823566,0.022249899738456994,0.15080123887798483,0.0037569373992435,0.021800441701575392,0.6363636304132232,0.02315592133321135,0.6789151368417143,0.009147240913545523,0.07429682554038165,0.0914834789694391,0.29261733191976813,0.10369514409212116,0.1686746987951807,0.09973371139902311,0.7237221268064129,0.06502015737587821,0.04646064591088136,0.29351922129463137,0.1819168312567019,0.13784488518342314,0.056678881238310067,0.5321329687500942,0.018147113569277954,0.05176284391123509,0.5248031804598794,0.0988904885516194,0.00813894664370336,0.12797566163164897,0.14329929845781353,0.04438289467859597,0.00813894664370336,0.7419876907184934,0.057989634690922595,0.0009471993595095563,0.009241338563955166,0.05193910713899379,0.014003352069762904,0.28341577070070284,0.0006098380807867394,0.029582204057987376,0.6367045039990331,0.27414141921447965,0.05327998359402891,0.05520460761678456,0.2030874753001976,0.023075312556080637,0.9257253838178694,0.749505218698864,0.7496151439216503,0.4747526892627597
600702.XSHG,4,1,-0.2101383114846825,0.2920102688946662,0.3087105697477585,0.45006306449719363,0.6915356639241559,0.0550104454331872,0.7450475041028248,0.057992605514514795,0.9988087700517854,0.8406087277663159,0.3518008455912746,0.002395536957167925,0.012086041565819071,0.005363723613766931,0.0008001611252977241,0.0010817098387071661,0.0021696437751212915,0.0011628699388230058,0.6203993588486691,0.02216670872191428,0.1516361875784511,0.004942864428607961,0.11144673419265513,0.2727272717355372,0.10580769451051919,0.6970135808626283,0.017533005116791824,0.130008139640047,0.089183536015543,0.22926746971197381,0.06749399769794576,0.9999999999999998,0.021538939931563417,0.9875361744545472,0.010120598811487774,0.011705622011762638,0.23332035291558118,0.1642728648046043,0.11898912537663424,0.23200947215031772,0.48483720904052247,0.03099870348874722,0.1968943693862258,0.5490449370357333,0.1427066258587308,0.027863852211197464,0.20912005403375056,0.21693865787211958,0.16998788885098357,0.027863852211197464,0.7836071780382039,0.0733713743720739,0.0003540449445215368,0.009064639214823264,0.05304366684801162,0.014760520108167292,0.04403383109836059,0.021549923477090834,0.02972154598882659,0.8102291640562715,0.33209780004216427,0.030686356540296594,0.01469443738342881,0.15486681106551148,0.041008554166417424,0.973928079419409,0.8991281898191152,0.9354128324087105,0.26940338865947977
600703.XSHG,4,1,-0.05560271698551668,0.7033671204363438,0.20808840887942226,0.3587747479235109,0.5990491069077668,0.16091119320905833,0.6039403691030051,0.3275325764664518,0.7051330462906777,0.3257555923793981,0.5960993838540765,0.0029223018478822236,0.014598352025813287,0.006112194548915004,0.0007006623049251211,0.008668732550300458,0.001237549088006995,0.0013535723896376613,0.6237196123360448,0.023538281852998427,0.15227207336067045,0.0056004613306121,0.09819551051324232,0.6363636304132232,0.1359071628084982,0.7094908537583426,0.010899463987296696,0.05521389165234693,0.09209676259330624,0.6128094650827873,0.15502578718201504,0.3373493975903614,0.1860192555250602,0.1857080235171168,0.1352489585169307,0.04154328080774127,0.28111227064927297,0.23941850462925812,0.1445521594563468,0.20697881897789053,0.5237237928155631,0.053824107065080985,0.11979109211195281,0.5289475759206966,0.11651898072066982,0.008910102733998245,0.14392620594352984,0.16272906515275415,0.02208687635468463,0.008910102733998245,0.7321381621614043,0.07872944339381405,0.0003050341948152335,0.009098903110006036,0.048606695481344234,0.024756965090341768,0.03889567553006931,0.019606533413047716,0.029096473574815925,0.6150898770628591,0.3301721823777174,0.0439142476011386,0.051708941018769515,0.10483997378020976,0.02588577495962194,0.7681780900711537,0.66048604661448,0.6227195792064175,0.6121059848461846
600704.XSHG,4,1,-0.1641188259106793,0.7523963663126758,0.6312422785675795,0.3577103629940399,0.6257700721110645,0.2989639171567596,0.41570409279821147,0.16228090506684778,0.999029189305012,0.17053097875582246,0.32351387943344745,0.007788811981062907,0.01639203824763421,0.007258792583566546,0.013842735056466429,0.029732673280245783,0.026825445538189805,0.0021239071181703207,0.6288964209257321,0.03316264993767807,0.15348045903812713,0.005977592373709925,0.013876826541365479,0.5454545434710744,0.012924940603643808,0.7002610783597528,0.002438344074217402,0.021524825902143437,0.09121348654498164,0.33503533860277135,0.13970142164160124,0.9518072289156625,0.12127792176306505,0.3078516660010943,0.0784774305382082,0.037153765175812294,0.3064258702529405,0.18005653244333297,0.1416469737974351,0.16377203620717543,0.5393548770345729,0.19011889161567408,0.14357257121257055,0.487697614462382,0.1572936700527645,0.2322879963671598,0.18054733814889246,0.19728243486984393,0.06626168935287126,0.233697632792422,0.6861308495086922,0.05964798339318198,0.000775006252879918,0.009016941400887797,0.041408390801747026,0.015464091953377031,0.09369592472666524,0.011337470547687155,0.029372144343469114,0.5021234294661044,0.27230768302371033,0.031895980033335186,0.03717436090592933,0.10515742957389675,0.018012053598133636,0.9159595091676016,0.6957813674760076,0.7096019941221978,0.303459301468162
600705.XSHG,4,1,-0.3184551120603519,0.0,0.15503694113238142,0.010175314521231271,0.866931305162624,0.6518246787007891,0.8766513326049552,1.0,0.6533674529457585,0.9999999999999999,0.622452847150726,0.0017448546575824114,0.020477410552577006,0.009516737047975933,0.0019625234521901598,0.15730684076399165,0.0044752293568350665,0.003519824478225269,0.6122546317610128,0.08595630813657415,0.15562893603531672,0.005426363401732263,0.16968368296969918,0.18181818479338843,0.12576353252558134,0.6986185397740503,0.004407383780760229,0.11363841910102197,0.09076889471009528,0.16519309447069452,0.156845784489744,0.21285140562248994,0.07666436963651144,0.3568754305260553,0.07304719330563539,0.07816335282071613,0.1838986661780062,0.14292847121533414,0.14162097661033074,0.16115199408457578,0.2953643389908466,0.22374967288474973,0.10070898896289374,0.24531670345256418,0.16036836455460707,0.005027418871844447,0.13987839952318984,0.15912200357315742,0.015191553103107519,0.015869227410356863,0.5038123249397917,0.0921118953804605,0.00023916660323051173,0.008962008187976768,0.042674023890044786,0.01565678124415515,0.006690322606868351,0.008128429550709224,0.0295912092831184,0.7378728891835941,0.4916834613152717,0.029502115502521423,0.08422672189308611,0.10361828355373157,0.03976565771370461,0.9099288463450312,0.8082100526292515,0.7507096402816908,0.5178193121168396
600706.XSHG,4,1,-0.1469711179310528,0.5265650092375732,0.26243268393021035,0.30181749348770304,0.7009929376795566,0.25577933633716365,0.4008388365669104,0.30202528431061976,0.7500371024440192,0.16588112000340305,0.1444918433736191,0.0022380110327231196,0.010620161045478974,0.00477462338787399,0.00038384561395760883,0.001614276579983082,0.0019005444970294381,0.0011764733218343091,0.6158372687721468,0.02196295777453022,0.15082531973440164,0.007249247564261568,0.0041901636907233876,0.363636358677686,0.0036993933101090466,0.7002318162071812,0.0013843772839010036,0.029257483946821018,0.0912590056439049,0.20529977683543055,0.020374177762632763,0.9839357429718875,0.08270889688530614,0.9588707102666156,0.06065665359416275,0.030906402373971607,0.3056325382219986,0.18140369468416248,0.13319138869174355,0.24236613426077447,0.5234828615120434,0.02717125012983511,0.10476866158744054,0.4886239397824707,0.09990198366881864,0.02721759750660417,0.14997234261458614,0.1375449827559755,0.0632184951466207,0.02721759750660417,0.6226925939818435,0.07382103377851652,0.0003490257025241876,0.010446525573036387,0.05738328182327149,0.013968335176307061,0.15213634165060227,0.0031444063949938768,0.02996043969994048,0.6365858580706398,0.28012597884429075,0.028493284780585573,0.02362801373939636,0.16333892245528703,0.014976371358497338,0.9292662013037736,0.7514345893591616,0.7775571474969172,0.3285726461276476
600707.XSHG,4,0,-0.2015493587645531,,,,,,,,,,,,,,,,,,,,,,,,,,,,,,,,,,,,,,,,,,,,,,,,,,,,,,,,,,,,,,,,,,,,
600708.XSHG,4,1,-0.1994336755347395,0.31752797403085886,0.3508680292734257,0.6030842903973568,0.553833872891606,0.14485292150341925,0.42470089050253546,0.4457276316264406,0.9245072839342467,0.3535837827281568,0.22754211580326872,0.002921601540384233,0.01167634604257843,0.005162055226644567,0.0007701315831110837,0.007716367687442471,0.001449392808713485,0.0012343421513020298,0.6134973023601448,0.025923853653129745,0.15119864009629072,0.0043863657408128405,0.02393001483949626,0.7272727282644629,0.01745889619968295,0.7062196512931259,0.00556179265698161,0.06746857194537396,0.09137404516075917,0.32249650371053723,0.20865054767634136,0.06024096385542168,0.12068763332547158,0.16535074976978725,0.09746662948987672,0.06267797258574065,0.3002061579418131,0.18097231109785145,0.14323150235144555,0.050268062787938335,0.5408738398459165,0.037412840157507884,0.0762983218302961,0.5387614533041787,0.11197865398912195,0.021280024999099298,0.1533287029579192,0.1727490160596429,0.022538294318680936,0.021280024999099298,0.7773835940905166,0.05601840973306594,0.0013177756435674216,0.008986162099732511,0.05432697711306902,0.014896604108790186,0.1542946875379901,0.001997022407405285,0.02960314450964964,0.5782325748495026,0.2897513418685772,0.037849522665216295,0.10107983029647813,0.18380730037493032,0.015992103846383922,0.9025542883924387,0.7341200079607275,0.6865277928140834,0.4554969422830323
600710.XSHG,4,1,-0.3451045470943726,0.5904018270803955,0.5270874465785386,0.22881035550385814,0.529435641271903,0.07694205875908686,0.40227922742182676,0.1416680301459311,0.9248585496764403,0.2928643385146671,0.2277856106729358,0.0009991726768922374,0.009832012895696608,0.004452937949077155,0.00021148679971077182,0.0016503292152890885,0.0020021386659275797,0.001153784418998771,0.6191008337714332,0.022235478414277934,0.15039216445383272,0.0044277814626341805,0.013019514588148406,0.5454545434710744,0.025647197573575656,0.7067481979836903,0.00859825207399143,0.059419372343311926,0.09238639485640358,0.8148490977378489,0.22544833999741934,0.35341365461847385,0.18709310614255725,0.12962132185742925,0.12629679376623354,0.04646064591088136,0.3064258702529405,0.19713451495198897,0.15093446889046602,0.11115799630141063,0.5225238604411706,0.03893785391338043,0.08955876778752755,0.5216656865301948,0.08754228270653186,0.009358090554261612,0.14622408651957486,0.16173108657297172,0.05488505541466967,0.009358090554261612,0.7358190276205133,0.08578253818941936,0.0002639026194490816,0.00915231829009801,0.0486916514651741,0.017820182747919768,0.03361733763884747,0.015810597711929223,0.02930289632804243,0.5130477256019064,0.2591548111339323,0.04850752950547924,0.054333824615092174,0.19898928725236864,0.026993928336424,0.8112475323457984,0.5800716465437179,0.5926387528286592,0.7741937140256898
600711.XSHG,4,1,-0.3645138813458775,0.5342525606050891,0.374610712769595,0.3102778574113755,0.7501060309324452,0.27633033745727276,0.4487825351624827,0.24331481383423628,0.9963512271029622,0.29056067845244465,0.3117393891124815,0.0006081516968302509,0.010480834855249537,0.004671116221074656,0.0004460560085381992,0.0008596912293642776,0.0012077292333375043,0.0011927584427341847,0.6168961994674469,0.02281105309968445,0.15064119516914623,0.007249247564261568,0.0030719377182536933,0.09090908694214878,0.0,0.6974774695953764,0.00019919652219049067,0.0,0.09134051696217903,0.5909719661356956,0.08178577813445115,0.7228915662650601,0.13647323740267814,0.31823870058382153,0.06830703607391306,0.03219964226558011,0.3075772448419183,0.18051467364710022,0.14148709109674332,0.378363002641378,0.5177640851334832,0.013939235603021639,0.14222562506565195,0.5240041229967959,0.09398340563147425,0.002978749722194154,0.14997234261458614,0.12846557180734688,0.0632184951466207,0.002978749722194154,0.7341001218775453,0.06409186252724643,0.0005379124880935307,0.0091286493702254,0.044113262684429666,0.013341725536989415,0.17016050899069834,0.006326856155355882,0.028591132105982495,0.5039081081740392,0.29599917104153156,0.05224980040972677,0.040735566098631146,0.20751586487308102,0.02401477537835736,0.8877013179758844,0.6612959400291896,0.7029293950828199,0.3146286994538867
600712.XSHG,4,1,-0.1270151972738698,0.400846158175571,0.3016738107009128,0.3138000135637806,0.4685475559389442,0.10821165072553998,0.36490944368554445,0.3118099046676064,0.893815878792243,0.23052281907354732,0.2082472932089326,0.0023151651727808913,0.010757881107856854,0.004832395371635263,0.001050618907439621,0.0003259091069008909,0.002569958099851553,0.0011548258021440436,0.6162363112828694,0.022171080205591765,0.15093758183192432,0.00357824056197468,0.01002013778650217,0.5454545434710744,0.0052011769468659754,0.6997977446847359,0.001969124057124559,0.016234059871574568,0.09128408431600246,0.362350171081338,0.14054846835733678,0.4698795180722891,0.10089452415241562,0.37515591331065934,0.058971448010777174,0.04873967898602341,0.30662946438622646,0.18017717155405136,0.14133370769282763,0.09552928643021555,0.5341791760973631,0.032309204690698805,0.05636807639891723,0.5168826232241919,0.10321044825195506,0.02874499517283252,0.119758350684189,0.13748044466493173,0.016124607262395237,0.02874499517283252,0.6743240353503308,0.06807617660475856,0.00043368523814627956,0.009106198550373572,0.04868531934215573,0.016705446180651746,0.21640030639652633,0.004601770461941906,0.029467800511915793,0.5478464655156163,0.2729278829710342,0.07283912349604484,0.06357299348098175,0.2476126690986472,0.014666058503319975,0.91247106276008,0.7062464066162488,0.7256009167892308,0.41825940976134346
600713.XSHG,4,1,-0.1509373366226056,0.4768405675856783,0.21843467840200878,0.17818451805992602,0.1662640249626154,0.26157982386302414,0.6070071814453296,0.2855873126620716,0.9515977761365861,0.33680983493078764,0.24853778846123442,0.0056154004977409435,0.012029604891360377,0.0050472300376369515,0.0036721120521261462,0.011559256723506198,0.014242222171949204,0.0015250859350903554,0.618136860082767,0.02995133184941252,0.15064890519463917,0.003343803550709652,0.0336346900119262,0.4545454565289256,0.020258220904083867,0.7023808342733789,0.0034274759837466043,0.0696843628470652,0.09124772440994446,0.29332023713326333,0.11285064049344803,0.9036144578313252,0.09819276870311784,0.5621102167233515,0.0575279365605151,0.03261694044806888,0.3120454048505263,0.17657874076336016,0.14040040867578127,0.0783289699511554,0.4988927915002411,0.10381387509314338,0.04125990366452266,0.5115368111637276,0.10120434237934774,0.13354306809482383,0.11097003493456142,0.12761743675553572,0.020421692767001266,0.13354306809482383,0.7005598421083998,0.06825044598690849,0.00043026097821355423,0.008709908091148482,0.042685368943786044,0.015341918333365494,0.10294223065687172,0.009098642945236372,0.029624353306395977,0.5029373183580734,0.26937253713364456,0.0419683135308474,0.028273522923149136,0.2023528936768506,0.01735523718370521,0.8966141654002926,0.704120781920305,0.7437241393878742,0.23879481313482648
600714.XSHG,4,1,-0.3268956107017336,0.6925714850499571,0.11161822168067059,0.32477906177239657,0.3446758429187469,0.19050550256309018,0.34451132984556976,0.09960642018259569,0.89751734155061,0.30556714625747083,0.2103967340064754,0.0009417483456885748,0.010786011572138895,0.004845520709896152,0.00016999897583055572,0.0008932453569615506,0.0009849524107510275,0.0011613695293112907,0.617087121846181,0.022166816022937588,0.15090525994689846,0.0034139197400986595,0.006236350529386,0.4545454565289256,0.006974768707445803,0.6991034277285331,0.002595597471665696,0.020122999005155105,0.09129482848899759,0.33651749222906746,0.07701504634543369,0.9959839357429717,0.114398030966426,0.6784382285578776,0.0783151386550792,0.0292061575028913,0.3087917943713419,0.181809189759124,0.1365398263907845,0.0703006526917668,0.5436983246579972,0.024874639672282525,0.04665625423666178,0.5141718178699809,0.10471333051695215,0.010858318844533905,0.11525413720701905,0.1312340295127184,0.0296257949184068,0.010858318844533905,0.6686181096243531,0.0649229422055322,0.0005110493830404881,0.0090312630549246,0.05805409110553063,0.01512111915105172,0.0679670875000046,0.007544468782201168,0.02920560420809335,0.6277556071289571,0.27945516622078853,0.02903180070645125,0.0245857142356466,0.13200587728631505,0.021420260812346714,0.9044751530300663,0.6742487063818499,0.7146625544937724,0.46623326958767675
600715.XSHG,4,1,-0.04005867553473946,0.4609865739948146,0.006204670493991649,0.26892886682403716,0.482148603793709,0.21828370215944598,0.3445018004367784,0.3488035858802302,0.595010357948573,0.3658468957436235,0.09644294201433956,0.0002665005044050054,0.013684344003226122,0.004696472776121233,3.8887886816225226e-05,0.000247684889146986,0.00036018054297491024,0.0011261282348054053,0.6172624899716058,0.026153642726691014,0.15076810042196362,0.002585747160091754,0.008359446464582558,0.363636358677686,0.007550673820555236,0.7014832256365713,0.005971792366200056,0.035452654427059783,0.09116858851423026,0.27491592388379366,0.15526958519902534,0.35742971887550196,0.09551011857155467,0.5205651581615421,0.06297975699841962,0.04025025098150047,0.29789073988410586,0.17966396632536036,0.13973098110784413,0.2016033124829766,0.5213433272080293,0.013838063496663196,0.007617795876653557,0.5221515125042074,0.09555991763912758,7.311999221908354e-05,0.03901491986941914,0.05162829268295409,0.010412036186597048,7.311999221908354e-05,0.664437113874292,0.08130902576068184,0.00028773017324863087,0.008729002350443387,0.0679143939182069,0.013585569476097372,0.05249446938011607,0.0109629341046272,0.02996043969994048,0.49652877496415676,0.29599917104153156,0.038594697601845473,0.04335158477022424,0.1785475882859604,0.018063348686965366,0.9234104046242775,0.7706702489938531,0.7391388729724091,0.45213679883527613
600716.XSHG,4,1,-0.1175934667872247,0.6739682814230943,0.37473711400777665,0.3485790700239916,0.5595479245604752,0.20166627979877083,0.34726864356323656,0.20930472451519844,0.9686306519755625,0.18058749712380864,0.26522825498204505,0.0004895915990825255,0.010472535348199878,0.004702713569379163,0.0005176844841475641,0.0047984970704704555,0.008817725665469157,0.00136811137145211,0.6215537647624111,0.022299799579496432,0.15068857291403903,0.0044603416122789095,0.00815180506095901,0.4545454565289256,0.009700754695432325,0.6997013516156034,0.0040680658038983976,0.019444695667902686,0.09134051696215736,0.2267329293526582,0.10572568599478685,0.9598393574297187,0.11146767050837272,0.4416286229633743,0.07975379669654739,0.035429832558990015,0.30524021233919785,0.18057607784569701,0.1398830646524046,0.06189553630713186,0.505572830507592,0.05536686328252954,0.06877505378861687,0.5070441755162659,0.09658255295379725,0.0008930500224832723,0.14245953753309792,0.16116262589923935,0.022049236101667914,0.0008930500224832723,0.677748993020378,0.08341019139345172,0.00027570552790406476,0.009110822560040572,0.04236995006593322,0.015362157455271166,0.017657938134654105,0.012521685207249108,0.029287400421055508,0.7128635472027837,0.29695196837564264,0.05598303632989846,0.034279612507955234,0.12686293509651922,0.01964990728001436,0.9276018661856813,0.7217781168457833,0.7261857924074431,0.2499025392849104
600717.XSHG,4,1,-0.1834621172173398,0.39476942150494493,0.9032158211157819,0.5877696133419438,0.5734649337275326,0.1631091090396203,0.14454497280182432,0.285437253600364,0.9210279967578172,0.0,0.4614444621632011,0.015180252145022827,0.018396337217998694,0.007603986358157016,0.0038754989981615792,0.00921335742122827,0.00993725589801791,0.0015370213992266257,0.6229443648382169,0.043752521427425195,0.1541810505616592,0.012009968153391977,0.007763472618273796,0.4545454565289256,0.007504318102751589,0.7014810498722833,0.0008323937218016863,0.006240390702722257,0.09128338446421087,0.34720760751518964,0.08155852037749622,0.791164658634538,0.11908212783170453,0.43082684614192185,0.0803933819608735,0.04102549025915146,0.3064258702529405,0.18137401482577778,0.14017293328861816,0.21390556238436878,0.5651096493740911,0.10054121065595484,0.2014335449552474,0.5306133796818512,0.13944394052457448,0.04141130505049034,0.21930565304412725,0.22964095047809754,0.15295328871107844,0.04141130505049034,0.7257790288825243,0.06418351323192557,0.0005347767743546315,0.009046526728243735,0.05130444372563121,0.020649280025899223,0.10173463038240073,0.012503074275553593,0.029427438414523967,0.5840345825160256,0.29599917104153156,0.030796953845368846,0.044332602080123656,0.13930815220144907,0.005210564096428785,0.9240770263169107,0.6888350802706653,0.7037017477614975,0.2069054912934642
600718.XSHG,4,1,-0.1060186284204875,0.5668957773083001,0.3840899587237497,0.35952146415168906,0.5739584352057802,0.09828378893355344,0.34679590202276206,0.34887211101952037,0.9278530901286424,0.251556817105169,0.4555888397130645,0.011764536160771076,0.011967170561155484,0.004970786346072331,0.002285599858843882,0.0007373230604446456,0.003492104301646177,0.001190705789302514,0.6254779361032551,0.029794234620526466,0.15095342509990078,0.007922889922350395,0.026953060321112804,0.363636358677686,0.02480223066903078,0.7016687015162765,0.0018264571502261083,0.01627928009405806,0.09119480997026075,0.16455820838387308,0.06538165233531598,0.7349397590361445,0.06188080653428217,0.8961368403006266,0.0329858794852232,0.04261952317452276,0.2646006623210243,0.1728032253968848,0.12678308207051997,0.0645836921177568,0.5202380787251326,0.05897248122350266,0.11722052803034465,0.49543072260521237,0.10539984518606828,0.023848328922776593,0.18907414132157407,0.19827219595340856,0.14345946264032589,0.023848328922776593,0.5984012190091579,0.05970874421026091,0.0007700249964500043,0.00893023998590432,0.0576256174479539,0.02241721551274509,0.07954864155707965,0.03174759915069214,0.029539781015863555,0.6373309988545679,0.28392562817631045,0.04433096999166539,0.04808425884178315,0.18610493616051071,0.019506639947358975,0.9467252986039114,0.8100482066250945,0.8104501297816553,0.27092784782782314
600719.XSHG,4,1,-0.2505849913242131,0.2098520517492361,0.3387216536754282,0.41087259200838333,0.29262715144159435,0.11626808426633575,0.22905922776157087,0.3660195194042491,0.676472396220732,0.1739524379467764,0.12005516807696426,0.0007417889531649396,0.011611495931230193,0.005197882407805497,0.0002319539491512694,0.0028230998862288957,0.0006268065350682646,0.0011537918066577522,0.6169248813143889,0.022180600005696844,0.15130382870292472,0.0036704610268172393,0.0,0.0,0.0,0.7019915675371982,2.463668764756651e-07,0.0,0.09134051696217903,0.7255893272135789,0.46354200461535755,0.12449799196787148,0.13305799715660166,0.3190692116509718,0.14058805773205293,0.054734908862819384,0.3070237792437601,0.18798071110337194,0.27134694026106376,0.16239221069254473,0.5329999495421299,0.03308663053786582,0.1035778799265324,0.5385170749301753,0.13959085187871598,0.03425818939309609,0.1429665085609345,0.14238313148153267,0.20529391603625868,0.03425818939309609,0.7606642852051411,0.07501039598066916,0.000336676996024372,0.009081046416206023,0.051582793299980625,0.014583144015444785,0.051876189124844756,0.007143908330080904,0.03356024012455288,0.5297141520198083,0.26711929972301246,0.0370405584660157,0.08553934923618364,0.16938388242894056,0.00994317162170246,0.7961167289201971,0.6168430188846137,0.5863556307810927,0.8018599318083841
600720.XSHG,4,1,-0.2667793233080188,0.8810030743537867,0.4059038059052879,0.42130359973177,0.6214808555028675,0.2173664275316888,0.7616777725711299,0.31964174177712074,0.9894132896124574,0.3207723854695781,0.38083817349032045,0.004595909336622169,0.009863602127780759,0.004365618881688623,0.0013053193860275234,0.012457799110753327,0.0037981503564110306,0.0014635663571229106,0.6131968023749107,0.018999189978310273,0.1498076947023415,0.0051950157330868,0.13125771750333048,0.5454545434710744,0.12483969291969936,0.7151164573027091,0.013379916623687886,0.16017002803653793,0.08992959099545528,0.3575029906412507,0.17785063778534502,0.3333333333333333,0.10640278489652163,0.18737007224111718,0.04706751877900577,0.041742835037165665,0.31695872418255144,0.15667078079755278,0.1428181470764863,0.24484173671869633,0.509417328197486,0.049261525595941776,0.16888895392691908,0.5242114049985996,0.07231311056767835,0.019978881947854396,0.17551900313849028,0.19009765991142824,0.08333923118987996,0.019978881947854396,0.7383862852121523,0.0693511387609909,0.00041018133373431115,0.009110931128037021,0.05100657010530847,0.014717268355057765,0.08339106905117952,0.004878352574018013,0.02936709482455205,0.5841765140939166,0.2790043240745229,0.04655321857495226,0.05665913560386733,0.14910985712114302,0.030549141592390982,0.8735726662027241,0.7201942638538767,0.7262570865008593,0.5349503606857929
600721.XSHG,4,1,-0.3215156291771236,0.6827085298070337,0.3048617896679161,0.4965253879090759,0.7736907875544677,0.4913920085385721,0.5325215934331602,0.06626784058414203,0.8377459628589168,0.27551592588224144,0.17970689361532954,0.0019452207621683682,0.010968554439228173,0.004920491610942201,0.0004148656126754545,0.005302023737327222,0.003090128879537379,0.0013094753142860378,0.6138778725699937,0.02384518677243188,0.1507606847071825,0.0034523626171299986,0.009652006680389154,0.4545454565289256,0.008506868558443091,0.705068534298755,0.0070904462631374695,0.07325676042326128,0.09064817389687975,0.323045589128963,0.09547006023362761,0.9999999999999998,0.06720064931728134,0.6830075793117537,0.04577476834826474,0.024240072974214592,0.3043455179434384,0.18039164642991606,0.13891726915147778,0.2177281412024127,0.5448832302364464,0.04817595654546914,0.09745773112220382,0.5224545866532713,0.09558898659190201,0.024341121662726527,0.11829737300461897,0.13540217278985198,0.020999020028060544,0.024341121662726527,0.7277538424145543,0.0846555589329325,0.00026929873180518823,0.00962097589883584,0.0572532094629357,0.014485353718491033,0.06809890969099104,0.002910620624010555,0.02920700314414078,0.6430132517522451,0.28031110444062,0.03023849107965947,0.015986592935232233,0.12406576164057355,0.019397469641682118,0.9422941727855023,0.7842311264428821,0.8033352433108976,0.3180257960663182
600722.XSHG,4,1,-0.3095083909047583,0.5638018129215422,0.22699883867539117,0.14668910061686863,0.4813724088873731,0.19213107084310443,0.43324607709457447,0.40184552491447645,0.9619561637917031,0.4104565748283469,0.2582229211343156,0.001014999744164381,0.010646204650473771,0.004734655857922504,0.0002843664321570653,0.0035070791338995214,0.0017140737636098641,0.0011724542589449515,0.6166731979017672,0.024952508273839283,0.1506977535613985,0.001796725705448247,0.010574096915875481,0.363636358677686,0.009304786389697626,0.6990116011830975,0.003002739800230187,0.039432034005607304,0.09093438561101816,0.30890524629381666,0.05660892546596349,0.6746987951807227,0.06666899444101133,0.9123395055328052,0.043161179588704864,0.04146999644707424,0.3035194975160433,0.17830701311752764,0.13595878925900215,0.23698169086353102,0.5715855450867201,0.04656638374787605,0.04570468867396199,0.5259383936853302,0.09656984616605752,0.017487912543088166,0.06352494990003239,0.07537856174306623,0.034058332319432144,0.017487912543088166,0.7506324661681724,0.0745895145594081,0.00034090111465350415,0.009702299359732523,0.04591818158312573,0.018227449565018438,0.07837503607327649,0.007056301012094348,0.026167342593425454,0.48705040677811995,0.2762007711425209,0.025407642719029705,0.03824452224962102,0.12484071794092313,0.026843482682299455,0.9348024456405959,0.7733017115563223,0.8069923662509604,0.3913827564831065
600723.XSHG,4,1,-0.2102714414921863,0.5881581783164418,0.45373788787130354,0.6061044450067491,0.7543487728079348,0.1914804458164395,0.4912727188356223,0.14911729909812493,0.9963376155554522,0.1491574451300038,0.31169331030597675,0.01205330395177108,0.014940904042184334,0.006618422253898133,0.004420230590821722,0.0012699509775527865,0.00734636085997238,0.0010755988805195564,0.620991016689531,0.03780043636055164,0.15336120142955992,0.004993691524033847,0.008427618035613895,0.4545454565289256,0.007236131149686479,0.6915797472962395,0.004504473331595893,0.02975490639413946,0.0912201571059659,0.385339175264314,0.055969629832729635,0.9799196787148593,0.1100591474284901,0.6564189060865476,0.07243580040017239,0.028922680040258553,0.30943525263747024,0.18104982522849156,0.1376824027640209,0.14210544240444217,0.5308924288468647,0.2100799259640232,0.11794037273124272,0.522539538951512,0.1644371476151013,0.10420067399283707,0.1631999282445826,0.17839731488000454,0.06920823197634919,0.10420067399283707,0.6904590798771176,0.05742858565417701,0.001027413039612933,0.009016798014367233,0.05018629633596977,0.026594516731425075,0.12789260565266858,0.013549990527299823,0.029484984132401023,0.5791274090944877,0.28220148789588123,0.034325318251626574,0.018031957847489066,0.14369434627856312,0.012963599928216786,0.9020811733962022,0.6726344478351245,0.7179658474887316,0.39783756463533504
600724.XSHG,4,1,-0.2761181550886427,0.48747049340073895,0.32500129683012363,0.5538406836570432,0.6148326282715161,0.28449126148581855,0.21133639185923322,0.21550368450879295,0.9608567020186365,0.23704147709584916,0.42293251849137986,0.0017693284959929396,0.015102378097148143,0.006582781404751228,0.0016070710422827874,0.02067455856768471,0.02120826491227391,0.0020193454756776046,0.6323836964320981,0.032187272172602414,0.15301007151766766,0.0058518210746158865,0.020142764019587017,0.4545454565289256,0.012831051972495266,0.7051492043073616,0.0021807893704707993,0.019037713665551233,0.09122400610089715,0.389212737468672,0.09252686469454827,0.9999999999999998,0.08567219754635014,0.7278767353215637,0.053926835802579384,0.031016090396946593,0.3043698973996747,0.17516491218379435,0.13952820304843014,0.05570878451606794,0.5554939071619418,0.0864931157609638,0.07199435391803462,0.52321867556637,0.12503618388358076,0.01276903385105793,0.14752637634176274,0.16585571066095195,0.028992537422231127,0.01276903385105793,0.7179592347071726,0.06361085012369644,0.0005551504209493106,0.009028614379637461,0.04301134136000282,0.015648139460357334,0.017427364771863546,0.013294571870919508,0.029723406696363874,0.71530244177756,0.3269138940166668,0.05466829989712142,0.02381345559507662,0.10011407825404064,0.014713465334689238,0.9187937609180383,0.7343991862367876,0.770871345847647,0.3808293169473477
600725.XSHG,4,1,-0.0850586755347395,0.6632587365713964,0.3731644031246724,0.05909470086462898,0.6489328782821735,0.4611801567863498,0.2001383007241108,0.1502386195592368,0.8672351609982623,0.26061754486375066,0.19388877569966367,0.0040956304901996555,0.010649036099279353,0.004771142010168626,0.0020665912085165708,0.022833990789361647,0.014793073307430545,0.0019294483291660055,0.6054076085765937,0.018358870788492684,0.14923950441600314,0.0023048852831563747,0.003406031143248219,0.363636358677686,0.00278563247662486,0.6969248785229889,0.0018645873186878715,0.009677127611467847,0.09129288919507471,0.21635606780394157,0.055656843932563906,0.9558232931726907,0.10438223284507167,0.7345249302175652,0.07032598984860534,0.035051286291147184,0.30904329980212897,0.18128775923557688,0.13575861091829863,0.2287997554992343,0.6109714305931895,0.1440672578464579,0.05637955262169367,0.5504557634593988,0.056482193699835384,0.08133498447304943,0.07571890702778897,0.08645862556338413,0.0528015878885329,0.08133498447304943,0.7666156019617261,0.07988220514766754,0.0002969120775505621,0.009125875128922165,0.045008862333841125,0.01589179064592333,0.07723699579166661,0.004363319733302904,0.028114450436991255,0.46396046762019555,0.2397724921272956,0.05674421748831667,0.03425827484029219,0.22512381567614126,0.023060656816414428,0.920056880316996,0.7046708460483835,0.7431709500334027,0.29238328512830636
600726.XSHG,4,1,-0.138917991124093,0.4200117938149344,0.4095878620934966,0.637291932755521,0.5745333510539148,0.860987699047148,0.30939753006010573,0.32309200086261064,0.9996289755598078,0.3259154989491025,0.3456773336092038,0.0012202490090477362,0.017684060712906947,0.007602778274095146,0.004320290225417231,0.02375674881483668,0.010778110819565291,0.002204427219744052,0.6052817632498764,0.03588482331511193,0.1522083613780009,0.0028309422535633504,0.003574902490975412,0.2727272717355372,0.00531469736252401,0.6958306904418071,0.005844153529404587,0.018992493443067738,0.09167228241470357,0.792124128911961,0.1321363545708467,0.2610441767068273,0.16295452539096725,0.22850038856420135,0.09845571643547707,0.04485971534479106,0.3944255448139181,0.18828086960011722,0.15127243232282264,0.10175935401815608,0.5423205835744154,0.04964475547955159,0.04419183148819648,0.5336555632353432,0.11149248880888835,0.03056192673102631,0.10597947280286167,0.12052570956891936,0.037000633787640576,0.03056192673102631,0.7461418103080593,0.06374185576001663,0.0005503209009053048,0.009027195593320212,0.04046094689512262,0.015429728280257824,0.10844093423596891,0.003699370099667359,0.029469857370174428,0.5116062330139504,0.26456608487395405,0.08060214106372637,0.05231701300690618,0.2972979049500938,0.02285413052581205,0.8460041754839442,0.5333521294944941,0.6253323757040292,0.49467990043011023
600727.XSHG,4,1,-0.175834537603705,0.5625704633376889,0.48460350345274394,0.3268005254814035,0.51725407886829,0.03371716413539361,0.36243221172191864,0.25782125602182987,0.6526943399672795,0.24714266102320864,0.11284338310597364,0.0006708926626493816,0.010692660123524012,0.004807314140941815,0.0001801214198995629,0.0004396789523313919,0.0007548958122524114,0.0011284096955843288,0.6175828454998069,0.022135718986744445,0.150926985302463,0.003131852417753841,0.0070022933024868565,0.363636358677686,0.00441373291546724,0.6990899250209966,0.0019013406207789548,0.019535136112869673,0.09123123943514189,0.36189024561614785,0.04511247397669222,0.9477911646586344,0.08214627821822487,0.8458667958800902,0.06181753433663177,0.0321882727045696,0.30693264531380304,0.18065196678086612,0.13882107955919168,0.23470809460331063,0.5318427242963106,0.016770852319801348,0.0812372433410041,0.5203767080390247,0.10462490519953051,0.009708530494586368,0.09769825860242072,0.10164514553786741,0.1319654017156003,0.009708530494586368,0.7027251258213297,0.06519497413649583,0.0005029668984139269,0.009008871453979926,0.04855801728564048,0.014460434968927809,0.08874898985588056,0.013906336569438259,0.0362763459739224,0.5719110754310894,0.2800163829339507,0.03529422279393232,0.027432571423976978,0.12642000113999088,0.017351049829514867,0.8982598599650622,0.7080182212197608,0.7645974656270049,0.26731350481953836
600728.XSHG,4,1,-0.2097015326775965,0.21671674233416738,0.12253742545873375,0.29878990181841425,0.7153842231656481,0.11301387445666752,0.5107558022705682,0.5641533636590667,0.9851344337903594,0.5363040119726902,0.28703030675384295,0.0007580472621126421,0.010304554574304277,0.004621045007091087,0.00021137344829662372,0.0007934956232276361,0.0008628707340151744,0.0011156704877081237,0.6187433306518804,0.02245295826100773,0.1506809436122894,0.00273807111097186,0.037917375500199635,0.6363636304132232,0.032234588622328246,0.7058427291293172,0.005968793592438886,0.08460703626661843,0.09143077977340018,0.23381060504783152,0.10493149936707466,0.09236947791164658,0.09990697686675423,0.7361859523518657,0.09051555170186326,0.055042649783484235,0.2802109951698501,0.1843272258684291,0.13802686549315363,0.2344236434688031,0.5318427242963106,0.054486953771269504,0.057149914666870784,0.5154196450824663,0.09307321668502189,0.005570356295881952,0.0755138840911416,0.08693286453728605,0.046222230704532755,0.005570356295881952,0.6707179557291211,0.06773643413745607,0.0004405727729983375,0.009176958838706527,0.05152633186973345,0.02639480264489557,0.04097388424108662,0.02381690708182821,0.02924082688415416,0.5648948874693267,0.2793366157600477,0.09438341677422793,0.06076619338276662,0.2806966294269646,0.019107196267272836,0.9214362812628709,0.7823432179027909,0.7137198881474889,0.4955484734928838
600729.XSHG,4,1,-0.2336815960522996,0.6266822217947112,0.2789736727605331,0.5274178722819538,0.6673942135614273,0.29284598102105647,0.5181446158218846,0.13733793758752302,0.9531477362240162,0.27780721107087125,0.4314078566172102,0.007365205212423807,0.016768635253926856,0.007351760004552519,0.008691040412644907,0.002101267757866902,0.016600745025213862,0.0013947727889439241,0.618435111795622,0.02406139686817035,0.15444061177684618,0.006576329241683097,0.019275119614223978,0.5454545434710744,0.017649458199815476,0.7033585200232026,0.0030588011264264057,0.055123451207379943,0.09128017429283536,0.4727218026445348,0.10795602132335327,0.863453815261044,0.1318425036662446,0.5517242087303241,0.09274087579335807,0.03234761545853679,0.30879637496544055,0.18266654242853145,0.1386611968584999,0.1295594002485103,0.5318427242963106,0.2244059982344247,0.2481714231400296,0.4887469118474571,0.2641939605856332,0.4841031428891698,0.29109093372859374,0.306193300498939,0.15589718061251293,0.4841031428891698,0.6545431812259502,0.06078145043147987,0.000692869308938064,0.009103745626473972,0.04217246697929764,0.016599131893731373,0.18811871904672695,0.009351802471179657,0.029563760441549007,0.5473574668761636,0.27470068928625035,0.028207724033886387,0.03443332617954523,0.1893896932157876,0.023007268050487528,0.8858905213674,0.6590017027110702,0.6958976850543817,0.5103909986780559
600730.XSHG,4,1,-0.2596238929260438,0.42801978238901434,0.22433890776203108,0.681095684327264,0.4356569863810643,0.16001868535780941,0.5511594597405267,0.31259116454443336,0.87332654805008,0.45502584221649445,0.19702891083705765,0.0004312730209171365,0.010649454841720333,0.004799703836566922,0.0003198332934722477,0.00047008313309027767,0.002076383325705257,0.0011217950648353605,0.6194498225179357,0.022482601335011766,0.15094026814534195,0.0038962859093740866,0.03985630257260392,0.6363636304132232,0.06073489284284933,0.7393493976424017,0.022760199063619257,0.1712489825449941,0.09384467806860387,0.6104753705740277,0.33969353481231035,0.01606425702811245,0.21989825430100227,0.010386007993027399,0.1647825416328761,0.060850393595423435,0.29708049063222836,0.2203379470963922,0.15185476931396022,0.05656922303134735,0.6559054704975247,0.13270078846843464,0.07416319529231065,0.5145339089748169,0.10535232528123341,0.005009190020958269,0.1493097417559387,0.16655361087544815,0.04048288733609591,0.005009190020958269,0.6859053234662769,0.0664672868551049,0.0004690751251403869,0.009006599476741078,0.05000939264914391,0.031164092825051382,0.01875602529951443,0.019699079522682315,0.03188681702358657,0.6630328116978232,0.299534188181434,0.05462243435295945,0.0893520915140611,0.22690695141105538,0.021293593348088773,0.6755806976182699,0.661870881429393,0.5682852186220171,0.5424179395759958
600731.XSHG,4,1,-0.1629868523303196,0.47993355144242833,0.15612267907106725,0.37344789002642453,0.6198042544441462,0.18657969731745078,0.4890892412560424,0.49232674178903024,0.700129704875305,0.27747947027806724,0.12753484257988912,0.0014126838013298138,0.010885886929729223,0.004875769139587581,0.0003927198744168495,0.0029611830789274506,0.0014137540153401353,0.0011799397772882076,0.6163663111905029,0.022981564522678938,0.15085356778542258,0.003242454468930048,0.013311408830802464,0.4545454565289256,0.010511623220714543,0.7014400238565183,0.0028396494569238153,0.06448403726146332,0.09109123299638056,0.3894856627444435,0.06643179011318245,0.3132530120481927,0.09657540473627413,0.8944747915766261,0.07294180442643658,0.04614290176215956,0.31470625503312677,0.18112334918516115,0.1321800981133841,0.11060930270342906,0.531449174149408,0.025395473821544425,0.042819599214059936,0.5236037712396805,0.10166753090229855,0.02024812064332254,0.10154018064520305,0.1165576371690882,0.029553960351029817,0.02024812064332254,0.7273098015020268,0.0744866201536453,0.0003419574016655801,0.008892569906913722,0.05264949219011776,0.014077969107561168,0.08596506591848566,0.005614046713653712,0.029884296601238428,0.5932113460990439,0.2728646171258113,0.0310284184374125,0.05563381428642406,0.17808597114556418,0.019400311060597,0.9036878115635341,0.6779029012427582,0.7436396426845657,0.22529004896109772
600732.XSHG,4,1,-0.305364797983719,0.5819643663628788,0.16745348085084755,0.26731413946222615,0.24965741602157893,0.14946840012408696,0.8527517825173467,0.7004980531714773,0.8307702643011261,0.588187216368864,0.17656585497192578,0.00016597588578947154,0.013684344003226122,0.004700895078391771,4.856125003557504e-05,0.000489820663484809,0.0015168333364656019,0.001158647558424024,0.618785895276319,0.022132017701259738,0.15076875685755362,0.003463017550373083,0.08142606130884901,0.5454545434710744,0.06156114283550412,0.6657530418146766,0.026975010833867753,0.2505200325585602,0.0891895054640469,0.3233611232941289,0.0715868621339327,0.19277108433734938,0.07503514719659107,0.8425426984320895,0.057621915107781294,0.06215647834862188,0.30991682369439433,0.16867549738322846,0.13872359010755034,0.0424526209317872,0.5318427242963106,0.01621741138797164,0.03448116243923435,0.5150472761948565,0.09760153289117193,0.0001166973798594439,0.11615671844683562,0.13371755811453853,0.015237940738867563,0.0001166973798594439,0.6532881813837017,0.1352563542515613,0.0001701986069844798,0.009144022434025808,0.06340724152141919,0.01388470155615717,0.007298949450115786,0.01926259791863477,0.02986760335755658,0.7208361100546326,0.2745155636899211,0.044219657687853325,0.0810549961375729,0.19211545890966206,0.0368213495244362,0.9314489213333144,0.7529935650789441,0.8164058271039019,0.3903948455415795
600733.XSHG,4,1,-0.1671078558626083,0.42307496955944596,0.031610684186400506,0.28689202256687285,0.5726191938974329,0.21570470337356035,0.49794848401607406,0.4101588702219977,0.982222440787573,0.3686295020853595,0.28249380307815464,0.00017601320883262487,0.010847722973860574,0.004872207830392984,3.807257767095557e-05,0.0002115082092211275,0.0008038355677260206,0.0011090730010523628,0.6179452160089284,0.021928359959143436,0.15101672533597243,0.0033486274712197237,0.008950618669686662,0.6363636304132232,0.015071209823602248,0.7047702927804006,0.003326702674980074,0.07117663018902053,0.09123235000655106,0.6863412838487192,0.27119132077142943,0.008032128514056224,0.2043366436041325,0.05691721272683782,0.1461308032481149,0.05470854777798884,0.30547381942670976,0.1844252669168254,0.15623269562233363,0.07078751258714384,0.5318427242963106,0.07005335890482306,0.037393542247078464,0.5214396957519354,0.11614265092487137,0.010603094473259963,0.10973958406343713,0.12802655067437832,0.004047387488114824,0.010603094473259963,0.6892590008845763,0.07832176154580378,0.00030807396668733084,0.009054335673301554,0.04536662728437933,0.02322841879407859,0.029591772447739473,0.02056246832083001,0.02930528691495892,0.6859486629047407,0.32779182928422196,0.024877926152655154,0.08814394658614841,0.1106573314080154,0.021182478913680684,0.7601333598443425,0.6260945999734644,0.5800698682115479,0.7588105262631102
600734.XSHG,4,1,-0.1945471932800422,0.4072900052811347,0.05024311594931663,0.404027486665086,0.3891157179050594,0.22767302214692156,0.45562589364102557,0.2953858579136734,0.6638443927888656,0.30507021773976795,0.11618906586061883,0.0005577375332228139,0.010318797164173757,0.004662636457003635,5.548102091009036e-05,0.0009635988929421277,0.001957786067402932,0.0011687704744452127,0.6174232544472492,0.020618603147526254,0.15065699276901695,0.0028546193873847984,0.011226737638177327,0.6363636304132232,0.010619918180925328,0.7013575616180245,0.005509273849001136,0.060504657682915804,0.09140306996834854,0.3980872470731639,0.272171472834331,0.10441767068273092,0.14564906034776948,0.07519666892174202,0.1071743992778642,0.0546535536333279,0.3082414539105855,0.1822620281008969,0.14477313554673382,0.0868984931336008,0.512821274404974,0.014443638848442108,0.013002148579526406,0.5491214984878812,0.09053655890788466,0.000919932974295213,0.08127285151481382,0.09583576702123671,0.02026954132170833,0.000919932974295213,1.0,0.17261776706869217,0.00015018587475139686,0.009068895573775012,0.08608771890017353,0.013324698974116391,0.010646050673669593,0.009587876711956333,0.029175392910531565,0.5352517012384639,0.2031690153868376,0.0494171135273374,0.07458030250834075,0.15973860959112327,0.0199334509780463,0.8438418712985187,0.6912564680907525,0.6599311351868036,0.6027248529779153
600735.XSHG,4,1,-0.2798705877604448,0.5472369350749899,0.18276623922440022,0.3850626297833354,0.41742852629124105,0.08800810759410829,0.6612713640022855,0.3536195839717868,0.8194041830480909,0.5269830251538641,0.17159747542350712,0.0007790755793858265,0.010915914344631012,0.004898963492989411,0.0005412757335585401,0.0008011119309978684,0.0006495724815097576,0.0011247708781487902,0.6180469209594136,0.022991172996083088,0.15101359196476996,0.0034219505586044405,0.019918704213398523,0.6363636304132232,0.02231249090373821,0.6926912055123939,0.006776251135501965,0.08777245184046305,0.09169811674229032,0.44123872147384713,0.12430630795106132,0.5461847389558232,0.12691530810289464,0.4840052191820338,0.09051555170186326,0.04601559791170762,0.3084160162871962,0.18342513345984712,0.14014953582022424,0.12883116347760148,0.5334768367217502,0.03374434030959393,0.06302994135540341,0.5276568309356122,0.11262078193394176,0.02068966392034332,0.11624743078511542,0.13268022499504642,0.02599695644094973,0.02068966392034332,0.7479915912673513,0.05587549217596515,0.0013577455193983159,0.009023443965887317,0.04433581042467965,0.019179641353764668,0.17459696773857414,0.019025076269612723,0.030453169109265765,0.587988707568834,0.2836601062905133,0.0354633199958985,0.052772835066838435,0.1425914051020925,0.0322264760423521,0.8926801210038204,0.7022826279244616,0.6923052549027893,0.5989100140829119
600736.XSHG,4,1,-0.2313419685129477,0.6247566569653028,0.5700996494853436,0.27592590067664846,0.5003872615766803,0.3446862790611909,0.36330145953253695,0.14955190238795454,0.9919683088047393,0.16040833215707578,0.2999594777554561,0.00214928273250592,0.011590389326665111,0.004925317629577972,0.0009667299406677137,0.029375673955614592,0.00967267276669054,0.0019641417408924815,0.6289823048647813,0.027738272436420575,0.15090733817913204,0.005338871444170515,0.010403659861383027,0.2727272717355372,0.009936941252520643,0.7021214287389004,0.0010118113067244723,0.018178529438364836,0.09124986643931769,0.2900697907361205,0.08509274690431534,0.9919678714859437,0.11003411287421716,0.49065238748833534,0.07435848954348945,0.03288995399173743,0.3064258702529405,0.1810176929979645,0.14016643399184206,0.08854449341491194,0.5610736228569728,0.06991291293074607,0.08636593435369949,0.5186623658428167,0.10638575266220257,0.008913294317318384,0.15054468256150447,0.16648870942572808,0.053638420837644064,0.008913294317318384,0.7179382011902634,0.12006539385776696,0.00018457598984595425,0.008889760024601552,0.04842055744844991,0.015253572959967723,0.012957234553339858,0.013128628471545108,0.029439998871479522,0.6493064757391254,0.29408787489636573,0.03266703304935425,0.026906675226473054,0.14180971968890915,0.014220404378776098,0.9280492394654243,0.7082476449515727,0.7241433486571625,0.36006269141296926
600737.XSHG,4,1,-0.2356071652008763,0.5906161709401107,0.24337213943094027,0.22533494658508801,0.9791226473211412,0.21533735965192013,0.43152871190152725,0.2008468168148966,0.99504671395289,0.3517967736384255,0.3668645495412674,0.005647298137590892,0.01176996305615227,0.004720868633366184,0.0015708332577455335,0.021428407653362343,0.006447382443680458,0.0015068294897649403,0.610492581279098,0.04894053150263353,0.15027719793557529,0.003213051770407793,0.01540592783826368,0.6363636304132232,0.014854626932749332,0.7007516665170854,0.002331442176170743,0.031156733291127787,0.09131897271566265,0.5688751409659715,0.14324409328356702,0.49799196787148586,0.15719591910413186,0.2239300112206254,0.11067616586442591,0.041965549124722154,0.31241683978979395,0.18474216905348878,0.1433289918030869,0.13714594468733765,0.556548044435894,0.04653578073406939,0.05869058384706818,0.5115740681262831,0.08665019658096895,0.02404931683647561,0.108473057091161,0.12405045643300122,0.02889446070662418,0.02404931683647561,0.6881150112704595,0.06653316590395603,0.0004674769518763309,0.007743221940693709,0.05409743765365291,0.014650265082166873,0.05099033845878703,0.005009861348852262,0.029114395484821805,0.5454546966600617,0.24286745727560144,0.04088069482277537,0.04631234593327762,0.17393901682119878,0.023868965723514986,0.8462820084929912,0.6393265446021852,0.6499248771497148,0.6680630309391674
600738.XSHG,4,1,-0.3352616275642598,0.5058552349418536,0.30517535789864814,0.4064765813181409,0.6513885162272881,0.133890459259195,0.4792176023924617,0.24306160061899826,0.8647943031721932,0.16821745746620592,0.19265277947812587,0.001047248998700905,0.01139232626381649,0.005102903186211567,0.0005088392891723123,0.00023654062374945452,0.0023618477927732154,0.0011245232734636448,0.6174800979545583,0.022221255497022092,0.15134143172626116,0.003662001650387581,0.009378146493869135,0.5454545434710744,0.017671315185654863,0.7049303484109966,0.004169990227487892,0.06597630460341865,0.09154663574124831,0.6165877367669037,0.19918138419978534,0.48192771084337344,0.1604075888957258,0.1657665185982123,0.11064992611870339,0.04152691205420509,0.31344878886041727,0.1843334917079229,0.14757953189464898,0.12850283295778214,0.5423311877682082,0.07819594650695197,0.07665114704297549,0.5285767326414672,0.12325027097660018,0.022575255437654967,0.12835252897776278,0.14590888456964118,0.02346154080640796,0.022575255437654967,0.7282925341531732,0.05705655400825794,0.001089599840007343,0.009100909972970724,0.048022557132899116,0.02326377836049791,0.0878431857257352,0.009859119061181282,0.029499004822504428,0.5718495347859882,0.28295075016745985,0.032258126895051344,0.04977216112639794,0.13782275991792065,0.012154244182568642,0.8419813665478406,0.6531997700234404,0.6463548914349388,0.6434391854419556
600739.XSHG,4,1,-0.1931467175846737,0.7538614742503996,0.4293642568210617,0.3408092902335644,0.5888295137957235,0.08662659149136487,0.6384560949062825,0.2365108538140745,0.7550127816821941,0.13141226311301543,0.5695042326997798,0.004534372572166803,0.015543646830053888,0.005716551472275694,0.0026903193397265573,0.00159824733521968,0.008988371865867253,0.0014073936721119022,0.6202944103431709,0.03286621226639151,0.15193846947481596,0.014666503138816997,0.10137557510933803,0.4545454565289256,0.11161179111643688,0.7018017470257424,0.0025764663459360002,0.04607940671068101,0.09111968272158417,0.3492490249714101,0.0705979545656138,0.9919678714859437,0.1057630861544421,0.6414625207499444,0.07720568476075722,0.03197821641751195,0.3075189594330195,0.17685765490355923,0.13884187730887518,0.0532681245411283,0.5061893311960103,0.02733206168095724,0.21518527208559263,0.521365623450303,0.1324980274017526,0.028154675011811413,0.28436355009614334,0.30112495007661416,0.1356509656447868,0.028154675011811413,0.705979478298669,0.07010815109863369,0.00039775315607444063,0.009073288465207144,0.04441733650854123,0.014723040252786418,0.09724089780242152,0.011883006539194857,0.02946242135081423,0.5482312331525554,0.2868130813522851,0.04321900070151126,0.026340598242229733,0.1265320210771647,0.01599509481366274,0.9177117211799293,0.704441422316572,0.7374317755133835,0.19676209727360439
600740.XSHG,4,1,-0.2800067948602907,0.7057941283117647,0.34997835087671003,0.4004585832790457,0.5517132542427,0.2728922750073939,0.6525993948411096,0.2151947717150945,0.9975222592710007,0.3697192643911078,0.3581493305698096,0.0020240039183182868,0.01138189866007213,0.005210409057885386,0.0012343997640309667,0.007834227532881077,0.012981669179116454,0.0014539082546958077,0.6136883126982982,0.018717228348060007,0.1510612817685612,0.0030844135563967098,0.02544866169829252,0.363636358677686,0.016763031843366385,0.6879784498245032,0.0033771588839585907,0.04110518223749661,0.09111348073500827,0.16031260410523424,0.07759287637247181,0.9759036144578311,0.07332818587761264,0.8275863130954861,0.041992331702495576,0.03191304409121693,0.2999826173068405,0.17763575640570478,0.13662431724887367,0.2776599743760492,0.6576035989528082,0.10663019030301976,0.10196272511860181,0.5252591366277053,0.1048999288245821,0.041301809191968644,0.10396949622074125,0.11413680191426294,0.07718001344976363,0.041301809191968644,0.7303970543728098,0.09826317707676516,0.00022154819704887357,0.00955878699899032,0.0431960282813721,0.016412085998320603,0.06864407343318193,0.00658316477221139,0.02983187123448337,0.5134352653399761,0.26953683366708503,0.045475658599151716,0.03132664423222226,0.18439764148553478,0.030198749775677453,0.9314089772904803,0.7659684445623811,0.7932788153562196,0.23175800349476627
600741.XSHG,4,1,-0.2137932856578584,0.4270310159291022,0.6215193344138485,0.6647299028064808,0.7278190561449878,0.11756698418758824,0.3626534597347262,0.2769705512297789,0.649503529781627,0.13081324188817364,0.6243813807288492,0.05369956084917597,0.04022390558101389,0.0132694258746772,0.020147117127679845,0.011417959519436041,0.05021681889727218,0.0017214673930124032,0.6470501392005451,0.19205710405093848,0.16257452833858452,0.013753651157019571,0.046175389594552724,0.5454545434710744,0.046353733750977566,0.7023693048026864,0.001531887686568566,0.016007958759157094,0.09123792564607922,0.36474561898211444,0.13517517114482056,0.6224899598393573,0.12716301842938474,0.3415043029507267,0.0899448543077191,0.04163787318227592,0.30753917787577456,0.18170045363377668,0.14123101880376543,0.3366693743065346,0.5621565573017463,0.2037040794946801,0.2182908807353041,0.5333175205362947,0.21234260772179306,0.1297482959860459,0.1955303537971754,0.21383283561114036,0.061447978122000535,0.1297482959860459,0.7066899437587129,0.06708546757713525,0.00045461075635890426,0.009012773321973568,0.049199936256628274,0.020402523366601668,0.0955603727159288,0.013975851284357708,0.02946402324837195,0.550404006018786,0.2901973174113641,0.031072537109653343,0.04620689456120374,0.1437796872625019,0.01130331399174493,0.9134794279302949,0.6823669895183766,0.6926656861528386,0.37592921223983905
600742.XSHG,4,1,-0.2195862345898575,0.698572720909979,0.6536826270284805,0.5795801708859292,0.6556446321265784,0.07333478679963351,0.5668202144448437,0.19897941515809067,0.9615456219555141,0.23207895942781673,0.2578145364178426,0.0033695307047592444,0.011886110903373758,0.0048656388267181916,0.0007156217214697304,0.0014242400272912075,0.004089741367224916,0.0011940715163022144,0.6182398978365019,0.024965814667074926,0.150992269285255,0.006114787138288851,0.03294588623856013,0.363636358677686,0.03909062483199313,0.7041687594400685,0.0042674531707306155,0.07379940309306321,0.091262093564404,0.32218740178331434,0.0974399197968206,0.8835341365461846,0.07955520185097587,0.6493559689518211,0.053034342941600206,0.04059844916015649,0.3064258702529405,0.1695389703746768,0.13876128602885165,0.2504512934394844,0.5739339970855052,0.09794724091424756,0.38627019300425924,0.5451575262918531,0.16201728784581826,0.17675258483980327,0.38263498015514236,0.36284072247891336,0.5482485751706336,0.17675258483980327,0.7365622118846382,0.06001591972114691,0.0007459354554712588,0.009083774872520857,0.04405706509264159,0.016798813854670556,0.1855681397865792,0.010888353460848956,0.029279987558377695,0.4913244323014095,0.27938936974175665,0.026999091789100718,0.04397035651634846,0.15418273737143437,0.019103906203266137,0.9321856670122566,0.7663360753615502,0.7899438360975197,0.3429792455546803
600743.XSHG,4,1,-0.2178364533125172,0.6830350462996465,0.3685214336906938,0.47213661241567567,0.4554903293269773,0.29413692664912383,0.3529023886084619,0.3601223265347479,0.9980254474466934,0.177722327172322,0.35591405670132664,0.0011148390637646629,0.013936851200867054,0.006198067742779445,0.001458596225776477,0.003047128485410105,0.023543457415133025,0.0016464329389660995,0.6259884841691713,0.024238956202261255,0.15283237358803214,0.005062546742437522,0.006708458519080227,0.4545454565289256,0.005555731921522949,0.7022570555202499,0.0008774310089861092,0.021208284344758976,0.09131694300777604,0.431533362387142,0.19453392317761642,0.2971887550200803,0.13948726597632782,0.20772734598844672,0.09689289067979137,0.046309612543764186,0.3107137432686019,0.18384457396271553,0.14331989278760038,0.042987868919957636,0.5547868436431225,0.05390159826789856,0.04682145144346996,0.5198219486547667,0.11827965411775641,0.009863813298431596,0.13112135668903255,0.1486705223121653,0.025387025298756253,0.009863813298431596,0.7023079610692973,0.07208947275209113,0.00036955942380006534,0.009063235507394412,0.04279433422739391,0.015857362721623473,0.018260375708948423,0.012191715246446879,0.029385410398158427,0.7287582206659031,0.35172305989445707,0.9999462775946857,0.054262863985047545,0.1696881966610934,0.0273701920200993,0.8953998664981324,0.6630511697846182,0.6686673021522895,0.7271607920669849
600744.XSHG,4,1,-0.2538178892939532,0.4518874516280034,0.37553850209239564,0.7138729321653372,0.6065878769489504,0.7982610468862197,0.6345929554466994,0.43200061709269827,0.8891115523399129,0.6413829307954529,0.20557336717264507,0.0017000281207297642,0.011939381007884624,0.005306434199462892,0.0026077945832000808,0.01838666356802576,0.007228529462359052,0.0020061112698112234,0.6104145279499797,0.0207178106079324,0.15006030425073813,0.0019144533728271554,0.016127816213544775,0.6363636304132232,0.01518409312032177,0.6742987593364345,0.009628359575828223,0.06461969792891381,0.09061913702413599,0.24849432200586924,0.039768363865389615,0.6224899598393573,0.07505820533868457,0.9173246251151064,0.0543773068682898,0.04438468793023143,0.3087156868005736,0.1751952140341235,0.13724305030195733,0.24028931087707162,0.5235973968563742,0.03609909649337917,0.052446557728942265,0.5406025815863243,0.08249507699007878,0.05260752254961026,0.06909468747041245,0.07957281094355834,0.05083899328757656,0.05260752254961026,0.7534661483073278,0.07286449947818327,0.000359956487056911,0.0091244442794942,0.04173475897565245,0.013933189780489911,0.0917378524973423,0.00475981179467943,0.030811712195532984,0.528522148533614,0.2722734221352204,0.0326727774142298,0.04898967689823293,0.17247587019303845,0.055818926840940364,0.9258949240885657,0.7564846756003716,0.7988397546426977,0.37304947078866985
600745.XSHG,4,1,-0.3975568987046045,0.305492752608553,0.1309950868664455,0.395471149254178,0.6118111019443322,0.2903389324326181,0.5261138946652298,0.6111264305309911,0.9897360150130978,0.564991675963935,0.2952671192930607,0.0011229154330321233,0.011281243546103869,0.004867826343257957,0.0006597830228531049,0.0030978355948269518,0.007336974686316475,0.001391008641348867,0.61949246991803,0.028957511371061326,0.1508580493876583,0.003655495038100814,0.038008270927169935,0.4545454565289256,0.024839363250082968,0.6933131823777825,0.008961042564450482,0.044994121371077146,0.09157991912878745,0.4663961874820176,0.15485156241504627,0.07630522088353414,0.11336963782905614,0.5741582734403793,0.06843673619202888,0.05424803121894393,0.30450072609137335,0.18029660854633842,0.1402431256937999,0.10296881480008994,0.546226344355463,0.04033342420728266,0.06973367530646868,0.5210669655360249,0.10145064518279584,0.025030442283274255,0.13005366594141174,0.14658719136628479,0.034302728891836484,0.025030442283274255,0.7197576004029088,0.10493353728373245,0.0002070308131800486,0.00877690304396818,0.04653041872746489,0.013968131714234992,0.02336130328637248,0.011249814330773392,0.02974002638352521,0.6739099821144036,0.29676041886272153,0.049933228867684115,0.06194615609648088,0.18570016023205146,0.0290174672489083,0.8874953842439393,0.7254793021095929,0.6851547213853235,0.5963457640746913
600746.XSHG,4,1,-0.1084505424478633,0.6235815898038999,0.16405186897040147,0.3249196576190111,0.7782560105788527,0.10627279176166624,0.38443126623883767,0.3680989092593404,0.7028831892119265,0.422545086111718,0.12842705476466154,0.00035505682634918756,0.01044040747646788,0.004699165311542629,0.00021214813135659328,0.0004399650032989943,0.0007017784978849339,0.001132192376070363,0.6171046887574658,0.022117284004474318,0.15075954765236646,0.003407684903751092,0.006938927125987983,0.4545454565289256,0.0073119981104135855,0.6984447476757562,0.00176723658361768,0.030387989508908385,0.09142435174568556,0.6740213461605045,0.1357950330140674,0.2971887550200803,0.1561965133453938,0.3140840920686706,0.10100358329019404,0.04675887940618708,0.3141905651683759,0.18266294401447894,0.1419758382143052,0.05757571146397651,0.5278782747107367,0.016183748072784315,0.0378455352029839,0.5247442036516962,0.09617785046756627,0.011198038338321784,0.11444276428661246,0.1305982915825363,0.027415622878594014,0.011198038338321784,0.7606490943318178,0.06304199898834498,0.0005773968898430539,0.00913654714364395,0.044780905905179615,0.014383729767758325,0.17190403529250484,0.006883208589562082,0.028941891822653783,0.4860807258026065,0.25534250863286795,0.0422309211930014,0.05447665298375842,0.1783932145209505,0.02932628462044625,0.8438658377242192,0.6011178187607804,0.6405919522171142,0.6126725059542197
600747.XSHG,4,1,-0.2135746572698992,0.5442047440787264,0.09675093768757714,0.28522824602431596,0.45423634742035973,0.12228351848758515,0.4529889404996145,0.19962820531377648,0.9953641703673977,0.381782445855094,0.3086362977214933,0.0008834947203367192,0.013684344003226122,0.004626482623455098,0.00011980380942008302,0.003053852555849344,0.0004429278534222118,0.001160537989086241,0.6173792280014416,0.021946766949842267,0.15057918161970335,0.0028472612711305982,0.01592806334253042,0.5454545434710744,0.01831485297728162,0.7009433176702903,0.0023763548624529066,0.028850501944469566,0.09127499566125602,0.3851120357967302,0.12673751161411648,0.7309236947791163,0.12244136973269683,0.3884502499232624,0.08654743199250321,0.039008470445844094,0.29872173824627063,0.1834242393304325,0.14095544862045925,0.04289519887868445,0.5222696613311992,0.013470025823478829,0.01919637118541199,0.5233671814979355,0.09562101465962954,0.0011632912024558172,0.10148066290958349,0.11664366932336828,0.028133703480159478,0.0011632912024558172,0.7583155424836143,0.11364916063425096,0.00019276121050585058,0.009140932906874295,0.07797072870599371,0.01324552010249177,0.015413127236219824,0.009499242516498401,0.028424927061422377,0.5136914074844513,0.2030952376781007,0.04524840274969015,0.040828524111667534,0.21146379578963367,0.02545776754202309,0.9054249336041242,0.714580292777852,0.7136670777079213,0.41068699634961575
600748.XSHG,4,1,-0.2745169348597839,0.9050501805842116,0.44697912685751057,0.47511391539423586,0.627602982072957,0.2269396001593751,0.506108972518428,0.42952711607553967,0.9656049366887409,0.46010592118365656,0.4173325882420438,0.001843958418674709,0.01322509563541053,0.005898006585170106,0.0009795248528050447,0.01206711751975072,0.0159380792848127,0.0015395041230537954,0.6390817905785471,0.022640111772807447,0.15208758280343743,0.0061865315188853465,0.04900927500289545,0.5454545434710744,0.03752572972942231,0.7039410382243252,0.012034903829258037,0.043954056253956764,0.09043960491183804,0.2831363699925254,0.14609542580149745,0.37349397590361444,0.08704646281512243,0.2546732929609824,0.06612223473166912,0.05271128621675862,0.3129064995460326,0.18433169822690768,0.14232939995892444,0.153711741100999,0.6047080208111575,0.1919895736989247,0.12479025006469789,0.534180051337525,0.11871690686847133,0.0179475619177905,0.16594962152593606,0.18301971240384374,0.05329276668318066,0.0179475619177905,0.7399299116475437,0.06529234932006535,0.0005001513340374246,0.009049629140990787,0.044815072985632934,0.02008232760781782,0.014769397076521903,0.018387131085466604,0.029320357828716243,0.6509802704018327,0.3392995945340646,0.030874051834483638,0.060654474715069975,0.16215119445711101,0.05275782137943411,0.9173903935464629,0.7681797576400871,0.768344366314333,0.46503923945176306
600749.XSHG,4,1,-0.2418523975078336,0.5795403000774815,0.28377755499353696,0.35358368011576313,0.9999999999999999,0.13375487471626674,0.44637780957009526,0.23932349930403016,0.6807718889051837,0.23705269182504246,0.12139100171259565,0.0005180426486008927,0.013684344003226122,0.004629891738340962,7.067091300342961e-05,0.0004907785820620217,0.00044281266897023967,0.0011399048194576991,0.6174333621693876,0.02174938825034078,0.1506515266677975,0.0033846673057262864,0.008434651518683538,0.5454545434710744,0.009787161551104233,0.6989817343935687,0.0035939205480159586,0.04571764493081305,0.09134422547201974,0.3481276135419273,0.09735216475965522,0.859437751004016,0.10936213273320675,0.675945668766727,0.08376307797303761,0.039244800038255874,0.30176196391646837,0.18226939326252947,0.13741983117426693,0.2266230159372343,0.5164567036295692,0.027161049125232886,0.09462390029369795,0.5204160125286171,0.08445714426956075,0.0008632005348929974,0.11362802391537476,0.13257233541885374,0.0004217298771098754,0.0008632005348929974,0.7324863837191231,0.10060410992859761,0.00021600384833204292,0.009125417553199752,0.07495940845306762,0.018313353393551397,0.034783691516489135,0.01384295377999074,0.029395591165459783,0.7774313267386896,0.2896884653516326,0.029806924340295846,0.04107383513342845,0.15859394791508336,0.017790572471137165,0.9109221215435088,0.7406129759851403,0.7284922883555622,0.4555926687830639
600750.XSHG,4,1,-0.2010907040044904,0.6244411224087779,0.23506671000020107,0.35863716231542586,0.6274269464846796,0.10892771789159167,0.5098144624108327,0.33024646513801864,0.9927806108335624,0.3297352743838182,0.3731046137986148,0.001848439561939024,0.012487796592505691,0.005296442561250967,0.0006808436977214785,0.0010521465507703877,0.001499298796381806,0.0011307073857749102,0.6207959682817221,0.03097742101115545,0.15149588263906086,0.00469095490055371,0.0423787022244119,0.4545454565289256,0.03749486409439655,0.703105658981835,0.0031770122393649665,0.05837930722619155,0.09128980385027272,0.3279641599110529,0.02834628938430695,0.8915662650602408,0.09529007801557675,0.9455753470643127,0.07643404901064607,0.03823188541801333,0.2876704023721815,0.18151619084742052,0.1216863335387111,0.22620877843736412,0.5716924916478153,0.12462090061245011,0.18577028544550833,0.5288172969945194,0.1560578043958871,0.04263274035420151,0.2004239646700633,0.21037888778760153,0.14389497627206163,0.04263274035420151,0.7120394682259514,0.06152974587907023,0.0006488586540325163,0.009016440781793053,0.046146401850246335,0.028978910171045424,0.08423216298876286,0.028689822095140653,0.02980343619067606,0.6812006080881041,0.2890970756969025,0.03908492673781662,0.04021086563516051,0.15330985268784517,0.028062750493509602,0.8802495348738124,0.723491884481005,0.753009534924864,0.3954722364219184
600751.XSHG,4,1,0.4302803075161081,0.014670297765391693,0.013038171268384469,0.3862452993797315,0.07644441546739289,0.4731493794566639,0.3200275855668403,0.30161285091879575,0.9807949846277331,0.23386306815654984,0.2804112217253441,0.0003782947115670974,0.013684344003226122,0.004679313466992534,5.529471662736683e-05,0.00038066230667963355,0.0013264482113092238,0.0011432529716201808,0.617233494054408,0.022187510724770602,0.15070689643520338,0.0019902957076289385,0.0,0.0,0.0,0.7030504444776122,0.0,0.0,0.09134051696217903,0.8396448142750608,0.15505315360472885,0.0642570281124498,0.13305799715660166,0.3190692116509718,0.17499074286600436,0.05430988305952772,0.3091516237439764,0.18330917166041477,0.14208910423830812,0.16646486175054917,0.5318427242963106,0.014190581069988474,0.010818069636731424,0.5199263323860643,0.09568176354896056,0.002295239419998473,0.05338257956078992,0.061861814639503035,0.059256096064287424,0.002295239419998473,0.6819369999427422,0.09830572147185779,0.0002214424756999405,0.009152375864035521,0.06659718041115528,0.013347625937079376,0.02507000340317415,0.008776046942657167,0.02727136330698522,0.45851827868043554,0.29599917104153156,0.09993336699244067,0.07433008485382255,0.22896748492678726,0.006156008853263145,0.730680397949184,0.4828899650612537,0.5324269301555531,0.5963485974401379
600752.XSHG,4,0,-0.04005867553473946,,,,,,,,,,,,,,,,,,,,,,,,,,,,,,,,,,,,,,,,,,,,,,,,,,,,,,,,,,,,,,,,,,,,
600753.XSHG,4,1,0.07092787155046236,0.4604325745403815,0.06287815831066962,0.29337997196228416,0.3619818297169137,0.1254341417064562,0.46337848201489823,0.42885194190900416,0.2645026647897367,0.3068550998981006,0.021573916504299184,1.6444529474687503e-05,0.013684344003226122,0.004730080590001206,1.1915065717557729e-05,0.00025771339641384507,0.0005215219292899288,0.0011225139771237045,0.617529197453703,0.02215089949064255,0.15081840019427456,0.007249247564261568,0.008508604420296224,0.363636358677686,0.006663916302849748,0.7009776296164547,0.004579036230104743,0.07018178529438365,0.09128365824178461,0.1720310610759127,0.118968453557762,0.285140562248996,0.09592582393329739,0.6194431982786144,0.06810594504449063,0.050889655042688046,0.302511746439639,0.18107649357295771,0.137981370415721,0.13018594956318275,0.5318427242963106,0.013165161514509636,0.023555798356066776,0.5227001694549435,0.09911033338607521,0.0001205436469375602,0.14997234261458614,0.09381046166089405,0.0632184951466207,0.0001205436469375602,0.727001309920692,1.0,0.00011106784328507988,0.009120365303102309,0.051569601377025674,0.013138017168729319,0.007073456830495692,0.017349192676755835,0.02996043969994048,0.583862157825697,0.29599917104153156,0.025313969759128297,0.06782024076723242,0.12725480696154431,0.016988843692050008,0.9181253639346125,0.7449858475963032,0.7338129401420073,0.3830720505401181
600754.XSHG,4,1,-0.07292638301214294,0.3940371616950854,0.41366657809405133,0.4257962922006667,0.6845450616835054,0.06515524249385893,0.1531533435173711,0.18934522030740675,0.9738030400293658,0.10833583086641516,0.40675388812517527,0.0057891218106726,0.012651641634626523,0.004945658975231831,0.0007471039021104377,0.000722312015056226,0.0021538140988445285,0.0011316314037864345,0.6177166730821145,0.032158478709433856,0.15109281791348417,0.005187245987163231,0.008824024114526884,0.5454545434710744,0.00647140351173687,0.7021576162048474,0.0019420249968193411,0.00823008049199602,0.09139058386957927,0.3606194542378705,0.06693841994520383,0.9839357429718875,0.11259686066689416,0.7598673235471959,0.08312744614766282,0.027982832450806953,0.3065039943558186,0.18170797078261489,0.1398544677465898,0.3343089049146602,0.5435182041340474,0.0593481332179794,0.19547851099249175,0.5269841580825768,0.12952185402128927,0.01866955534963478,0.1746056930437002,0.17562631366389897,0.21130548855855588,0.01866955534963478,0.7194105473739071,0.12994551360911266,0.00017459165329968706,0.009006729155181283,0.06663543698772464,0.022352321820285636,0.1189929911609849,0.0108735566454757,0.029483680547398694,0.9496481094824709,0.31713980759007165,0.04463853319958523,0.010490628228353033,0.061453820869433046,0.008930729197822576,0.885851464969962,0.6865159656804214,0.7174562267469033,0.48124572070900185
600755.XSHG,4,1,-0.1863352712794203,0.6065939074179645,0.6503218785298921,1.0,0.5125952376772998,0.22707319612900706,0.32455695499757414,0.22557229942700896,0.9989409337872859,0.09627129590062972,0.35099311121842747,0.00143661669225611,0.015144789153014801,0.005655323809636469,0.017126063039440902,0.018178925416579013,0.03548869782750144,0.002164361407513456,0.6291237719160182,0.05617718123354293,0.151610034904293,0.006547667621743698,0.01008595914812377,0.4545454565289256,0.00894891062770406,0.7006852903825787,0.0012973769144339255,0.014380030749751289,0.09127118569674622,0.3821774644358684,0.1334084484731944,0.9317269076305219,0.12485127498349693,0.3535523596677545,0.08593695111005033,0.039873146718573615,0.3070443626638149,0.18130620913080903,0.141258315850225,0.10366774497236847,0.5692228201446311,0.07455644665783576,0.10235483854848954,0.5797091034176197,0.1266583010746287,0.15823027195911107,0.161515002032609,0.1789798906407777,0.046573716447491705,0.15823027195911107,0.8079826870785264,0.05919992868096009,0.0008141784317946661,0.008912561222987378,0.039575768864845574,0.014545332195630539,0.10014800666741305,0.011275564505841329,0.02950658386843228,0.49368459920407437,0.27186248613748004,0.03425334712847568,0.0416965239393169,0.11918707567006132,0.011330980439073997,0.9198340813225205,0.6800838087656453,0.6963294103978475,0.40602590392960974
600756.XSHG,4,1,-0.2998225265792444,0.6661214919823042,0.16269956627648835,0.28860732731014116,0.5504900325908242,0.09922564955842825,0.735894092636626,0.39741447687010883,0.9387884317653123,0.3282464224047086,0.23798664527766766,0.002098526485651441,0.009477961813920173,0.004674030592089446,0.00027710511235553843,0.00028836027008159715,0.0015539068128986276,0.0011288373216121136,0.6180869420015053,0.02215069647678655,0.15074810363829416,0.003817847737003592,0.06756456140360416,0.5454545434710744,0.09210471320921507,0.715536086761555,0.015362182736835726,0.2166953061409062,0.09251037926501812,0.6981048943116667,0.27535312517797966,0.004016064257028112,0.19542038945860796,0.0373904500466585,0.12252256532755534,0.05853830216408834,0.35078347058791254,0.2020740429702567,0.15413862220107782,0.06441904378204553,0.5296692778111818,0.05407188218043704,0.07273797471683792,0.5169509142730139,0.062267437498705384,0.015124565553392621,0.14540960719103724,0.15891273692627794,0.07334229807528421,0.015124565553392621,0.742235418806535,0.08490973558235117,0.00026804984046608813,0.00915830022220546,0.06786861794555323,0.02033949295838115,0.05107615682979362,0.014867660138998918,0.029411636022034934,0.6139405639340773,0.2634195130943754,0.040109316807329126,0.08470437640717794,0.1748600344530577,0.019778817969731414,0.7885877206686456,0.5924715846269519,0.5791575678680161,0.7023086923863225
600757.XSHG,4,1,-0.1681074560225443,0.5840983918719553,0.33057015004059864,0.40894426862093713,0.9999999999999999,0.21970047024335074,0.5379589497928597,0.28608476119996684,0.9876112963550032,0.34952289061578523,0.38449150004133537,0.006249354472948555,0.012300398827955828,0.005417566674312953,0.0012205829508000357,0.0007741120115202384,0.0041228596967768875,0.0011657920159656324,0.6203950935162297,0.022713224690690897,0.15178302635138005,0.007249247564261568,0.010493196241194692,0.6363636304132232,0.009829288469108447,0.6982755564921665,0.0023211623145057477,0.02898616261192005,0.09140438979062773,0.59317141996268,0.08464151236138626,0.823293172690763,0.1307442772985344,0.7881180454964023,0.09118073789403255,0.03629283738941348,0.30949323292964853,0.18287099704903872,0.13717415775613076,0.10927923399636291,0.5314156528353805,0.04119657492526762,0.08237520143104654,0.5179598231835946,0.11571619024045593,0.016182370835344354,0.14997234261458614,0.16094939025758803,0.0632184951466207,0.016182370835344354,0.6696966616303079,0.07689256443822595,0.0003195025783314857,0.009143052724421149,0.05841528595603711,0.01883766444473948,0.06761097359232929,0.016175334809976617,0.02996043969994048,0.6421832846737182,0.2896277301402186,0.03332465314029884,0.036498729944911705,0.16191733799462937,0.02354878267631752,0.863716251722032,0.6506705806908148,0.6811107619754273,0.4998915233554585
600758.XSHG,4,1,-0.2193160378906933,0.5527463370830762,0.14331169126762222,0.3487568511700886,0.5357595484260863,0.17573365700075422,0.5043342237115722,0.3168290962871651,0.6630940013471042,0.21823727659969405,0.11596183409912997,0.0002724369476796351,0.010764131591915792,0.0048363027862456855,9.825742384142008e-05,0.00029534657283831356,0.0004143461568760344,0.001125995789924509,0.6171908327280913,0.022161996540826144,0.1509657164398274,0.0035110162305836247,0.005358619112993547,0.5454545434710744,0.0048525301530630985,0.6956864196531449,0.002451839254524168,0.04309487202677037,0.0913586307481291,0.4213905293112465,0.07292745437773396,0.8353413654618472,0.10550022333457626,0.7062731816786589,0.06358994860485168,0.038550297296131575,0.3064258702529405,0.1810935514797119,0.13874048827916818,0.04508465943679319,0.5318427242963106,0.01978495772248291,0.04588089536721359,0.5124039990852773,0.11121537639681105,0.009231163740683772,0.12614214991478653,0.14487778444898095,0.010795065521872831,0.009231163740683772,0.5939596413551662,0.05649671951685059,0.0012007725811060185,0.009079556347870901,0.05151920823133777,0.016244261914455164,0.11354218513341292,0.007654413130136516,0.02943501064966288,0.569131212417239,0.29599917104153156,0.026880613247919148,0.03926351442312945,0.11804653062775498,0.01516136268469223,0.8921865901634687,0.6795199239308305,0.7220269702914872,0.427818956806299
600759.XSHG,4,1,-0.1874575194653752,0.6627102280850073,0.29602090172568385,0.27356870683517154,0.7976939839461561,0.16457522989715098,0.49658308546512425,0.21913991422631365,0.9983126071909367,0.42774891381480606,0.3545158811510124,0.000735314613880539,0.0108474495433499,0.004869231813018872,0.0003018886513131822,0.00628077292393715,0.0036745755686480113,0.0013339674372653625,0.6195807894032078,0.02188376418763188,0.1508739797660206,0.0042064131114081015,0.029452061564607977,0.5454545434710744,0.02419007012785299,0.6865551460467374,0.015612729032746473,0.03925115311567333,0.09011776713207453,0.3240747011822396,0.14656489629361102,0.8795180722891565,0.1055489748350025,0.4233481401787703,0.07339457362942357,0.037798566573015537,0.3095065787852435,0.17829715254270348,0.14113222949276888,0.0706601416007892,0.5172994606234622,0.014666785824115663,0.054468569343868095,0.5229956557096938,0.10037996776653488,0.005613217623162024,0.12601533537108486,0.14518728218918348,0.006572200234482873,0.005613217623162024,0.7265631116517505,0.09677442710461913,0.00022537269515555383,0.009136330281812656,0.04351118332076582,0.013440136928689478,0.03476900354986906,0.012042475720606866,0.02967828249534808,0.5539467512638009,0.3272479376794439,0.05546019350140895,0.03995922546946476,0.2061500132998936,0.03184153855356822,0.9183730170001847,0.7154537614435457,0.730400065484945,0.4799273156002073
600760.XSHG,4,0,-0.2259883237759454,,,,,,,,,,,,,,,,,,,,,,,,,,,,,,,,,,,,,,,,,,,,,,,,,,,,,,,,,,,,,,,,,,,,
600761.XSHG,4,1,-0.1608765194009104,0.6144944299031845,0.49343168775294793,0.47340144381664245,0.5845031842714793,0.08624406230091669,0.3326615100135442,0.27538201390987044,0.998015787638783,0.08816459355307754,0.31814298795762014,0.004268813329815562,0.012928997767557984,0.005732548093285118,0.001500841406792584,0.00023596833780970426,0.004188144042311582,0.0012012970360902764,0.6211653988301837,0.024221056525468892,0.15214884329241604,0.005936914301267141,0.012945848389461063,0.7272727282644629,0.014458441139024144,0.7023955949882343,0.0019281722189252737,0.02478068192095505,0.09137787328398318,0.6314089219326168,0.19736510740899074,0.3293172690763052,0.1594859220160458,0.17989136627796554,0.11424548241957326,0.045643014594503914,0.3185020860911971,0.18380117810872817,0.14585591838963022,0.12831765390050295,0.5165721938539097,0.04093750584053053,0.16872164267907314,0.5290835156569174,0.143839966885763,0.05865215631041184,0.2159527683956856,0.22318552023501143,0.1801274308115159,0.05865215631041184,0.7184009385622657,0.06563637624621846,0.0004905157647065276,0.009087582977244836,0.04712814475655361,0.016069894918693237,0.09966302663750504,0.018580399205365052,0.029505713449606272,0.5629311310283498,0.28457269177483674,0.028708995025396266,0.05685748314066553,0.1358830337690632,0.012066309744571395,0.8572035974492622,0.6321978240679318,0.639004998508105,0.6424687740601984
600762.XSHG,4,0,-0.04005867553473946,,,,,,,,,,,,,,,,,,,,,,,,,,,,,,,,,,,,,,,,,,,,,,,,,,,,,,,,,,,,,,,,,,,,
600763.XSHG,4,1,-0.02989164575986651,0.47476145175704115,0.08531469567896194,0.36403062439607087,0.6819055309111304,0.002071912595333958,0.3426922485717281,0.34416238186055287,0.9532030605784119,0.1285940790097007,0.24996126217982567,0.0006390414311311054,0.011040533088582929,0.004965911924666072,0.00013526573674326468,0.00021398236046398154,0.0003190304967751583,0.0011097937393188158,0.6174582509206509,0.022869411260457405,0.15114449251778142,0.003470030241407653,0.01040492528887949,0.4545454565289256,0.009945031171397077,0.6987076723491563,0.0041413860165999935,0.022203129239395856,0.09114331830915744,0.2525588521394263,0.07528077924706486,0.8955823293172689,0.0965694754997358,0.6078109103900117,0.06297623345577705,0.03440283447847654,0.304051823341996,0.18099989180539855,0.13739253412780736,0.14077392446997122,0.5318427242963106,0.039266544854527664,0.07740135706059781,0.5264298001742084,0.13185833637512945,0.012257541706270771,0.12508706752957985,0.1446305048944274,0.002426470958556756,0.012257541706270771,0.7072788822321704,0.06778937161237372,0.0004394806621990866,0.009061040843728793,0.05739924405004698,0.038710704540110503,0.08921595634182057,0.02686033719213676,0.02948084998351694,0.7204979137166891,0.3638525824047368,0.02301580943463587,0.02925932316918172,0.14204492197395754,0.012762606927080217,0.9338313615770264,0.7500221131307772,0.7576278078650589,0.3502395762466403
600764.XSHG,4,1,-0.1469769145284502,0.6289082210185236,0.2305778780894992,0.3340366076878305,0.5130163522517258,0.1227141349959252,0.28287283501154514,0.28476684321356527,0.767706208358544,0.13816411015957786,0.15094829732033666,0.0009990812504759453,0.013684344003226122,0.0047497394297937685,0.00042675797249695584,0.002633042460095455,0.0008664509508484437,0.0011504868111420115,0.6172347398856218,0.02280813684448144,0.15080068997582102,0.003687395093451668,0.006132975310401745,0.7272727282644629,0.0063045471882271975,0.7023759070640941,0.0012889775402559085,0.024328479696120106,0.09135933314470944,0.413838689964403,0.1368349924908469,0.6546184738955823,0.1268481100887936,0.373078095758234,0.09722418002492104,0.03874987150295405,0.3067341258970349,0.1822846653975905,0.14122451950698933,0.052058100170759236,0.5422530886347768,0.03648990426612206,0.053318860480265094,0.514101278556177,0.1021876388716999,0.008565861830506834,0.1319399343879615,0.14697291057650738,0.04979884995773423,0.008565861830506834,0.6672485939678211,0.06001755166572141,0.0007458121310544897,0.009013675313661249,0.04839100754103083,0.016460231549689862,0.07788770042608034,0.008730522041426155,0.03033593908578579,0.5185154178720687,0.2812789745404613,0.028815944211898325,0.039274214181117005,0.13898491728732837,0.013254920141173656,0.8967073681669058,0.6948470877006772,0.6959808614967007,0.511212392406611
600765.XSHG,4,1,-0.2583149657629431,0.8189692550893921,0.2320163538218377,0.317920321819289,0.568664160708957,0.21026866709909095,0.8255911030124947,0.6643567220871365,0.9250170583426054,0.6873693145673531,0.4580495383310166,0.006971325695915109,0.012308302200620706,0.005510984672430922,0.0011329636685560227,0.008304419472856761,0.008624406309355336,0.0014846606489238544,0.6242496595817428,0.02063803409656179,0.1513482450146029,0.0049090790067455765,0.1704344274753225,0.5454545434710744,0.1434170599882827,0.6827287877729689,0.012787135403171774,0.10983992041240842,0.09015702926260455,0.26447316513109514,0.09430108256210376,0.24899598393574296,0.0798450756372941,0.8483593556712408,0.04275444143253198,0.07692723012634636,0.3280390399928118,0.15829762179298437,0.13728464580132427,0.17009139230577797,0.5343660310382239,0.07393637130665798,0.11676620139277416,0.518186857799167,0.10992694293312,0.03475386683335461,0.15300952604852433,0.17168887519554635,0.029351180114707345,0.03475386683335461,0.7132722660225737,0.08509058372733203,0.0002671727753318043,0.00909657602628414,0.053029287651990734,0.016189252195286153,0.04018858610122983,0.014043987049529881,0.02957507724844487,0.5740211988117666,0.2851047088671268,0.0326984523689777,0.10042794908729413,0.18036856538481025,0.05685783932523778,0.9211087401116302,0.7454474592012743,0.784805380327583,0.5424948421078879
600766.XSHG,4,1,-0.1636631412444682,0.19783997083511545,0.0,0.3051717845738733,0.6029792309769139,0.2246415325464368,0.3859031455749776,0.5675902475168341,0.9333947462939269,0.3316075540868986,0.2339018946069274,6.776200504607312e-05,0.013684344003226122,0.004736138028743259,2.9952664024948932e-05,0.00045302999446554293,0.0006024348880962348,0.0011278969228455849,0.617174597694384,0.022161996540826144,0.1508161784280744,0.007249247564261568,0.01046019251606916,0.4545454565289256,0.009693774505384334,0.7007511404422373,0.0016710319167522665,0.025006783033372525,0.09142289838052853,0.825612007754968,0.19505601627794902,0.004016064257028112,0.16150713287155558,0.1250519711035531,0.10971060268413033,0.05208615044915051,0.30579294104828564,0.1827149340591825,0.14148709109674332,0.12634557745311326,0.5286764538852258,0.013353661506694937,0.00598383434001039,0.5224458344788778,0.10107170440321527,0.000610860863927643,0.14997234261458614,0.07725489004612726,0.0632184951466207,0.000610860863927643,0.7094909070937874,0.11257472064589896,0.00019430008922561703,0.009149997786254686,0.049751754393833766,0.013172487927149612,0.015555157102121457,0.007861187133729922,0.03386459112541507,0.5883352202101697,0.29599917104153156,0.03507911379806193,0.0780221816909617,0.15059699105740487,0.011448525453131542,0.8466938759568818,0.6304674715846272,0.6246550818165735,0.7927872242531565
600767.XSHG,4,1,-0.2123559728320367,0.6056604428504949,0.14217662085239313,0.2959554966335794,0.913172326804302,0.09097777064301779,0.5163325780241061,0.2967521465866328,0.7546013616816496,0.306884490222883,0.1461344172996102,0.0005222436541388181,0.013684344003226122,0.004666603829396528,0.00014686514583971407,0.00044464999187260464,0.000447153612283348,0.0011289920070266866,0.6181595025569889,0.022161320211146317,0.1507194525009624,0.003361180681177605,0.017947851383618825,0.6363636304132232,0.019479434386353623,0.710409768394777,0.010495666261804714,0.0915709505290766,0.09196695017310068,0.8560791941498691,0.4407613856671606,0.012048192771084336,0.23238127362636057,0.009555496925877142,0.14379404762276402,0.06521625780415241,0.36296108053762643,0.18828922162695164,0.16651458312210618,0.053786545388876415,0.5304445398654363,0.013701661492267803,0.03319187195698206,0.5186739283484374,0.09455207789922333,0.009407519177988892,0.11131638638903522,0.1297030037548088,0.004160043174960644,0.009407519177988892,0.6806387645379579,0.05691037153645718,0.0011163928416147932,0.009149927600883243,0.04782652515778858,0.013331102675121465,0.05635089201222187,0.03265247379868343,0.02927311002371024,0.5717708071138768,0.28181663689278663,0.04915761773469873,0.10132027591768979,0.1576347722551553,0.021090357121493094,0.7251379400945874,0.534579408252621,0.534272655018444,0.7280450951930999
600768.XSHG,4,1,-0.241216417937055,0.6520389239036155,0.09718497879021093,0.27485283917729825,0.5259303096337272,0.21436332029552368,0.3714542830756457,0.2280364561069916,0.17969306399447108,0.15083830100719864,0.005742684198899672,0.0002990135229743568,0.010469752840605362,0.00471145928967146,0.0003489008262499566,0.0016881424962427308,0.0005411536199310392,0.0011423028716088983,0.616913156381393,0.02217535745097922,0.15074484513152614,0.003352885962247599,0.004402724806353227,0.4545454565289256,0.003915830808911277,0.7023641526429741,0.0019402594543340103,0.04508456181604413,0.09129518780582842,0.3760818912584807,0.13076665855207897,0.8152610441767068,0.1163500673956553,0.5027004442053631,0.08070126807237377,0.040047105058051514,0.30751063311149857,0.18237549319958488,0.1397582781543037,0.046617056392095235,0.5050865955552446,0.033986140550825834,0.028884197609134896,0.5146753489307252,0.08989651975009055,0.02479340584515162,0.10948558951625367,0.1254008929287914,0.026369117815847446,0.02479340584515162,0.6912221291294345,0.0599771216636712,0.0007488813443148976,0.009154172993370702,0.04283707605776795,0.01485334164715055,0.1210920771075754,0.006119593162490392,0.029101434553476822,0.4780627004922143,0.26851173231033443,0.03354312588024064,0.04235244590488925,0.10527665362010438,2.9909672788179694e-07,0.91965832753405,0.6919696165583127,0.7112655229685803,0.5843081512678012
600769.XSHG,4,0,-0.0720952888070506,,,,,,,,,,,,,,,,,,,,,,,,,,,,,,,,,,,,,,,,,,,,,,,,,,,,,,,,,,,,,,,,,,,,
600770.XSHG,4,1,-0.3051340524191616,0.7096562399066693,0.30450587596375644,0.32729526703737455,0.4719851815816287,0.07958143786142316,0.6232042761357502,0.1881418162569847,0.9777969315181092,0.4571624414852168,0.4010450854016468,0.002141947741933254,0.010967446537285326,0.004843418902805163,0.0002424661032743005,0.0035294399461097943,0.0004708065234395914,0.0011714066813991882,0.6219935430986449,0.02506251628203056,0.1508589053051242,0.004413848770768296,0.06887741543854296,0.5454545434710744,0.05539863356490938,0.700075751294873,0.004386509538260746,0.06489101926381478,0.09150079718112032,0.4790716690825397,0.12558438676110917,0.5341365461847388,0.13482425084096336,0.33818020550272604,0.07051783609852885,0.04182762153612137,0.31050183569747036,0.16801585355754572,0.14153518589288638,0.13736928673294305,0.5217985536884803,0.040741209366256394,0.0785488420628494,0.5223909125771797,0.10043897600001114,0.0021923926933937353,0.131433250507095,0.15008435092163552,0.015145960683960506,0.0021923926933937353,0.7223493970976085,0.08442530516399525,0.00027044663712354504,0.008831126178316566,0.1074555999449105,0.023517538398486637,0.009561312006775308,0.03034883555811065,0.030688735228348907,0.5396066721147694,0.2969597549412086,0.03525657973527821,0.046095443902859384,0.17661419541976997,0.029105551235269485,0.8864115692150374,0.6686430277298663,0.6804757164396258,0.5276180994212303
600771.XSHG,4,1,-0.1137506431102737,0.24940349456972677,0.0,0.39575340338453513,0.5253181136942481,0.27542192101965357,0.6003747129265602,0.9121826521097774,0.9864090893523452,0.5878904127600414,0.28916122567818286,0.0007824088910916284,0.01060619314655063,0.004766449771827107,9.27139426849354e-05,0.0004637252365238576,0.0012504065924818565,0.0011472508143633097,0.617029462184073,0.023072081574890383,0.150859350835895,0.0026005281094447974,0.027372072029490043,0.18181818479338843,0.01542105241558457,0.6984952081766267,0.0025187686657883856,0.05127973229628289,0.09114336725457298,0.28304763953689493,0.2313259839027856,0.08433734939759036,0.09142421579258739,0.33942648539830134,0.058215758601314116,0.09464677964875677,0.30041223459312516,0.1771276192885512,0.1416560728129216,0.17012037685387382,0.5300252972843011,0.013747092394906974,0.004339028047394273,0.524782183270853,0.10216988418198139,0.006017607596917594,0.04610473518666863,0.05698825241834064,0.03157328040371556,0.006017607596917594,0.7437147761624816,0.0973728346183225,0.00022380561035048295,0.008901286052729758,0.07188028171615307,0.013174543964930507,0.03253906537235196,0.007076496269031414,0.029570437739021748,0.7466865075184927,0.45939705118868746,0.0240501607365917,0.19824511599341685,0.1271222038557025,0.02344544475683436,0.8634366434221925,0.7787139003140071,0.7045123880088615,0.45357332597251765
600772.XSHG,4,0,-0.04005867553473946,,,,,,,,,,,,,,,,,,,,,,,,,,,,,,,,,,,,,,,,,,,,,,,,,,,,,,,,,,,,,,,,,,,,
600773.XSHG,4,1,-0.03818250292685958,0.71477754813765,0.14471036225493872,0.05676636989846462,0.7371466018695213,0.408739128831348,0.39050212112210037,0.08016763374449032,0.9987639836696558,0.2099697008954381,0.35206512109916926,0.00047033457437096576,0.011366173969643059,0.005103747885329718,0.0002855920797107118,0.001628170099888528,0.007313483852270408,0.0015829956171869095,0.630692885674443,0.022187014074319868,0.1512208650403772,0.004147486323034462,0.013412315300994833,0.2727272717355372,0.01305955735439599,0.7026891474287861,0.0021484951828771577,0.02175092701456091,0.09126162605793355,0.23168111331287722,0.11549859447369495,0.9999999999999998,0.10350602344551886,0.524303997848268,0.07150163973902658,0.0270161364490868,0.3056553752774124,0.1822679326658833,0.1399480576201655,0.20470555979997465,0.447159453101018,0.030381105524401403,0.05907871629058607,0.43943310640845445,0.1109020583429548,0.008914112672015854,0.13994535697576183,0.15717272402816296,0.034357863910339854,0.008914112672015854,0.5650981505695993,0.06476741447396177,0.0005158198144240387,0.00907371149656705,0.045872009852783405,0.013884198255242057,0.0086319517037487,0.025761451160553447,0.02965360700703338,0.6704448557010478,0.3151546226990456,0.02769491556271132,0.018415499846719263,0.11976403772103157,0.017036848716875035,0.927176684040846,0.7439548228738229,0.7405462711868882,0.27957142535966073
600774.XSHG,4,1,-0.1197353498996356,0.44499667894486344,0.17327810072082578,0.35260464430224703,0.6177570257508469,0.16145045813113157,0.3622271222718442,0.6606565477877648,0.8173545474423902,0.5451400584326062,0.17072017108789805,0.0019718637394324483,0.010724983458830434,0.0048250323016560395,0.00033962910076060465,0.0017511935740209723,0.0016579628233634172,0.0011732448793760235,0.6154960762828555,0.021655362329691494,0.15087066179119976,0.0036492241448120638,0.006198648262334439,0.6363636304132232,0.005511527766032873,0.7005179559053263,0.0010690355982705512,0.023876277471285158,0.09138048891569961,0.6944572631867892,0.12585510540541114,0.09638554216867469,0.16421811157769076,0.3489819823241785,0.1203670813064777,0.06102730132530883,0.3075918861800275,0.18299580631121054,0.14161187759484423,0.1009155816180318,0.5320788923874352,0.028909792771327686,0.08517248955018533,0.522457959050744,0.10361706545962626,0.0302244167949216,0.14539963535989395,0.1561268380044442,0.0996613172445108,0.0302244167949216,0.7239888428878084,0.0796364683430378,0.0002985875601944124,0.009107969086032857,0.06293285997195924,0.014041913486684768,0.20089946705775455,0.001313190469966807,0.029478248262143434,0.6118470731601842,0.27205364632212287,0.04386529456241833,0.08315499372548874,0.15258413766023204,0.029401357899144585,0.8309239678459333,0.6180785900667822,0.6444457940445667,0.5886795456406485
600775.XSHG,4,1,-0.1943796631890605,0.39015740056003956,0.19036322888469429,0.292451047766642,0.6711748829146009,0.14783180430124787,0.4219707148838179,0.398592413021169,0.9932131067786385,0.5556401386759271,0.3719951084184624,0.0032946876736988807,0.011029777078932814,0.004521247928769725,0.0007926790677475782,0.0025643113654535933,0.002602771808506788,0.0011860007558669042,0.6179767067975507,0.023949541216333647,0.15047340517661156,0.004100339970300999,0.027408451260004425,0.8181818152066116,0.05495635746245338,0.7476457956714809,0.036966814145373825,0.08799855295288052,0.09542694732721783,0.6848151919356795,0.6598697064970432,0.008032128514056224,0.3009199539891244,0.0020767909627255506,0.23701466760805118,0.07708580284242392,0.2785437914626192,0.20609064007441957,0.18898265207704523,0.09854255225531586,0.529837688490801,0.029259723661343114,0.0734466726559005,0.5141254875523203,0.10342890056172704,0.0134362998125088,0.1350196378507634,0.14616807110851032,0.08870376246137565,0.0134362998125088,0.6649465923949814,0.07351770305813854,0.00035238902084194865,0.009070386190433348,0.05528998748878026,0.01528538800292103,0.0657133160181606,0.01067154539739239,0.029345508710098667,0.5234026321654657,0.2815698027643476,0.04867380733741456,0.15038850017224756,0.2247721601560521,0.02326060297900341,0.559027531209612,0.6140429436999693,0.4723748590621393,0.619405027343442
600776.XSHG,4,1,-0.2485457604055882,0.6794735652051476,0.301799576756993,0.3055349609988184,0.401289590244987,0.047789393456219964,0.39282128919642645,0.1484725398329856,0.9910466753136584,0.3533772770250803,0.3772611931971418,0.0034899906634665054,0.01141786299429151,0.0049118738622186174,0.0008947352633038643,0.0005836542312498649,0.00150941545370853,0.0010635542692217761,0.6224910764617826,0.02383497544722256,0.15113946628754488,0.004072030997717019,0.026988870823866543,0.7272727282644629,0.03702063260234783,0.7210701992552794,0.015244553659855997,0.0537668445328751,0.09303860086756788,0.7336070300004385,0.3256310973720943,0.37751004016064255,0.21619841070108609,0.031159050568782022,0.13153174557841302,0.04591910950048243,0.33388781680452123,0.203789831268894,0.1555788663666591,0.0970592680065096,0.5429441202208004,0.05328323522820758,0.060692498344596044,0.5171630942806709,0.10651995722860433,0.008491616600578728,0.1233737137675669,0.14179809606202767,0.01188981372580984,0.008491616600578728,0.6505877115183045,0.058131936184917556,0.0009290252728590373,0.009060298139934893,0.05074906376922787,0.03530223294912341,0.07225620469593691,0.04324297411412064,0.029493520775253256,0.537458848158715,0.2813128461006729,0.039909328409808674,0.05780073174799616,0.20572069590109945,0.023769216964766405,0.7462186306116942,0.5769841006589713,0.569614721438134,0.6396439847005647
600777.XSHG,4,1,-0.2787683529540944,0.43383589418355484,0.25890509426631697,0.32784596361542395,0.4609181768865105,0.17616879299385854,0.4619857382039385,0.3025960217675419,0.9571174781929837,0.2864294042465152,0.2535445670150736,0.001356529908514709,0.011509166107182897,0.00514779726514168,0.00035072522674718296,0.004024069396312841,0.007526312690442805,0.0013238791304292885,0.6208995803635644,0.02975309607465654,0.15134884719077193,0.003477154450729229,0.023326105268774256,0.5454545434710744,0.02759047162992076,0.7079804760134806,0.006443236247675414,0.057339242109071174,0.09167769905671412,0.7287940968812909,0.1991194873802607,0.15261044176706826,0.16836923595857967,0.11134186566252503,0.10964756461792509,0.04780833208214284,0.42335319982779707,0.1953530948432608,0.1485102311929849,0.10334094419258749,0.546325903160693,0.04298309872054992,0.05438716503637495,0.5241667608796754,0.11383732631083135,0.027478795867169656,0.11534176924143784,0.13036523891769314,0.03875514670818757,0.027478795867169656,0.7221752863187489,0.09146141903349331,0.0002413471189199955,0.008939486360268676,0.05197683603864493,0.014693945176480754,0.015223892647407138,0.012536804755541944,0.029895238814742816,0.5535525584830175,0.2620996902309554,0.03661032422430355,0.061223767811540764,0.16860243451385723,0.016518813184183766,0.8456473420346253,0.601090177347309,0.6165315159500728,0.6240740445020535
600778.XSHG,4,1,-0.2573483951609077,0.46984801588772385,0.3902044333593404,0.8688892379191602,0.7752943330081773,0.32316087702590424,0.45831339408124283,0.19037346384135445,0.9183206160498587,0.16022696291598426,0.22335075142336075,0.007619886219300872,0.012684544086165882,0.005633726658386466,0.003007770807553468,0.0014306425196876815,0.011951540099456173,0.0014434328198795103,0.618053114158265,0.030575633728960903,0.1517798508262209,0.0042669993092636985,0.015659890150190647,0.363636358677686,0.015349321327190475,0.7013754479226221,0.004685855938167382,0.04965180428687709,0.09099910009475945,0.21209851599271662,0.08369932998614574,0.9999999999999998,0.09245392653807688,0.6256756243461907,0.05796455853672843,0.027672691820869663,0.299517277853244,0.17999866104957873,0.13799306914991796,0.1615326578162349,0.5992109273653935,0.16759820661967234,0.13375603538124972,0.5792494536716094,0.15224611620514047,0.1201731573071474,0.1719384109427638,0.18903206866718722,0.05708648007173914,0.1201731573071474,0.7766076910223108,0.062249007686278154,0.000612352876656292,0.008988947855823248,0.04922328596025853,0.01617964664377854,0.0885781383196301,0.009326081635468043,0.029847657281078955,0.6182273411225679,0.2934334140605519,0.026727684767455594,0.013875833741016787,0.14047197205755688,0.011424298618173118,0.943358459615685,0.7587429790809788,0.7571472328649929,0.3374135170833427
600779.XSHG,4,1,-0.2873486484344685,0.3502447304846584,0.20634970374048145,0.33325146665018707,0.5638043748103605,0.13578249636091086,0.6707647267690623,0.05385398025706456,0.9857021670461801,0.5264404642897885,0.3880964890208208,0.0021909193121527953,0.013251672821584196,0.005638854335856943,0.0003877213263843097,0.00035742333220806097,0.003023037528790765,0.0011736272817180658,0.6203076903230006,0.029432890893474492,0.1520635942050804,0.00476399486957748,0.03745556671345866,0.2727272717355372,0.027454588013766157,0.6981642409865095,0.003337272101532482,0.056344397214434294,0.09110243743028477,0.3197569276711001,0.055734864380908265,0.9999999999999998,0.08305806303700763,0.9019524709500779,0.05636491035422496,0.013686982169496618,0.30221179295923406,0.17986167552896012,0.13532315803430067,0.10705434787947032,0.5055963507099381,0.03188772103983066,0.11451938759580656,0.5171667075636772,0.14228521307629416,0.013542604087710356,0.17131185625401793,0.1745996017980217,0.1875953100244741,0.013542604087710356,0.6551134232399329,0.10724251045181751,0.00020281565049771018,0.009032491573086453,0.057810700127011824,0.01734450984048595,0.0363116095535708,0.019333941453431813,0.029638869821933915,0.9091815315969631,0.3710736486464127,0.03991447152574393,0.005894989400230109,0.14117290811673508,0.022424478076209845,0.9318652270241865,0.7435015036928929,0.79286953444957,0.41864616957270995
600780.XSHG,4,1,-0.3274448913994989,0.03272479679986384,0.2873049329300632,0.5072012873904826,0.7082794401967987,0.18402871933710366,0.3402572774644812,0.32499256575527624,0.9417026201789875,0.327927962767099,0.4429171679242717,0.0051035677086500265,0.01418929504009619,0.006318865321301944,0.0022286713635140173,0.008966262833996949,0.0041893129472477695,0.0013042420900993253,0.6148463582724268,0.022988143508309522,0.15265791600512116,0.005297199112738689,0.060911950762009615,0.6363636304132232,0.031238287881647748,0.7083096587007498,0.004758265233189249,0.040517319345211175,0.0914573523046599,0.6645780539001975,0.2768796245285974,0.01606425702811245,0.15124560083589056,0.05400888410726219,0.07311596466186451,0.031490557838984266,0.31870213082080745,0.17806332805213376,0.1457298320321741,0.1094403397761958,0.5615824733884992,0.06262305644904415,0.08953924722677625,0.5363168264647767,0.12593401417346436,0.02840726018918601,0.14678115164155786,0.1622257854354159,0.05584991823847856,0.02840726018918601,0.7613186612867605,0.06367289668865093,0.0005528500808682416,0.009074556188478827,0.04854983829340841,0.01886442506148142,0.1440477061460734,0.006023105799322794,0.02952782399480772,0.5645749869988457,0.29599917104153156,0.26067088494256524,0.06996848003856035,0.46351269189846483,0.008348387868636717,0.8363474812174234,0.6372866082880018,0.6348197711723653,0.597874066198468
600781.XSHG,4,1,-0.141089603369791,0.25772486053431437,0.05971749217402711,0.35646695740848916,0.5525444498219164,0.16508394310221772,0.15353244825841766,0.3532633998253159,0.8906645860025871,0.1775616471730181,0.2064493162492394,0.00038179148333728565,0.010739616874885049,0.004825836101126686,0.00014700977170470066,0.0012172737746288637,0.0006766736563518358,0.001144798417642321,0.6170105325600447,0.02242188801674712,0.1508975494013889,0.00334336297430078,0.003959624621966754,0.6363636304132232,0.0061497720354148026,0.7029861581789275,0.0018525280579426223,0.015239214976937686,0.09143863111903998,0.6868389522681349,0.13228520441240807,0.57429718875502,0.1426356905781796,0.3302867573008492,0.09573714056896954,0.040833874926649055,0.3065135288847989,0.1823412765890894,0.14152608687739984,0.08861252659030364,0.5065115780708891,0.020968237824181096,0.042594824487096575,0.5275561809300879,0.1067349282266668,0.009384932588338678,0.1089046650914828,0.12590573788350445,0.0156822017533466,0.009384932588338678,0.7471829693950645,0.06393285993604603,0.0005434626015577229,0.009063350929431042,0.05135998172127154,0.014092736170581231,0.04767192033985922,0.006704404772331877,0.029399049684081423,0.6600261908114827,0.27947093401605944,0.05437380979116024,0.0440565112150575,0.2184863771089831,0.008367530059221152,0.8794400022723723,0.6559970810667375,0.6683517597758724,0.3482030921179323
600782.XSHG,4,1,-0.4071472831296762,0.38288755497586624,0.8220647441115971,0.20626579379193194,0.3451094956404861,0.27684013533868296,0.10393498291542735,0.3516743128385147,0.9865917475382857,0.3417013904330625,0.3864475905527604,0.0075256496188831215,0.011270596297562671,0.00504208213723248,0.0074681198093280755,0.0481650782429207,0.02172818731166168,0.002418361139006978,0.6088152114447939,0.023313404500440685,0.1493801961681937,0.0037840880466887975,0.009662058448600474,0.4545454565289256,0.006459690879026126,0.7027331073031935,0.0030404880768025596,0.00890838382924844,0.09143687107083201,0.5927369950656146,0.17062348156142218,0.19277108433734938,0.13269894894400294,0.35729119935448034,0.07519372985867995,0.04891371905122073,0.3026549983864133,0.18041434504930856,0.14149619011222983,0.3695335846776729,0.5459176668280916,0.08146544134628196,0.14785924242543214,0.515796309762095,0.08204685810747889,0.12714795347596258,0.11790860211138122,0.13319239302462024,0.03800790816414437,0.12714795347596258,0.7211902166101684,0.059318485154309646,0.0008033742658200612,0.009110666287924469,0.04157592822327487,0.014839324181238104,0.11705958363032584,0.006937828691253857,0.028939314620120445,0.47148561334955197,0.2622770292617188,0.04716265750081615,0.062459208461178944,0.19091957681005217,0.018053777591673148,0.8742765690020025,0.6848408960240593,0.6705843211085967,0.49709403634869165
600783.XSHG,4,1,-0.1718676869671537,0.6833845071944429,0.2507175969790738,0.3132563998999184,0.33202552098091775,0.0648661762483359,0.4202344980342487,0.16391268284898217,0.9582568964442248,0.474073479679104,0.4258684612705372,0.0008906278187612429,0.01105393495525255,0.004702979289450645,7.650845278303907e-05,0.0005859321711765401,0.0006861441989144093,0.0011680435771350148,0.617601641415644,0.0219796813054786,0.15069544655365055,0.005177858798209737,0.03908150384923781,0.6363636304132232,0.031233149095635755,0.7050485302191077,0.005053485735875543,0.03631183865424618,0.09087648752948542,0.30156896702277514,0.10715560605866808,0.7991967871485942,0.07602137687413284,0.7328628814935647,0.05559417055623388,0.04105310568243117,0.294343291104996,0.17928220258306737,0.13819844692804237,0.1223023940190063,0.5270982885132759,0.02022585971425456,0.11033800660865702,0.52214986645306,0.10468913540057104,0.0012924480325842654,0.16240962147007293,0.18151110308119492,0.03165333220942718,0.0012924480325842654,0.7160475217258703,0.06403449218160509,0.0005398987523853158,0.009176174462348334,0.07838535084446774,0.016962076104709636,0.024153622089519367,0.01404825103598245,0.029721697188340966,0.6673789118505106,0.42282063276357096,0.03149424824138747,0.044872104906282274,0.17312922746618026,0.027943709995812645,0.9354681796878328,0.797993786210252,0.7668617132234701,0.4330087052819349
600784.XSHG,4,1,-0.2974844181089968,0.48525253452299083,0.2248711903630171,0.012510020110164055,0.5245063104495427,0.20656702829775955,0.5319893966682702,0.3742769819110123,0.9273775641301474,0.4546743184635047,0.22954925440425294,0.0010199834499561914,0.011204520084549056,0.004978478835715615,0.0016947746203904812,0.006712020092865589,0.004072482376719309,0.0013003849940548759,0.618437553266052,0.02298540833191417,0.15103803334291366,0.00385605666220351,0.01548782082809461,0.8181818152066116,0.01318959777034103,0.6927496729265613,0.003363476083249834,0.03350818486026951,0.09129101837809463,0.3854816815470714,0.07351246921043089,0.5220883534136546,0.10581513167516741,0.719983287119687,0.07389049317218394,0.0455073565594002,0.3078467075665044,0.18052171527311633,0.13868849390495946,0.0467825903667761,0.515829498233673,0.03785698461145667,0.052870573959945336,0.4893632576331808,0.10905139303817728,0.05633776739049253,0.13220998306120024,0.14871979933880458,0.035974274212424086,0.05633776739049253,0.6106766131831074,0.06692001529601622,0.00045836813633558997,0.009059979564147329,0.04158094115399775,0.01444607483005188,0.07806063044817328,0.010252911901775904,0.03018332973809948,0.48991842260792623,0.2738136048041553,0.07100320173185694,0.05188364188425418,0.24390381960277652,0.02719536998265239,0.90408636434648,0.6825798284021052,0.7304581569684694,0.4736148704919133
600785.XSHG,4,1,-0.2737665407032788,0.7460074288875516,0.40240289388965395,0.6075160698042442,0.6211585415292694,0.15654175533895773,0.4327418470728764,0.06405763000858766,0.9107389840867838,0.16828397241176613,0.21844245502460014,0.0016177602278720595,0.012837960943290216,0.005669471524487327,0.002147908575301968,0.00021297048752328744,0.00500133269164442,0.0011921379833590056,0.617782667166618,0.022872707334624282,0.15202675269849916,0.00470202877743329,0.014118513279160182,0.4545454565289256,0.017455420678154667,0.7011954221117204,0.00294998424742792,0.04811431672243827,0.09143464918413004,0.41806664223234347,0.11924382180665385,0.9598393574297187,0.12204674610086816,0.3784789841689602,0.07939156285263425,0.03188769337842869,0.30632376556880525,0.18154688503346766,0.14101914172886493,0.12904581015877817,0.5974917915498948,0.15928996198923526,0.20048793714456312,0.5450089400651097,0.2027858848824213,0.18512897709897802,0.24592007880148195,0.25605723804753294,0.1726849985301746,0.18512897709897802,0.7310514304544292,0.06407003352878841,0.0005386661258691285,0.00908105930180156,0.04212801019893946,0.018389908675299355,0.1649180596216897,0.00983452290079546,0.02951794426437733,0.5647191362576414,0.27872439704242885,0.028589671485704002,0.02638873684512172,0.1318734325125399,0.016406053717772328,0.9112816179290166,0.701364932997214,0.70636207365472,0.49521221489246625
600786.XSHG,4,1,-0.04005867553473946,0.5832710543596483,0.33323445031838866,0.36979524077594106,0.5086859991960199,0.19531619973499242,0.5201466800399461,0.3337110635790617,0.8075837911617676,0.3255274155849768,0.29448349460704565,0.004585277962534866,0.013684344003226122,0.008150090726543492,0.0029840589171838032,0.008062098247688082,0.00966583515757642,0.003724127055187232,0.6194366714067405,0.02795801905504902,0.1535011777904567,0.007249247564261568,0.03212743887797873,0.512508658030105,0.03385548310334353,0.6973754749785577,0.011416551503228026,0.07601564141075765,0.09146680527188153,0.4259820692575249,0.13112622332231372,0.5511172547939428,0.12284974011172788,0.494504656209718,0.08633157970599001,0.045919982486072305,0.31147779666162767,0.18463137997985954,0.14208910423830812,0.20470555979997465,0.5318427242963106,0.077915971133906,0.12469801664167228,0.521515575256219,0.11601091851739048,0.03148564188991912,0.14997234261458614,0.16450473416111355,0.0632184951466207,0.03151351181947201,0.7073590212283098,0.07474128671978711,0.0010165370293848852,0.009470773081934954,0.05305644375124136,0.029247760156912796,0.06504798281099847,0.03229344616550119,0.02996043969994048,0.6137324122247689,0.29599917104153156,0.04246130980234155,0.05485061095598209,0.16042323302325237,0.02380545148233199,0.8768056165474607,0.6953581940533766,0.7048157031587168,0.46648362214367545
600787.XSHG,4,1,-0.1702525813519139,0.7163544364962683,0.6469943712279445,0.4204463900422726,0.6118102660678447,0.2118513906635399,0.36754038915619575,0.1901372902997902,0.9926440562762846,0.19262766905720863,0.3734479460823753,0.003975049038038167,0.013491903717219478,0.005770938226296698,0.00974903849304799,0.004345886012897195,0.013011179064599263,0.0015674226571209988,0.6237141251164428,0.02830883256512234,0.1519444222732208,0.00559716564000419,0.01053262427005512,0.363636358677686,0.0108916199182303,0.7015191010495127,0.0010896047238445339,0.013973048747399837,0.0913197062750649,0.45439515006123093,0.12164163455932767,0.8835341365461846,0.12584870433005554,0.4673867851214301,0.08926001341702362,0.037676657830796684,0.3064258702529405,0.18213901858956244,0.14019763061636728,0.2800266432407108,0.5130084811437331,0.04227802714174008,0.16338300268175712,0.5106233732196953,0.12474566842142183,0.1376232209454775,0.1616889086794061,0.16390802430399973,0.19127504236516504,0.1377059566053919,0.6918998757853975,0.0638719272659295,0.0005456273671338799,0.009035909271681783,0.04082227366485866,0.014609733295704986,0.16737446037888673,0.012955438251158427,0.029206439210816892,0.4824088006449016,0.2723849646869519,0.052820816278311304,0.037775918205194964,0.2032408990728074,0.018286325297601245,0.9049056610472797,0.6892027110698336,0.6979797366343379,0.5342610821200169
600788.XSHG,4,0,,,,,,,,,,,,,,,,,,,,,,,,,,,,,,,,,,,,,,,,,,,,,,,,,,,,,,,,,,,,,,,,,,,,,
600789.XSHG,4,1,-0.2757022398911751,0.35865336361994427,0.3783055670535278,0.3324868660636864,0.47422014813403107,0.18159452484306537,0.7143808308070043,0.16807237867065267,0.9305802295345993,0.7202729433056767,0.2318405456453495,0.0016713596948921708,0.010870205343677108,0.004716143423403469,0.0007821112511366688,0.003242989152531668,0.0029672329281059027,0.0012421196742927042,0.6177871979406727,0.027675337453800686,0.15063132351478278,0.0036894294225955086,0.130445600772054,0.4545454565289256,0.10500873913210211,0.8262405260234816,0.0837280916359308,0.26087546350728047,0.08572157111607556,0.4085809899185562,0.24253805749269405,0.27710843373493976,0.09820792119649357,0.0245118822624805,0.040751409892152715,0.04802382040535125,0.26237373557320637,0.16813111293697117,0.1462133797123151,0.13555598119901185,0.5246002218940115,0.041312429191821404,0.0736708708262172,0.5233080039518074,0.09448958835403756,0.022028389911069597,0.12323212420704038,0.1357279098678182,0.0680188529954617,0.022028389911069597,0.7275201366711188,0.07786450016969762,0.00031159550673178133,0.007452468621351413,0.04726375772453048,0.015884037670124543,0.06266791856178387,0.009912986119394045,0.029608356125343377,0.5454108974621968,0.26063347993489655,0.05565663940517304,0.05642262765852392,0.2303927110249785,0.03242971226894777,0.8302591214440926,0.784457786033347,0.7253078188496302,0.5054564702087418
600790.XSHG,4,1,-0.01179012429799032,0.6119223035866024,0.5120113994014467,0.579781148575989,0.5164743732807064,0.15158677302279772,0.3874641041672105,0.20823085862915647,0.9961558355338669,0.13189178946472868,0.3110933823154058,0.00041468310270229974,0.012366342969653506,0.005266916506142961,0.00036597611392213665,0.00026541361749797066,0.009743652059766579,0.0013216839180281012,0.611393194893486,0.022697762679878955,0.15156459837786693,0.004110775114076113,0.008718232347369763,0.4545454565289256,0.008100788647081863,0.6987382793252118,0.0030247719113969196,0.017952428325947362,0.0912120067130246,0.37608043573881894,0.09494990863485317,0.9718875502008031,0.11608983979202872,0.5405066630804467,0.07722161503051526,0.033480317584547475,0.31318268016342105,0.18106976034381667,0.138697592920446,0.2127907844595481,0.542205997973242,0.02929892466474307,0.10810393196807282,0.5197331823355748,0.12239647927984193,0.004177250635508685,0.13092935978311945,0.14698970892761926,0.03937753624398517,0.004177250635508685,0.700850805758977,0.05623406712835978,0.0012620700662780017,0.009090198478977502,0.04806160522484576,0.01435871464142412,0.02935690354754116,0.0025134341978676708,0.029571428027733025,0.7741646827662909,0.48216886218616006,0.033408494867527797,0.02749118300771227,0.1347807259208593,0.01328243704013878,0.9142499041342971,0.6816759541815931,0.7128630387655033,0.47222235279344815
600791.XSHG,4,1,-0.1375764060311933,0.7094148334187376,0.45126300667682245,0.23585820926576206,0.7224834893496797,0.2043786937748978,0.2900553161464231,0.2833432059614673,0.8033408006575695,0.19446978500590703,0.16486409688475645,0.00024445847317767166,0.01113481873011444,0.004995714059141334,0.0001868605791752462,0.004038946083740217,0.004237911666353975,0.0012978234999601245,0.6226839707277793,0.024502202001476042,0.15117699646689572,0.004182254882751068,0.006292693639960065,0.4545454565289256,0.004504509590940062,0.7018421889503403,0.0015677391041592438,0.020032558560188117,0.09130918221359186,0.3468097001406909,0.15449029105483156,0.538152610441767,0.11622950625270931,0.2771083842607373,0.06730204296488974,0.046179482194171735,0.3057398948427583,0.18093490399560733,0.1422241113511518,0.06784976761236,0.5389255328280711,0.030192678396534688,0.07791292753665843,0.5252710604616266,0.11276804141925419,0.004170990222073028,0.14921735874437836,0.16902456167693494,0.016111353652178084,0.004170990222073028,0.7270433769545104,0.08722264334990594,0.0002575033381101585,0.008997770376342877,0.042012053196165466,0.013983027279616363,0.0143150400713595,0.017430531152274272,0.030170746124461544,0.7715766491506837,0.4020048070362522,0.05436698480318928,0.05389874235580632,0.15540316094137913,0.027474277681402166,0.9141655778216471,0.6937746008579899,0.7028066108108253,0.49823054156697466
600792.XSHG,4,1,-0.2905157139259644,0.818579592464274,0.48636549860206996,0.28600417927351607,0.5793871186418009,0.3335614769242339,0.5547876785572973,0.1559538726872537,0.9799602894078452,0.3530814402032572,0.27923079112341487,0.002624926919566566,0.011500715947534492,0.005142313198098175,0.001239518944748934,0.006395770680895299,0.005573199620945956,0.0012982150580518937,0.6154071822638654,0.022429040929559198,0.1511753525184804,0.0041341660520134845,0.006707287638763403,0.363636358677686,0.004903791652401557,0.6986652767244296,0.0016567407112973546,0.035090892647191826,0.09126668896497253,0.22440681634105997,0.0902003187978889,0.9638554216867469,0.09082338649003689,0.6734520823858766,0.054571712407453114,0.030104803222241475,0.3050249604728033,0.18074779762100185,0.13840382470616677,0.337994773280852,0.5338797960858764,0.07280883240867907,0.17320395878070238,0.5442995321681754,0.11442897523586322,0.09110245696472119,0.15165147750559813,0.16509092449934973,0.07813294802437709,0.09110245696472119,0.7615032888240746,0.06673023079307981,0.00046277878571863323,0.009094730918667698,0.04359508395075929,0.01519213812273342,0.12794392115869027,0.006617843891387582,0.029137958090224382,0.4898036576211159,0.26755379008158964,0.03721625315635381,0.029176735056468533,0.18018830432689872,0.031183974397320097,0.9297268892644617,0.7376055901994607,0.7644680800500643,0.3686932311214298
600793.XSHG,4,0,-0.1971467981401033,,,,,,,,,,,,,,,,,,,,,,,,,,,,,,,,,,,,,,,,,,,,,,,,,,,,,,,,,,,,,,,,,,,,
600794.XSHG,4,1,-0.2887217771390176,0.7142606127175135,0.1869461609064471,0.4409085749831825,0.6228640639144597,0.1566097283898124,0.5149458418839061,0.49124151612053907,0.9513826258694926,0.4466876910612807,0.24834940745817102,0.0005478982600030588,0.011339933118501264,0.005075728149324245,0.0001314489151989384,0.00041035122655942637,0.0032045188448020724,0.0011546174553590948,0.6179572421761937,0.022826126160948552,0.15126595462399423,0.003798766900870335,0.01939596973910225,0.5454545434710744,0.017459578239278406,0.6968701501877003,0.002788672747906241,0.052274577190919776,0.0910734544137725,0.16453157953235714,0.08412664572983605,0.28112449799196787,0.06521171986070246,0.7033648530590834,0.05171511571950847,0.054856724982556226,0.2930382546498028,0.17470598882771604,0.1381776491783589,0.04846844440171907,0.5577672251810101,0.0615283064944295,0.051781156448536245,0.5292227474954327,0.11523089538814972,0.0037987002113257793,0.13065508221813935,0.14927341820814363,0.014934698137099056,0.0037987002113257793,0.7480897476795941,0.07194174257740095,0.00037147259933065994,0.009083711541189593,0.055666089212225836,0.019540989993756714,0.017896964006537345,0.011032869350320638,0.029781709773970596,0.873353787743543,0.5213839530174207,0.038963043827635255,0.06753530559354072,0.19181415298677612,0.037341030089130825,0.9526263651986195,0.8208228295962146,0.8248937850034195,0.27648725821988895
600795.XSHG,4,1,-0.1932118286878927,0.23629596553084034,0.5185599151396711,0.7971212557723537,0.5645158728765602,0.4386087651972195,0.41184136766074975,0.44796642488041544,0.36199734969997516,0.147516614234585,0.7628807204918324,0.00950512927304675,0.07795188389699176,0.030412783481081274,0.019230474965846445,0.14262896287421353,0.09039519043857475,0.010918601716950747,0.4921638817851102,0.1873512442593606,0.17138032312311036,0.02005565038250936,0.08061315356660036,0.5454545434710744,0.06154236737245235,0.7021133926251437,0.0012807752754573323,0.016957583431310482,0.09137089779914787,0.8161969481447738,0.11528917686625065,0.10441767068273092,0.13202235717457383,0.4029908664314407,0.07844514010238338,0.05267258757517423,0.4080899471387913,0.14767135908265527,0.14054729278292089,0.06693619075890483,0.5178212774203845,0.01813111985134805,0.059353514170417065,0.5353214874392647,0.12328264717549867,0.016948248537840545,0.1318659548867572,0.14872742987100682,0.032408257847396336,0.016948248537840545,0.7446636214808298,0.07153974052356113,0.00037682197605637163,0.009033529548931305,0.04107357979715043,0.013525623124548193,0.14842065560431836,0.0013676736546623974,0.030200279067445317,0.5954977751116326,0.3059154733268277,0.03544730564912379,0.08596455638164284,0.20527079533363735,0.0077008434527726264,0.8796663518484329,0.6286569590022557,0.6697525566854057,0.23638115487172273
600796.XSHG,4,1,-0.2181891869985842,0.5715168191292777,0.22873796726906623,0.5014968853770226,0.7417730110527947,0.16498451443740367,0.4243677755169601,0.24617308167628618,0.6809743057891229,0.19968076693279085,0.12145379538028345,0.0013438431383523738,0.011147891694127405,0.004820330896938047,0.00015806627287390655,0.0025097120396891043,0.0005997155700510281,0.0011533359758314648,0.6172366840438626,0.02858639458683063,0.15083638131440677,0.003598028512549815,0.008419327607805678,0.363636358677686,0.005292497813810889,0.6987695064419638,0.0013072761975579175,0.025639866148141444,0.09134524482485061,0.4030960140566795,0.10567321754012501,0.8514056224899597,0.11124104191179666,0.4586617992627032,0.07468587768006046,0.039461635322395446,0.3074091785678571,0.1811496511928783,0.14072667337394093,0.051255067163236384,0.5543557404471291,0.04026613400906731,0.04952349789559569,0.5357314746177307,0.10011956565066325,0.008166545655875589,0.12766141842928572,0.1411585847917456,0.06149357054114755,0.008166545655875589,0.7890758924345946,0.0668436483771309,0.0004601297813641112,0.008854844995601685,0.07136131146710539,0.016598061040720494,0.04217571094377298,0.008757240415252821,0.029874245238926855,0.5732217248456771,0.2789992628069051,0.03213600023529958,0.04115104244299183,0.14928449739068755,0.01477522880899683,0.8997040590248684,0.675697116447747,0.7183223179558136,0.2791047885254735
600797.XSHG,4,1,-0.04757747252722067,0.6456466526764646,0.37152161048304533,0.29251886666998383,0.5232921162637324,0.14275316888193731,0.4394128475489325,0.2679974224287179,0.9732177434864355,0.1740493100041185,0.27051195812791745,0.0061653012672411595,0.011254464884235474,0.00479575595038719,0.0017048861506235552,0.006611986911061478,0.0030877676688991734,0.0012570872275160273,0.6182108184031108,0.028080890268800722,0.15062318065607383,0.004276639037837758,0.017388920182181657,0.4545454565289256,0.014912360950129207,0.6993267231798722,0.0029912682920767504,0.041602604684815046,0.09108843882784821,0.3581193981049196,0.09168627367980914,0.7670682730923694,0.11765845225844618,0.5164105496463911,0.0895380036553159,0.04079448252451314,0.30962206690048,0.1828953989407814,0.1403744114886769,0.06935664206281096,0.5083595221740225,0.02861246991933228,0.06211664817201067,0.5138669772270028,0.10091574163862906,0.024139151723390546,0.13427240312176789,0.15157797868655395,0.029810815317038285,0.024139151723390546,0.6760499522656019,0.06668575762966657,0.0004638283815060932,0.00863853313249219,0.05388794991712833,0.014580702470579973,0.07682596366917599,0.010159847463512894,0.029817012817340848,0.5575654520797966,0.26874571860558966,0.031035024050770108,0.044203256643487975,0.16590801856918477,0.01673461147335048,0.9084757708312621,0.6921105877670164,0.7103360592321888,0.612638386154991
600798.XSHG,4,1,-0.220614231090295,0.3161756270440374,0.46210556514798146,0.36913173919364206,0.3969831545811464,0.2924260304967601,0.2554405673561401,0.40546123373466963,0.9390119245937831,0.31039914768058124,0.2381601184315677,0.0005113692182805244,0.011152978549075016,0.005008774865842736,0.00032346850789263137,0.002381654293194137,0.0007208772428895857,0.0013810563185849395,0.6159940572187353,0.01946536213987132,0.150529410700984,0.00388243030702208,0.008834843682444717,0.4545454565289256,0.005434797882911958,0.6990574177901525,0.0019641482682531794,0.012661662295378493,0.09111655451010979,0.34362562816709114,0.0534134451316036,0.4939759036144578,0.07484014119488608,0.924803331078258,0.05891548515391467,0.034819627172256305,0.3039283636312543,0.17931278630348593,0.13726904748906166,0.09918150051556265,0.5222856430071523,0.016356946558066285,0.06192157983988966,0.5270895053560095,0.09380324775050691,0.005600389913279157,0.12400729050494508,0.1369818606597179,0.06399850287218986,0.005600389913279157,0.7473781136908331,0.061704537120145946,0.000639512042663114,0.009054464803418543,0.04493960473832764,0.014345789445582773,0.17151960778879777,0.0017897007358271448,0.02927193856801327,0.5626439413512108,0.29599917104153156,0.06284786923063047,0.03484335987244404,0.19498253597304555,0.015373721361488306,0.9017207893652981,0.7321740524523466,0.7699880912458774,0.030553091498608548
600799.XSHG,4,0,-0.04005867553473946,,,,,,,,,,,,,,,,,,,,,,,,,,,,,,,,,,,,,,,,,,,,,,,,,,,,,,,,,,,,,,,,,,,,
600800.XSHG,4,1,-0.3417583922486205,0.5593062789415689,0.0,0.2751568732687808,0.6240021933399033,0.24218599162195992,0.7637435826682428,0.7235498000953122,0.9861324675803675,0.847302567592913,0.28869004729402203,0.0008571123554860905,0.013684344003226122,0.0046906398899046724,6.107091225520697e-05,0.0003720071144985146,0.0018440054024417923,0.0011618282138483342,0.6165762168411058,0.022517814731703997,0.1508348569864331,0.0025378911297739295,0.05330976448135715,0.4545454565289256,0.04717473145580768,0.6854843560611361,0.0055886296457159515,0.09292755720358145,0.09102084051672049,0.3276379939758053,0.07082793292453754,0.36947791164658633,0.09310482494917326,0.8088910880721569,0.0635710653090477,0.044512140097729726,0.3037063941653811,0.1756409119042154,0.13807106071123104,0.05750767828858481,0.5318427242963106,0.01330476954892287,0.005139233762805803,0.5171046795387331,0.09996012157436751,0.0013494259783957225,0.08337729945009528,0.09823628214085676,0.018873406021433208,0.0013494259783957225,0.5985951947762093,0.09910183704163728,0.00021949913818761522,0.009047051473559912,0.10643177480437696,0.01317369799105191,0.02329068095630302,0.004946595916830045,0.0290342828988846,0.5643709603556273,0.30131964766569475,0.03333914811475144,0.04856985055592355,0.19983747213355627,0.055853023867918884,0.9209889079831277,0.7420420370616072,0.7536960706392439,0.461999201164637
600801.XSHG,4,1,-0.2882856258893493,0.9769267561733679,0.42200863635930547,0.5400033254282108,0.5089718802790824,0.4390345006620141,0.6918209912988212,0.2562792571655035,0.847907641698405,0.36577032621326927,0.5146347644717946,0.00889807709668996,0.013968073038778787,0.005743684769611427,0.004724277407092913,0.019800392008252305,0.011915473156721217,0.0019780838258148695,0.6090938445044558,0.03256296437910148,0.15071708078681018,0.00805305170429794,0.10625065435419809,0.5454545434710744,0.11041557116271244,0.7116959300639946,0.016644635018567597,0.09704259744957944,0.08932768703271213,0.3182094341650954,0.209236470765132,0.47791164658634533,0.08779025259865261,0.15496474177675984,0.04872044999745658,0.04928017354484367,0.29696630927366224,0.16540306699282176,0.14378004299934746,0.30623600136903684,0.5187426863729777,0.08474491859725841,0.2296041301662839,0.529138959477272,0.09772529352244515,0.05835977863587269,0.21616852018730648,0.23211338266495693,0.0976502144301597,0.05835977863587269,0.731273450910693,0.06631290964519204,0.00047287625543186967,0.008866453546373658,0.04701271543069781,0.015555596343156904,0.10807350412759574,0.005109605380571941,0.029400707430108416,0.5978474080300008,0.28362993334894543,0.032533141410338265,0.05748775867283418,0.1329254699295739,0.03743195549440689,0.8924298050020594,0.7747805271770383,0.7648390733880273,0.49475046317111804
600802.XSHG,4,1,-0.1684205337254485,0.6601669293506558,0.3179795704263447,0.2999987781973027,0.691537001326536,0.15968026633866053,0.7935940413849795,0.30434909271066585,0.8965698022110422,0.4526759697356997,0.20984243306940414,0.0020784498808484194,0.010057616713107415,0.0044410109385051395,0.0005476931361384325,0.007402512910627278,0.0014296297349225802,0.001233058221387168,0.614757309110794,0.024734573364136102,0.15018880929491232,0.0034809388573915495,0.13875851147352747,0.2727272717355372,0.05473913762411518,0.7352593570960716,0.032425237898728185,0.2417020891742787,0.08802143831084976,0.3653026109060562,0.12074076325425823,0.5341365461847388,0.04773298934977356,0.8965515825393517,0.022020028194046318,0.04496640978493249,0.30524694073900216,0.15823210217592207,0.14015733497635555,0.1827107009582855,0.5928371535569682,0.06509093448743614,0.08425148148975868,0.5204117167365984,0.071757145087669,0.01652753238787042,0.11789468853546665,0.13438202933081544,0.02658462151797839,0.01652753238787042,0.7336385530342602,0.06828965060208185,0.0004295004433295061,0.009215569840333029,0.053879111328748515,0.01581252610605784,0.05990662702578467,0.004085818321395281,0.028732360625356945,0.5072246499667903,0.2734127913416506,0.04714275941088653,0.05120188794034194,0.18329177116583067,0.03305228210803374,0.9099750039056398,0.7821082658882847,0.8039834914565911,0.28349335678390136
600803.XSHG,4,1,-0.2900586755347395,0.5552111934168,0.18683669785763657,0.33170190209889766,0.7419192894381155,0.21959706443194416,0.5600897587443721,0.3908477897252967,0.9432543365951285,0.5486848796446864,0.24151799851734657,0.001111961558692921,0.011056056689114873,0.004957519118901299,0.0005986661177723813,0.002763988782922746,0.0010603961360277745,0.001145907232058074,0.6181449304623406,0.02319433155517792,0.15101945056161983,0.003812870254472232,0.014224004805346835,0.4545454565289256,0.009796133680825088,0.6987078124779748,0.001950070326089952,0.046983811160350906,0.09125447408245714,0.31664445056217205,0.07140016551092468,0.5301204819277108,0.09845233750268462,0.7964272625267041,0.0786179664539375,0.0399761350486833,0.30558021672133023,0.1823282578472882,0.13889257182372866,0.08287817528743613,0.5699746122533821,0.09615652742064648,0.07500441889487049,0.5226900121149364,0.11011684848687397,0.02423745658142432,0.14149673374237157,0.16004859614838124,0.022837560837384297,0.02423745658142432,0.7174883176341501,0.06354707843553836,0.0005575394969629798,0.009026436439829881,0.04621895742649855,0.02251692263658832,0.07814025955022674,0.012608471023258561,0.02969378657528172,0.5538558263467145,0.2789180878608806,0.047593947990666664,0.04394644183568264,0.19689946230430155,0.04123302626069271,0.9075606084276604,0.7089220954402728,0.7418982184398213,0.43978529038896497
600804.XSHG,4,1,-0.2948877988631199,0.5177582809191018,0.19384593234675432,0.44965278669290415,0.49555037869384266,0.1855159913833311,0.6920327099028374,0.4413790336159782,0.8392072283464429,0.4037441726913609,0.5202012649987644,0.00353527628817189,0.01438471970112627,0.005795945582244208,0.001228613944683302,0.004309035334969819,0.014439101527251821,0.0015008207225815416,0.6098468074134632,0.02188088012273586,0.15181696151534219,0.004730497841293606,0.17570876350618994,0.8181818152066116,0.36635321311027436,0.7523725802220249,0.04061568319563588,0.1855385728497784,0.09574709274709733,0.7426186703502019,0.5056277755712525,0.0,0.28777483658365294,0.006647168306301514,0.21027458686573003,0.0831472226820656,0.8572389067187578,0.32153335939078387,0.18659611030086543,0.1273767027516239,0.5221485925973278,0.05610956928188971,0.08106339778449598,0.5317563815395605,0.12232145701250191,0.01956575603770332,0.1329126316970211,0.15156604375157098,0.016116390024060605,0.01956575603770332,0.7410271601129734,0.08618066878842648,0.00026208023868943046,0.00908496912048181,0.051294813621874095,0.017855863570242356,0.050831311197551486,0.0041773277737730645,0.02978741040430993,0.683034630196165,0.290763400728005,0.045962028366925,0.1592607642348529,0.21125091832598675,0.01998489561524197,0.6417986891252787,0.48591946397771,0.4657247044595776,0.8406976101800019
600805.XSHG,4,1,-0.2663556343898378,0.8405377775659834,0.332774655387244,0.4696328022505251,0.5498191581219192,0.1471189911642265,0.681932158067204,0.5545838462794239,0.9387006153297639,0.4374761445307892,0.445766374126479,0.0023759390332756688,0.01619519920344662,0.004823469760836144,0.0007693723342601872,0.012581378443876514,0.0024413023035798043,0.001306674707208025,0.6148116497653281,0.026362783884331293,0.15029131668358034,0.007477402101951483,0.11054028698485706,0.5454545434710744,0.12271717129659584,0.7043924280391995,0.00867498782612377,0.0890838382924844,0.09042883149368046,0.29098826284283996,0.07811899204738462,0.2369477911646586,0.06655304492648405,0.8832572459267487,0.040922914413000555,0.060890630496660006,0.3000141627189708,0.14419260356948022,0.13685699207345764,0.07248761735823395,0.5133808843475465,0.09936157377018602,0.16716688904365012,0.5290621169920013,0.1608571407186228,0.012943834414437857,0.2325763068926576,0.24028118259609207,0.18680088862805783,0.012943834414437857,0.7095294685414542,0.07461500594681247,0.0003406408774868998,0.009116496060339924,0.050654345762411346,0.017915617168249576,0.03837268230353135,0.006087290531176529,0.029665509541777726,0.610084571261295,0.38341730170975463,0.03530454152574555,0.08125429201515613,0.1172520203171708,0.032051205359813366,0.9359901151808667,0.7801236124010442,0.8121004560181457,0.23493402161171745
600806.XSHG,4,1,-0.2727319428614721,0.8392870134879747,0.3520420575242083,0.26532330935707854,0.4495255147118441,0.14712658389863048,0.5118974668759823,0.29402305046436783,0.908284075631027,0.4680693456978945,0.2169019772777273,0.0016343810083932723,0.010428433742580814,0.004701209786014409,0.00029311192934350827,0.0010981969072247138,0.002848136542655917,0.001187587707540499,0.618375920454758,0.022108354160057634,0.15075213138780305,0.004307967166991262,0.012562230649034329,0.5454545434710744,0.010813111211377806,0.6809191547052302,0.006823688650698471,0.04571764493081305,0.09068791480527295,0.2891763590215204,0.061443389335098623,0.6506024096385541,0.07484672923548423,0.8749480288964467,0.05466970064178577,0.04275774255421065,0.30715236710856403,0.17861694922591526,0.1369570812438094,0.04535534291095519,0.5303637771193461,0.021952161150224477,0.06961916017441003,0.5209614576722363,0.0970203279012686,0.006693425364957042,0.14862487012799366,0.16402309720171612,0.05752649993094868,0.006693425364957042,0.7190868649192489,0.09232807053247633,0.00023845733342121408,0.009152849889454365,0.05905891987700905,0.014374927356008874,0.03000026419864486,0.012328857177695534,0.029012854794734526,0.5539473056840271,0.2468201126209911,0.04243663770542604,0.04749067997477413,0.2064042154329432,0.03975773165041574,0.9276320461291558,0.7591935341205609,0.805724915701336,0.3418731148824496
600807.XSHG,4,1,-0.04005867553473946,0.277293297900901,0.14318634866627633,0.1980947669128038,0.5175660279734425,0.2530175695874108,0.4352037491180118,0.2912105881967097,0.8606098500183097,0.37758581684800363,0.19056206657122632,0.0006047560066243124,0.010797020788268372,0.004850442036366159,0.00018950138103947638,0.0008363637932876692,0.0030871749692296963,0.0012288026368218572,0.6199225718953205,0.02201199370903884,0.15090563599489254,0.00351805929057012,0.0,0.0,0.0,0.7026007665283619,4.4047091888373055e-09,0.0,0.09134051696217903,0.6366349874346215,0.38223497326748174,0.2971887550200803,0.13305799715660166,0.3190692116509718,0.0771932619627517,0.04339108540017557,0.29052377281936015,0.17829778124431725,0.14208910423830812,0.05509511722277145,0.5413916863522719,0.0342355915455094,0.04439494415829236,0.5201486295861394,0.10397442210660786,0.00930483612232365,0.12148376461894592,0.13872631771395066,0.021830021388676166,0.00930483612232365,0.714314593638296,0.07457762710534299,0.0003410226890576813,0.009070020733010952,0.051117909935048236,0.014676608066234572,0.01624576866471049,0.017016640852597,0.029109518959943716,0.6216730628280089,0.277779497311007,0.08915143787059074,0.046673354530811485,0.26657459656989413,0.02001854399712867,0.7942979435031459,0.6672194949360932,0.638140227560184,0.7031684179669543
600808.XSHG,4,1,-0.2139717190130004,0.37229469319510217,0.9999999999999999,0.4120281694580136,0.7213904972545636,0.31478392162562613,0.09441924675409691,0.17332811027637074,0.8183187719047122,0.03579644879799371,0.5331331465184073,0.016687972150896797,0.01047650986635954,0.004212761723540775,0.028178011675730818,0.06649283482291717,0.056722185324358264,0.004022310774731216,0.6126304378451576,0.030304014184545876,0.1467251036502478,0.011640168608914397,0.0075385044783687965,0.2727272717355372,0.008472106570770969,0.6819225907600623,0.021418008539084266,0.004974224473184408,0.08965924316114773,0.30813666714692,0.08169629616081397,0.9638554216867469,0.11758400739968719,0.47320344236058137,0.07734268909839892,0.037429264392102604,0.3009986482167345,0.18040742266187365,0.1397725766072111,0.12829873343160705,0.4967899446913395,0.04186685379195204,0.08287891975468119,0.5262928166006747,0.09138147325978366,0.047262479760809654,0.134071922328102,0.14095812260509946,0.1284895099000492,0.047262479760809654,0.7419549719144123,0.06426607154839764,0.000531990857250274,0.00921533872209816,0.04178000727138792,0.01508725877884763,0.09651610669486756,0.008163675897441033,0.029271565336779583,0.4760119000757338,0.25878845322405675,0.029465804941518788,0.030788605149449224,0.1619311920504636,0.005742956272058383,0.9290194358835977,0.704908562204237,0.7110093923366769,0.39533818892561634
600809.XSHG,4,1,-0.1879511173952046,0.11658482182691177,0.1252346203887102,0.40067337265177044,0.6539461311038836,0.06507045695968111,0.5408347596372362,0.20877887652118027,0.673012867742301,0.7993665611579788,0.6125716536734973,0.005175573363295078,0.027705661180232537,0.01221338833311787,0.0021573490365547434,0.0014585650686238575,0.004879124357475345,0.0010979918309179037,0.6252781604320617,0.027249181509393733,0.16112772271788534,0.007358901016340414,0.1509729146323297,0.18181818479338843,0.16226050068161177,0.7051858940154035,0.01094992456209237,0.04797865605498779,0.08974971902815064,0.3309732593325322,0.055743282415024624,0.9999999999999998,0.038325267375627664,0.9688409494312179,0.011559284977013543,0.014214008935132236,0.2663709676817259,0.16015845207774107,0.12961417574618425,0.06360795951116271,0.5318427242963106,0.10959033967778743,0.13846087489341252,0.5182899568076179,0.29949393912334654,0.06604016022484786,0.20782925009036646,0.22214567155545267,0.10749950232693634,0.06604016022484786,0.5645127176822935,0.062454190397192855,0.0006028210727779018,0.009087609570920733,0.047418235142332926,0.024526239100617114,0.0728080195928237,0.02366903672595003,0.02943837790371278,0.8766154419339065,0.3787301785673615,0.031125902015597694,0.01503905617826497,0.11636836905304758,0.0371409343781779,0.9312980216159406,0.8471982663305471,0.9100294946304985,0.23400571990263253
600810.XSHG,4,1,-0.1974013328773967,0.5464795736969296,0.6684313436959763,0.23078418661495664,0.7234927266207436,0.20586180789514213,0.4791295589416722,0.11811718568352275,0.8833086422788716,0.40895882840884257,0.20235914454243964,0.003762351135776533,0.011321098811993884,0.00498571471930151,0.0022464133481753337,0.01006286927294439,0.014046893582061654,0.001569387085016835,0.6083222009566425,0.02288426865332932,0.15044204559432559,0.003324088043952643,0.010622535032631839,0.5454545434710744,0.010280221656600374,0.6841327617898801,0.00576580181662636,0.041286063127430585,0.09114692991650448,0.32096418919529035,0.13276683845344653,0.8353413654618472,0.11891874442487063,0.42293339794004503,0.0965009859551309,0.0362960682795212,0.30318368666870693,0.18488304193579086,0.14075786999846615,0.37519619922400316,0.5060403699144849,0.047736766865184285,0.14118266154691683,0.5678079528840743,0.08983664118868692,0.2151714122680494,0.10964647013231654,0.11369875905465363,0.13898080267574484,0.2151714122680494,0.7876736579739816,0.06101072919447912,0.0006786454124750893,0.009206563631536577,0.041645581576477,0.01376947777218626,0.2065894837115069,0.004069730574343719,0.029362210126727236,0.47677810882825505,0.26508077685786,0.03811263407648244,0.03647584606944699,0.172364879414298,0.023457707722677513,0.8869024371192,0.7397367431780992,0.73498533190041,0.5897352076693493
600811.XSHG,4,1,-0.2592653561192906,0.875719194247505,0.5861646751943391,0.32869290307935006,0.7469263567738176,0.1285482474884319,0.46990260529893135,0.38727147369908055,0.9265889725389225,0.16300550875232267,0.45669111704513776,0.001965221139018631,0.017960238190260373,0.004910006686880078,0.002626966657221597,0.0245119803925428,0.005191521610807479,0.0015282557324928663,0.6181530966181201,0.03379002582492771,0.150089704639295,0.008378516933678038,0.027219268782025897,0.363636358677686,0.027921630486147674,0.6939746641676333,0.004501399599644822,0.021977028126978382,0.09137832835734253,0.6538773682007945,0.10390886341707356,0.35341365461847385,0.14153878181858906,0.41213162111859264,0.09427043078892614,0.05057537788059673,0.41261964494349745,0.19169607175722822,0.13940991584710533,0.14336023179909263,0.5204845382813406,0.04445761750364149,0.13015132086107692,0.5251065757896549,0.13355582396468835,0.026419169746016047,0.17437715015977512,0.174901469006022,0.2158588988847617,0.026419169746016047,0.7090375179515225,0.06849064935813895,0.000425656592142398,0.00910544433179217,0.042235392451792746,0.015562856726570685,0.053471542480370775,0.009141732679892406,0.028862324099831447,0.4909302395206261,0.2942128492736984,0.05426625935571788,0.06367774390551886,0.18804687895830166,0.023128551773643594,0.87890563974379,0.6103362301534654,0.6687834851193384,0.4353341926861979
600812.XSHG,4,1,-0.278813000794255,0.42017769949226197,0.3411889126846923,0.2897910593436653,0.649614451970119,0.29760047899307324,0.5401764017863913,0.19422021597877998,0.9517624319532396,0.43231659567227465,0.43286295304614786,0.007725188243711105,0.011199860152980226,0.004639693234317883,0.0019566843124927394,0.012888386207104271,0.008394352893812356,0.001632954418239384,0.6163911817368817,0.03396451461694047,0.15037150611775554,0.0035201283898431013,0.05140002539227359,0.363636358677686,0.08967766039238152,0.722358984589368,0.021058483876275486,0.0789545084561816,0.09162002393724998,0.3478189973560435,0.15127045862474778,0.5903614457831324,0.10542841369205652,0.31533037196424585,0.07556286213214532,0.03846183313980199,0.3005973797545562,0.21261870642495742,0.141962839620753,0.19167022733788763,0.5545109838339819,0.05936343472488273,0.08307467446376252,0.5188221532468801,0.09477087834016627,0.04980072960822231,0.11398218054658112,0.129593185582565,0.03227095044554661,0.04980072960822231,0.7144185926941248,0.06298102368461042,0.0005799127902986758,0.007337621501611394,0.04647567224720185,0.015960432323920873,0.11075987779611772,0.00811522684036296,0.029617681457554387,0.511357852752641,0.26924250148869405,0.04414655719169294,0.040034824722914406,0.17008877678978568,0.021577436142848596,0.9083506128303815,0.7471529344124543,0.7379242328623521,0.3966633246343224
600814.XSHG,4,1,-0.1720462531744911,0.18019827493394658,0.27980809031442566,0.3392953173260653,0.5765646980939508,0.07755761258398106,0.3387553597745425,0.334875393263759,0.8081096721900278,0.288125342000901,0.1668296742092854,0.0018931045944985611,0.011294141155407118,0.00507754247526123,0.0007638780637693488,0.0003590914129211277,0.001290705922081781,0.0011296294313352185,0.6168593186342217,0.02203850305998952,0.15128687310517475,0.003943468631697673,0.007927459787586114,0.6363636304132232,0.005547387052199273,0.6989340556533628,0.0017023666465087498,0.0201682192276386,0.09139154407927516,0.7714727233928085,0.1559569559105411,0.2248995983935743,0.13197755849850648,0.3190692116509718,0.08653760866096263,0.03905468603748799,0.3070217393435363,0.18150338422393775,0.1416170770322651,0.05017692248670354,0.5119525848802892,0.03710844946660951,0.07314359604530461,0.5123047140977777,0.12484453767397202,0.03823076951876714,0.15041243832964102,0.1634755995285393,0.08087061375083265,0.03823076951876714,0.6242701077500331,0.05754572584166591,0.0010094274396127514,0.00907301594856959,0.04902250489288421,0.01747552870636737,0.2860807590593345,0.005604354946281008,0.029498248824932547,0.5626866317086234,0.2779836999929727,0.14187302369879573,0.04854834795942833,0.34447334004661295,0.013306813423461149,0.8797240487991933,0.6474586484454474,0.6771037698732285,0.4260541283746645
600815.XSHG,4,1,-0.3190848927632038,0.826114965574572,0.6831042619660367,0.07975202009139432,0.5973367303353787,0.19568139729452794,0.49960784411213055,0.06062862470961561,1.0,0.22007939254839248,0.3353412248559924,0.003409954282071612,0.011361138414375752,0.004852480562720526,0.002352421029060531,0.011366438333020017,0.007658874497672334,0.001517045351827714,0.6278793500275688,0.02869732158496624,0.15039907616106693,0.005519210144408782,0.023800969850777877,0.363636358677686,0.027385564509407632,0.696881605429132,0.0074624789480839185,0.036990141991498596,0.09048764360328106,0.28008376178190764,0.03356276243341139,0.9999999999999998,0.06524466006369317,0.8940590227482011,0.04439908408944159,0.02684228949873759,0.3039385689161132,0.17012764701956654,0.13494879853999797,0.2105854629126202,0.5374255168463952,0.03867335643690859,0.1363025762692469,0.5247584158981883,0.09250732946664042,0.0414082771381097,0.1584774047573309,0.17271044413862063,0.07518587525649048,0.0414082771381097,0.7313879667249763,0.07086036752051686,0.0003863682947450827,0.009827155297266516,0.044071048530973836,0.014423308495040527,0.0427993952622347,0.016346500614776875,0.029019344114432636,0.513066575889595,0.2641109601166272,0.05268067652530762,0.023977394854261664,0.18517972272888483,0.019305646946222412,0.9438111587678062,0.7809390340984481,0.8148848864443523,0.2990642197259489
600816.XSHG,4,1,-0.2100586755347395,0.9057610648399002,0.0692187577743642,0.27479104075101557,0.7271349748275795,0.06963766748306638,0.590765961448984,0.16130048255256513,0.9964987587146836,0.4204657206333614,0.36210623514014956,0.0,0.013684344003226122,0.005188709643645466,0.0029840589171838032,0.000395893848576746,0.000736818801982393,0.0011312976781789191,0.6170556640114851,0.024855566264603484,0.1513826958885682,0.0035699467835727874,0.03345276118059551,0.5454545434710744,0.05222237894083163,0.6966616073198744,0.009158974906804904,0.06457447770643031,0.09169410856179952,0.707737956339203,0.20817363615035903,0.7951807228915662,0.1731152604054807,0.11009558576694976,0.11643634248736454,0.03439249708303352,0.36609177710609103,0.2306565999142978,0.1518027749397515,0.048059520735666474,0.5318427242963106,0.017056407584344912,0.043179535292048175,0.47225343920306073,0.12183094019263141,0.0036876085611440156,0.1209915947122042,0.13982033478694506,0.006457423970002308,0.0036876085611440156,0.0,0.05201285781396429,0.011594353483777456,0.009041927393121384,0.05305644375124136,0.01518069070404709,0.04830576614466187,0.00615482972943676,0.02996043969994048,0.5562115578875703,0.29599917104153156,0.0398190841938641,0.039490518344518596,0.17682849787201704,0.043134384159837294,0.8398634446322308,0.6126940427225689,0.6390683710355862,0.6003010771033317
600817.XSHG,4,0,-0.5225805232251265,,,,,,,,,,,,,,,,,,,,,,,,,,,,,,,,,,,,,,,,,,,,,,,,,,,,,,,,,,,,,,,,,,,,
600818.XSHG,4,1,-0.1116522090220374,0.28371008237824813,0.05813440664993308,0.29327160337522107,0.5006196352402184,0.12424533643406141,0.31914259351561025,0.3424963415087734,0.9835212458693345,0.16570806513050654,0.28446525319174787,0.0005774570094780714,0.010615750539315596,0.004746985232441073,0.00017929129537256908,0.001060736121478596,0.0004987417767344886,0.0011288827587055982,0.6170956681034923,0.022540242578326514,0.15081114918972238,0.0034676597943927487,0.01208543485720162,0.8181818152066116,0.017731193478600325,0.7088896672897588,0.006086547699917886,0.04427059781134123,0.09165788037624766,0.6334385639961642,0.21575697666710922,0.21686746987951805,0.14747855922187333,0.2060652972644464,0.10946376184846959,0.043630159160632745,0.3054849783743059,0.183136868911612,0.1433510894121256,0.046816486185521554,0.5313812771550285,0.022771119658986247,0.03881016938300806,0.5208331058303292,0.09963705584772464,0.00963015257343603,0.1188584059756433,0.1371946211400233,0.009697136451483703,0.00963015257343603,0.7001356661840643,0.05893965395909103,0.000839111890610367,0.008958098095134913,0.051139412769464807,0.015619119343762429,0.09670450988934325,0.007119957635534233,0.029249840282231907,0.5296138019588775,0.27575051298867276,0.028051667433936146,0.05297732620263527,0.1750024541470335,0.007959711670754321,0.8757465097783017,0.6784584936535318,0.6568813323017695,0.6046446480446093
600819.XSHG,4,1,-0.2426310228016205,0.6659465654289045,0.3673016723286093,0.3466078950057132,0.6001446066323455,0.24697447611940404,0.09995562610080211,0.0767018007637072,0.9908929965514486,0.24941538390144954,0.2976248182258846,0.0027190989088416695,0.011058780180279686,0.004886107138263156,0.0007961234964701281,0.006821530984206649,0.0021215097947597,0.0013154615504781919,0.6174626568112551,0.021618308720449547,0.15080991622952744,0.0046887396445885795,0.0036830022391829867,0.6363636304132232,0.002477993099183038,0.7010308786401829,0.0015243114374680405,0.00646649181513973,0.09138104190397324,0.719175472449837,0.12509538251351207,0.8514056224899597,0.14009929494789516,0.5305364239158442,0.09732524985242001,0.038094280494660335,0.3079004618025718,0.1820784881434584,0.13882887871532298,0.07655865816356641,0.5133717878590324,0.04373454843814058,0.08104115917098181,0.5176729686604709,0.09974985034711288,0.01446814279168325,0.14936803259086784,0.15289943034024261,0.1705652161120428,0.01446814279168325,0.7083924900996406,0.07400658451412065,0.00034701308510160726,0.009011583734759935,0.05230544683945271,0.01598106766144057,0.04632358347956635,0.009076168998291397,0.02955783096870143,0.5726883725881334,0.27577640331917935,0.045711600058304894,0.038941903200382134,0.18970501152657446,0.01981231680325417,0.8634801380466122,0.6291655610101281,0.6652491464512704,0.6148424187982702
600820.XSHG,4,1,-0.2333760979691071,0.5870876356538753,0.7011516910135493,0.5793294357237048,0.5369580281339308,0.6575275453557413,0.500527017738373,0.3744556236511404,0.8808976420408892,0.11198854550763082,0.4923159072623361,0.017355147281147735,0.01884656679912629,0.005598283114584179,0.006896316748056344,0.03096373831822934,0.042276078763580256,0.0031368199796265664,0.6092366557138533,0.03370409969863623,0.14996858314070546,0.00865503162834763,0.031871964126718395,0.4545454565289256,0.033067365483590155,0.7036102350745483,0.0027723510406369523,0.03201591751831419,0.09121543433107714,0.35935937132567575,0.11570075644817035,0.393574297188755,0.11436311435125586,0.4004983066402901,0.07563509676517934,0.04936057712373569,0.3259138017480572,0.18074562932618218,0.1409515490423936,0.38012614880457657,0.5313577569526823,0.14300176291575606,0.239270541628845,0.49904167705150965,0.12915179058656795,0.06039889349443,0.19659671322702577,0.21234882287581006,0.08634965621460458,0.06039889349443,0.7023289945862066,0.08018937919348076,0.00029485807747727953,0.009038335327743877,0.04733842400845548,0.01540090091720488,0.05931079441761196,0.0073078077542979925,0.02951948214051905,0.5387195997529504,0.2835129402013178,0.035465529992003385,0.06591500351401493,0.18025298297613618,0.013206915116348628,0.9128101433014728,0.6788150678873119,0.7010783891759724,0.46698518615585505
600821.XSHG,4,1,-0.1723456710504345,0.5236789172124787,0.232582724528933,0.417784630890749,0.48281028362125095,0.16928254444822874,0.17360304046145542,0.3090368351939253,0.7282309642508074,0.09064749592499277,0.1368676079091109,0.001650476841053104,0.013684344003226122,0.004764692157142077,0.0003363112151687911,0.002777152895747791,0.0017220061174654693,0.0011734701963851644,0.6153745037350955,0.022172505576390195,0.1508303824489639,0.0033445075788676617,0.0027236771629442053,0.2727272717355372,0.0025728880730680127,0.7003138757045526,0.0012089125476855242,0.010626752283621234,0.0912862128238807,0.2770203087567612,0.058197277889826114,0.8433734939759034,0.10385453079316054,0.6684669628035753,0.07259613163471579,0.039457931633866496,0.30609641217820543,0.18159282818662348,0.13802296591508798,0.07579555942230898,0.5315155634385088,0.034630078966340946,0.03994738618593337,0.52774266648081,0.10107396725582646,0.013102533849145026,0.11054362168397132,0.12294805415978462,0.06037443569441097,0.013102533849145026,0.7578901980305618,0.07768185687103407,0.0003130364876883197,0.009146909904072817,0.06296676321395345,0.01591260802845488,0.0892798351400456,0.0025133657393695786,0.05073996892498543,0.5578914511727651,0.27259442330067457,0.030515431216552476,0.040322110132464645,0.12757463773623146,0.010194711969851049,0.9271633693599013,0.7162940604130736,0.7350090965982155,0.20243820758349068
600822.XSHG,4,1,-0.2336070626315137,0.46572018066069293,0.325564703354079,0.0,0.9155172947024656,0.26842087756101124,0.3507820951523898,0.18008186738699905,0.830664884578468,0.26249079135383047,0.17651887265941124,0.002807071244551785,0.012481378508024277,0.005483974184931349,0.0361679572282557,0.02336122240289234,0.01816113932804834,0.0018086996455764775,0.617164750682648,0.024445559590730425,0.1509541562063216,0.0031028043089684184,0.008432199991188756,0.4545454565289256,0.007726699701788661,0.6995156036575619,0.006044914874207464,0.030478429953875372,0.09131684719286712,0.3522115170853143,0.09272079195265101,0.9397590361445782,0.10742788401359243,0.7478192668301682,0.0828444819689013,0.03431337024149154,0.31251275606032247,0.18195748837401865,0.1358898967131756,0.15430825920333877,0.5429969904192365,0.09434136794815938,0.05605992059881502,0.4800733865808129,0.10686008138262383,0.9999999999999999,0.10055879061423059,0.11568865091939108,0.027829665661777938,0.9999999999999999,0.6779441373161467,0.054492411896957346,0.0019444991089186548,0.008943202346692637,0.0395171967269256,0.014199639426657588,0.419103622034093,0.008632949122074528,0.028691320173387106,0.46342711536265185,0.2673227237484216,0.035622464090407036,0.02904611142138347,0.0914968555251558,0.012714302805527307,0.886488794364517,0.6865767767900581,0.7162138611560733,0.40106937074090754
600823.XSHG,4,1,-0.2345875509146787,0.6528374675420054,0.8225451535076342,0.7336728646297503,0.7765650324445459,0.26956629577966895,0.33344561462822253,0.2667645195883875,0.8877683999581993,0.20257049327406282,0.48737418114120934,0.005582530438986988,0.01570280196302397,0.0068840725653413135,0.0026285861192361934,0.018876852713107063,0.032929117612623765,0.0023338910902655015,0.6288708700720765,0.0269305574521104,0.15374162927968568,0.00918823434964299,0.02783338524782561,0.5454545434710744,0.0247973747802874,0.7018439479850209,0.0016920330874713692,0.018540291218232793,0.09122628611930897,0.355229891609837,0.10002035451901775,0.7309236947791163,0.11402778308481046,0.3315330371964245,0.08014723619120726,0.041694385609190976,0.31328384712206836,0.1827969385500481,0.1414779920812568,0.519007060233353,0.508368970460435,0.13138008626188083,0.3015277872574062,0.5284820244791091,0.1408808519326763,0.027047850283481133,0.2153888378506903,0.23531725586720142,0.05934887133580751,0.027047850283481133,0.7239421017391213,0.10177548206250911,0.00021342350623627292,0.009077754557788397,0.048021897536751366,0.015821660482240665,0.020086025295819338,0.011346458170508056,0.02904735688932592,0.6915693751573168,0.34206635594376783,0.04348820585203718,0.045852173875396675,0.09650022799817601,0.02071199976072262,0.9092000894746559,0.7023766087302645,0.7128392740676976,0.5374046413761046
600824.XSHG,4,1,-0.1130745485506125,0.4831826356764275,0.3449811615575088,0.36381831404331166,0.626879614560634,0.07665046160209585,0.19966452337833288,0.26473350041985394,0.9609967692333363,0.01338883979759345,0.25727152930589503,0.0022796875289548403,0.011848075772207374,0.005296661738647342,0.0009135791635746831,0.0025199282764576765,0.0008165216410918571,0.0011543633784885596,0.6180352176665742,0.022583601855499305,0.15151286246118106,0.004281112402306419,0.005585921166048954,0.363636358677686,0.0036338588720569204,0.7016360228901268,0.00040872562823183653,0.009134484941665914,0.09132065655529499,0.2628074217308875,0.11051859089816568,0.823293172690763,0.11708924555076676,0.4154546919768935,0.0797657936159667,0.03862508177778173,0.3067486818328477,0.1813056782192268,0.14103344018177233,0.056139527105826044,0.5294717684196856,0.02331621762633771,0.06182307101854552,0.5282443909000512,0.11546675425646927,0.022965262827602473,0.13771579127432929,0.15280710928579588,0.05311940946154027,0.022965262827602473,0.749503667427379,0.05493201299270614,0.0017061268055210228,0.009073421981909848,0.048391271379489925,0.016276901514226852,0.13863024826912937,0.012821680125672592,0.029316204609623142,0.6079528254917985,0.2850042621713267,0.026053416580853275,0.03738831483347238,0.14601628603637837,0.007840072979601603,0.9197302268111516,0.69050738578568,0.7023035913739426,0.23606736779036458
600825.XSHG,4,1,-0.1187103609279979,0.6649762329331399,0.3641662017486562,0.32801365160880425,0.3768763128485082,0.17293356502020027,0.3012708088106428,0.1483430016686055,1.0,0.17248852907225182,0.33505165117982066,0.001602272498698118,0.010681325104380954,0.004750172401444635,0.0005742012250766004,0.0050397081702868675,0.003864333998123768,0.0012739556040037652,0.617474918140373,0.027670838408533998,0.15105086769379467,0.004466889740465318,0.008819640103347414,0.4545454565289256,0.009405254868396743,0.7007715404016537,0.0015068519565064767,0.01487745319706973,0.09130758500918719,0.26165121929103635,0.16977757433211615,0.8795180722891565,0.13289988418224627,0.21354400322759798,0.0939940998700311,0.03273690775041974,0.3051913805395694,0.18297990246758022,0.14318210769594727,0.09016247529973041,0.5548858998799263,0.05206250286675554,0.06911901101096901,0.5207034692655753,0.1022241926446498,0.0074666273419956046,0.1336218064003441,0.1505982518925886,0.03249546660262522,0.0074666273419956046,0.7125138908851255,0.08225011951243334,0.00028214094185591434,0.00884513172402027,0.04928027506742391,0.017807750144463425,0.042612331536413035,0.009049245248970453,0.029526216648618854,0.6465554425770339,0.28525090163562655,0.03926105205239575,0.027794136656319437,0.15892462443633784,0.016192648202428665,0.8895511709818069,0.7056963424881699,0.6995402851235633,0.6749263105153802
600826.XSHG,4,1,-0.1894362688957354,0.6631175402502666,0.293122777524293,0.30743672345806283,0.44289651263970625,0.06832557066630221,0.44810056095072015,0.4464740792667298,0.9999503837139152,0.26059550212016386,0.33234113315013236,0.0006305026279925793,0.010652730007116243,0.0046873124850395215,0.0004230978001037348,0.00020385561919018344,0.0009861755142378022,0.0011410629878353977,0.6179084756310155,0.02220541813256837,0.15077429036452386,0.003698315987770393,0.02095606903349908,0.4545454565289256,0.015680154508653125,0.6975999965711331,0.002479624464330229,0.02496156281088903,0.09132315792835856,0.4046083415940892,0.08551608173654898,0.78714859437751,0.10457658004271683,0.8221854246847599,0.0831027813491648,0.03909508033640641,0.3061493071866949,0.18168777322245278,0.13954250150133754,0.30328803128978576,0.5318427242963106,0.03809047832036962,0.13598730960383584,0.5214151655750805,0.10321967372798527,0.013440984893151826,0.12809916093305954,0.136583703402499,0.10932478952604294,0.013440984893151826,0.7162800589405885,0.060531358551491304,0.0007092116471144695,0.00914478432913221,0.04476481175917458,0.02321295567660145,0.11078994655797202,0.017428350260120778,0.029330448693603645,0.4851160346091282,0.27626150635393487,0.04484591533407422,0.04125265921971757,0.1995364828748037,0.022369743375007477,0.8961161963329594,0.716045287691832,0.7318681957049269,0.4457542903530648
600827.XSHG,4,1,-0.2353404579724852,0.5719241312945369,0.697579850329924,0.5122577798286749,0.446417558755848,0.19091876424993542,0.3596599824078828,0.05531224652340272,0.8473688878663154,0.1349352349389087,0.5149826142856045,0.021618656465007786,0.020247627074090824,0.008564413804251528,0.0183137596932946,0.005705974754225578,0.060011578808156406,0.002087040950011703,0.6060596608851944,0.04826455798222917,0.15680615078809368,0.010773458878794745,0.020849021871721232,0.5454545434710744,0.017981014483841023,0.7008884326028841,0.003355589788163612,0.018992493443067738,0.0912135807254658,0.3217741194171665,0.10981890456732407,0.9638554216867469,0.12143603473742044,0.4063149638794414,0.08580267882371644,0.0305762710276886,0.30744054867024484,0.18245611265955572,0.1408930553714088,0.27382338635975895,0.5195000067344169,0.20600098140950704,0.2031265898206343,0.5401240223259136,0.16152328971423827,0.18257742898773147,0.20134996144007755,0.21267766247785852,0.13149728420273038,0.18257742898773147,0.733742552090089,0.05949646117060403,0.000787759726998044,0.009040580985468435,0.044042817815850246,0.01748134343821646,0.13436616528045517,0.00686198645515364,0.02942985896891178,0.5803471335919889,0.2764707703035184,0.02817936783386419,0.020426167855906622,0.12841688516491867,0.011988245498594246,0.9155858104557526,0.6958173013135207,0.706306622693174,0.524472303869043
600828.XSHG,4,1,-0.1364442177034143,0.6063591685340861,0.2612220268449128,0.41855578317287284,0.43554196977637794,0.15556771598256128,0.19179986087063167,0.12031988414487685,0.8986132906662545,0.22180684755895946,0.21104138554453633,0.0004839674194338506,0.011758318104886,0.005242831243402031,0.0007689649704758739,0.0006114679534235999,0.002070844436803471,0.0011865541920949004,0.6161617583107731,0.022677768700380754,0.15148481512088754,0.0038154134324788628,0.0037663467388946016,0.5454545434710744,0.005050542124161898,0.700435103689246,0.0011194221326093037,0.013475626300081395,0.09137704591828072,0.4033641517976386,0.11665015487641239,0.9236947791164657,0.12504891620144118,0.3672624651087825,0.08531124707700141,0.035492093633546606,0.30494732418964743,0.18194609646711898,0.1406603805468248,0.045477480576125856,0.5280336186112747,0.01920481201789096,0.04803650339369478,0.5252310734630218,0.11898183468956533,0.022224795038462773,0.12806457277529817,0.14266171578358255,0.05133229265985907,0.022224795038462773,0.7193684803400887,0.06307293077702683,0.0005761308072037866,0.009065253336823387,0.041718005233499666,0.014412525005220944,0.23973200280678728,0.0036109999584163525,0.02947268793405618,0.5911561103207543,0.28928453726290154,0.05227124224693554,0.03310457704310229,0.18745535035719715,0.016075850930190823,0.9144354220221271,0.6935479412675245,0.7040912247533091,0.5102423501222684
600829.XSHG,4,1,-0.2329451324430841,0.5304943851910161,0.34662564801807294,0.3202392679241554,0.5371432583635711,0.09801026971561955,0.31992939122407743,0.2122725592911936,0.9968206059509686,0.274608692961984,0.31336344116526976,0.004135431613848936,0.010988723061963105,0.004789454652740146,0.0010645323142338835,0.002129213241493094,0.003412953275102734,0.0011992561788222323,0.6197130333045582,0.025871019162426158,0.15086338796867638,0.005195657860352602,0.01663921607769131,0.4545454565289256,0.01171338444610969,0.7032221470245922,0.001809438371818798,0.019263814777968707,0.09122082824089398,0.28372420734367765,0.03727605498215756,0.9558232931726907,0.056755310948928175,0.9584549414381905,0.04937663649120015,0.0285057699035931,0.30774425818200396,0.17920267791081035,0.13585740022929518,0.05944489276562587,0.5165604337527366,0.03516330004976269,0.10473269543472015,0.5166732936953511,0.10080503592626651,0.027814382669735307,0.17744270510823235,0.18696156707764675,0.1326148286162409,0.027814382669735307,0.6982952334545098,0.0755623618591662,0.0003313614871894091,0.00879029474183337,0.0513835952633609,0.015365605601966207,0.07092468047668085,0.014447999765911056,0.029403776371602925,0.7224378300879422,0.2873925964945272,0.05763579654190859,0.020239489033985023,0.04588051628920302,0.01620177065262906,0.8720334890855121,0.7267176374331079,0.8065962879542026,0.04357470715675435
600830.XSHG,4,1,-0.1101588185962559,0.7479757448253019,0.3731644031246724,0.32911716963915916,0.5828934533317618,0.03972862121005044,0.5381008551194263,0.2279530899615985,0.957134163315738,0.36170808059909854,0.2535603783702468,0.0012173624320248931,0.011190910295507039,0.005025571568702179,0.0003641948236666486,0.0013273706223397416,0.0008375794098905203,0.0011267041606800642,0.617929864333814,0.027313745268230143,0.15120180736538644,0.004254033162408751,0.01586521682031876,0.363636358677686,0.02903862240242065,0.7023816690241497,0.0034684476462212574,0.058967170118476984,0.09156720286506556,0.7054754566951149,0.18828945005135186,0.4899598393574297,0.18155585801981944,0.13128337058142958,0.12137166059008234,0.04729952591430788,0.32178177937936847,0.19049095131266605,0.15216413584050204,0.1341670577567844,0.5282039390509136,0.039171420486611964,0.10386816247058805,0.5154105315797722,0.11364411351095334,0.010495153488663466,0.152393674110482,0.16885244146703995,0.049997123966582874,0.011569223570227445,0.6716083746116104,0.059008634713533945,0.0008323345036096804,0.008934596962165909,0.049495963007737315,0.02024096377284989,0.07237786540058241,0.01416978442966619,0.02954466026505722,0.5720740749775737,0.29754394202279016,0.0494783515444054,0.05649365013688062,0.2176418338653291,0.025153586169767306,0.8197360852707674,0.6059357171288311,0.6097995051661811,0.7660354344590844
600831.XSHG,4,1,-0.2670668245452168,0.6211738003166328,0.2761187409420385,0.5341114032616465,0.5764404868479014,0.16546104891094876,0.5900848158814642,0.34631909152521756,0.9906677473942669,0.2639239564017734,0.2971540915947287,0.00322334005361604,0.011516502026229097,0.005140306809583883,0.0005990921367101229,0.003128656531115592,0.0038015676652889525,0.0012535712756593866,0.6134737242988534,0.02237683958153972,0.15122280311387443,0.004130055467322874,0.03605032921039226,0.5454545434710744,0.04216242521204357,0.6903378225588176,0.00829315548955086,0.07022700551686714,0.09132442947749304,0.32761501585393266,0.08834466618901285,0.718875502008032,0.09272074218230161,0.7528043864124693,0.0654047860050704,0.0394519323606854,0.27995686999823666,0.17944457884394158,0.13561432652986946,0.10319577991420734,0.5216253686088121,0.031001800222287178,0.08018327033582558,0.5332286739219249,0.1118508898493828,0.017625989439419055,0.1399159896720022,0.1578668509025592,0.02747685455779727,0.017625989439419055,0.7557623072365816,0.08190513530772292,0.0002841496474856423,0.00914379131579094,0.059283974082620476,0.014683622153455849,0.14476289003017775,0.0015400814922137455,0.029506867197252012,0.6953527387804751,0.2864786483612297,0.02468545336688844,0.041494279958858495,0.12698342579926028,0.0178828438116887,0.9177623169675193,0.7714911989739512,0.7502343463255816,0.4450689524449788
600832.XSHG,4,1,-0.1357851712612351,0.3863070553252291,0.32765720492350814,0.37330941905406617,0.6122750133949206,0.08082393461281753,0.17461895830303603,0.305737917726226,0.7744522669373755,0.04456772052894847,0.5587068841285164,0.0024325056998658764,0.014320293147992462,0.005796487853302206,0.0011868793665407416,0.0003171334788465886,0.003971412431451949,0.0012467783703684406,0.6243252961250202,0.03717158251833749,0.1521487340587299,0.006325611454736433,0.014196351336044332,0.363636358677686,0.01529008092472153,0.7012192668082199,0.0014223603755761738,0.006285610925205752,0.09128760742091228,0.45803526838673037,0.06996860391997498,0.78714859437751,0.11307251719807997,0.621935758069765,0.07416435720945692,0.04066483526472881,0.3025211038763717,0.17940552470581295,0.13813865339770234,0.09642168846103401,0.5167957362898831,0.03239361800378217,0.06852889155557014,0.5213498454478416,0.11046567592016725,0.005115637508231881,0.13103121864469292,0.14504037348129,0.05889851366062858,0.005115637508231881,0.7008356148856537,0.06091125441510232,0.0006847311327343142,0.009006792760674152,0.0478100352540949,0.02602739297686193,0.03873470834871413,0.02731678911805621,0.02921405639716278,0.6161388401307102,0.3292998923701975,0.030083620727618464,0.04364080809355258,0.15385752330648023,0.007260872166058503,0.9065992884634504,0.6948498518420241,0.7160659919252836,0.33009010330092176
600833.XSHG,4,1,-0.2544313917344959,0.38652865510700235,0.19003589837509824,0.34297542246484347,0.524385944235336,0.10334778122222776,0.6135797804175622,0.3534110769971552,0.7390486318638424,0.334361156818652,0.14060496051904614,0.0008730626010033805,0.010750955875356863,0.004830389007234859,0.00046647508470126537,0.00034501828072683554,0.000978903700196386,0.00112646827872043,0.6177092923076796,0.022166017729982824,0.15095857811224495,0.0034804667460700016,0.01915122278950915,0.5454545434710744,0.012305510631393178,0.6969954680278907,0.0018205702076301605,0.05860540833860903,0.09121602586498097,0.28957022536894894,0.08300763464240396,0.6265060240963854,0.10285841905472157,0.5629417543802016,0.06984721794552401,0.0408586008917155,0.3062875293706745,0.18051702904492767,0.1404978981274226,0.10458301259112923,0.5318427242963106,0.042696122601793916,0.062113435927836406,0.5263768053567803,0.10987646391333204,0.03483326769787679,0.12228576610641943,0.13883046190071077,0.028986440761531236,0.03483326769787679,0.7398177328906947,0.06319904087263804,0.0005710383735033299,0.00907897923768775,0.046264865318381775,0.018988804638695372,0.1266645438397929,0.014355502555203663,0.029488350024293133,0.5554952469554013,0.27612718809792314,0.05610190487039266,0.04427664997380723,0.21832131592947257,0.01571768259855237,0.9114076635752937,0.6998971739418867,0.733618861776596,0.20336813766352196
600834.XSHG,4,1,-0.1930377415572838,0.46383344481959526,0.289719683552277,0.4147733299240906,0.5132572518554368,0.08703244122319675,0.19594556801698387,0.3069387566644821,0.9415695782791316,0.0459161950357421,0.24016906404457172,0.0001476451676668332,0.01124155315691443,0.005004755841276338,0.0002380583315675541,0.0005905477025775476,0.0004615037586248857,0.0011383701957679547,0.6172866932112582,0.022162188483029328,0.15113752440190412,0.00421467056277204,0.007197637839669915,0.4545454565289256,0.0041200496317983,0.7019114059357694,0.0014608789670804182,0.011485936510807633,0.09123191270019783,0.32264397818979806,0.07046601161959518,0.8915662650602408,0.0965457585535825,0.6722058024903013,0.0546098647004222,0.0389409365489457,0.30650230521046007,0.1800679338029491,0.14019503089765686,0.054945846800077705,0.5453366977274057,0.028485722437149696,0.07297529641463582,0.5280714752343977,0.11070484203461085,0.00734209421590787,0.14870631545042043,0.16009971791906946,0.09556144545993606,0.00734209421590787,0.7496205202990966,0.057843923386529286,0.0009666592936474392,0.00907846957125997,0.04151854335842085,0.020481455942033787,0.21674676689217778,0.010048465487117617,0.03079926615983155,0.586943625442566,0.32139594432839225,0.025973962345891364,0.037708111839065736,0.11872561686173178,0.00742672130166896,0.895749598784281,0.69181758878422,0.7324055419275284,0.16130048781759784
600835.XSHG,4,1,0.3342270387509747,0.6381857998467628,0.5604162983492675,0.8203519747961582,0.6128793520954169,0.26197103046421977,0.28755115324490876,0.19191436336389547,0.9848341015807838,0.12524435541410384,0.38966090967695594,0.01629972091997828,0.01491748013782732,0.005848981707985082,0.007808098159667833,0.0033885134907538647,0.03806839789137,0.0016248457432067663,0.62970252350173,0.06452136306911044,0.15248942963584095,0.006511094782430364,0.013364131784349332,0.2727272717355372,0.02022622796630778,0.705737436699292,0.005785281480098491,0.023333634801483222,0.09066965992973658,0.20029465205978042,0.03633724940308201,0.9999999999999998,0.05381375082185805,0.9106774568088049,0.036189735965280675,0.0270572620418501,0.3026426194833713,0.17200640184604252,0.12312137826687151,0.16886848591403297,0.5958644247290201,0.3399771869104935,0.1413074723333802,0.4979065039736478,0.1426336923784165,0.077686841067191,0.1757869895743983,0.16353823697419936,0.3379389628837947,0.077686841067191,0.6858118411689027,0.06452950511369708,0.0005233380744025939,0.00893530539575891,0.04990003160784739,0.01985420379090961,0.04628164425412288,0.01182345742564048,0.029447028967819137,0.5690896309002786,0.2888829451438403,0.05801444524954025,0.013816191352080377,0.07090323694077114,0.012385745049949154,0.9502270596923776,0.8155792534607054,0.8305841098668385,0.15771231815832373
600836.XSHG,4,1,-0.237427096587371,0.49525982378306915,0.11884976990528368,0.39882756521460433,0.5570782438903698,0.22270249280317245,0.5029806333410812,0.28807693724141614,0.8686968655679661,0.22614250053656673,0.19463507166383787,0.0012263438521231186,0.01077383469228509,0.004832058077086156,0.000561201215520295,0.003961631689878406,0.0057313350475668,0.0012899722554931031,0.6166234624041832,0.02239621254803471,0.15083967854275415,0.003510265108437082,0.03168906205105914,0.7272727282644629,0.035359705364600875,0.7100844610265913,0.004985917385523607,0.12937505652527811,0.09144020383790939,0.3563494043872083,0.23151749261656537,0.18875502008032127,0.13381562182538792,0.15621102167233514,0.10920263399155802,0.04615640103488056,0.30756323510474665,0.19073916136625702,0.142941633715232,0.04225431831523127,0.54010928249914,0.04368234115387279,0.03972110142965731,0.5354281194355441,0.10054759292534797,0.018170461278514318,0.12120303929927367,0.13986499995346213,0.008180658370436815,0.018170461278514318,0.7575933917363987,0.06369462825976878,0.0005520499133460832,0.008858101761333588,0.04821661031956641,0.014142541544117357,0.02953389816417045,0.007873695479309828,0.02941260724053719,0.5506906412756988,0.2717651540679063,0.030202099268800034,0.05718595952605225,0.14205458023002482,0.014636447927259676,0.8646864481402055,0.7307449913758792,0.684066826330229,0.7036603271182286
600837.XSHG,4,1,-0.2594135142444168,1.0000000000000002,0.41051268723315726,0.15664856332824717,0.5460871367803207,0.1389878957351249,0.7417012314896414,0.4480501574704037,0.11379912341634035,0.22499415093865346,0.8993462682265395,0.0,0.013684344003226122,0.01930155766092611,0.0029840589171838032,0.008062098247688082,0.00141908346489795,0.0018528855877643384,0.6194366714067405,0.04657329124925173,0.15846591938270146,0.020692237896422157,0.534865673752053,0.8181818152066116,0.5468897016566642,0.6943559783678663,0.025634142185892415,0.05670615899430225,0.09158252419740731,0.6259185807593876,0.19259048428423234,0.1566265060240964,0.16202627047068913,0.17449047786723937,0.1169479351656422,0.054088138178465986,0.3372518768138757,0.26385734037104747,0.14429088772594803,0.31429104882278047,0.5089784854477292,0.2326599589475143,0.17422083997494558,0.5321388274719995,0.13451318468480464,0.0062389111659813395,0.1493657615193771,0.16439651811827943,0.06150867965679511,0.0062389111659813395,0.7323216211700011,0.05154028217855038,0.0010165370293848852,0.009074973188283375,0.05305644375124136,0.029247760156912796,0.06504798281099847,0.03229344616550119,0.02996043969994048,0.7187609151482022,0.29599917104153156,0.031645697974457314,0.06833514858129248,0.16891917781324417,0.029995513549081775,0.839563420488276,0.648097165096635,0.657462247137014,0.6988245430631
600838.XSHG,4,1,0.1559009204248564,0.5397558833271267,0.2623789051789572,0.2927974022703927,0.5153023072698686,0.08095499967098149,0.2810237153839047,0.22667951177120815,0.7612284289903131,0.19533505937038959,0.1485503923700725,0.0005724536163741963,0.010726267283916648,0.004652559401960043,6.934581134267429e-05,0.0014847587973154158,0.00047346984588234194,0.00113586411038283,0.6165730159492909,0.022160404753471693,0.15067089050910445,0.003492534884441691,0.005685275654145158,0.363636358677686,0.004095095006599831,0.7016450694777812,0.0006452942556207076,0.015058334087003708,0.0912959500179324,0.3442215577985171,0.0613124713019197,0.9759036144578311,0.10255141636284817,0.7428331206581672,0.07189034635656791,0.035750890534290355,0.3069971940692085,0.18136215065092545,0.1394749088148662,0.07860488674650137,0.5334084371589445,0.018204166330731797,0.048960833518609345,0.521714465850782,0.10290078557539381,0.002164016244258909,0.11820253619167781,0.13546553695286462,0.019434828950231894,0.002164016244258909,0.706611652334662,0.05897374004947764,0.0008357472340476829,0.009150180103723472,0.07913016681450413,0.014830114845344517,0.05708367374312574,0.002327393339410623,0.02974773074796948,0.6389903785913956,0.29600959927802967,0.0535880911759893,0.034373869335545024,0.21689711898971475,0.018156367769336604,0.9060658135802644,0.6935728185396495,0.7324992804577608,0.28246194662649465
600839.XSHG,4,1,-0.2307563499533441,0.4222138681065554,0.9999999999999999,0.4379068359506767,0.5090031420597166,0.21514392570400917,0.4854599866339684,0.23627028293736863,0.9134700752323404,0.044978605003702765,0.46768407466754364,0.0283062567724165,0.01651115888572698,0.006569108634380118,0.01647067185803024,0.055589448826341446,0.047003534012470455,0.002864484984890813,0.6450293468300258,0.03913917777778138,0.15220610207284577,0.009952066308767745,0.058656062545042756,0.6363636304132232,0.1304019579678606,0.7212406105464242,0.014492585994810724,0.079723252238401,0.09243287898832256,0.6914451470559408,0.30670387155825624,0.17269076305220882,0.17702328608829818,0.11923531386440185,0.12331328525959603,0.04566399328399105,0.3278063416895252,0.2768184032396433,0.14783170460956124,0.11255617869650206,0.54691360667829,0.07756814753800394,0.084796574616561,0.5178624251327761,0.10591072767943942,0.05755822066856674,0.14141742897008552,0.1415921555445697,0.19706527959683579,0.05755822066856674,0.7104596174003275,0.06943505710452869,0.00040875177933057864,0.008996771057284641,0.045031420522094086,0.016106689428147143,0.06723573761490331,0.01219762223685365,0.02952581208775606,0.5510260655125117,0.27053526603677247,0.04748475630811701,0.061630296766755785,0.1982929428231241,0.006646677035353233,0.8249447884563492,0.6309097342001682,0.6168827053731982,0.7005885790208741
600840.XSHG,4,1,-0.04005867553473946,0.5832710543596483,0.33323445031838866,0.36979524077594106,0.5086859991960199,0.19531619973499242,0.5201466800399461,0.3337110635790617,0.8075837911617676,0.3255274155849768,0.29448349460704565,0.004585277962534866,0.013684344003226122,0.008150090726543492,0.0029840589171838032,0.008062098247688082,0.00966583515757642,0.003724127055187232,0.6194366714067405,0.02795801905504902,0.1535011777904567,0.007249247564261568,0.03212743887797873,0.512508658030105,0.03385548310334353,0.6973754749785577,0.011416551503228026,0.07601564141075765,0.09146680527188153,0.4259820692575249,0.13112622332231372,0.5511172547939428,0.12284974011172788,0.494504656209718,0.08633157970599001,0.045919982486072305,0.31147779666162767,0.18463137997985954,0.14208910423830812,0.20470555979997465,0.5318427242963106,0.077915971133906,0.12469801664167228,0.521515575256219,0.11601091851739048,0.03148564188991912,0.14997234261458614,0.16450473416111355,0.0632184951466207,0.03151351181947201,0.7073590212283098,0.07474128671978711,0.0010165370293848852,0.009470773081934954,0.05305644375124136,0.029247760156912796,0.06504798281099847,0.03229344616550119,0.02996043969994048,0.6137324122247689,0.29599917104153156,0.04246130980234155,0.05485061095598209,0.16042323302325237,0.02380545148233199,0.8768056165474607,0.6953581940533766,0.7048157031587168,0.46648362214367545
600841.XSHG,4,1,0.1209002285748496,0.4236848592243263,0.2240657794584225,0.3592526675582875,0.5136696733143923,0.14250839358710418,0.25409132736792345,0.46845470863898636,0.9183904301161196,0.4394779736917921,0.4636494685803526,0.003772298329869128,0.011971330381613788,0.005183072957163125,0.0010793137916073742,0.0006251775602179066,0.004508876143169549,0.0011305426086389773,0.6215173895518535,0.027066496252132276,0.15153437062631034,0.004935446193646562,0.010283614248509449,0.4545454565289256,0.006993797749321009,0.7039471959818137,0.0026644637548044465,0.0117572578457086,0.09109139912007923,0.2878591512234923,0.10665954407793904,0.4899598393574297,0.08656553585145813,0.5521399775587492,0.061240689827045044,0.042671731380215044,0.3063537109232214,0.1813120049975529,0.14050959686161957,0.14525195663814988,0.5092133859301345,0.08086937478807868,0.10452455848527477,0.5190154237401365,0.11498807389641114,0.017606839939498218,0.1493087758979484,0.15627408212034655,0.1379597445446152,0.017606839939498218,0.6888371620176752,0.07071598913934278,0.0003884842658525013,0.009064108712113337,0.05422302476018402,0.023618262832690202,0.04094048990188438,0.01816650890568778,0.029532825838202232,0.5775639440567816,0.2852826318903076,0.05014563224332316,0.05369311733428826,0.2262079153366773,0.028445295208470417,0.9315989334052919,0.7402038830657647,0.7630620020965746,0.3265642893930858
600842.XSHG,4,1,-0.04005867553473946,0.5832710543596483,0.33323445031838866,0.36979524077594106,0.5086859991960199,0.19531619973499242,0.5201466800399461,0.3337110635790617,0.8075837911617676,0.3255274155849768,0.29448349460704565,0.004585277962534866,0.013684344003226122,0.008150090726543492,0.0029840589171838032,0.008062098247688082,0.00966583515757642,0.003724127055187232,0.6194366714067405,0.02795801905504902,0.1535011777904567,0.007249247564261568,0.03212743887797873,0.512508658030105,0.03385548310334353,0.6973754749785577,0.011416551503228026,0.07601564141075765,0.09146680527188153,0.4259820692575249,0.13112622332231372,0.5511172547939428,0.12284974011172788,0.494504656209718,0.08633157970599001,0.045919982486072305,0.31147779666162767,0.18463137997985954,0.14208910423830812,0.20470555979997465,0.5318427242963106,0.077915971133906,0.12469801664167228,0.521515575256219,0.11601091851739048,0.03148564188991912,0.14997234261458614,0.16450473416111355,0.0632184951466207,0.03151351181947201,0.7073590212283098,0.07474128671978711,0.0010165370293848852,0.009470773081934954,0.05305644375124136,0.029247760156912796,0.06504798281099847,0.03229344616550119,0.02996043969994048,0.6137324122247689,0.29599917104153156,0.04246130980234155,0.05485061095598209,0.16042323302325237,0.02380545148233199,0.8768056165474607,0.6953581940533766,0.7048157031587168,0.46648362214367545
600843.XSHG,4,1,-0.2852295522063591,0.5718909893802717,0.1692671374777553,0.3398398163542009,0.5214939787637219,0.24023592433587074,0.31973424550491575,0.1971831037527408,0.9262517574264164,0.30586356315149354,0.22875733138657905,0.0020315588271237507,0.011215461548337672,0.0050340211991070916,0.00048651157873284855,0.0008000879738139834,0.0009881928576101699,0.001146713013056239,0.6186462503591705,0.02510711425287986,0.1511849468288459,0.00328209932774933,0.003084708222302203,0.5454545434710744,0.0023018478010117245,0.6977229443783499,0.001403180756883406,0.014515691417201772,0.09127064801187396,0.33180115175782143,0.05677681952130654,0.9598393574297187,0.10714393946381254,0.6260903665849159,0.07390811490311931,0.0335897640626184,0.30660130441739647,0.18147841920780233,0.13994545790145504,0.11101838739474884,0.5197072156965387,0.03335353253685104,0.04525552359113304,0.5194144506268162,0.11300059304144972,0.018174082498050626,0.10772516975541525,0.1260792276761024,0.002059876099950246,0.018174082498050626,0.682950114340535,0.05785804771372157,0.000964733662144867,0.00895936143182088,0.054309563774768484,0.019390128221583647,0.07629119235619741,0.02124941023003894,0.029735813229489476,0.6232215585196093,0.2832205546643183,0.0639364466870127,0.0241114201465104,0.21211667806657547,0.01896976132081115,0.9140812515089973,0.6907285170934507,0.7301214904162254,0.21527358102860128
600844.XSHG,4,1,-0.3437483633303875,0.6662777884655549,0.07327354858243229,0.25372893297845567,0.534875525452857,0.17878087440821866,0.458681726447134,0.13926763482550186,0.9703421943044017,0.33983355795017944,0.4113820976608681,0.002047977715496821,0.008533200511847047,0.0038977956515838684,0.00041237155624136685,0.002449996146097033,0.0017852287325346367,0.0012308426571868562,0.6155955519269545,0.008250946976717077,0.14949705354016107,0.0025598851750822725,0.021388053788599176,0.2727272717355372,0.025132017902139463,0.7008839364904952,0.0032906421965871193,0.028714841277019083,0.09109389133169135,0.2865172302696155,0.060451831992121,0.9879518072289155,0.08900838130524893,0.7644377008907718,0.05616614558613668,0.03292173742670753,0.3026128506044711,0.17904359286669688,0.13524516647298762,0.12374300657200474,0.509294098419382,0.01626156716503553,0.034739432361861,0.5189896088404349,0.06958271779390669,0.0023867928517781033,0.0900459745792964,0.10541719990717023,0.018489051325135713,0.0023867928517781033,0.7433338358006818,0.07220590970464352,0.0003680707807358776,0.009037989061633986,0.061480165416160304,0.013813372037102315,0.10091639978908448,0.003011293735347192,0.028154698113128956,0.5175923081955507,0.22901087452280525,0.03088788868509619,0.031435971431852325,0.172739413918022,0.02473066339654244,0.9294614832909631,0.7321077130600155,0.7678043795697531,0.3535834251291268
600845.XSHG,4,1,-0.0437487124351086,0.44560441144372653,0.22252609804459184,0.35883300489270004,0.5709914080255845,0.16719689261921133,0.11469948595054402,0.25138648893126625,0.9994186551966695,0.0646558141603358,0.3262957744379176,0.004188559127340202,0.011846029682896548,0.005285083711207697,0.0010602834192704447,0.0007602741609406188,0.004424256100372774,0.0012102015516796826,0.620662657676993,0.022550613388845633,0.15155990665606192,0.00483647647403083,0.0030760811432953353,0.5454545434710744,0.003983889890764914,0.7014770746755724,0.0013033314454223436,0.00931536583159989,0.09137465100433101,0.6511400265715171,0.14583820600923061,0.8313253012048192,0.14570967032127236,0.31657665185982115,0.10443522053031776,0.03576580578077227,0.30874275884718655,0.18222538077473646,0.1418744491845982,0.04702654364658303,0.5163966467026384,0.03988239407522738,0.12583878696435075,0.5069296745925501,0.13591127946734538,0.05054704863344893,0.2015762854610519,0.2129874676754025,0.13085766497365048,0.05054704863344893,0.6555247453483793,0.07695008451430584,0.00031901782484353473,0.009119871263886139,0.05283971971912812,0.014803461313903662,0.058736347119329464,0.016284037125160872,0.029462892657408594,0.5836348455329808,0.28714284240400095,0.029282196515128638,0.02953405337138241,0.18358713963621626,0.008609050666985703,0.8833403161437843,0.6490977842642964,0.6637625325774399,0.54836445716523
600846.XSHG,4,1,-0.08059921607528,0.6999764476692116,0.3634895210832818,0.43287283176502855,0.5367667795935801,0.22341729451349013,0.4951845411444655,0.36278912707584,0.9232054052772409,0.17227312892878063,0.22664493433544197,0.0018137145601652385,0.011356425235248586,0.004996303116129894,0.0008830239195617747,0.004540402065666708,0.007508451789515156,0.001338671172259331,0.6232966521040842,0.02393387846596754,0.1510543722725702,0.004082003999893741,0.014742916643496617,0.5454545434710744,0.013576239296051899,0.6983076121788768,0.001560901105005175,0.03572397576196075,0.09124541414022867,0.2852169126353434,0.0706101931081611,0.7389558232931726,0.09631715354482699,0.7407563296954416,0.06427366855096647,0.04093518697144709,0.3041045552249542,0.1775477197141884,0.138536410360399,0.07053542753134337,0.5626331931971533,0.08920009806079995,0.0644423678643359,0.5279571349010378,0.10745555975053617,0.0368173277441617,0.13553874736415397,0.1520939759575626,0.03777623505754849,0.0368173277441617,0.7352219094460356,0.06478910795318722,0.0005151477066468391,0.009017508915414696,0.047102420506791455,0.017119566457020063,0.02478926924871882,0.01488252541287027,0.02940161871366804,0.559789786027058,0.2863702204357246,0.027046525455498883,0.04471268057387811,0.12956107184475857,0.01644269306693785,0.9089693016716138,0.7067688293308567,0.7395956832746695,0.2930092851991079
600847.XSHG,4,1,-0.1936818639405366,0.15641846118366054,0.007795801658036894,0.2865139720221348,0.5939745007518709,0.21331353437447798,0.16690780214129958,0.4327496298451534,0.6060199044732815,0.2633104333719403,0.099465169617442,0.00013454745726496683,0.013684344003226122,0.004746467833232658,2.9254764137371252e-05,0.0008446055329342091,0.0004873803985132824,0.0011300255603160425,0.6168627817586552,0.02219059650394061,0.15082708236349865,0.007249247564261568,0.001837265378500293,0.7272727282644629,0.00364272701560048,0.7007159696366759,0.0012927616195025663,0.014967893642036718,0.0914809633708919,0.9202831583629971,0.2441023557121663,0.09638554216867469,0.1675938235801784,0.15039436443318388,0.11485709629977439,0.049322661838306324,0.30786159535661267,0.1821271800298124,0.16572296877477855,0.06086304229385001,0.5294548821205654,0.014039096151645511,0.01755787956083076,0.524705581671116,0.10053175295706968,0.00900863263957382,0.14997234261458614,0.11177030275687774,0.0632184951466207,0.00900863263957382,0.7400935056679486,0.06321245420000807,0.000570503281417883,0.009098848551846204,0.049850034219848134,0.013225752155910887,0.059123869257513124,0.0032956898959911997,0.02954503213413312,0.5640627027098952,0.26964175763808557,0.03058435547007348,0.06997938595758812,0.16368677800577597,0.009582610516240951,0.8550537202993851,0.5979169430808016,0.6291848972704923,0.7284303351915832
600848.XSHG,4,1,-0.2871000956530826,0.6178143084037502,0.035388323870884364,0.2924579536079745,0.5352551805535006,0.27913097177599844,0.37729042447715655,0.22465362282700652,0.8922430864315705,0.2736061348435835,0.20734649771706615,0.0014039672822037423,0.013684344003226122,0.004741299518192568,0.00036953165777480076,0.0033014318721043935,0.0017549801702912012,0.0012025336117903233,0.6167962186532311,0.024122372907325603,0.15074026551548358,0.002814588130455738,0.014356743346666612,0.363636358677686,0.008023082339753948,0.7015129776952342,0.0058052397789854215,0.02957402550420548,0.0914217407726051,0.13437603114577557,0.14852222358923559,0.8514056224899597,0.08424127512843384,0.4748654910845817,0.04029402030827752,0.0362692658758058,0.30551629863424373,0.17968885867073875,0.14096454763594576,0.08659979126294612,0.5360546609502523,0.026242302932165833,0.014467535934716653,0.5169384685204361,0.09673799352162704,0.011143740504144548,0.08281449138871036,0.09809591388913663,0.014489641906006987,0.011143740504144548,0.686294443529097,0.0788469738766927,0.0003041747327487855,0.006489429368595586,0.05419993889501286,0.014446942220990694,0.04993843986820367,0.007387141373800887,0.029383507463729742,0.5597166025572079,0.2702528083708695,0.037070076538990096,0.03538376980717964,0.12140697041090338,0.018449482562660765,0.9116890471659258,0.7687574631816374,0.7596570490054473,0.3876898608603706
600849.XSHG,4,1,-0.04005867553473946,0.5832710543596483,0.33323445031838866,0.36979524077594106,0.5086859991960199,0.19531619973499242,0.5201466800399461,0.3337110635790617,0.8075837911617676,0.3255274155849768,0.29448349460704565,0.004585277962534866,0.013684344003226122,0.008150090726543492,0.0029840589171838032,0.008062098247688082,0.00966583515757642,0.003724127055187232,0.6194366714067405,0.02795801905504902,0.1535011777904567,0.007249247564261568,0.03212743887797873,0.512508658030105,0.03385548310334353,0.6973754749785577,0.011416551503228026,0.07601564141075765,0.09146680527188153,0.4259820692575249,0.13112622332231372,0.5511172547939428,0.12284974011172788,0.494504656209718,0.08633157970599001,0.045919982486072305,0.31147779666162767,0.18463137997985954,0.14208910423830812,0.20470555979997465,0.5318427242963106,0.077915971133906,0.12469801664167228,0.521515575256219,0.11601091851739048,0.03148564188991912,0.14997234261458614,0.16450473416111355,0.0632184951466207,0.03151351181947201,0.7073590212283098,0.07474128671978711,0.0010165370293848852,0.009470773081934954,0.05305644375124136,0.029247760156912796,0.06504798281099847,0.03229344616550119,0.02996043969994048,0.6137324122247689,0.29599917104153156,0.04246130980234155,0.05485061095598209,0.16042323302325237,0.02380545148233199,0.8768056165474607,0.6953581940533766,0.7048157031587168,0.46648362214367545
600850.XSHG,4,1,-0.1845820021067475,0.4158194397133872,0.08782705261742657,0.27698550463904315,0.6850776821813701,0.19495574882077601,0.476822820530987,0.3186646172641943,0.954709990612423,0.4363446170266658,0.4297440502999865,0.0024899093305265716,0.010907127933933934,0.004879399312979811,0.0018111810394166716,0.00139964150655551,0.0035790490626342207,0.0011874569306679467,0.6202580015615721,0.023485862703895615,0.15106118023801862,0.004456029745811268,0.019389522061999762,0.5454545434710744,0.01836827203978496,0.7012871468150533,0.0012742107889571193,0.027900877272316178,0.0914227149673246,0.5918001977277444,0.2727082771835945,0.38955823293172687,0.14640207338813702,0.07810499754131767,0.09352347189048055,0.047560120780878866,0.30602280507085106,0.1820299179748244,0.14589361431093154,0.20470555979997465,0.4851804632756163,0.05591844617423527,0.10349502049988339,0.48932082163164936,0.11174244698963143,0.06134781668388315,0.18227267377083933,0.2034473458758972,0.025315985947992305,0.06134781668388315,0.6079305706977403,0.06048736109721115,0.0007121812125990573,0.009030362434044955,0.04583784277233009,0.016097694262855736,0.08907133991575943,0.016164547706634447,0.029951585833767155,0.5372625833986625,0.27705962932443956,0.04546299174647704,0.05728367985911779,0.13733256383948927,0.023913830232697254,0.8794994745139253,0.6798378001857506,0.6609965858050819,0.547425364784674
600851.XSHG,4,1,-0.03018561488593829,0.7473786020505236,0.25397862188773995,0.3126449673327144,0.4405100852677605,0.10835808203190248,0.6836062265985687,0.21703762158402642,0.9680936544721839,0.3511677820166016,0.4142570537843575,0.001713844937891928,0.011509856714289906,0.004533954829023759,0.0004620376912333246,0.002713903943087811,0.0008312503460274999,0.0011646194189941885,0.617791463766804,0.0345407384402147,0.15040931027738141,0.0038068962101285046,0.07786404656255934,0.5454545434710744,0.15491294812826945,0.7169420854095415,0.008586749804500134,0.19847155648005788,0.09096961143791196,0.5529963588522439,0.24829919047301016,0.24899598393574296,0.1653473017362122,0.08433742360889394,0.11398678126705862,0.04706595380820689,0.31128843876452406,0.21085715511059164,0.14600540221548028,0.12481881638216319,0.530281808209033,0.02218929807506679,0.06546265348830224,0.5214335130232355,0.10576433852205437,0.0035848641288764617,0.11926701611408756,0.13010132871603214,0.0811163356842587,0.0035848641288764617,0.7043867736571561,0.06124849556364006,0.0006646044437989246,0.008816647155517231,0.0537281957301439,0.016689094255175577,0.062069129884857424,0.011399308131034888,0.029409204570384824,0.5682557828801688,0.28897735725132684,0.04240411338775015,0.05624124717533604,0.1923782109743122,0.02404169408386672,0.7873423541776143,0.6939404493388177,0.6463126430832846,0.7022643355617444
600852.XSHG,4,0,-0.04005867553473946,,,,,,,,,,,,,,,,,,,,,,,,,,,,,,,,,,,,,,,,,,,,,,,,,,,,,,,,,,,,,,,,,,,,
600853.XSHG,4,1,-0.2366103996726704,0.5464021118263097,0.3445138792582343,0.25577288494000683,0.6389948083711358,0.24750632908646386,0.2070705312976859,0.2771162129563449,0.6794919643570652,0.10695719260523956,0.12099210380922654,0.0019102662989404966,0.01081131060032422,0.004858826291603487,0.001870110255250872,0.004746596066869271,0.010245735794763764,0.0014156361076702055,0.617519825661449,0.022108281515265456,0.15077010001864075,0.003518713107793133,0.003504667465718,0.5454545434710744,0.0031110695212881617,0.6909006944710587,0.005357854172764155,0.013656507190015373,0.09105075889420738,0.3109617711578608,0.07163196871466054,0.8473895582329316,0.10746016541252332,0.5845453080231064,0.07237999825221035,0.038966077196366244,0.3064258702529405,0.18107204679759256,0.1396724874368593,0.05626866937011987,0.5491196307850902,0.04070171690558209,0.0410217857694508,0.5286304099679076,0.09798238839219274,0.03439847584711015,0.11756376470456792,0.13667281013019392,0.001499513459968928,0.03439847584711015,0.7432648926063683,0.07048761857496257,0.0003918968933485865,0.009347362340690734,0.04247522161111371,0.013958954503931734,0.06049072773609105,0.008889873865412862,0.029360612315642878,0.504154270754444,0.26959912619161225,0.049324269315975326,0.039757703052647135,0.16921027131782945,0.012933540707064666,0.9264470395250741,0.7061192561142806,0.7243994792890658,0.3345921038794711
600854.XSHG,4,1,-0.2959641873457631,0.7059741536212052,0.5743697670257915,0.2988559499932092,0.5226620325674196,0.07270730153496163,0.588211458409724,0.5754691727568233,0.8779434971490394,0.537682070161666,0.19946476303973748,0.0013330316465184411,0.01102663272886023,0.004570534758439211,0.0002510735816292627,0.00020129688946291034,0.0021190550620595505,0.0011664398128852272,0.6190702874151913,0.021295889872504054,0.1505749677481974,0.0031841078443532824,0.04503473727342223,0.6363636304132232,0.017981847916337966,0.6881049716102655,0.008278085404990409,0.06633806638328661,0.09099382398432751,0.46193705131071205,0.07099296264013549,0.1967871485943775,0.08945636806592255,0.9376818988624359,0.07122377405013215,0.04783906942790438,0.31494867990210296,0.1791264330272837,0.13841032400294287,0.27890510225466775,0.5276753375802375,0.016512475446090844,0.10266854027443108,0.5221214419600759,0.10777653669015333,0.004705785016870689,0.10432550625511823,0.0947024233592001,0.2651026876466015,0.004705785016870689,0.7125676432061157,0.11800050108302165,0.00018703774285314505,0.009157121601456117,0.06064669972386666,0.013803455938221548,0.026251460944604375,0.018365028770368406,0.02999391624916145,0.6109927115917072,0.27779039850279924,0.050254742676016026,0.05602585012051143,0.2189540900339464,0.032212867141233475,0.8518493204186846,0.6559141568263236,0.7142994827217446,0.30361889267670883
600855.XSHG,4,1,-0.2631617332923838,0.654580849895956,0.211625738002204,0.21946108584970092,0.7944104939277752,0.122463936319375,0.5934675488413276,0.3843399169380037,0.8929759145862222,0.31899446417764127,0.20776527275265305,0.0014044168739622102,0.010541289308055786,0.00462974568218824,0.0002169612304757398,0.00023523960484472152,0.0016739358694166076,0.0011293348891126074,0.6186300259192662,0.025915871923220864,0.15071118373527367,0.0035814504899352104,0.017091975199578415,0.4545454565289256,0.012488161966645513,0.6794698344863556,0.010070540270109198,0.05069186940399747,0.0905327039350955,0.30053409424765243,0.026054098899339427,0.8353413654618472,0.06691670476750144,0.9804742639095203,0.0475375119583995,0.037924358800346065,0.3066399889876769,0.17908233859995326,0.13373992933964543,0.10738557685409927,0.499563670092374,0.04915390499738836,0.06609315936404593,0.5158081131532495,0.09435729850907604,0.00617996916889595,0.12516081209235408,0.1428073667114427,0.020465164608513536,0.00617996916889595,0.6763257250428558,0.09945914675717532,0.00021864791147454084,0.008069229701105582,0.06140088195920107,0.019725808514904852,0.03279125498790414,0.01815474382380144,0.030147994002942335,0.6082228281419272,0.28114796557481503,0.046577114157836295,0.03973319050496466,0.15066665716674266,0.027399204402703832,0.9067821434150913,0.7374535624253684,0.7921592340373844,0.17186610756803528
600856.XSHG,4,1,-0.2493610011161348,0.4567155813866381,0.06850206063660058,0.3703342409497621,0.5434591411034739,0.1964236774722124,0.24036089942703392,0.30896464560868375,0.3398636562021675,0.02258897824149178,0.036564888220495195,0.000655538515009966,0.013684344003226122,0.004792133313529662,0.00015104274667746107,0.000999598577745758,0.00038920942557493603,0.001129200348457433,0.6168790500137054,0.022050864737693875,0.15086551301345422,0.0031092244927914963,0.003617581141270104,0.363636358677686,0.0036238600824321965,0.702991840619163,0.0029594966951632727,0.033146423080401555,0.09139224572398418,0.5539883977630361,0.09822568839041645,0.41767068273092367,0.12371944960873625,0.4291647974179216,0.08469276690902815,0.040047105058051514,0.30573466115236647,0.18103171577500335,0.1406499816719831,0.07142018086196986,0.5393526154766549,0.027884919698238253,0.01556650781341331,0.5249699133968329,0.10273873051531594,0.008585359131174095,0.08878064840344066,0.10250747952872155,0.03323448790833378,0.008585359131174095,0.7494534206925403,0.06176793008698927,0.0006362011217811923,0.009180077426988403,0.05778523971570877,0.01724244684001878,0.1778265190405931,0.00348250335749814,0.029448096899524285,0.6037530922788112,0.2737444990347579,0.024652384675172008,0.04200077640247747,0.1088870205705021,0.008141263384578573,0.9028374472738634,0.678920105258503,0.6939265353975175,0.2947097604109435
600857.XSHG,4,1,-0.2342685669702038,0.5194475380166192,0.2028102573440283,0.33848875047300586,0.601243617038172,0.04197082799130236,0.2592705610460142,0.250989812657033,0.7565205898805609,0.23010033315479997,0.14683011692723025,0.0005436099840628035,0.010779314181086356,0.004840421509112438,0.0004546515319000033,0.00026166036603999306,0.0005925972492979412,0.0011143520465678768,0.6176006791280774,0.022244438916129847,0.15096884642260214,0.0036753601733064433,0.0030984773591634504,0.4545454565289256,0.002941732360189968,0.7007414967772764,0.0006516947334353295,0.013249525187663922,0.09128545430506038,0.25228670745850856,0.06343626569090519,0.9879518072289155,0.10256788646434353,0.6634818432212741,0.06728052806084073,0.03494323520406339,0.30634572813629235,0.18155540141121304,0.13875478673207559,0.06498496708361744,0.5318427242963106,0.03878589537696665,0.0676089542432016,0.5188337157525007,0.11051232549707474,0.03507306608310339,0.14034919003279453,0.15528641733683748,0.05634745876603057,0.03507306608310339,0.6714728252804177,0.05875966258867447,0.0008574060075363056,0.009075448584510256,0.04413793158035542,0.023210535548796856,0.18921495866861618,0.017541697973389832,0.02949258361069568,0.5198138700416813,0.2759537423499427,0.03322148207213785,0.03227391297983724,0.17748003432639206,0.01662559071603757,0.928019947167346,0.7147489054000267,0.7375466382194431,0.3052430732818056
600858.XSHG,4,1,-0.182097621697397,0.542863771239996,0.4709699548279661,0.6097151375864934,0.6011409714055012,0.2675008912423955,0.48197035856679354,0.13877476684504583,0.9916328500209444,0.3006081090226363,0.2992149888033018,0.00315590171398901,0.014206507564725709,0.006252462673600438,0.004782839330968641,0.01194317582886133,0.01207975835373406,0.0015893247190221964,0.6096914445841795,0.025079046704460286,0.15232298983551143,0.0048829760738272904,0.029309853369893505,0.363636358677686,0.027603292534111066,0.7035590797175678,0.004727874759823703,0.048340417834855744,0.0908861974745441,0.2134956870412934,0.08162495431117711,0.9799196787148593,0.06634420403952296,0.8030744308330057,0.04635420428887137,0.023211559638325507,0.2932972255198869,0.17789847032522327,0.13592759263447693,0.19068362552575757,0.5660522164574273,0.11178891119468082,0.144253841528299,0.5280646501442744,0.14807045687516418,0.15590864060011914,0.17246853645809798,0.1921700621463524,0.03271017508814313,0.15590864060011914,0.7215723255006854,0.061952353156071276,0.0006267983041250155,0.009059392858307926,0.041732648267979656,0.015256464263097106,0.15779116261075557,0.0045953255833358405,0.029554982696768445,0.5651931655509884,0.2753981708968158,0.030344140268452773,0.01722496107164157,0.13420194305112226,0.022352993958246095,0.950362869438014,0.7984222281190569,0.8175254084227368,0.27296657910843714
600859.XSHG,4,1,-0.2420556033381188,0.39128775555308465,0.5084376531715171,0.6312401138011823,0.6054711459615881,0.24140357841956872,0.3574363155825307,0.046085354840210924,0.946619023323167,0.18282038837767337,0.43810870893960463,0.006746247714347133,0.01624033538152022,0.007074766891425048,0.006945668310771955,0.0015702450146338786,0.014941885738811521,0.0011459924613314702,0.6243673530697422,0.02613193712925457,0.15383981932458177,0.00639085953068361,0.021034316043128092,0.5454545434710744,0.018451681813217116,0.7001344935561201,0.0037927566151167145,0.017726327213529892,0.06199335122415266,0.2687502386310851,0.048409847729199366,0.9999999999999998,0.10678884407557271,0.6676364517364252,0.0771881554374396,0.02480846808826897,0.304417638088132,0.18176055531681615,0.13681279685538023,0.608602726592542,0.8525432073153056,0.614594460701486,0.36616390561009926,0.527480623167664,0.21270013843436014,0.24376398887847783,0.2479602580240023,0.24371500593909756,0.31045018007680203,0.24376398887847783,0.7124613070928525,0.0576030869573487,0.0010008737898313056,0.00906201850402006,0.04324760870012595,0.028170373313709023,0.12297610905233237,0.01329445451349421,0.029537620633613093,0.5692736984153561,0.27877968165794675,0.030072245747666867,0.00742616806206766,0.13922138622891017,0.0,0.9116828336481515,0.705641059661227,0.7316543134246778,0.29999862239817937
600860.XSHG,4,1,-0.2498346429481815,0.37138201586379893,0.13588111931789904,0.21718021040859026,0.5296235463063036,0.17022765910213383,0.4101443042516493,0.5753143499153789,0.9207061495215322,0.5924932856642889,0.2249458912838323,0.002022625900727775,0.013684344003226122,0.004626562252575838,0.00019549737135223552,0.001841391690719576,0.0014640353477734511,0.0011603884579311882,0.6171696912208825,0.02204749448586306,0.15062957461290022,0.0028998870267636853,0.008997544654444398,0.4545454565289256,0.004987001083132541,0.6779775634757685,0.005271196783022152,0.02193180790449489,0.09116048151872241,0.28341072522262495,0.05077825881557322,0.1566265060240964,0.10512602262860184,0.8807646861355981,0.07402050265493312,0.04571617485315257,0.3061064749679602,0.18166724695247155,0.13657102301530974,0.14096820145484718,0.5362252829309468,0.024805090680190968,0.03907453433304229,0.5202913542648944,0.09181959633842597,0.006973936896382854,0.0885829607666657,0.10300665049795091,0.02649343667968436,0.006973936896382854,0.7192574701119568,0.08346430517530795,0.0002754167758264044,0.009143339771623885,0.07116066231896064,0.014996503986175374,0.04379623707227994,0.008430947653776662,0.029307973090115232,0.5533252461903014,0.22692660558495314,0.04443570918206256,0.054687885585570535,0.21004529880427625,0.031157952981994377,0.9094903495192512,0.7171288310999073,0.718471507447592,0.3959105396016394
600861.XSHG,4,1,-0.1278070199056004,0.4539361710263973,0.8256317150657784,0.23239183106258055,0.5830920575852029,0.09436105693755373,0.23319809859292062,0.2092656981658166,0.7870754404652867,0.0,0.15835117381242036,0.0017092581122881616,0.011231608449934857,0.005022664500037692,0.0008636320961770313,0.0005907527730878853,0.001970089368277358,0.0011402732068419045,0.6204540600627687,0.023124464593219405,0.15128002054016274,0.004615677668583642,0.003884658240648636,0.5454545434710744,0.00391766998405988,0.6984285233151982,0.002795232593146252,0.016912363208826987,0.09135860380171827,0.44465748661894255,0.117135355280828,0.8915662650602408,0.12762549887937427,0.39011229864726266,0.09051555170186326,0.038530958569414124,0.306550328166481,0.18190456601316504,0.14083586155977923,0.25976241849001613,0.5433211470541348,0.09097394346464807,0.190335021692532,0.5086047122991657,0.12412007670722221,0.050223327973996625,0.1938847667201047,0.16681181914095802,0.4906650847157511,0.050223327973996625,0.674515674059948,0.06530994938593127,0.0004996467127594598,0.009065151348705511,0.04731560198174342,0.022868301635049056,0.06394069091455963,0.024956633497415965,0.029432524711701283,0.5712197134090967,0.279788431227009,0.03450703355635335,0.036194044543566666,0.15685617431727214,0.006490398995034994,0.9149475934158016,0.6834311839370217,0.6920412027049507,0.5215758553319644
600862.XSHG,4,1,-0.1502281670601632,0.6995089309614705,0.4544063111693596,0.4093478176567489,0.5252382039020386,0.21288472566004363,0.377182286403481,0.10258396574036194,0.82275130648902,0.16261183308615806,0.17304218153333095,0.0010557609865657865,0.013684344003226122,0.004821903801664836,0.0004641845338393272,0.0028939475073532176,0.006236797388055823,0.0012938974412799017,0.6188726556828468,0.025496416894396138,0.15075464133177985,0.003904943338621982,0.006145109152162925,0.4545454565289256,0.005061197835533901,0.7000535267808731,0.0021694594237097165,0.020439540562539566,0.09125535859122433,0.26696097376487854,0.08258544762922451,0.9839357429718875,0.10629342342259249,0.5259660465722683,0.06930763379450881,0.027671197753643538,0.30683661205980306,0.18075679664709415,0.14009884130537073,0.07298260902960457,0.5264645497278391,0.04632465637096274,0.05866955325700418,0.5384668904439746,0.09796794094859826,0.007711519985213968,0.12925665036950984,0.14779161357553852,0.01478731799148429,0.007711519985213968,0.7858075176126491,0.09703434522777246,0.000224686999045288,0.00840153714692765,0.047228139532552116,0.015482392831333005,0.024893239729416244,0.01084408037215448,0.029508998974188943,0.6124591530898393,0.2852228699995893,0.04166508906528052,0.017569827259726,0.08070130022293155,0.01479212777412215,0.9286803553422052,0.7113683605324845,0.7314100651416771,0.4101017923989229
600863.XSHG,4,1,-0.2100191498430398,0.4083075993232774,0.43821488422218235,0.6530560207161074,0.6159928248362309,0.5263073784746702,0.5966841386305246,0.281092320035853,0.7728851826450136,0.18310365696850397,0.5595878024881651,0.00039609627132377705,0.021153848014227022,0.008263669654194393,0.0038296014400832704,0.02583153729181577,0.008447762177632885,0.002519384801503305,0.6008285633140463,0.05041954428194921,0.15289441597345374,0.007077870144712863,0.04578215692829072,0.363636358677686,0.0518902568622704,0.709642804438722,0.012311236882924083,0.05593741521208285,0.0908261470179209,0.3455703660532756,0.05145693235004473,0.9718875502008031,0.08959669333066297,0.8624842033509941,0.052324274771255085,0.036457920921138115,0.4113760085276027,0.15187872489727222,0.1306865597142389,0.18717730033249302,0.5032765953682892,0.01826049044899977,0.11089740383131226,0.5347474572123055,0.12176253241753947,0.01846866973027295,0.14165035737137205,0.1546751082899695,0.07535737697270047,0.01846866973027295,0.7426537520872845,0.058472691896557724,0.0008885380109524493,0.009001789859666005,0.03960637412610105,0.013577923585599675,0.20009227553369052,0.001525450933192995,0.02974059712763804,0.6041933019383641,0.29599917104153156,0.03350730281837878,0.03328437008628045,0.11304687895830166,0.011493988155769576,0.8617856229850449,0.6653094732652254,0.7452239558715967,0.2704356130023596
600864.XSHG,4,1,-0.2766701653107861,0.8864567822574273,0.4734594452107798,0.3981072328417732,0.5991355365365791,0.13729652375694282,0.7448399287200222,0.8943065686476235,0.9998976938525861,0.6421057007562206,0.34237050161298405,0.0016729710147887933,0.012167116444450598,0.004921181568145877,0.00036316968424503074,0.0011558097685689097,0.0026646012748007958,0.0012183233464728158,0.6174614594441178,0.03581593259252572,0.15101016170758344,0.005052074162764963,0.1343123120787405,0.5454545434710744,0.09076906227904674,0.6941902565432598,0.010584770117540665,0.15270869132676132,0.09129041608528654,0.2989347337927656,0.08505806443710348,0.09638554216867469,0.06963954194671328,0.8770258464488722,0.0519002925500629,0.07282435262357673,0.31445842442066024,0.17852292914879167,0.13854290965717508,0.26797422404137833,0.5727659275493335,0.06177990698651139,0.17377938976915056,0.510033203661974,0.1258356671176706,0.014239064852993524,0.17599579763019693,0.18796622586693956,0.10839465116100298,0.014239064852993524,0.6783414370799871,0.08703690816163825,0.0002582994908975472,0.008914304890809157,0.05721033571333212,0.02080568881666866,0.05093985434710233,0.009461668580831473,0.02920201083585078,0.5795981118664779,0.3558732993410814,0.04118316366467403,0.09802586372714009,0.21087535466382934,0.04584928515882036,0.9247116927752765,0.7813978815620723,0.7610578459149804,0.40725726718341965
600865.XSHG,4,1,-0.02758466306072688,0.44723464063477164,0.44466177082418046,0.5558116816024669,0.5216507891927857,0.26483439523147356,0.2750554052256792,0.25262415555133333,0.7554536201886473,0.014950974231259323,0.1464429646019898,0.0012113957273133759,0.01097377287343681,0.004929905582386719,0.0006091105898464862,0.004645388755467835,0.003569102941085759,0.0013093624890091464,0.622794046222442,0.02101481450871834,0.15108473492137886,0.0040051116777784475,0.004122462811910817,0.5454545434710744,0.003698911956121223,0.6989920807437172,0.001642078448047935,0.015058334087003708,0.09134371431440118,0.46829198479784373,0.07110229917530764,0.9036144578313252,0.12398363003672172,0.5650185453429271,0.08449327091544277,0.03728397967262697,0.3074752728603914,0.18161322220654316,0.13894196647922694,0.09117572679358195,0.5423641562569668,0.05201809206457658,0.08358429562925584,0.5309438344865862,0.11100928274360783,0.019422687177717855,0.14704678869316515,0.15797963184554817,0.09881573691265631,0.019422687177717855,0.7400549442202817,0.057896829655396644,0.0009594904185357571,0.009108469430965991,0.05023339150091894,0.015275300567558521,0.01778920606274921,0.018078657093065182,0.029564355704502006,0.5926120178345898,0.2854179234670151,0.03567297712637781,0.032990879229419505,0.1259419174646603,0.007368995633187773,0.9008162787064522,0.6591482022024682,0.6947609403426871,0.39739714457338376
600866.XSHG,4,1,-0.2497716998173002,0.6360888383719829,0.4524671002137387,0.06987737527740673,0.4923702030093225,0.19314036218066222,0.41984731401183556,0.14208925820803833,0.8576658040165481,0.38117955748225457,0.1891119394253431,0.00215796319946268,0.013684344003226122,0.004382321144586998,0.00032377421201763417,0.0020257774033362636,0.0007240689387065379,0.0012156262953748555,0.6181197847650749,0.02144641894583175,0.1501588335009666,0.0038026201175206053,0.011285922477046599,0.5454545434710744,0.00793201513735909,0.6988829158783227,0.0013942374002178005,0.026860812155195802,0.09127896580075578,0.21449033361611664,0.05745710333550385,0.9477911646586344,0.07453577371925196,0.8529287064251169,0.04980734839759908,0.030435985500738644,0.3079529915028324,0.1769168261657903,0.13688558897927242,0.11941255406121423,0.5136050801224739,0.026364532826596,0.0733673274792883,0.522320252820609,0.07939740583095342,0.008676482926737552,0.1281772388046552,0.13960556185858633,0.08145960418888303,0.008676482926737552,0.7452572340691559,0.06920384752210693,0.00041272338143689405,0.009138022407252281,0.06068891387732249,0.01742095803693282,0.05359324937359054,0.014352275226007908,0.028047399582075284,0.46421161998263555,0.2320246647250866,0.041564290492938,0.02872113977368053,0.1938388242894057,0.027923371418316682,0.9134190680433456,0.7421857724116587,0.7865468045723278,0.1962103617737619
600867.XSHG,4,1,-0.03558773663757102,0.43875070279488315,0.11335946754801707,0.31824772952758906,0.5137378808357761,0.033292874905723524,0.542660262903959,0.7449393543356169,0.8847189742337797,0.40263468793082435,0.4895823498293954,0.0016903766722430674,0.011948330786899823,0.00533738568609502,0.00036084004000912185,0.0007139303081495808,0.00038301951016334436,0.0011346893415694135,0.6193079197014185,0.02180863201111231,0.1516194337085307,0.00461550447624504,0.07035897090576988,0.7272727282644629,0.09210595864300608,0.7043019702732418,0.0046041085862749305,0.060956859907750745,0.0914902692355165,0.5331387756904207,0.174694339535542,0.01606425702811245,0.16684278695199029,0.22434578004905043,0.13961195606560972,0.07732830666159392,0.37598139569551514,0.2050888728169593,0.14449886522278288,0.06845852363500693,0.5250938948590667,0.019251226588831057,0.07391233824085539,0.5236764785232881,0.11700270898270676,0.007062298744842346,0.14521614844600367,0.15848011649614568,0.07548037047551567,0.007062298744842346,0.7031025605969781,0.07958274514958588,0.000298957842270471,0.00911064572580393,0.05722062541323698,0.02188320253327842,0.0551578873272224,0.051778193840276474,0.02950294009635158,0.8196437739163025,0.28873714170361886,0.04257086246885489,0.14033450041098203,0.15149639636216244,0.019704791529580667,0.7961318188919344,0.667465503515988,0.6351009867630633,0.7242456932546676
600868.XSHG,4,1,-0.2493610011161348,0.42140453863807914,0.32343345567646353,0.3219628950915936,0.5723090837205531,0.0544147773412558,0.5247008490703233,0.3858324457739869,0.9991850634781105,0.4795656032654197,0.32455110433280826,0.0008365038987134471,0.010498038552802812,0.004593530880644096,0.0001952453430108055,0.0004843470734549281,0.0004629140443362525,0.0011584505890343628,0.6170846034832559,0.026238079301509867,0.15051846953256914,0.0031755105688555493,0.019481500723337094,0.5454545434710744,0.020911712221772454,0.6984896336523625,0.0023429786628750035,0.03310120285791806,0.09142698432420619,0.4861869224094477,0.08035405614047572,0.4538152610441767,0.12235967802927987,0.6476939202278208,0.08559589066377271,0.02968108260895773,0.3164439996081865,0.1840261073931426,0.13838952625325937,0.058812546541334255,0.5306952209964243,0.013225456738140613,0.03313962494276302,0.5230206676576162,0.09692598435394079,0.0007977730768301465,0.10956056097971831,0.12783606687599666,0.004035989383328071,0.0007977730768301465,0.7356881524041895,0.059430391369276386,0.0007934740328201216,0.009492742016139562,0.05598836789001523,0.013283246254065146,0.158402791711331,0.005552482964298347,0.029570853197146838,0.5624426868091231,0.29599917104153156,0.054137250833095396,0.0263583487077929,0.2034616139737549,0.024230424119160137,0.8975115748959679,0.668010039361373,0.7036066889702757,0.3926264302212707
600869.XSHG,4,1,-0.2053703286512706,0.41159923855961716,0.2816753139652195,0.42222030590043935,0.7521226665463003,0.30936035912910614,0.5326852506710983,0.18129406610770435,0.9741297171696062,0.4201306322593618,0.4063030386262371,0.003130657702275257,0.011959917365422524,0.005271717309514133,0.003575810216454848,0.02037044508691789,0.006169106934215529,0.0014873995634227086,0.6208699878198469,0.021262977116386084,0.15103507559034982,0.00393290412932534,0.022686404770243626,0.4545454565289256,0.01897308119540878,0.7045296921025138,0.004976649536363582,0.05462602876006149,0.09122862661831116,0.20164565893323166,0.14160126632564288,0.9518072289156625,0.08418461797928982,0.5297048862589941,0.043845036137385045,0.032347813416390495,0.27674655973936296,0.1737075138266554,0.13980767280980197,0.16379224487820893,0.49477851507916354,0.051101167479474206,0.0836747052024683,0.5245827300488966,0.10288372714801719,0.045429262944136184,0.12358852580546748,0.1394299478152654,0.03652960048052289,0.045429262944136184,0.7286606206990841,0.05690869915587382,0.0011167078438813318,0.009091825628116222,0.042671121666994695,0.014844667737762406,0.06253300173632088,0.010726419773505646,0.029484545517593552,0.5519253351193057,0.2646787954105204,0.03387493404542874,0.030872120986843415,0.18024807468206921,0.018008464437399056,0.9338677550382752,0.8200157003228523,0.7868465038168744,0.5248416292554774
600870.XSHG,4,1,-0.3547439902200542,0.3627033447643522,0.012563901965994384,0.15671868417869977,0.44819730697313237,0.26122531547811445,0.5365332673732517,0.4599073884574717,0.8187802472735193,0.48274478563431855,0.17133003764457788,0.000948421189866648,0.010650289771744976,0.0047907277476155665,0.0009405617768362103,0.002411237970424719,0.001089235310712375,0.0011602226076736647,0.6172983775792459,0.022198871237274882,0.1508521952384373,0.0005658782874439173,0.02266821156692919,0.4545454565289256,0.013810096494180309,0.6995537761796368,0.004517636122974184,0.08347653070453107,0.09095665924021562,0.2619852218532213,0.03082852829057329,0.755020080321285,0.05135443526657188,0.9912760407309729,0.045670813796002525,0.03585715394693382,0.3064258702529405,0.17715360855690168,0.1332823788466088,0.3151501991359223,0.5324197342940833,0.02228853927698267,0.0064836814975888675,0.5244638128903951,0.10057509528785312,0.012510576978728977,0.0,0.008079056562116549,0.027242795801362314,0.012510576978728977,0.7501522008654125,0.06700664871243801,0.0004563906221067644,0.009101585233009253,0.04324167233479622,0.013962734615060148,0.10243868282010438,0.00902090343076047,0.0295084827163876,0.5237657774135853,0.2693643612398004,0.05537886239475502,0.039460192055501844,0.19133994844707908,0.022749895316145245,0.9108812898552783,0.7710406439343682,0.8183452904970252,0.3143488259114374
600871.XSHG,4,0,0.2849413244652606,,,,,,,,,,,,,,,,,,,,,,,,,,,,,,,,,,,,,,,,,,,,,,,,,,,,,,,,,,,,,,,,,,,,
600872.XSHG,4,1,-0.106998566245122,0.7240566958139018,0.2845016625891504,0.3679302998746501,0.6221761375652087,0.07622273756400494,0.5350736105396919,0.5471589458928066,0.9999007674278304,0.3133201979206345,0.33148325419373603,0.002145808905702965,0.011449045248904126,0.005107878608219282,0.0007008538828212966,0.0007058412775100064,0.0031204411314350337,0.0011795237629733557,0.6190053587175552,0.02250887022503568,0.15126138354863572,0.004500653565849822,0.039851056672097665,0.5454545434710744,0.050579122666620284,0.7050117907657484,0.00625875094966463,0.07954237134846702,0.0909234137555118,0.304890275411692,0.12027787761882416,0.17670682730923692,0.1043466574258417,0.5953470848445589,0.08249347765940777,0.06820761648738491,0.2826280030159451,0.18126902737428865,0.1373080432697182,0.07027094352996853,0.5304267991999915,0.021838128491635377,0.07041675765737236,0.5217015784747256,0.10948168316547319,0.01320380524295713,0.1413486181143429,0.1562467184169547,0.05738892745689461,0.01320380524295713,0.7061325555606193,0.06868206126392425,0.00042207977228842755,0.009097049229218163,0.052058757880195164,0.014966156011846976,0.04955964737055837,0.014253020183560314,0.02943256966290826,0.6164487610371207,0.2855393938898431,0.029032645704961942,0.10514421274005134,0.15606142650858792,0.024169707483400135,0.9078020479754585,0.7579109725354916,0.73326899261446,0.5736413662583715
600873.XSHG,4,1,-0.2784846014606654,0.4484869735607928,0.37841291282866696,0.3877268679548245,0.3818472703199484,0.274320251413514,0.353322096917402,0.21841710226241065,0.8043823035831741,0.4761025722334906,0.541466182447679,0.0037612279104126626,0.014636036401148475,0.006192078735621304,0.002281132833681225,0.023872821499089685,0.01204505650989473,0.001740887696236884,0.6102219433932948,0.031236927936204077,0.15229659490734573,0.006784927328711789,0.015457846007952015,0.5454545434710744,0.010237051704940976,0.6881532096437147,0.004121088338770225,0.011440716288324139,0.09100188862961692,0.31543268101748384,0.027937426238043676,0.8032128514056224,0.08957627040480873,0.9609475012293411,0.06511074898306722,0.04159935070502006,0.30764667244888305,0.1796559630413864,0.13565722188859164,0.09925154650679434,0.5643754471602571,0.04860275929159415,0.07324737624170397,0.5187948127387978,0.1075934196942329,0.012282542442278527,0.13460014223172556,0.1537167637565708,0.012855471766231762,0.012282542442278527,0.7000001168528718,0.08109346506019177,0.000289060491644212,0.009043990459215548,0.04480504712418717,0.017636317285951317,0.07416781121953725,0.005899117679493195,0.029412308927981797,0.5861818520518538,0.29049787884220785,0.05735381078890848,0.046254084823310705,0.24250535162385367,0.028308907100556318,0.897224865432958,0.7016579319800096,0.7528088552545065,0.18518024378298015
600874.XSHG,4,1,-0.2378728831850127,0.5338372080937653,0.21104179392363623,0.35904212793407503,0.588766990234455,0.25704334583603594,0.7229566772360241,0.8644118353542449,0.8693625141494232,0.7112017742475013,0.5003638870454856,0.001216536860911178,0.012902890856358306,0.0057400666282174774,0.0004317552813226851,0.005957367529759262,0.0029301065166109372,0.0014715237833469517,0.6186106705683571,0.02314716655730084,0.15161037888077109,0.0057938157384681815,0.12106388892799154,0.6363636304132232,0.093173185672216,0.5621591386642453,0.07249575540400163,0.08537578004883783,0.08725942856526911,0.32081596991264294,0.07948260108379948,0.15261044176706826,0.09867698968708123,0.813460438826033,0.06934488209991281,0.09235491321416306,0.3165338289024286,0.17995836603048332,0.1390927501644322,0.06278294655466715,0.5368246962928743,0.03224359037181095,0.07399102449558569,0.5221799771447806,0.10882684843291364,0.006037432239463842,0.1471312360066429,0.16168357043837908,0.06454693726297574,0.006037432239463842,0.7171938483974214,0.06030460440191408,0.0007248352448251975,0.009062429746430857,0.04732417673166414,0.017187726251162706,0.03146628954619541,0.01095549168790608,0.029396145563679164,0.690853618645374,0.29599917104153156,0.034331956364926905,0.143646745531511,0.2011141035871713,0.045139977268648684,0.9054675405831476,0.722983282473133,0.7494857583447097,0.4612799931408673
600875.XSHG,4,1,-0.2640210874376369,0.7062002638410145,0.49133706890984746,0.4824737715260829,0.45502274001984366,0.23359101627665319,0.45846690042720756,0.1455877047577884,0.6511685293996254,0.29793165589343684,0.6235510587057547,0.04211381988467866,0.020706476018912248,0.008645809053692877,0.011021619869738535,0.013186694567083447,0.14992655876385852,0.004400617926628273,0.6304140110349354,0.02817510216678264,0.1560806640951245,0.014738506657123498,0.05766955096162855,0.2727272717355372,0.05354906562811184,0.688190180074952,0.015246672162331677,0.02310753368906575,0.0904934485428608,0.2330881559889489,0.03461834558152783,0.9799196787148593,0.0875293661909662,0.9256338421454081,0.057529322674781565,0.032468066456071476,0.3029409875496791,0.1766114125424693,0.13404149671005597,0.24491339296260003,0.5676624959518113,0.17916151895435914,0.22317862597985114,0.5254507209222254,0.1454854088652647,0.08520795037317076,0.2300285823483605,0.2509909559745963,0.059363450307046386,0.08520795037317076,0.720950668223147,0.0942358484623039,0.0002325093494471619,0.009090622606983838,0.05202538231511915,0.014745292578352548,0.03031471601232237,0.009497286559410064,0.029500044148896044,0.5772401626447176,0.2818575163620076,0.02895720521292581,0.028106367551736622,0.1529407014743882,0.017733744092839624,0.9152884492479867,0.7323868913360756,0.7800075518928582,0.4192963238125488
600876.XSHG,4,1,-0.2311301041061679,0.6532308561811534,0.012496996117978665,0.32265454166196683,0.3950653195681193,0.3832890062267653,0.3697077081730425,0.22723705722270546,0.8933557206699692,0.3434746711474021,0.20798301770103794,0.001440153339375002,0.010115047834837175,0.004533016030411463,5.0263080655464685e-05,0.0007243034076573582,0.0016864830818611948,0.0011911488092012238,0.6169947780324355,0.021849576482087907,0.15051908770214983,0.0018011937584048476,0.0034556959019500354,0.5454545434710744,0.002877141856022575,0.6770377442585449,0.003918945468401149,0.017274124988694944,0.09114599742762847,0.30983043526586024,0.08848919764781668,0.9477911646586344,0.10921324301568874,0.5587871458650507,0.07271061663768061,0.03209558544736098,0.3065809209989151,0.1813751037115417,0.14019503089765686,0.17928174840591024,0.5276724226833656,0.01388691902227597,0.0077381589404140775,0.5222157084989555,0.09027163108679066,0.002631174023310547,0.04635340446277034,0.057778333933946574,0.02660529714991715,0.002631174023310547,0.7447699575940929,0.12713981308076336,0.00017716159826182296,0.009155442361612028,0.07323166230365799,0.013290870727502626,0.040672180473909546,0.007396412610399598,0.03229319909133942,0.6048059362882453,0.2746372287768883,0.04651542114157023,0.030746053510747273,0.19779649262805898,0.026809236106956992,0.9209081322520629,0.7006794259431253,0.7346143385624471,0.42796052737637313
600877.XSHG,4,1,-0.1586269081969318,0.5619688101248744,0.08063869677570973,0.23642997751351813,0.41587312732321413,0.2261241043285094,0.4177703172174458,0.30417594763946476,0.9182947102013719,0.47299106495455123,0.22333358480917276,0.0023647184317923376,0.009605754349407912,0.004304467086479302,0.000597220591719728,0.004164568990086897,0.0042722504832807175,0.0012467718738515268,0.6148227209681215,0.022027630600524793,0.15006553050971197,0.0028020139867074505,0.013800630385996788,0.6363636304132232,0.016435033721162156,0.7063347572296507,0.0076194660894229,0.04056253956769467,0.09150460186607787,0.5996796005814076,0.1866940878069494,0.07228915662650602,0.1454916061774739,0.2380558854900785,0.11092644185283396,0.0615483796693221,0.3047184809934042,0.18558796267405514,0.14148709109674332,0.05425037867104397,0.5425543784062831,0.03281502879033172,0.016455997443822378,0.5182782337116414,0.0823904635732079,0.012452739760485174,0.09452126452529686,0.08840815666438523,0.22523900897985105,0.012452739760485174,0.7221413989859509,0.09647201015013676,0.00022618058332149986,0.009150420543452985,0.05448092685395327,0.014753966487740694,0.05727932854376293,0.0048669982431202245,0.029610900636089822,0.5157471976829671,0.2626367685908633,0.022941002691482755,0.08400118171508256,0.12376730569488778,0.02239965304779566,0.8706975827640568,0.6755340321082661,0.6520795430840769,0.4926573660125092
600879.XSHG,4,1,-0.3157698352721575,0.6839139933986798,0.36722058074699526,0.33570587348888237,0.5524835980136231,0.14338047336721862,0.6428139349787723,0.4271518222098772,0.9865452048274452,0.4329500345142958,0.3865347788827154,0.006512203251945862,0.011699454700526895,0.005227831188430005,0.0011885490921742664,0.005713773362085848,0.0065462862634797486,0.0013681185958871176,0.6211517252134391,0.022572346044801,0.15124568883721093,0.00563223770933198,0.05330696193932181,0.5454545434710744,0.03879451711873709,0.6947355081291825,0.002945437806891731,0.0436375146965723,0.0911669682171488,0.1647725805238387,0.08360162162876064,0.4457831325301204,0.07618014865254805,0.7976735424222795,0.04289809911865271,0.05154924334672493,0.27738866705473086,0.1632222188696739,0.13704547167996423,0.1190345472464639,0.5198062719333425,0.0200233697729005,0.11714412054712259,0.5174874065042948,0.10837810735355731,0.019201281314316927,0.16992290025540158,0.1893159076947097,0.033928446939304024,0.019201281314316927,0.704959352728573,0.07549043205971563,0.00033204028619122455,0.009075907256879099,0.058316346533875,0.013610284763588531,0.040080643403144586,0.012799665828643374,0.029454576684117884,0.5994491280633104,0.282599770724577,0.04351626955257491,0.061967638076872084,0.18264648882808937,0.03477403242208531,0.9297437545269915,0.7675854672504534,0.7818321525799219,0.29983626295902377
600880.XSHG,4,1,0.202964580279214,0.405955503940456,0.22681802350385497,0.33442581382241326,0.5265781139115759,0.0605826085887565,0.7670935841805187,0.22870924838365875,0.9850404702043225,0.3697343462682988,0.3892927309779233,0.0020359683137561213,0.012724896497233443,0.005682531865465657,0.0004480074165582933,0.00034906784181381733,0.0012985223705338788,0.0011142341066018731,0.6181892848840559,0.025056998943388028,0.1521568951974913,0.0052139906768931335,0.06625547188126935,0.7272727282644629,0.10727113682335061,0.7056249278204254,0.004075561983019416,0.1788459799222212,0.09151379953699781,0.6320595324039804,0.2544095854181734,0.20883534136546184,0.19471085748618816,0.09472343160192134,0.15491620439052778,0.038654369854118895,0.3390748873876506,0.21847677146759445,0.14868701206529453,0.07208529572813653,0.5169273589607045,0.04173394927484884,0.10439455868899145,0.5245062087443376,0.13465852944867684,0.010506549077825755,0.1730142984311673,0.18516500997936652,0.10468496566122128,0.0111637901942326,0.6997979613848001,0.06745885793155454,0.0004464182268228889,0.009062698698967519,0.055511479875193843,0.02376144658877525,0.06860079473908444,0.016882452416551733,0.029409550558462765,0.7210440176394339,0.35058349602388766,0.04071969823153186,0.040854417938319496,0.15510937579166034,0.02737168750373871,0.7522404169803014,0.6336628189819118,0.6076672836686354,0.7404796505576742
600881.XSHG,4,1,-0.2336070626315137,0.7018680861603485,0.6375581059293189,0.010068893735569628,0.6296831442998656,0.39737027451712015,0.4641460137447221,0.26777865500542253,0.9365671150281145,0.14214785266939556,0.4477545391012554,0.013980831063273854,0.01622659742748607,0.005914230921177098,0.004273118633601915,0.05827871079664485,0.02013446995178783,0.0031331198685474815,0.6284448469762954,0.027656156562802077,0.15028473556492364,0.006757546899547743,0.028971467858336295,0.363636358677686,0.030938666412868663,0.7013878893691529,0.001198398412024719,0.026906032377679297,0.09123239672531715,0.2669825406803344,0.10684092240322396,0.755020080321285,0.1085867203548055,0.46032384798670356,0.06928023292698048,0.04272825591464408,0.2976255809313443,0.1783768721872348,0.13988956394918067,0.18751827133578752,0.5194721141867629,0.07057772697353645,0.11853985436838027,0.47068523423066944,0.10727766472218,0.022710713598953946,0.1489889985903433,0.16563618611913394,0.04592641012448585,0.022710713598953946,0.6626305684775357,0.10588734772074501,0.0002052462121039986,0.008977416618624504,0.05291069226462575,0.014691150250122352,0.02885418710511078,0.01075436062051252,0.02924823157388525,0.6029924277285514,0.2785896894581388,0.03727220180774431,0.04888379258797458,0.11995364037087704,0.014952892265358618,0.9273488872477311,0.7155670912387779,0.7272367201548402,0.3214856826624403
600882.XSHG,4,1,-0.2931707087297603,0.7367182798052198,0.2454078980659763,0.4370336897042582,0.5497623185207661,0.10993357442072857,0.5189556513744515,0.3775035265711725,0.9860183062141545,0.34630851720010747,0.28849714876090926,0.001071599694211551,0.012302390941485577,0.005481187096009515,0.0005837994480348921,0.0006549583006375634,0.0006971785407270226,0.001131857962717114,0.6185282482315249,0.02237336116227982,0.15181601681103296,0.004539626297497588,0.010712744290528438,0.2727272717355372,0.009788941146373301,0.6942653551301906,0.004411890092750271,0.037984986886135476,0.09110044822017126,0.18937982942148113,0.06255313662700601,0.8433734939759034,0.07979105370438934,0.8076448081765816,0.04645803027401322,0.03406732497448003,0.3064258702529405,0.17992746215727323,0.1364514359546297,0.20470555979997465,0.4993329409279061,0.022021928735271798,0.09638129986288384,0.5374738398310333,0.1416627545426331,0.012785441862742235,0.17293342740268072,0.18978830192456275,0.06001817865177385,0.012785441862742235,0.7754192973169413,0.0673292502676852,0.00044921804108606416,0.009079434620117306,0.05176444607907027,0.014662708394153323,0.05728117608673401,0.025856432436763027,0.016232349421609144,0.65172263908463,0.32138251250279104,0.04202983592241419,0.03677001725774067,0.17978891168870648,0.040745648142609316,0.9332242121259462,0.7508016009906684,0.7798213950933821,0.2949785935983766
600883.XSHG,4,1,-0.2855132209892848,0.7053697549243688,0.3630133462345875,0.3090957190335434,0.586226594413503,0.0,0.2792276289877986,0.16403635789984014,0.5846528484578117,0.27476879288908823,0.0936429768896716,0.0001447426293118417,0.010588798317601667,0.004714301152872678,3.570146967450154e-05,0.0002487666824665109,0.00020542175494822954,0.0011134157109757696,0.6175182934375748,0.02218399844903875,0.15080554734303686,0.003762409107709536,0.0034710215302828167,0.5454545434710744,0.003985144154379938,0.6988377345736697,0.001270113652423208,0.019670796780320157,0.09124566663504585,0.3283119950230909,0.06457125041991221,0.9437751004016063,0.10814136881037115,0.702950110820358,0.07241142889541771,0.035759452362807025,0.30713874505494776,0.18143817638657542,0.13812565480415018,0.08959373405598253,0.5318427242963106,0.022748385991587013,0.08258073014804272,0.5225288596928485,0.10303237915801343,0.0011080931781113606,0.1466095682747915,0.16166132170712277,0.05946099687824464,0.0011080931781113606,0.7168467953684197,0.05492129408069385,0.0017112017390955607,0.009135316158027632,0.06280648135005083,0.056161635752817914,0.028399968665671207,0.08454165842393752,0.030008246149082547,0.5202485354989727,0.3283855549086218,0.03583593183917013,0.0358123786098025,0.14679242982722804,0.02427244720942753,0.9155760463563931,0.6920967670602809,0.7293266933007319,0.4396546407600376
600884.XSHG,4,1,-0.2462901295406743,0.7789412746850881,0.4283295451778562,0.33686038850138456,0.6119259513737212,0.1786085916490045,0.5837564597997748,0.23393969531231254,0.9991020769465171,0.31746249349835737,0.3499418819759134,0.00455411502284368,0.011474043979690348,0.004932908578740854,0.0012681609031139898,0.008214050160941438,0.003412547683959877,0.0013293680343256812,0.6179900058667961,0.02073252351097914,0.15072239195391335,0.004730627840676448,0.06473480383821108,0.7272727282644629,0.12223084586060974,0.7112673136024584,0.007839177384881098,0.1494076150854662,0.09175878833969578,0.7039693756208905,0.2806834947911305,0.1686746987951807,0.23297683249643253,0.03489789025550791,0.1545662004939396,0.06005848469251366,0.35156623865187164,0.22718877100565016,0.16555658677731067,0.3824516757134688,0.5301757160142625,0.0742914391311338,0.21819624308001612,0.5243493922618573,0.10576294599737056,0.03910947787517722,0.18089697874138733,0.19400913220975935,0.1008549373806678,0.03910947787517722,0.726671784822448,0.07015421752869994,0.00039702947439673925,0.009132682013305674,0.05257100024853582,0.015743284750374203,0.058643646650755624,0.00963667784131031,0.029430985473401776,0.5873173046749822,0.2771454762098036,0.03626873357635707,0.08434138866365795,0.18521558494198714,0.024770592809714664,0.715628594963855,0.5645344080314896,0.5299157937541092,0.6319415838640945
600885.XSHG,4,1,-0.06894756442362833,0.5357796380393087,0.1453288178943501,0.438176340835497,0.5889821448423495,0.26408126829035483,0.5771523723463187,0.4915092038972849,0.9998283188685029,0.33738043261784645,0.3433864941211122,0.005127986672065429,0.012550904538690356,0.005559871562846804,0.0008520584608438747,0.003282188563614872,0.0014953477748234525,0.0011783352663647768,0.6189754870734165,0.030821327213453813,0.1517997408583946,0.004211798081029914,0.013571532220321232,0.6363636304132232,0.012708773143142947,0.69804869887062,0.004243073662998544,0.06579542371348467,0.09138224432458715,0.37082007860262944,0.10021920635832593,0.4257028112449799,0.12375107220360733,0.5583713770366256,0.09593027249009671,0.039331155065648736,0.30690271719026857,0.1826879373647722,0.14042380614417518,0.20470555979997465,0.5204957455572448,0.03142933161159806,0.0680564994764042,0.5301805886728556,0.13405417373590525,0.033214071093459564,0.148638131097158,0.1645930392608211,0.05225633436419913,0.033214071093459564,0.7276323154279679,0.056131240408959615,0.0012879780762235459,0.009017499045596837,0.05402870773505763,0.016335487882452208,0.17832152199111923,0.014370837258776213,0.03118357309848542,0.636639082412349,0.30153202624150466,0.03982475543386854,0.04251925080253338,0.1567697250088666,0.02346368965723515,0.8941589382340829,0.706227057626819,0.6987758540108207,0.48837152624918223
600886.XSHG,4,1,-0.2138478493239132,0.19456735388092794,0.42200863635930547,0.8526475844695065,0.584543473518179,0.8578542498703812,0.3976723797543982,0.6036308063375128,0.6788899826913806,0.2283229919350628,0.6095891803348302,0.007641898589960807,0.04374794121983325,0.0177678403427921,0.008776070880109602,0.07634326710211625,0.0357202910074605,0.008625724946606295,0.5746146987088835,0.12276487676410561,0.1589614368088847,0.006827136057781967,0.06269077393163182,0.4545454565289256,0.0637630862378242,0.7052860842441109,0.004223979654555185,0.024102378583702632,0.09122239169127515,0.5867027411931321,0.08296034699715746,0.11244979919678715,0.12132337924319223,0.6177811495546139,0.08068626187879335,0.05898066592741093,0.3173703546095216,0.18063350917631188,0.13895756479148955,0.18919261206412574,0.5637679927035105,0.07394835748706559,0.10095240568809921,0.5554640145918821,0.14243299475836302,0.03404553992495811,0.13178082886225922,0.14977700538282337,0.021590131043745662,0.03404553992495811,0.7418965454785534,0.07087944467276398,0.00038609107216214526,0.009012075854844856,0.04283021625783138,0.015298270364641941,0.08410967088978039,0.0032731866096898975,0.03062379571800306,0.6257181127979039,0.2982291597925893,0.027899234577599054,0.10415977315688421,0.17331431765212546,0.009586349225339475,0.8977547897345586,0.6657268586086422,0.6858901067563035,0.2969267657427619
600887.XSHG,4,1,0.0595768044166579,0.39269697328036124,0.1583142690483172,0.40846599484045115,0.6222749381660367,0.13353034671317757,0.5670163959693088,0.7187605524592007,0.33401420343028565,0.4029432863410398,0.7766564766247183,0.034977428224087684,0.020877973216743458,0.008793418081572088,0.015470945404269774,0.015069844443017205,0.020879170087466384,0.0014588691280236308,0.6173386618413398,0.03326832691667704,0.15641136458518534,0.008848018155171384,0.18642196979696207,0.4545454565289256,0.211568139347867,0.7029185678758988,0.0029820857231761385,0.03219679840824816,0.09119445924139812,0.22271431626266813,0.07306679669449775,0.1566265060240964,0.08766442102322809,0.8633157410078441,0.07261714030572836,0.062152951429797154,0.14250580523946935,0.16291430487488356,0.12474100302347285,0.3241979673619496,0.6492435239535168,0.13954945150109058,0.19009761762949887,0.5412184857485695,0.14977838839985164,0.12820737500844184,0.1727714504072775,0.1857996298828523,0.09620053454460728,0.12820737500844184,0.7406415456363048,0.06201434536682546,0.0006237120025063574,0.00908518241821221,0.04822188708874839,0.019100205477417434,0.25391060182973263,0.0086915104772993,0.02954045392181042,0.628986420030981,0.2785711963649198,0.024345292716421586,0.09671253543650579,0.17291642916856664,0.018274660525213853,0.9361951612674155,0.7735670691256473,0.756257376958277,0.2567601955534552
600888.XSHG,4,1,-0.3025586755347394,0.7771788700489854,0.6267968507671411,0.3190576607648874,0.6085460012086773,0.220284387674895,0.4119476412848792,0.09838304490173883,0.995228933056653,0.17599197180075676,0.3082383033241341,0.001312407873464718,0.012153507294122913,0.0052944732984474205,0.0005414264946147601,0.0029687030698309228,0.003641306616542886,0.0013449303209630541,0.6194237134634377,0.026231076343544026,0.15118661438246764,0.00481239448885041,0.013927877686353111,0.4545454565289256,0.012277567239420278,0.6991716904221216,0.0023478312617957,0.022474450574296825,0.09140632109414795,0.5297965378150332,0.10476428025433335,0.9357429718875501,0.12665508049926805,0.44993783999367615,0.07899244631606565,0.03262367222584625,0.30492878506214943,0.1819350573336797,0.14037571134803212,0.34894127094505967,0.41138597918522396,0.04614715889088412,0.19361395425226177,0.5098826502033716,0.111065331862131,0.028675169058270764,0.16808847488908882,0.1818444706913634,0.08615694872204713,0.028675169058270764,0.6935007601279306,0.08570606871543913,0.0002642574602375648,0.009031616449236278,0.044819953997126266,0.01692914737462501,0.05272652077728349,0.013048091938432888,0.02913906961097872,0.5572355720452451,0.2815265873254569,0.024561441710458983,0.029104929166158987,0.12813378742970055,0.019219357540228507,0.9050041896862706,0.6799566582636776,0.6978595928843212,0.4315509333317469
600889.XSHG,4,1,-0.2310496665257304,0.9832121496296637,0.4081957546545614,0.29665812172094275,0.6559709583073167,0.1836190732380698,0.4646539726655124,0.32990860322130455,0.6997292619292041,0.3240494066828184,0.12740564122047393,0.0009301842824929046,0.011026589653490185,0.004962639310030243,0.00016612077691924754,0.002348414156007746,0.005863687711572136,0.0012761315813213994,0.6157004964006366,0.02233015923772568,0.15101961372841533,0.003877629020511919,0.01158522070720983,0.4545454565289256,0.009371118855225128,0.6994092268394532,0.004452389615254349,0.04770733472008682,0.09146257395374004,0.7041576370334353,0.09731996749776403,0.38554216867469876,0.14606740092575143,0.4570007771284027,0.10339802939308737,0.05184561046874939,0.32927911570831153,0.18482868990354887,0.13922143624059874,0.09779716629345035,0.5266788951616129,0.027018854407509806,0.0851176617585955,0.5126887659337751,0.10908968746698193,0.019258422931067876,0.14635794921617884,0.15508998004629804,0.11922550143046214,0.019258422931067876,0.6966067094581884,0.07585775085950194,0.00032861602625849917,0.0091367661987681,0.04600709514384208,0.0136057550553525,0.03971977207231874,0.006436653806509605,0.02980510619612314,0.5827910179488004,0.28318707243238495,0.035066885694613956,0.06255468163890604,0.17496263363226428,0.034348268229945564,0.8632182826546988,0.6133906063420462,0.6657336822343041,0.4788318019065466
600890.XSHG,4,1,-0.1924165957282098,0.17506010158683094,0.06105243322383491,0.28407142906470295,0.37046647759140516,0.0146970028946396,0.36185091778564715,0.40949780417237486,0.9341855332960407,0.4772493749722048,0.2344891735133599,0.00021238823062170773,0.013684344003226122,0.004709064288702926,1.4378038843490643e-05,0.0002227728307351856,0.000315562110493191,0.0011100776940335835,0.617375724898259,0.022469105198910686,0.15079434018427182,0.0030064300364426623,0.0,0.0,0.0,0.70275457575234,3.6586271552521532e-09,0.0,0.09134051696217903,0.6427129495058449,0.3618016942809156,0.01606425702811245,0.13305799715660166,0.3190692116509718,0.1179871592704634,0.053156213746168184,0.3002512710298756,0.19409663783900008,0.27062291860020743,0.04404322852118178,0.5318427242963106,0.020130990371453918,0.01664639841261326,0.5227063923312324,0.09877247208466688,7.481807821633701e-05,0.09868366869097449,0.11258338767175999,0.038237990837514176,7.481807821633701e-05,0.7325085857647495,0.15038015219274536,0.0001602749032274254,0.009262878344786275,0.2224441836547853,0.03608095725863685,0.009359606502907847,0.020455878439301155,0.026363482417516564,0.5031601952889805,0.29599917104153156,0.08260662378082557,0.05173654598205532,0.25647736484774786,0.022339684153855358,0.7304478348553494,0.6507424483658402,0.5855238663579017,0.5336685939232909
600891.XSHG,4,1,-0.3070078280771123,0.39183038085942673,0.2653132347601287,0.3267472265521454,0.6224611714474622,0.07696266760961193,0.45966719161279446,0.29976102315728304,0.8358008288115188,0.3088793585174901,0.1788237164906562,0.0005678607231667714,0.010814097247959826,0.004857400359054771,0.0001519637008419202,0.00021213245259253959,0.0011173854653004588,0.0010998325999257775,0.6180634736220717,0.02223020266955434,0.15099497039420223,0.003543902980649511,0.01086206465585211,0.363636358677686,0.007182198414325765,0.6969851147711871,0.0025503905288583933,0.0361761779867957,0.09123419865227325,0.34009762064701077,0.0050490956164936165,0.9518072289156625,0.08214891343446414,0.9759038865659444,0.05737370021102163,0.03326418393084351,0.30941087286534696,0.1799148556562758,0.1313962829221878,0.1279923828607604,0.5318427242963106,0.07795221536127751,0.0708555721756398,0.5260441424346526,0.108534244183729,0.006389672560123037,0.12300752306788658,0.14011739448015126,0.024110702634844217,0.006491312213549004,0.7365072910349308,0.07343317876049713,0.0003533427777045239,0.009129252525761236,0.05625260210680286,0.03089713987796859,0.03130365957616625,0.01782745352421023,0.03006418996940188,0.6369900304154936,0.31087979820336686,0.05997531304351075,0.033201060409926486,0.19511680156558747,0.015475264700604176,0.8733374401727003,0.6790444916191234,0.760738342755596,0.16268064075267732
600892.XSHG,4,1,-0.01953081629720286,0.3125970847274019,0.0,0.25717955169757084,0.9999999999999999,0.2619822387864352,0.09059774666771075,0.4275063573556699,0.19123082637900346,0.14626945900533084,0.007837914635848597,6.623961604283033e-05,0.01057417920189679,0.004755090354162583,0.00021687262098033587,0.0007907136580781042,0.0005050624759605991,0.0011285193753147434,0.617010718147014,0.022166100121840004,0.15083260233736934,0.00311368754711964,0.0019571609608483734,0.18181818479338843,0.004110733910486371,0.7044109667823122,0.0012028283008116377,0.03093063217871032,0.09124299882173069,0.3459475808467289,0.13939155216008503,0.2369477911646586,0.1041180524170862,0.6377236810632184,0.06046610506861047,0.04828350902450022,0.3059960952638508,0.18184889397544104,0.13891726915147778,0.2222878131810614,0.5345465536169146,0.0226195254441654,0.003105636104789884,0.5170929162951676,0.10237145212996224,0.04079694572023101,0.028019905758886507,0.03721631365299821,0.035441744153898794,0.04079694572023101,0.6828344299975345,0.06073065577201663,0.0006961165087732579,0.009083565687214565,0.040360556361435464,0.0137721977388339,0.17317911707399447,0.005459496764318868,0.029038205913311667,0.4831910875839808,0.2714684859198455,0.039806336091332634,0.08065545604162144,0.1855860028119775,0.009165669677573728,0.92221474627544,0.7150114988280043,0.7288461183006656,0.48917114323028177
600893.XSHG,4,1,0.1240772608354703,0.2614020441697392,0.18377850776668908,0.33044716385064754,0.4212320986601735,0.12684964433462698,0.1557121969389053,0.3807029543312927,0.7935040426296105,0.2708505985378313,0.5478282200163624,0.005902492923225903,0.012188409359112713,0.005444054952601708,0.002044228596649221,0.009675477972000178,0.004473817173732905,0.0012908209512167623,0.6236152873632681,0.02188714703566978,0.15142193782860594,0.004348294990018568,0.0,0.0,0.0,0.7002084311130644,1.389525474038096e-07,0.0,0.09134051696217903,0.4544039905536025,0.4100027576821488,0.14859437751004015,0.13305799715660166,0.3190692116509718,0.13944104214997105,0.05260654895625336,0.2737836691315398,0.21841530399497655,0.14208910423830812,0.2177778980099773,0.5392610977662441,0.06369022725907349,0.10945046628881523,0.5084287454167512,0.10880334957887443,0.022039519534955213,0.1304510512437523,0.14887841937634178,0.016608894179730087,0.022039519534955213,0.6672532680826898,0.06524574286417079,0.0005014939025211488,0.009100151641965214,0.048492717267013485,0.01757415426866961,0.05816822765572292,0.015231243222364195,0.029490184850832463,0.5470752669810599,0.27838860140239946,0.0946598856619515,0.0905832852462707,0.1550455679687896,0.01649309086558593,0.7069518612148671,0.7342305736146124,0.6225202197970494,0.7309915781414562
600894.XSHG,4,1,-0.1618922099135089,0.597180819342641,0.2554954367459197,0.49936103260389353,0.44766485365056513,0.11779313920519255,0.22668889090525654,0.4066323906607198,0.9945365004623536,0.16079466024204475,0.36837114581276914,0.0051791655731690265,0.01197235780555102,0.005007436690457827,0.0015021674325812638,0.0012832097226661671,0.003933592765048872,0.0011844682571302578,0.6184446466295874,0.023166875822530988,0.15117188985149174,0.002831252894417636,0.00991328389360122,0.6363636304132232,0.013342762037527876,0.7031996773129906,0.005413504002234899,0.022474450574296825,0.0919509930365215,0.7128180028816087,0.18973232109719335,0.0642570281124498,0.1756865726509353,0.1990023601297199,0.1250079244554386,0.05256105497244316,0.309042382443829,0.18467626504994722,0.14414660333751886,0.2274791067702993,0.526095011164055,0.05173421267936053,0.07829422366565161,0.5206687014535354,0.11697555475137254,0.018375725095507618,0.09749555894580411,0.10756347575605227,0.073780197356859,0.018375725095507618,0.6944998521811173,0.06314728102322446,0.0005731151237403069,0.009108602947668697,0.0523571591774361,0.01878470005482125,0.10601511031494325,0.011483443625189646,0.02547248411166217,0.5666158078512558,0.3078444002816401,0.03415570917556257,0.07290157439001586,0.14054876310989511,0.0159152359873183,0.8213737910269703,0.6143055371279469,0.6145854512520035,0.6073765659812705
600895.XSHG,4,1,-0.2762905595927105,0.5579847205969938,0.49268407841958217,0.3975074870829779,0.5383659784895545,0.2199231904525342,0.2777542995242339,0.1847837179871712,0.9267272834249114,0.07300634018914218,0.45657095074582155,0.0012455052266593344,0.013718656197847122,0.005706649044939701,0.0007463744736911661,0.024737879860779927,0.004512706275882697,0.001723207705268097,0.6239460430848478,0.03049687424468077,0.1508693910234641,0.006052529448638046,0.016193323195408903,0.4545454565289256,0.016554926612100434,0.7027656074234054,0.0014032210485746606,0.01361128696753188,0.09131457075927221,0.3261054732335338,0.09453264620287916,0.9799196787148593,0.1184556051708213,0.41296213218574285,0.08658943728136081,0.036222697955504854,0.30539379066083305,0.18196197371998588,0.14080336507589877,0.1961611415274422,0.5290124711349824,0.054237794233860284,0.11853551646599109,0.5099986365878789,0.10593370433672221,0.0044295493887391655,0.1478339107467338,0.16163840215984868,0.07211050754170181,0.0044295493887391655,0.6917479670521643,0.07749289134378412,0.0003145488073934564,0.008934812453189167,0.04530211878112963,0.01572606543395922,0.015926236107862514,0.012291605974948182,0.02927940591700257,0.7408451360159141,0.3163864573715709,0.028835232927901962,0.03165083246797236,0.11795058139534884,0.009736645331100078,0.9206196474982602,0.700820397151829,0.7100720070343505,0.2506180997577602
600896.XSHG,4,1,-0.2543443898204538,0.45895452360655414,0.6055034294540291,0.060842764086012746,0.6735481034380435,0.3000196687976941,0.4649481413716797,0.2169284210946763,0.8136289351642476,0.34573675936864934,0.16913948732358486,0.0008347231218393077,0.009900695413889831,0.004461971228761304,0.0002458278999980255,0.005639069709902838,0.0003824026946585299,0.0013502861430819,0.6148737406403146,0.022191233603753167,0.1500250987292905,0.0036343626391948107,0.022579770695317518,0.4545454565289256,0.013852615782122563,0.710547667961692,0.008403669976496338,0.0529528805281722,0.0911708456531228,0.25557897192405865,0.10812343208646297,0.9598393574297187,0.07205142360969283,0.857914852597118,0.025337003651414697,0.03492223169417257,0.30745639462071894,0.1633448202347823,0.13982587084077502,0.166958806757683,0.527999343444608,0.01878613364328843,0.08236572942899421,0.5212898649499343,0.07674882388235534,0.009401647483034535,0.12126148675982289,0.13433269640284135,0.06124016151379555,0.009401647483034535,0.7371581615303987,0.05814661606770967,0.0009271949655717641,0.009152085801055105,0.04821568688495956,0.01392312376218762,0.13940432258543686,0.0016187892054483734,0.026054703041688262,0.44197715123364045,0.21450119358316924,0.060266772529813405,0.03240890722897502,0.19529603346506563,0.01706526290602381,0.9282409708710286,0.7578860952633675,0.7809330548462821,0.43551659194379977
600897.XSHG,4,1,-0.1626284134890927,0.3449286889941194,0.4241578808631277,0.5299687838264487,0.6171463343890453,0.0044679626379617865,0.11300511563523247,0.37710923218680764,0.9871331358634421,0.0,0.2904175507849434,0.0008046361609568687,0.012858107009905927,0.005723945863700059,0.0003617034517667537,0.0003890214344112174,0.0008413872968542262,0.0011253191038822982,0.6197486026455623,0.023455932249759597,0.1522068739880579,0.005570485209057335,0.005325620906776248,0.363636358677686,0.004447946253891966,0.7024922069167774,0.0008596626877492446,0.008591842271863978,0.09134477075309197,0.35626134885638583,0.06630729653365727,0.5180722891566264,0.11495537920102877,0.5920229873965582,0.07546658946532506,0.04255761685012602,0.3062366283384615,0.18124121759431228,0.13853121092297813,0.11362965364028613,0.5318427242963106,0.026443262722829562,0.2163496145059895,0.5349330193684816,0.17787466268265356,0.01978237452612404,0.26599984875185956,0.26727269490077243,0.2702196414792407,0.01978237452612404,0.7208361524088636,0.06257200920639548,0.0005975080345489509,0.009070413058270853,0.047017860280650234,0.01774171063928233,0.05080757027037312,0.042375927676217756,0.029477929517221235,0.761499507120419,0.29599917104153156,0.030204772389088662,0.05036561629678283,0.1607065726807519,0.005415295806663875,0.9079449588842652,0.685327384901155,0.705065577363333,0.18287432939749199
600898.XSHG,4,1,-0.2805889785650426,0.5682079225647998,0.1634251559636718,0.4078526144718457,0.1756248385713533,0.128049296370456,0.4642624382608249,0.20443394295666925,0.4917615010990227,0.19777696997352934,0.07014504433729862,0.00047742108773749723,0.010582950779338024,0.00475396680658651,0.00028544878866268046,0.00023372902066429489,0.0008539273034962443,0.0011288045052294487,0.6174790088704853,0.02217505867427892,0.15085523497548695,0.0033600260048875117,0.006265711956551347,0.5454545434710744,0.005485234522397619,0.7019522739979136,0.004356666526985531,0.04707425160531789,0.09115159572221311,0.292929885167032,0.13530693285625167,0.8152610441767068,0.12894310699900255,0.3124220433446703,0.09915581663627118,0.03667722068974997,0.30622502795387874,0.18317596631471209,0.14164307421936945,0.05558906222990527,0.5318427242963106,0.016834462869928048,0.03364208033279069,0.5233674625310581,0.10220730828285866,0.013656846403477385,0.11109951211380396,0.12750378934185708,0.022814234483402106,0.013656846403477385,0.728225928016294,0.0717219128013245,0.00037437144371815236,0.009073915198641199,0.04621684671882576,0.014116327062410963,0.10061109331311383,0.012528315901778563,0.029566197341830268,0.5504045604390121,0.277462778756614,0.029854049257238183,0.034735599496719664,0.1196678509905254,0.014286205658910093,0.8941607135248755,0.7096518287559155,0.6965908220737074,0.5357331511671136
600899.XSHG,4,0,-0.04005867553473946,,,,,,,,,,,,,,,,,,,,,,,,,,,,,,,,,,,,,,,,,,,,,,,,,,,,,,,,,,,,,,,,,,,,
600900.XSHG,4,1,-0.1250144277471289,0.17102973104257996,0.4538896963935418,0.5717135322439929,0.6016169194775103,0.24588058002705904,0.28295279918096805,0.41769333754256033,0.07945762813076568,0.07763705655897302,0.9235877862250569,0.006718400170484893,0.03916045426580661,0.01305653005970953,0.009380247208570648,0.17518123603173305,0.030755139435797125,0.006048032131626667,0.5034557595394628,0.022523521813211964,0.1520602585890765,0.038129140822062466,0.05525284244385414,0.4545454565289256,0.05533053179128568,0.6700015302283349,0.03310839702305501,0.00646649181513973,0.09134247647700776,0.6598208889998448,0.09233212917184833,0.21285140562248994,0.12747002112125813,0.4860820101447593,0.0890135984599491,0.047012724939085405,0.3064258702529405,0.18090458318386463,0.1395905962974806,0.19358715263126156,0.531936916807034,0.01910721026314329,0.1274930927140976,0.5280540913283777,0.10180852402653386,0.004257776737739886,0.1556064310375176,0.16178505931173548,0.14964465745646782,0.004257776737739886,0.738508980727456,0.05273124541224178,0.004664196663276584,0.009088899227120991,0.04212075464131424,0.013669203096247263,0.17936150392953915,0.0,0.029519580215879727,0.8113263616837965,0.4521255669349723,0.03612187446019626,0.06875450075320935,0.2033564814814815,0.005085990309266016,0.90077100879124,0.6654228030604576,0.6810460691869569,0.3919086334523213
600901.XSHG,4,0,,,,,,,,,,,,,,,,,,,,,,,,,,,,,,,,,,,,,,,,,,,,,,,,,,,,,,,,,,,,,,,,,,,,,
600903.XSHG,4,0,,,,,,,,,,,,,,,,,,,,,,,,,,,,,,,,,,,,,,,,,,,,,,,,,,,,,,,,,,,,,,,,,,,,,
600908.XSHG,4,0,,,,,,,,,,,,,,,,,,,,,,,,,,,,,,,,,,,,,,,,,,,,,,,,,,,,,,,,,,,,,,,,,,,,,
600909.XSHG,4,0,,,,,,,,,,,,,,,,,,,,,,,,,,,,,,,,,,,,,,,,,,,,,,,,,,,,,,,,,,,,,,,,,,,,,
600917.XSHG,4,0,,,,,,,,,,,,,,,,,,,,,,,,,,,,,,,,,,,,,,,,,,,,,,,,,,,,,,,,,,,,,,,,,,,,,
600919.XSHG,4,0,,,,,,,,,,,,,,,,,,,,,,,,,,,,,,,,,,,,,,,,,,,,,,,,,,,,,,,,,,,,,,,,,,,,,
600926.XSHG,4,0,,,,,,,,,,,,,,,,,,,,,,,,,,,,,,,,,,,,,,,,,,,,,,,,,,,,,,,,,,,,,,,,,,,,,
600928.XSHG,4,0,,,,,,,,,,,,,,,,,,,,,,,,,,,,,,,,,,,,,,,,,,,,,,,,,,,,,,,,,,,,,,,,,,,,,
600929.XSHG,4,0,,,,,,,,,,,,,,,,,,,,,,,,,,,,,,,,,,,,,,,,,,,,,,,,,,,,,,,,,,,,,,,,,,,,,
600933.XSHG,4,0,,,,,,,,,,,,,,,,,,,,,,,,,,,,,,,,,,,,,,,,,,,,,,,,,,,,,,,,,,,,,,,,,,,,,
600936.XSHG,4,0,,,,,,,,,,,,,,,,,,,,,,,,,,,,,,,,,,,,,,,,,,,,,,,,,,,,,,,,,,,,,,,,,,,,,
600939.XSHG,4,0,,,,,,,,,,,,,,,,,,,,,,,,,,,,,,,,,,,,,,,,,,,,,,,,,,,,,,,,,,,,,,,,,,,,,
600958.XSHG,4,0,,,,,,,,,,,,,,,,,,,,,,,,,,,,,,,,,,,,,,,,,,,,,,,,,,,,,,,,,,,,,,,,,,,,,
600959.XSHG,4,0,,,,,,,,,,,,,,,,,,,,,,,,,,,,,,,,,,,,,,,,,,,,,,,,,,,,,,,,,,,,,,,,,,,,,
600960.XSHG,4,1,-0.216914570731246,0.5949738424009807,0.46549150920325927,0.4918299470215726,0.5620087449398127,0.17520560040089636,0.39594341354195284,0.27242498924943176,0.6256934205291994,0.3619188401649725,0.10498739834992699,0.001116912935349898,0.011068341114980382,0.004958879467345801,0.0005160883162409491,0.0018172273147950546,0.001786595423572025,0.0011657805335139207,0.6183481257719495,0.022420566148115894,0.15099627095001236,0.003914419251353284,0.004250686124637125,0.7272727282644629,0.003720383858770042,0.6946501371405449,0.001986877404208942,0.020258659672605588,0.0913252457019345,0.4634191572150521,0.06624916397734676,0.8875502008032127,0.12310873824528855,0.6688827316320005,0.0875971102112993,0.036831483736223455,0.30961535346770075,0.1818855312410961,0.13815425170996495,0.2069627164511706,0.5428346608175743,0.10879855955985872,0.1596293992713532,0.5270485146676808,0.11756337423352395,0.03919513915313506,0.1818087486842469,0.19506535998041885,0.10009630073183784,0.03919513915313506,0.7269347037838129,0.060623994517617935,0.0007030534557455572,0.009093538041514781,0.048692179142092305,0.01800866358636512,0.04952334315117667,0.013147708832941824,0.029725802731911517,0.5690092399674889,0.2765073671616782,0.03470572195616505,0.038081634411741117,0.17297992032730405,0.02869294729915655,0.8905888284501,0.6673742868515324,0.7138651168563002,0.575224034260143
600961.XSHG,4,0,-0.1916621740770135,,,,,,,,,,,,,,,,,,,,,,,,,,,,,,,,,,,,,,,,,,,,,,,,,,,,,,,,,,,,,,,,,,,,
600962.XSHG,4,1,-0.2609258842068262,0.5606233268481079,0.40443801734258855,0.23285009561048786,0.49849166087822194,0.11753878260265921,0.3080006430279324,0.2908716269462102,0.7488045987710968,0.13432886613287132,0.14405093244078992,0.0008757698832835515,0.010924308394662057,0.004896701350922736,0.0005434597374685765,0.004279042984353356,0.0008148056259849949,0.0011717488475110056,0.6185232762615802,0.02183054727874709,0.1508714925627075,0.00364202305607795,0.004612923353969666,0.2727272717355372,0.0037256931546803835,0.6945946215268607,0.0028606050688444076,0.016912363208826987,0.09116826610815026,0.27400793526822076,0.03944685370714931,0.9437751004016063,0.09572093587069519,0.8545907551491173,0.06616571854241093,0.03210395900403513,0.3061468093180668,0.1814205884559307,0.13570011724731382,0.20297774365115615,0.5446289306127897,0.04469151196630666,0.10757737101919895,0.5550263255770332,0.10276814759926134,0.02691355827762605,0.1335521341036912,0.15012331415200147,0.03629236085763581,0.02691355827762605,0.8291552589050653,0.05507694033665253,0.001640528921759285,0.009201076835291725,0.045452242864356944,0.015769070890876244,0.05174736919118633,0.013037119019167324,0.028942344059039126,0.55097893979329,0.2746191250119476,0.03119245377330022,0.024795400629657044,0.13167733824796068,0.013418077406233176,0.9119189473235716,0.7085019459555086,0.7430191200196454,0.2575186581728377
600963.XSHG,4,1,-0.2865572749745153,0.3970285626430226,0.9999999999999999,0.34506842360714046,0.5631562361819168,0.3376313633441584,0.33404741750950145,0.09380926668756628,0.9749824147587816,0.11646689624635276,0.2726708857385642,0.004500940665095818,0.013684344003226122,0.004844095835410386,0.0011605767226948018,0.021023781376128592,0.00907021746022046,0.0018180053585964196,0.6162659354228609,0.02474888478807452,0.14971179296974232,0.0038439563969433657,0.007050212741976619,0.363636358677686,0.007638239183403578,0.6924509050958364,0.006144964351707037,0.019942118115221126,0.09063706004909741,0.2559689574538412,0.056252030816879274,0.9999999999999998,0.10184451960666761,0.6289986952044915,0.06788049456348105,0.0303368183020436,0.3040863574734873,0.18023245955717387,0.13761091049948393,0.3366903075912705,0.49925830951661554,0.036399661807551706,0.14012418590887868,0.5251586070649479,0.08173702136533216,0.028503764666885346,0.12120275215230358,0.1369991621228431,0.03535612583189597,0.028503764666885346,0.7370062527971657,0.07522867116801411,0.0003345453777455437,0.009177053698622617,0.047068253426338136,0.013994431864182257,0.04268129107780853,0.008193122831405927,0.029052924028202108,0.5331066493835401,0.2578429695002174,0.030597526071860295,0.017275223133247856,0.13554768645184173,0.009687892564455345,0.9328620528042493,0.7214630047322101,0.7391085069696579,0.2754741618077253
600965.XSHG,4,1,-0.2245031199791839,0.33535381346750126,0.23076419817258104,0.3390399782696193,0.5261376070026388,0.05216588172255282,0.3673270132636941,0.3923615723477978,0.6727107792040143,0.2372622912465171,0.1188946146072527,0.00026785485834124887,0.011023125519741576,0.0047870845782743,0.0002138973214372658,0.0006794387659523442,0.00042828833865557665,0.001121241493263262,0.617774206729395,0.02637454647576328,0.15087986984853946,0.003474255631071089,0.016368681903641977,0.6363636304132232,0.010998407293181444,0.7257710095847186,0.014628337903099704,0.0613638419101022,0.09093681829306838,0.4041031688970734,0.11962959941614965,0.718875502008032,0.08857422942983142,0.9318652416232847,0.06677446376873886,0.03918228288977844,0.31410426332366564,0.17905213136475853,0.13464983088829788,0.08584683711352226,0.538823611951238,0.023297272903505018,0.052985775468964304,0.5234822043403077,0.1030776362102371,0.010281665206960573,0.11968121256631366,0.13600719293655328,0.029313274789486282,0.010281665206960573,0.698691364689633,0.06061664615205337,0.0007035373856981708,0.008933849049301473,0.044414566204720694,0.017769252978722214,0.08336917566697225,0.01956734581278291,0.02965819884093395,0.5368279179413712,0.2835968404452904,0.10223897792880139,0.04064726732510379,0.1968323295080306,0.013614284859723635,0.8739525784323472,0.6755589093803902,0.7166139002357985,0.32827328641287384
600966.XSHG,4,1,-0.121691328595964,0.38877014670493876,0.9999999999999999,0.24317220352824742,0.5882159804538641,0.400496130959483,0.19266641558746114,0.17655575427031633,0.8471576893388213,0.024047086394019812,0.18406585836007328,0.001609100803129152,0.011052007019252488,0.004959086306444612,0.0010919250726657516,0.0156314189534204,0.0046172351365165905,0.0016571307314699284,0.6170149224673774,0.022502733406261702,0.15039632121861826,0.005037145479786405,0.00425119041725433,0.4545454565289256,0.003938835071762477,0.7001490554315949,0.0028418990616844116,0.0159627385366736,0.09126020911860021,0.19581151856196788,0.08702967801779857,0.9799196787148593,0.12103087024063475,0.4067307327078664,0.08321060095048306,0.03288143332876832,0.30348131800388783,0.181381437159551,0.14008324299310812,0.2333813269142221,0.5008785398658383,0.03890120316113103,0.16747422119139993,0.516202201886487,0.08544026669632744,0.04458103830020692,0.18070260634690344,0.19362084153813527,0.10256359280986344,0.04458103830020692,0.7217394251072418,0.06294995828129063,0.0005812049172429871,0.00911834089379476,0.04294683285675312,0.014134906362149768,0.058566604108861664,0.008497411075638308,0.02931039636881862,0.5370313901643634,0.26619775968828824,0.02721860452720952,0.017565271100737082,0.13270823833409334,0.005981635460908057,0.9285267926886425,0.7001874087833357,0.7040806626653957,0.47822794768061516
600967.XSHG,4,1,-0.1989089024636352,0.5895320969634359,0.2896419796085372,0.3625904908689726,0.5968211617178598,0.11439069029525614,0.5082725626361826,0.4564038116833897,0.9997997785269497,0.1729160422833962,0.3300593287221398,0.002625298563236092,0.011398955438963894,0.005094710555268413,0.0007574056990148458,0.000655525282248749,0.003949595105713779,0.001108035997581414,0.6203899400322728,0.022330711604732618,0.1513312950309089,0.003925432008298132,0.024443394474831497,0.6363636304132232,0.028144731501510343,0.7093148002359921,0.008916297204976184,0.061047300352717736,0.09119392782655646,0.6571649780712671,0.22249929078947908,0.020080321285140562,0.1748353978056554,0.14125463633573176,0.12508486785925607,0.057658034440220676,0.3150968687785109,0.18874391240526098,0.14485372682675732,0.5078612132883525,0.6720270112436618,0.26928426144927053,0.24295369530804237,0.546702686548181,0.13701381088574838,0.0693420577582061,0.16263795551983795,0.17773438095043503,0.06978874010386059,0.0693420577582061,0.7543402077877766,0.0778481814564889,0.000311723463534823,0.00910978458419572,0.048577013654695606,0.024360931521327248,0.06541110417666648,0.01661628577597101,0.029628194591355815,0.5529959205759761,0.2818690015462173,0.020732241584424205,0.08594940354518647,0.12687599749202005,0.01669752347909314,0.8055115677948048,0.6337623280704086,0.6267965451410435,0.8129872635446619
600969.XSHG,4,1,0.03686440138833735,0.5105241266272141,0.36734232398309985,0.5338934265775376,0.7187143550920341,0.7077207623683835,0.4838493093871721,0.27487357203412116,0.8780888333498722,0.404240714494264,0.19954201280358363,0.0019317074665701891,0.011457603508190327,0.005133031995147337,0.0007575849692778491,0.0034998669309203763,0.0016969798002911196,0.0012870016278357307,0.6170490125432363,0.025565884909817062,0.15123223299850633,0.0036093179837540044,0.008406731584687403,0.5454545434710744,0.008603600564315375,0.7034142908964554,0.005625173751010493,0.06846341684001085,0.09116051494420885,0.26104477889877453,0.13254213464596615,0.5983935742971886,0.10274642236455317,0.45076835106082636,0.07676669232826212,0.049829090695769726,0.29685143115871204,0.18203140696160897,0.13990906183950896,0.35945469115313494,0.5005390046370983,0.11621560070965474,0.16410268265218472,0.5376182105609357,0.13216503993673762,0.05106402375470915,0.13571487287390183,0.1519541387685232,0.040890833458579946,0.05106402375470915,0.7383091623168185,0.06513178833094421,0.000504815323478622,0.008974903379171322,0.04948936704625984,0.018204040718200556,0.07457565633040275,0.008152517162252078,0.02943233809608444,0.5740062294656609,0.28993510481593243,0.02765498125809553,0.06219738394009619,0.15595265237878098,0.0230824908775498,0.9294685844541337,0.7906881606297822,0.7470710009954766,0.6015974340695129
600970.XSHG,4,1,-0.1854331248739464,0.7680824931661963,0.2756933806614574,0.3475531099039858,0.34464625289108775,0.20816240641954847,0.5380782745638121,0.16107786746102087,0.8769893715768056,0.3456996347478716,0.4950756663695637,0.016983685521913892,0.01574757538229915,0.006786509975522494,0.005699824636369683,0.005644173111182942,0.037170542881807996,0.0018862371970460655,0.6246447025307688,0.02519928996398968,0.15349577722160426,0.007664585233652177,0.056097826774227436,0.5454545434710744,0.06134157546419936,0.7018485197690345,0.006456228876639415,0.035090892647191826,0.09114285038650208,0.2646751431973138,0.13317887632972544,0.5863453815261043,0.11202304233079605,0.2974656580080669,0.06924863755715015,0.04564133588768947,0.30729531605957316,0.17957690360752385,0.14186275045040125,0.05252660318567558,0.5014005576901311,0.1368202455840853,0.1190579866081815,0.49985350144788265,0.1408608343903466,0.08200042959529844,0.1936546314757091,0.21073947934782483,0.07173702080578238,0.08200042959529844,0.6779476429022983,0.08146008545978177,0.00028680935779954993,0.009086512650330334,0.048663024992361865,0.01561229801008311,0.05382955011959145,0.010518041885099805,0.029847542859824834,0.5504788527493145,0.2788524860459879,0.03763443804430294,0.052744838397576196,0.13419014731215484,0.029168361548124664,0.9107366036556788,0.7269774667197382,0.7175895731068118,0.5005322438996149
600971.XSHG,4,1,-0.3232219408408619,0.7480177115096378,0.5409509311240287,0.4879979133734805,0.4883606706738585,0.14828845304183016,0.40400260028563373,0.12684369727205821,0.9316177807206041,0.2195830441028893,0.45225761305457757,0.009250996636159364,0.012562869492466348,0.005591689412014582,0.00301298777385735,0.0017426592183063794,0.010483374301146282,0.001477925143725704,0.6152175256285805,0.023839750542699517,0.15188486084301772,0.007847587839912965,0.02270178452099994,0.2727272717355372,0.027048262839046815,0.7015427804945467,0.004256901264816887,0.02034910011757258,0.09091875358133084,0.2487144190762139,0.014928470041360227,0.9999999999999998,0.04477891194556696,0.9796427262526703,0.02618343734152219,0.02299647146845441,0.2996730414282321,0.1737476834413114,0.12459541877568846,0.21064335149617835,0.5264032363798428,0.02896334804548934,0.1950403004859494,0.534290176174044,0.11746763816151232,0.03864667783488962,0.20512148026664676,0.2177940600974567,0.12127291913680827,0.03864667783488962,0.7445642965398697,0.06699625372801835,0.00045662677086475117,0.009055099213377599,0.0513982382978409,0.014201052952631953,0.10138262725783606,0.006844373061573177,0.029124830975629363,0.5747497069889105,0.2859532498496707,0.031675638546687056,0.012484143638993868,0.11000951575720727,0.017313812286893583,0.9386441749158514,0.802294790146389,0.8542841148838303,0.14780183546282094
600973.XSHG,4,1,-0.1446338389334322,0.7402103393751631,0.5719897396917883,0.33227915960514876,0.5640048179920741,0.21615032457131783,0.34744928800815056,0.3371577934245549,0.8822091805058052,0.21652877061431575,0.20176012005787858,0.0015024110765260626,0.011425212443611017,0.005090033397555511,0.002741556284828051,0.006499026158250966,0.006412238765230967,0.001312537233821542,0.6208552178782166,0.023008111895513966,0.15099621146526718,0.004197718489060436,0.007499111133464747,0.6363636304132232,0.012824072125353227,0.7010071592053582,0.004803799319823367,0.030975852401193816,0.09123179822221454,0.4984860652552824,0.14528100547782583,0.4016064257028112,0.12784356302317276,0.3826335926841111,0.09051555170186326,0.04258875858685475,0.2820324910581228,0.18455456199680056,0.1406525813906935,0.29339286759512223,0.5341180135198947,0.1575725135679737,0.17513912998260942,0.4841820506874552,0.10920143757285733,0.13975849248098773,0.16853350048419505,0.18304254809911563,0.0793138446947256,0.13975849248098773,0.6688366244944653,0.06182794342393361,0.000633104320086983,0.009056459329110908,0.04108215454707115,0.01661715434990452,0.09157665437311573,0.01236094465372968,0.029664835273673074,0.5064894887469327,0.2711097199113967,0.04061176592176256,0.04603192568636679,0.18496605360490448,0.023096847520488125,0.8811904389939071,0.7550058599796561,0.7103004121854806,0.5841026291427616
600975.XSHG,4,1,-0.2117758472519113,0.5211244404360378,0.2932021752869699,0.24398921767973292,0.5686507866851562,0.0771468818086038,0.4816948343560875,0.2909731320990625,0.5708696198163056,0.2469351885331327,0.08997790476052803,0.0006318072216879451,0.010620124835061827,0.00476230924819197,0.00035185737006269296,0.000999949847321267,0.00043057741804736335,0.0011279489396520538,0.6178409726187188,0.02191819741924409,0.15084540735398283,0.003558974546306187,0.008004293669880532,0.6363636304132232,0.0063400552531491,0.6903669337340924,0.0031489925441851884,0.03848240933345392,0.09103624761745549,0.39229312497081936,0.05781183358531885,0.9598393574297187,0.11001434875242273,0.8217696558563349,0.0831027813491648,0.03372836906662681,0.3079659331509755,0.18134748093860645,0.1380606618363893,0.09902248806420336,0.5360031979434096,0.027905540300398456,0.06702915789728583,0.5193234360426425,0.10127379454795254,0.019398422960937824,0.12876207886992735,0.1444873136252991,0.041101830933237056,0.019398422960937824,0.6959242886873567,0.05585393978324883,0.0013640029467753797,0.00921381246443089,0.04607727617396241,0.017519251634801686,0.10239064670285633,0.017585032202681906,0.028975636557515505,0.5145867961496624,0.2707924173645863,0.0358361837137262,0.03034206033632699,0.12058451449055074,0.017434946461685707,0.8888845492891737,0.6936640352041046,0.7407812776429643,0.4864289882682712
600976.XSHG,4,1,0.08330376988010758,0.539926887760495,0.21528248136005182,0.3527622391429107,0.6037514136761095,0.0778139577598107,0.6905185697103184,0.34811741837584065,0.9315817759820293,0.38557283096502737,0.23256877148932575,0.000949048509394416,0.011012508644387372,0.0049210461365416895,0.000598964659828363,0.0002501315924772215,0.0015237304507652609,0.001133071792497454,0.6185309576943109,0.02332234474172671,0.15109564450858104,0.003902088698754488,0.05152008932827888,0.7272727282644629,0.0639893364998661,0.7047442157405907,0.01314708575291767,0.15230170932440987,0.09251752547598624,0.8168708724960585,0.2432103961492275,0.20883534136546184,0.20522075865240308,0.09763176022149699,0.14216456785061277,0.04499506766516657,0.35169711572692325,0.19083719432146462,0.15376426270677512,0.20896265026978575,0.5259358980003204,0.06516441815273141,0.16307759238949618,0.5196753296598825,0.13259063029322565,0.079036655764068,0.18443966753706134,0.1874445266597798,0.19908433457731717,0.079036655764068,0.6944425942739756,0.06167582887242893,0.0006410249800197537,0.009076595128351558,0.04544604266056812,0.019050989073037296,0.09171212546147003,0.01840803048695547,0.029432538333279155,0.5880452584319,0.2804870808224093,0.023882249782534757,0.05200323590368733,0.14262877146982825,0.025096458694741877,0.777232073113576,0.5310827694484987,0.5599319273433971,0.5951373934186436
600977.XSHG,4,0,,,,,,,,,,,,,,,,,,,,,,,,,,,,,,,,,,,,,,,,,,,,,,,,,,,,,,,,,,,,,,,,,,,,,
600978.XSHG,4,1,-0.2284955063698572,0.5099340436684923,0.5285079254846703,0.38471857722669556,0.5978641683990207,0.12682180430847906,0.5011134907011615,0.45788717940449464,0.9934971929476377,0.253488264172614,0.37124745719527336,0.002207897197658263,0.013267804610625706,0.005903256857870705,0.001087686637700481,0.00831263994407667,0.0024801961902882223,0.0012897401327539304,0.6203889207233052,0.02228432557229679,0.152000078727918,0.005656401725084153,0.04333430427643089,0.4545454565289256,0.03254547248852922,0.6962511977794779,0.015742569584737368,0.04508456181604413,0.09140585974828903,0.5447370875234959,0.11794977143818727,0.2289156626506024,0.11011448696951448,0.5018699331382128,0.0781804404901591,0.046739700498654266,0.33349392070780304,0.17738513314236795,0.13989866296466721,0.14461059299889512,0.5024665555789417,0.04081600458928624,0.1077326294876218,0.5237887311820221,0.11677294240987884,0.013715501976418657,0.1530933990680619,0.16972567621818302,0.04882099859591253,0.013715501976418657,0.7164366417886904,0.07315976028465038,0.0003564792120368434,0.009102534380493372,0.04620497398816631,0.01679605105390248,0.043899514724363216,0.01320711124971458,0.029500243023932973,0.6315406340127938,0.29319806511632257,0.03604414272219845,0.05834712035289821,0.09754862377767645,0.015421576837949393,0.8523233230603173,0.6268851443987442,0.6962026653428848,0.2224613189437739
600979.XSHG,4,1,-0.2785087500503877,0.6522593470493794,0.26770511882669157,0.3844386250434492,0.4873118128572849,0.20041275550455165,0.5363915692077457,0.5743672738592535,0.9863612293949713,0.468493185118441,0.28907900663128233,0.001544922804910333,0.010798339717889807,0.004843244589485205,0.0004242697371064832,0.0025631147714000914,0.0017763026201259614,0.001221038099768316,0.6163722071869011,0.021266319709878592,0.1507550048028511,0.0036556558552671117,0.023863550968066617,0.6363636304132232,0.02793376626459051,0.6944430506054556,0.011096802670464348,0.05399294564529257,0.0908912646400223,0.20302074664661313,0.049290891553764114,0.20883534136546184,0.06072658182148781,0.9493152133407384,0.049988957490563306,0.06017428701005262,0.3232857697613667,0.17302819197234579,0.1291189293318463,0.10233429473469115,0.5416702600309139,0.041839092486570285,0.05903989480971077,0.5261715708820136,0.09810963033517546,0.007862404132560284,0.1200541642719262,0.13835127565867772,0.010870080955701928,0.007862404132560284,0.7464210886714647,0.059937053095076895,0.0007519522046459801,0.009150183941985973,0.0545226133304909,0.018740527368122366,0.09062225986283101,0.005767168814314071,0.029463790319390344,0.6440971432943428,0.2830656020095569,0.04601718076971889,0.0795500617761557,0.17123636760905914,0.031973141113836215,0.9275494951072987,0.7788935695015704,0.802574772981123,0.27959392944613903
600980.XSHG,4,0,-0.2140548514429613,,,,,,,,,,,,,,,,,,,,,,,,,,,,,,,,,,,,,,,,,,,,,,,,,,,,,,,,,,,,,,,,,,,,
600981.XSHG,4,1,-0.2575727998285248,0.5637037599207575,0.33604817221057126,0.3278787220935394,0.5880658570367008,0.1929594020107007,0.1868267524479187,0.15950691948167883,0.7700891073371511,0.1669917649083389,0.15184005775210418,0.0011348511516790743,0.01083820663976383,0.004831797444666945,0.00231129521685125,0.004771496259365861,0.004917271411514284,0.0012773471102531671,0.6183365505098458,0.023897847675832,0.15086934229237564,0.003863542830453001,0.003463707745802598,0.5454545434710744,0.0033752078715408047,0.698862324454315,0.0020077575334999146,0.01419914985981731,0.09124835131280194,0.36013849872923087,0.1022399845079841,0.9759036144578311,0.11635336141595437,0.48275893928645847,0.07991159274818604,0.03427376716861224,0.30680817096661944,0.18122041167746938,0.14053689390807914,0.03653526441274769,0.5345269534482928,0.03402104255942914,0.048842804136513894,0.5237448097196992,0.10264699795177025,0.0622180550691744,0.13173621666481455,0.14387091755696296,0.07714767464083379,0.0622180550691744,0.7278192800227162,0.06336925214968255,0.000564337369405183,0.008878849489281504,0.04110998950450609,0.014292964266555961,0.10188368091159249,0.010177715131514838,0.02964148244056972,0.48915110501495274,0.2697908703686725,0.04127838037185459,0.02950582992497593,0.14807840287277702,0.013494197523479093,0.9179274190112341,0.685780704082084,0.7149464106064485,0.3800787790665706
600982.XSHG,4,1,-0.2135280632898414,0.5289414217645894,0.41689309144187386,0.43760846819054383,0.5676019288685826,0.08072848309459604,0.30531935741953553,0.3929068419053581,0.6700253526049429,0.247822698998602,0.11807061712622746,0.0004708168722804166,0.010993408453701777,0.004827885821994198,0.00031120235213943795,0.0016889707914267032,0.0008024651192539886,0.0011323533342975647,0.6178158236713155,0.025632030192431782,0.1509148821223447,0.0037543536565033822,0.004896641704139748,0.2727272717355372,0.006078400140825093,0.6973846824210073,0.0037988908627152565,0.024825902143438546,0.09091315164464794,0.30148723465113875,0.02706450463941796,0.9718875502008031,0.0803437903105734,0.8683008605901453,0.050338326586994664,0.03799498374556561,0.3060100817908519,0.17950972164789394,0.13500859207033797,0.24521853584394268,0.4978549374432977,0.0748695810669646,0.14949421979997657,0.541849204371141,0.12356707034216594,0.020729497335242743,0.15977319461628667,0.17498087685212652,0.06681197924908755,0.020729497335242743,0.7718926776484996,0.06166827803380556,0.0006414243946583713,0.008934407242333728,0.04509236720614595,0.018418725329822194,0.0516682481634499,0.012732987251502011,0.030571088384586054,0.5667117225503774,0.28475411875252216,0.059959591196220505,0.038827133349290194,0.11467477010183919,0.019548214392534544,0.9151641788925027,0.7204596214232017,0.7714879077296,0.05221022968031072
600983.XSHG,4,1,-0.04005867553473946,0.5297423186749981,0.24630392828370615,0.4884740622797103,0.6274814456316676,0.2926650208510949,0.6094858635363802,0.32185030335199705,0.9994673933183988,0.2854034498827287,0.3266978346123214,0.0025642076203776978,0.01266498233928842,0.0056423866390687295,0.001442094163139242,0.0003774071345134514,0.0072589261176885505,0.0012510806745013147,0.6196690713678102,0.02239598261727048,0.1520999483715571,0.0047995549271924185,0.01706326864780477,0.5454545434710744,0.026880572140048964,0.7098156930043518,0.013511317185964466,0.11775345934701999,0.09252614794641918,0.919730807399288,0.260231444484242,0.04417670682730923,0.18994968054591138,0.14250091623130706,0.10572304925098222,0.06028965224633662,0.33800541465389433,0.18739245497641083,0.15601951868807792,0.04374678100426789,0.5318427242963106,0.0576670076595336,0.08918537872111719,0.5362690909815025,0.13983141051784337,0.0487418809240313,0.16775000692415762,0.18141081608653703,0.0868326177709177,0.0487418809240313,0.7431924438259033,0.08906286179239874,0.0002500409755926262,0.009111572940359473,0.045984536955589114,0.016158711467415796,0.06629769385991265,0.012103667838115447,0.029442581522644007,0.6480462785651162,0.2867079627171455,0.02804248620011807,0.09278477591428813,0.1412204077367381,0.017114314769396424,0.8087701140446806,0.5379599531201631,0.5867965979514831,0.7151175342408143
600984.XSHG,4,1,-0.2060818415579054,0.593462257340885,0.20685467351110662,0.19268395169240032,0.5166136303035318,0.18287860085429108,0.39058622851273694,0.3886388617058253,0.21413027919479355,0.3347208015824369,0.01204960790097942,0.0006347258804287731,0.010176768011698123,0.004584766541633848,0.00018129919284620857,0.00043974826014228044,0.0019649393840693715,0.001157004259249501,0.6172803611204518,0.022176605475179495,0.15053968875429646,0.0032068125296759536,0.006537464932777695,0.4545454565289256,0.003870312809926644,0.6980229127488614,0.004425244345036532,0.034231708420005426,0.09121790180899324,0.22582493221530747,0.054015127296882785,0.6987951807228915,0.08629740259911375,0.866638811866145,0.05210520443359375,0.0323402928340768,0.3064258702529405,0.18014766122078033,0.13688688883862765,0.1837813579598936,0.5355150532310425,0.023262043005468067,0.05314726624018679,0.5159378701607702,0.06609496565773032,0.005135155267766578,0.0880829073703814,0.10207312615721004,0.030268860086143164,0.005135155267766578,0.7292963003212286,0.07105489754070914,0.00038356693635314986,0.009151053856765613,0.04983024633541571,0.013725958305824012,0.04595342824531084,0.008979388241560544,0.029279057204609053,0.5917166291693787,0.2664192874786381,0.05923314435158307,0.041680051672203115,0.21748358096468562,0.024987288389065027,0.8881486912556276,0.6971357967361018,0.7520444241417643,0.10210387371753166
600985.XSHG,4,1,-0.2982553968462149,0.4310374615411618,0.3314854474487381,0.3512696920508277,0.5660232925342019,0.05227706104775395,0.28174049265386164,0.28011812707968764,0.7939918629290821,0.1495810911931505,0.16108518299836594,0.0014088079339302662,0.01075063505235427,0.004821220053295806,0.0002012058408511476,0.00026204628433883334,0.0006480623217680342,0.0011163479614834245,0.6178961311559731,0.022056083099696307,0.15094776569721377,0.0036184114876414786,0.0051392059910519775,0.5454545434710744,0.005377446977014074,0.7028214102229298,0.002299095424458938,0.025097223478339516,0.09142426515582959,0.543891861802001,0.13968331068178744,0.7670682730923694,0.12981009314171796,0.47278767353215634,0.09167006837187408,0.0376322638146323,0.307089549323455,0.18201621182380212,0.13927213075545225,0.27987391077477225,0.5424101915248066,0.04759096536369113,0.14539948704029695,0.5179562099005881,0.11193217847779993,0.018332290919939317,0.14160511867144718,0.15703830926860063,0.05248641703756894,0.018332290919939317,0.6953435299149194,0.06424321978262885,0.0005327583921846896,0.009104124243653512,0.061574091907599535,0.02383007755824268,0.08347453180489797,0.02261790538667844,0.029546978657610995,0.6433725160587819,0.28772664015730426,0.025001718434471257,0.03145755649276364,0.09999715002279982,0.015165101393790752,0.9105253440513557,0.6635570076511437,0.68257757193442,0.7069843641542013
600986.XSHG,4,1,-0.1934677664438304,0.6450906921620158,0.30798286278690373,0.2724280035053342,0.8618364707957293,0.1947247127596263,0.41185027558635906,0.2666472573179444,0.674658108662301,0.222854457951533,0.11949454259782366,0.0006493528699512892,0.01056525988778708,0.004719846213310744,0.00042623498500544515,0.0026819002653347855,0.004361011569286325,0.0012144829844340128,0.6173785577325646,0.021218361884067814,0.1507144208290819,0.0036697787903764785,0.00538871521677248,0.4545454565289256,0.004799389530053066,0.6922447773040956,0.0025042362819191694,0.024102378583702632,0.09122144633299942,0.2646077325255807,0.04543044068627331,0.9799196787148593,0.09376758183334627,0.7640219320623468,0.06474590361952162,0.03535022444376701,0.307279363910911,0.18072971886085198,0.13772139854467746,0.06658378696163919,0.5443591518816061,0.07401699567517481,0.05780469083193115,0.514127856260069,0.09619403856701551,0.005401325133119201,0.13050895051463132,0.14256310582896914,0.07708856353926527,0.005401325133119201,0.6991634502913727,0.0970380323764489,0.00022467732250507403,0.009048254494692296,0.044676293956146876,0.016238018841401722,0.03422226939615275,0.00893863587562507,0.02893097685230514,0.5126890157155958,0.262166460030683,0.04974314482770724,0.03382952172494117,0.19940095062572832,0.019340342166656695,0.9229994248057831,0.7162083720313128,0.760278891931357,0.20742899084109734
600987.XSHG,4,1,-0.2733150265740005,0.545074474195686,0.3058907846722089,0.48643205811956064,0.5947070629055567,0.07484212535821433,0.6140123327122645,0.6728608018064254,0.9937558123503278,0.593493136779091,0.30422538138118055,0.0015439135091141875,0.011925596260843007,0.00529912766830999,0.0007197899959724534,0.001095320105763515,0.0007858411147868557,0.001132173506086397,0.6192878658589187,0.024152595006975905,0.15154927867232518,0.004740565784871113,0.04057227319636865,0.6363636304132232,0.04191270510682866,0.6757203611296952,0.016521420572113865,0.07099574929908656,0.09150504704825571,0.5546188797950499,0.15494583981420582,0.056224899598393566,0.15313109805507863,0.4108853412230173,0.10177361998674561,0.05593008031262725,0.3165377445018251,0.18110560421306643,0.14119202302310888,0.10139970408386646,0.5207130561447332,0.05832121994396952,0.12100726972039252,0.533921982635686,0.12974813928240767,0.026266444300600423,0.17931365034828708,0.19436147832309747,0.08143574769049215,0.026266444300600423,0.7498962930763505,0.057394317015721466,0.0010328107990397145,0.009062251267224571,0.04586343510286269,0.02710898664344315,0.10574541522974011,0.02739713983524504,0.02955200774416125,0.5910557602598235,0.30487168421271893,0.035785719427669505,0.06992761892038823,0.13089905697421086,0.035537626368367534,0.8402495703796282,0.6596872097651589,0.6560086397879132,0.7699599169978076
600988.XSHG,4,1,-0.2483920088680728,0.3634210927300956,0.03787929634526799,0.38406535546578746,0.9423703283907956,0.16412056972986497,0.4676439282543242,0.49460785939374313,0.9980733074040671,0.4558938235845754,0.31840500470049,0.0011272985270612986,0.01020661603516966,0.004598010077401896,0.0001861747747470295,0.0002567445670485825,0.00036628219157924704,0.001115868820550217,0.6175699518749381,0.022161996540826144,0.15064436942452308,0.007249247564261568,0.00385149449942074,0.0,0.011945071736465154,0.6985763573225068,0.005468087773188068,0.03830152844351994,0.09121158482134388,0.17287161515877442,0.013319844341570783,0.8755020080321284,0.024483135274872808,0.9613632700577661,0.00044964743259556794,0.03066442462628439,0.18699651721129634,0.15351819940831746,0.0,0.20470555979997465,0.5318427242963106,0.01909467760034628,0.03564899165458963,0.5260236671642826,0.08907040448142294,0.0,0.14997234261458614,0.13734941193612568,0.0632184951466207,0.0,0.831511012798895,0.06511590518387429,0.0005052827827244885,0.009145609281408269,0.0618019164170315,0.017536642287698412,0.15833983668459153,0.025948538456052755,0.02969921068759026,0.8489060734518092,0.29599917104153156,0.04547216485530944,0.031264816536259496,0.07345309570856767,0.02427947598253275,0.9546351067304824,0.9950217814338158,1.0,0.20358922701480858
600989.XSHG,4,0,,,,,,,,,,,,,,,,,,,,,,,,,,,,,,,,,,,,,,,,,,,,,,,,,,,,,,,,,,,,,,,,,,,,,
600990.XSHG,4,1,-0.2419913646383716,0.6415188174494336,0.11786629628492568,0.356490153952452,0.5757627581917985,0.14816317292416448,0.6247519764200995,0.7281516113210127,0.9015090376284646,0.6610787022624748,0.21276301624639332,0.0005636281160173641,0.010561756863461069,0.004724549142419497,0.000365040821961043,0.0008680904096038042,0.0014343289071447511,0.001151563095830867,0.6178119091891696,0.023037378591171442,0.15078889412180566,0.003663538714871184,0.030362943175182625,0.4545454565289256,0.022461599024185784,0.6963742292967443,0.003638596714536633,0.05923849145337795,0.09099881223950713,0.2659737564760101,0.04507768943482764,0.21285140562248994,0.045165629928677856,0.9817205438050958,0.023753546890632526,0.06285133160327613,0.3076971371434275,0.1793246216883388,0.13325898137821487,0.12237235949760439,0.5423683778317469,0.035435666872641956,0.11235230334654893,0.4749129760861689,0.09485251509975437,0.014965231893794909,0.164284665080519,0.17650156086309535,0.09820156461519335,0.014965231893794909,0.5833108391555277,0.08544706728832697,0.0002654713513248272,0.0005409841823327075,0.045613448162866416,0.014213635475509818,0.05265672984155101,0.012328162812929176,0.029498529429436704,0.564317181593692,0.2798244440927513,0.037670846105133736,0.0784054350647356,0.16453282540406344,0.04695564395525513,0.9388518839385891,0.7999673831321044,0.8406497796484409,0.47260582329550294
600991.XSHG,4,1,-0.04005867553473946,0.5832710543596483,0.33323445031838866,0.36979524077594106,0.5086859991960199,0.19531619973499242,0.5201466800399461,0.3337110635790617,0.8075837911617676,0.3255274155849768,0.29448349460704565,0.004585277962534866,0.013684344003226122,0.008150090726543492,0.0029840589171838032,0.008062098247688082,0.00966583515757642,0.003724127055187232,0.6194366714067405,0.02795801905504902,0.1535011777904567,0.007249247564261568,0.03212743887797873,0.512508658030105,0.03385548310334353,0.6973754749785577,0.011416551503228026,0.07601564141075765,0.09146680527188153,0.4259820692575249,0.13112622332231372,0.5511172547939428,0.12284974011172788,0.494504656209718,0.08633157970599001,0.045919982486072305,0.31147779666162767,0.18463137997985954,0.14208910423830812,0.20470555979997465,0.5318427242963106,0.077915971133906,0.12469801664167228,0.521515575256219,0.11601091851739048,0.03148564188991912,0.14997234261458614,0.16450473416111355,0.0632184951466207,0.03151351181947201,0.7073590212283098,0.07474128671978711,0.0010165370293848852,0.009470773081934954,0.05305644375124136,0.029247760156912796,0.06504798281099847,0.03229344616550119,0.02996043969994048,0.6137324122247689,0.29599917104153156,0.04246130980234155,0.05485061095598209,0.16042323302325237,0.02380545148233199,0.8768056165474607,0.6953581940533766,0.7048157031587168,0.46648362214367545
600992.XSHG,4,1,-0.2084334925186341,0.539131089606127,0.5912778911107323,0.4183535659728303,0.559713260929712,0.11229310702646103,0.2246802572608916,0.23626698493601242,0.3959401583681599,0.1101191661655487,0.048380488064911575,0.0004298395466073608,0.010663846454674043,0.0047936215699699025,0.0003965549935078291,0.0016304339634674728,0.0014757295536695276,0.0011536707046074393,0.6181326984256018,0.02215615743240689,0.15087514426507695,0.003652786917870451,0.003422293293049481,0.5454545434710744,0.0026583544239131528,0.7045670762663762,0.003198831352830899,0.034683910644840374,0.09125256478503779,0.40703073365216313,0.08748991596173006,0.827309236947791,0.11853663807017843,0.4773580508757323,0.08546974623007957,0.03919312698468186,0.30662444464908223,0.1828501328084552,0.14081636366945094,0.27413255487278154,0.5447383900160158,0.05191732071197037,0.1469202787437237,0.5198576800089416,0.105018815619462,0.05588669028124622,0.14794730769565104,0.16009859989237316,0.08786480893462975,0.05588669028124622,0.7144933785320242,0.06623240081903804,0.0004748902110993733,0.009101939998128966,0.04206468896875571,0.016114078313922232,0.08065023905358502,0.013012307703501789,0.029366875517148318,0.5312709640148008,0.27075484718573084,0.05317043441210934,0.04104759083300811,0.19012831230683488,0.01270981635460908,0.9065158497961967,0.6915135332360358,0.7105393794245247,0.4588029152573071
600993.XSHG,4,1,-0.1109750101960941,0.5541639873684203,0.17267700672551972,0.36394438991584255,0.44243109661144026,0.05255943845582581,0.44055202622161843,0.3734720863577991,0.999565747726213,0.26701071393352754,0.346293072954948,0.0012354139888340605,0.011930452845702866,0.005282294812383653,0.0005131340472046425,0.00039486872972218875,0.001553471150327598,0.0010907106750725377,0.6201185760904211,0.023322512157981708,0.15159594276613986,0.0045086716962996955,0.024042724856395723,0.5454545434710744,0.02575506141549497,0.7026346080084221,0.0019467039262955912,0.04096952157004612,0.09140337754716117,0.5294870541121613,0.09675904436626867,0.6224899598393573,0.12672820774990742,0.6431245694739446,0.08574066929447414,0.03755379501647557,0.30423252738846424,0.18309232316105348,0.13694538250961244,0.06994084173220999,0.5746053782460643,0.11480840855693784,0.11457094823306527,0.5241117185352104,0.14216563001907237,0.0247982341378667,0.18348866287637888,0.18852194103633416,0.1792097508400801,0.0247982341378667,0.6912770499791419,0.0714569407630942,0.00037795063123621775,0.009091706093655484,0.047962138125765455,0.03143335881463768,0.04996111845817365,0.028534734257606515,0.029548752187049897,0.68997874352853,0.2968803319724364,0.025243201133857997,0.03812909268320036,0.15944047030957087,0.02063961835257522,0.8864515132578716,0.6774910441820357,0.6872341324433016,0.46974860764242465
600995.XSHG,4,1,-0.1270957125717766,0.6349422065808076,0.35094234557929127,0.4711056942557389,0.5889251380658987,0.14090723052481702,0.40925744775087314,0.18282525484847428,0.90838462544973,0.0990666638307581,0.21696431919241016,0.001722557639729484,0.011956073162666912,0.005318036258016523,0.0006568792757072862,0.003081713552141517,0.0006206415961730405,0.0011841488774906872,0.6162325369269077,0.022136443701854656,0.15146749908291798,0.0042094211067937055,0.01017323112018605,0.6363636304132232,0.010863961223780846,0.6986015908033117,0.0025952632969964947,0.03292032196798408,0.09135348287727041,0.6492308159773097,0.08849939678046545,0.8393574297188754,0.12698711774541438,0.5226419491242676,0.0783636486366829,0.03821610085202707,0.3096631913741311,0.1813968953819726,0.13925653244318964,0.06733207137831429,0.532408275733966,0.025619276576085266,0.07686441809208401,0.5222434906305162,0.12362868955942434,0.020288854248389186,0.148388495963066,0.1631921518103605,0.06300686775574231,0.020288854248389186,0.6970028406933115,0.05252351845592974,0.0056273391522077615,0.009111623660256803,0.0496942376097502,0.01571309740399744,0.24956684355043068,0.003934779315033999,0.029453556427935287,0.5936543278597273,0.29039743214640773,0.03206640973295284,0.03795146433094454,0.14906964077620713,0.01307935036190704,0.8850650111488261,0.6494571226394235,0.6877226290093026,0.39560541545371575
600996.XSHG,4,0,,,,,,,,,,,,,,,,,,,,,,,,,,,,,,,,,,,,,,,,,,,,,,,,,,,,,,,,,,,,,,,,,,,,,
600997.XSHG,4,1,-0.3491263639127726,0.25484739717328886,0.39709383015865785,0.43879361680690543,0.5434442625019956,0.2323570161566157,0.0,0.2600041664750467,0.8724786803648598,0.2485474025333686,0.4982185120249873,0.010076328910143671,0.015409788926260605,0.0067806989846400665,0.005911868606682076,0.01472822718531879,0.012032032880564794,0.0017711571989286765,0.6216301625784176,0.028388445925620245,0.1525961894862233,0.00893451083759415,0.0001622697206282438,0.0,0.0005049261028169457,0.7023821455748247,0.00016593742336414163,0.0002261011124174731,0.09134051696217903,0.22358823481028123,0.19288511131199215,0.7751004016064256,0.0676888231256036,0.809306856900582,0.07120361311856951,0.0354991050948971,0.3015745781236916,0.18783332424376936,0.012509846434615751,0.10816453658417582,0.5199384976862754,0.08541516103178354,0.15415348388197456,0.5299063806402544,0.12459388323088703,0.07528525645425609,0.20572227004089416,0.21163247522082493,0.18580739800617987,0.07528525645425609,0.7300803830904548,0.06655626643908359,0.0004669198302206096,0.009060300881550964,0.04536636344592023,0.01635363884098666,0.09289219734567196,0.010842163534207909,0.02936522458191026,0.5265955382477882,0.2744918146649451,0.15612636920227424,0.04694093094491644,0.0,0.008983519770293713,0.8980601397508912,0.864222612887533,0.7437756295664526,0.608598180721015
600998.XSHG,4,1,-0.05722605750898848,0.3387276211184984,0.22070079641249143,0.3026304349635309,0.6056742639480619,0.3664260854536948,0.2319785414286904,0.19678221336566357,0.8165949352748962,0.16576471884867267,0.5341757924538274,0.005768028605385533,0.014291823320863213,0.006051896827229833,0.010914582917086763,0.017753423891808465,0.014594802127509321,0.0017548748836943013,0.6261975883111648,0.028532585989445892,0.15168194184075035,0.005166352050618684,0.007416542506691736,0.4545454565289256,0.005267083009056652,0.693930116134381,0.005346170979866933,0.008094419824545536,0.09120155398206212,0.35288649472834477,0.13784221516828504,0.9839357429718875,0.12457128325807593,0.3190692116509718,0.08654547134391762,0.029765247992445842,0.3064258702529405,0.18172461302575424,0.14151828772126854,0.14487725084137715,0.5199840806425317,0.0339250073875311,0.0924716692418615,0.4976461067116491,0.11001153880766118,0.11708460484342,0.13808558436327079,0.15650828076255346,0.021774356225764114,0.11708460484342,0.6533536189918636,0.06247488162012652,0.0006018797718873041,0.009032970259252622,0.041357074221452274,0.014096698326721495,0.12144906859816197,0.012327928098078575,0.02959342415168035,0.49727502458853706,0.27208070463746437,0.03826637505551396,0.015679722226860843,0.153807173709277,0.00958724651552312,0.9158663064009884,0.6854628278271644,0.698633265823988,0.2970260963704882
600999.XSHG,4,1,-0.2800918981261015,1.0000000000000002,0.3251459066218792,0.04119157281952923,0.3358575131504268,0.17784407560627985,0.5941640243273377,0.47443911532212957,0.31215361904703365,0.36021826183298944,0.7875703774712582,0.0,0.013684344003226122,0.010445750463997597,0.0029840589171838032,0.008062098247688082,0.0006526458124088981,0.002866251907723279,0.6194366714067405,0.02246877989686425,0.15214253086552915,0.014517165326525458,0.210622283103595,0.5454545434710744,0.20605131480198458,0.6017736447466798,0.12431904175343818,0.03269422085556661,0.09057804059616409,0.5309743020572735,0.11297025532120372,0.35341365461847385,0.13546197317086345,0.5035309552725133,0.10375223582742257,0.05534155585119199,0.304666633496164,0.19858206429828687,0.1400663448214903,0.20513443556738983,0.530262509581467,0.3109460021843994,0.15729525086995533,0.44245762502280384,0.12783568069478626,0.006770309788784495,0.16155927487454352,0.17308386505518397,0.10293893505121327,0.006770309788784495,0.5991911444219697,0.05154028217855038,0.0010165370293848852,0.009098080076861227,0.05305644375124136,0.029247760156912796,0.06504798281099847,0.03229344616550119,0.02996043969994048,0.6800052780805529,0.29599917104153156,0.041575657347903916,0.06825625075119929,0.2201061141510868,0.03709397619190046,0.8735824303020836,0.6766618017778958,0.6932162349853317,0.46878434064703833
601000.XSHG,4,1,-0.2336070626315137,0.3765841197674262,0.5971986352053913,0.5805643418122308,0.4455597823043276,0.25470912234498344,0.344139475741647,0.2854334059321151,0.9874492750314163,0.2126902395118112,0.384807727144799,0.003815075854638908,0.015955954336871733,0.006959475512185902,0.0012884653191214469,0.0026980471236455906,0.004778758484451244,0.0013468011617069923,0.6168523514089368,0.03421850906854825,0.15342711827870115,0.0056795662854763895,0.00785905438901537,0.5454545434710744,0.005320818573594315,0.6855254020520131,0.00861795208282052,0.010852853396038708,0.09133227884911455,0.46658554820390874,0.07868120256939815,0.8955823293172689,0.11967571028959707,0.8367260411929383,0.09380876634829872,0.03678738998640598,0.3064258702529405,0.18376169966198766,0.13912394678895743,0.10002454830198453,0.5293592936059023,0.03505199980312061,0.07464330224851051,0.5251260072227119,0.1218368584225376,0.01069352266733057,0.13542164360889547,0.15276571434736547,0.030216905934091914,0.01069352266733057,0.7159972749910316,0.0860616845138239,0.0002626204778707358,0.009051862187281413,0.04980966693560599,0.019117103537929156,0.09492592645966055,0.008038964073488752,0.02977042974533499,0.684435650107613,0.334761000129841,0.06393150669571945,0.038295547107076125,0.23383002102649847,0.015016599868397441,0.8874856201445798,0.6806615143071957,0.6932281173342347,0.5692003644554717
601001.XSHG,4,1,-0.3091913285959639,0.6646075536501896,0.5243887695569922,0.3557269699487887,0.5076089000784888,0.09963258396660352,0.249139970856582,0.1035521123607076,0.860021918982313,0.29992613747324415,0.5066793940546593,0.013644776775735208,0.009954716981280861,0.004521404681963828,0.0064119971777893475,0.006923860401895575,0.015129061827881372,0.0014401721199032522,0.6258530796530274,0.060190229908115046,0.15029464650436677,0.007249247564261568,0.015761612091311474,0.363636358677686,0.01668769904411732,0.6839037562450859,0.010047828149738402,0.009586687166500858,0.09039289245437063,0.10368857213190541,0.05581442011535603,0.9999999999999998,0.06363981337398592,0.916494114047956,0.042799130560027245,0.028816754427255363,0.28311133815864875,0.17804989132752336,0.12436144409174926,0.09566881482424373,0.5007012839819179,0.08533315224121354,0.15208183348527887,0.5303426243419007,0.09431987440819876,0.11894478644737515,0.14997234261458614,0.16450473416111355,0.13866589689698525,0.11894478644737515,0.7505343097559295,0.06398860580898405,0.00054150063155839,0.010366856677439144,0.04612265638892743,0.01925208455995084,0.10548879151105736,0.013273447534365483,0.02826780079851379,0.5714337196163856,0.27799012390956457,0.054194661981908254,0.022801864602912184,0.20100643778183108,0.01931461984805886,0.9552893013875672,0.8211794038299947,0.8227549622009278,0.3151534148518264
601002.XSHG,4,1,-0.2494062899456451,0.6653072598637888,0.17007043110867853,0.3674506095113267,0.6073739351978393,0.1288156202070864,0.4718358323172084,0.18949747803668518,0.9868486106122651,0.24977541538003425,0.3859610525664314,0.00148213034104151,0.010262201583003512,0.0045936401096749605,0.0009328221629399044,0.005329143280204374,0.0028572074370535015,0.0012474022478792014,0.6181230959558622,0.023149800964039523,0.1504799558233616,0.0036957392386045913,0.018924843740633527,0.4545454565289256,0.019017373820589968,0.6676295665232999,0.01905257549182705,0.02066564167495704,0.0901926001769316,0.27360677087021673,0.06244332929853757,0.9959839357429717,0.0888252337766206,0.7386785121430162,0.05786122271373298,0.03611691702729382,0.30707485824067043,0.1791426546885167,0.13753811837559174,0.11333755380558663,0.4973953888743814,0.016460668915575283,0.06369688012020053,0.5196106518940669,0.09192508008322424,0.013667280425870149,0.12095246441146135,0.13623049081847127,0.040104364228293964,0.013667280425870149,0.7159154779808292,0.0766533992175705,0.0003215421665363645,0.00912984005408546,0.045598145532238676,0.013473311954966606,0.05264204187493094,0.010264804120872988,0.029487606286141336,0.5356015404011563,0.2689368787902325,0.04504692747979031,0.035461863609215966,0.17327821794092313,0.020110366692588384,0.9348033332859922,0.7380810225111669,0.767966771671424,0.3338847721078034
601003.XSHG,4,1,-0.1829158183918823,0.4488280018975217,0.6013493385107731,0.8569954313432764,0.5919092171264405,0.23331116978004932,0.0,0.19598556281584092,0.9863467396831056,0.2747245140445147,0.3869065716057877,0.011570733271135924,0.014513813671209016,0.006377655505415146,0.006962228762648728,0.04341606586470653,0.014946814250157873,0.0021711341277775983,0.6121963813966866,0.024014240934230643,0.15174354221856287,0.006747751730399237,0.003816184590327129,0.4545454565289256,0.004096581760333366,0.7034374473312438,0.003896572758491757,0.004295921135931989,0.09138404457262368,0.3910875678022049,0.04168445508446552,0.9236947791164657,0.1027477399726728,0.7507275954497438,0.06601724360699894,0.03149532941024697,0.3073009686988084,0.18086398928458844,0.1361446691467983,0.047764361420890175,0.5308929816721336,0.029102555326150345,0.060572437286698054,0.558431884958208,0.10568426835273555,0.07487061658791468,0.13917927496382013,0.1500700401799229,0.09393761313613021,0.07487061658791468,0.8360156910036143,0.05890847984737064,0.000842216412948364,0.009089246864038919,0.04272006370115756,0.013980521483570898,0.1337530119569286,0.0073823981778616725,0.02946098427434876,0.48866487847663065,0.2694780450970625,0.05586460653863097,0.027217174369152365,0.19898263730556823,0.01963899024944667,0.8969239536436069,0.6785248330458629,0.7238700546323995,0.3772873061764989
601005.XSHG,4,1,-0.07254965026398129,0.4091653669741413,0.5794304745551342,1.0,0.6860232256640829,0.3972695803965721,0.3934454654722589,0.3116547153815669,0.9986959259321058,0.6476591186382997,0.32153610477778494,0.007652968443893048,0.005913048613773921,0.0027466714564512917,0.008424874484706801,0.04274758226679066,0.03395538853575123,0.002721276414880352,0.5992673440163565,0.022616524208727437,0.14604936571225513,0.004457039293544733,0.016420111889338243,0.2727272717355372,0.03340188378773882,0.7876764715600085,0.07014822459200931,0.05738446233155466,0.08207017449771234,0.3665322847060679,0.061364121076203475,0.6867469879518071,0.08745558013626702,0.791442142944403,0.06344578870341702,0.033480317584547475,0.29924018835385574,0.19391122428437554,0.13784618504277835,0.09274234161816383,0.5274353108998849,0.0377066655222111,0.06072717410863106,0.48856544474535507,0.053367115982162455,0.058934509139906964,0.12478326603522004,0.13483784881489588,0.09221093279703924,0.058934509139906964,0.6864965989971687,0.0787568360061707,0.0003048332521929187,0.009151369690937104,0.04393055455150363,0.013728453393339368,0.059945471616751594,0.005557529333586253,0.02772795587293118,0.4583209050799308,0.2666986305183147,0.04072118510391125,0.03732772410375095,0.22778577354714497,0.04938670215947838,0.9182957918507051,0.769354517712618,0.7751661548454898,0.3147310154283479
601006.XSHG,4,1,-0.1455274255347395,0.2695606421530242,0.49996580603020707,0.5508224768490523,0.62873108098055,0.07575867686840923,0.3243162338450626,0.4163649758851974,0.11038394223786135,0.19587143279766883,0.9016425287506905,0.033284851167777664,0.0912473514948921,0.03545599784159783,0.012114310575405298,0.0200827715445167,0.027795189267292165,0.0023358337678064884,0.6197102281478483,0.025887961527480147,0.19091313244185537,0.04570281675839977,0.10116033717874164,0.5454545434710744,0.10659727484492414,0.5729434845887423,0.12219482789074249,0.0071900153748756445,0.08939920431165377,0.3961335527984287,0.07817745165921514,0.3012048192771084,0.11641067736915821,0.5837137703662564,0.08740103731729372,0.049318624587767,0.2919187161792135,0.1803059772280269,0.13659961992112452,0.17608853684471473,0.5447637697215388,0.03576869324074513,0.13779519906222237,0.528398517494071,0.15098953674359147,0.01648553033302269,0.17105961069292505,0.18214167013790664,0.11350815905498576,0.01648553033302269,0.7104385838834183,0.059059308357985195,0.0008274350860039165,0.00908892582079689,0.0471806486099143,0.01851437392075418,0.17047034194694818,0.009291832826851285,0.029362726384528578,0.6700728397293099,0.29599917104153156,0.08458314029721523,0.07530961780423236,0.2442942664792015,0.00918436322306634,0.9088148513726548,0.6983658396355756,0.7135165679551534,0.3403664483806464
601007.XSHG,4,1,-0.1603485306072032,0.3107430985885663,0.45885957288238216,0.40273078215027713,0.6042957364448,0.05062907612330886,0.09086974914038515,0.3106442444104832,0.8172324825969779,0.0,0.1706682194923289,0.0010609987305519387,0.010674312885177412,0.004801047435006356,0.00021897433559803998,0.0004624211554200217,0.0009892229585584515,0.0011220607103317548,0.6184540579583252,0.022322680689634174,0.15091990961424956,0.0040898676008862215,0.002797535614546609,0.2727272717355372,0.0022150607485571234,0.6954334391630572,0.0031021143290663215,0.008501401826896989,0.09097541396094615,0.29329601994488713,0.048764046774188906,0.9357429718875501,0.1128320537162478,0.6339838147867928,0.07891422527648952,0.03985822057532912,0.3063019419389334,0.18161313567660026,0.1386546975617238,0.1585663308565232,0.5175270738636877,0.06251139188080913,0.12221985071356023,0.5232266247889843,0.10484022432876393,0.008967367103953816,0.16193170449475588,0.17812884871955614,0.058875982523259415,0.008967367103953816,0.7246887915893978,0.0907141492833593,0.00024394156405841775,0.00904603899474453,0.060164798778322384,0.022405725259938326,0.030460440964166162,0.021810799253747605,0.02961611225178356,0.7953363279417814,0.3261173283592753,0.0335234715398814,0.03948565294396934,0.17428845569235446,0.004291439851648023,0.9160438354802516,0.6921548140285707,0.7107189349190548,0.17077228738015882
601008.XSHG,4,1,-0.1646692674350509,0.4281507811980626,0.7245515879023215,0.4218666914096469,0.5642216443529438,0.13448883904198491,0.30836358920624585,0.22138237192623988,0.9086322677979766,0.07196221022976657,0.2171188187201024,0.0028059966542712204,0.011718768643924883,0.0051245370154401676,0.00047923450436617945,0.002641757485557115,0.0009685615128019034,0.0011974496462962849,0.6171213716313316,0.023457404872996235,0.15120041007817003,0.0039664247064807815,0.005579500052004456,0.4545454565289256,0.005158589849305479,0.6922751556164444,0.01090693002818208,0.021705706792077416,0.09105451794757724,0.34276484338354496,0.06537824012549598,0.9678714859437749,0.11809392174198333,0.515580038579241,0.07921570713830647,0.037798031420897264,0.3076027670267595,0.18253863668195652,0.13954900079811364,0.1738909445106124,0.529623895882296,0.032885889340157855,0.09078101296829647,0.5223842079298233,0.11033495266547501,0.010190909671010977,0.12707117478012178,0.1432300367039779,0.03585552186487838,0.010190909671010977,0.7122731739693869,0.06460527032718985,0.0005209141010790044,0.00908884165318348,0.05854403912407741,0.01848329776637838,0.0889178552834371,0.00820654069703191,0.029377629752878075,0.604011452104191,0.29599917104153156,0.046634062182465394,0.03388687572633111,0.1948948200081066,0.007343123766225998,0.9206569286049056,0.6877847065587548,0.7070776551108622,0.4071844790021187
601009.XSHG,4,1,-0.176866493124316,0.6598914004184511,0.6817022033408461,1.0,0.6187903362647521,0.24020898820667566,0.49193376978025605,0.4021659807129217,0.5919877162369955,0.13207122513182137,0.6526240750921914,0.0,0.013684344003226122,0.016054444580879658,0.0029840589171838032,0.008062098247688082,0.009761948846682984,0.023705595988555716,0.6194366714067405,0.024406679564784615,0.16565220652711837,0.014508241265379473,0.061455772509145454,0.6363636304132232,0.060402438145681796,0.605715262557719,0.044065146124663036,0.016686262096409513,0.09073796433898397,0.5853987966901948,0.19390266227776212,0.2248995983935743,0.14527551844585485,0.21935963387704943,0.10195390724900356,0.05332960969162133,0.3417998264243249,0.1944378357602636,0.14331729306888993,0.3250943145118144,0.45398925749937624,0.10930245275504907,0.24174180069183498,0.9439482648533231,0.18741345676672128,0.017196496435318544,0.18993539950196708,0.19953067475342828,0.1402701138776697,0.017196496435318544,0.8152918342044715,0.05154028217855038,0.0010165370293848852,0.009094013163580054,0.05305644375124136,0.029247760156912796,0.06504798281099847,0.03229344616550119,0.02996043969994048,0.7676940443070468,0.29599917104153156,0.05546383349499346,0.07362330295962727,0.17976698269747177,0.01717353592151702,0.8878184871681982,0.6457365883861841,0.6676533417125896,0.5758659055197682
601010.XSHG,4,1,-0.2755535560808146,0.3918103780472667,0.44586162981375393,0.4613511048372231,0.479820854951189,0.32140894395188085,0.5746335010094958,0.20213560245598503,0.9942796373883744,0.14049774061878234,0.3691052444458097,0.0027405900075476823,0.013149687368434877,0.005841931350676768,0.002479042396212416,0.0003368118148652504,0.006558664261729968,0.0012296260612163787,0.621661207892488,0.022922209228825107,0.15229257773363244,0.004709014842542488,0.012921743794907707,0.363636358677686,0.01696216048713618,0.7055131403988817,0.012818237379760669,0.08085375780048838,0.09110399072593364,0.32636892570101506,0.06924264482341314,0.9959839357429717,0.10830343460908542,0.7893643253919775,0.07947026601891177,0.03477447825259477,0.3064258702529405,0.17843073569317164,0.1298741476172278,0.3949567369388984,0.46646863460400717,0.06135110047162523,0.2097068033739216,0.5284389461161544,0.15178014263282205,0.08711987245287356,0.1684703803593143,0.18087989315913283,0.09918286191567151,0.08711987245287356,0.7201362037072743,0.0623886112487407,0.0006058284179460907,0.009065952997244957,0.043847445436887456,0.01646623903508091,0.08779039218533664,0.015614024024551486,0.02941498965450696,0.5551481798938397,0.2847177165585016,0.02539478086669872,0.02825451487524061,0.13457283591731267,0.010353831429084167,0.9223860618369288,0.7064288399451599,0.726411557036595,0.3419052480691238
601011.XSHG,4,1,-0.3114154594543375,0.6204593861529161,0.5456720279564815,0.2989809634286121,0.33868193980184713,0.43413212514851024,0.5443966869145888,0.10612711853071849,0.9786509463538178,0.17696339937777586,0.2774296518926869,0.0020711097534307143,0.010278806369842729,0.004604160259364215,0.00069345123384224,0.003470344419299544,0.0010846982663922265,0.0012312174686003102,0.6178703608151792,0.02232964419281381,0.15030808735232493,0.004095180214297317,0.009952482415010195,0.363636358677686,0.018924238724891913,0.7165894242105784,0.01363600089704682,0.10183594103282986,0.09168254948565535,0.4457496240370558,0.11600224122606906,0.9718875502008031,0.12056377816222653,0.46530999415870455,0.08407000786658014,0.03371349074806256,0.29667526926590765,0.18749659557806228,0.13955939967295536,0.41151730003137577,0.4899927569838416,0.038631969503951015,0.1979235504555978,0.523891790042884,0.07685448169273908,0.02572254530979339,0.1509173210158769,0.16881509937538364,0.03536010191496112,0.02572254530979339,0.7376279100747041,0.05708144559486439,0.0010851784846649141,0.009112176918380128,0.050471901467944405,0.015608550024545023,0.06626199009199656,0.011001251303987693,0.029142583978069635,0.5414251704564985,0.26931900449537904,0.03270710547872659,0.029657358289539568,0.12239076670719967,0.01636014237004247,0.9016151595631365,0.7135326832072888,0.7102647651387726,0.5458282585605115
601012.XSHG,4,1,-0.05104768652375046,0.5131127258479281,0.5078340184478054,0.235673876424042,0.4379043239054824,0.24470009060663056,0.7856806960280183,0.20313178208785845,0.9909123161672693,0.5722653946327853,0.29766592774933487,0.0014130233514996,0.010655040414009208,0.004781169349633323,0.00038381302704023853,0.0035967976529727623,0.0021679023923094945,0.0011735144604964284,0.62022930589126,0.02257561039518707,0.15068487458873264,0.0044652764875726175,0.02886120611623731,0.4545454565289256,0.023655796519622647,0.7041099014627179,0.017385685095891838,0.0872750293931446,0.09191298569090334,0.33797059341021896,0.11899605121081161,0.49799196787148586,0.12795160688898227,0.24511779603510525,0.05445906752139856,0.04563518829746202,0.31333500407536813,0.1501211089039307,0.14225140839761136,0.25942917669954724,0.43939286115622495,0.07552521420561298,0.14849026994766568,0.5211379464733072,0.09532997700071419,0.017450513733413713,0.15420708553943782,0.17507160471853103,0.00943126903052757,0.017450513733413713,0.7243651091347396,0.0692613901603077,0.00041172525660801884,0.009257539047486095,0.048547199908817416,0.02021216853538727,0.03315554427322648,0.016331997192966862,0.02996043969994048,0.5242004428708766,0.2569099442812835,0.039577495869663526,0.052115428741776486,0.2219473577544713,0.03655874259735599,0.850417548394427,0.7194534739728455,0.7108007911003846,0.5701427895685645
601015.XSHG,4,0,,,,,,,,,,,,,,,,,,,,,,,,,,,,,,,,,,,,,,,,,,,,,,,,,,,,,,,,,,,,,,,,,,,,,
601016.XSHG,4,0,,,,,,,,,,,,,,,,,,,,,,,,,,,,,,,,,,,,,,,,,,,,,,,,,,,,,,,,,,,,,,,,,,,,,
601018.XSHG,4,1,-0.188895884837065,0.15594211970584887,0.6338928934767856,0.4255549418997403,0.5851466419915927,0.36767472870436857,0.4650191976154934,0.28095581942416537,0.5398910549300586,0.04708214015704487,0.6776787484996153,0.010978663151042345,0.026283412960764474,0.01009058986884523,0.002303987880011248,0.008491845630582103,0.0064177308097765964,0.001646287152584666,0.6221056121207267,0.03266444262240583,0.15763110211071613,0.012124966424455454,0.018340051749624633,0.2727272717355372,0.013515551574014233,0.5991184009308012,0.055921521101630726,0.012480781405444515,0.08868167864060182,0.3211222323834766,0.1565080548774998,0.9678714859437749,0.12192223213356328,0.3547986395633298,0.07970553581373942,0.03949425054357653,0.29972115403598115,0.18061287903841028,0.14118292400762236,0.09068677356973132,0.5320411997554703,0.019294143672478968,0.061217302168451504,0.5239309339421206,0.1109135466715962,0.0043243908101140704,0.12593456875967832,0.14389526258827484,0.018005029480005205,0.0043243908101140704,0.7165488205455394,0.060299923494368024,0.0007251663060308146,0.009079440651672665,0.0532176683117874,0.018714837604391302,0.06794833493884816,0.013109508991006626,0.029318063955002638,0.6970026933734585,0.37132457072177383,0.031597459934476865,0.03567243649569937,0.16458380832953337,0.0022729855835377163,0.9231077175441338,0.6926440670470124,0.6978107432277214,0.37578334277046666
601019.XSHG,4,0,,,,,,,,,,,,,,,,,,,,,,,,,,,,,,,,,,,,,,,,,,,,,,,,,,,,,,,,,,,,,,,,,,,,,
601020.XSHG,4,0,,,,,,,,,,,,,,,,,,,,,,,,,,,,,,,,,,,,,,,,,,,,,,,,,,,,,,,,,,,,,,,,,,,,,
601021.XSHG,4,0,,,,,,,,,,,,,,,,,,,,,,,,,,,,,,,,,,,,,,,,,,,,,,,,,,,,,,,,,,,,,,,,,,,,,
601028.XSHG,4,1,-0.1804945108858291,0.6712849630036224,0.5483681642496222,0.38589451805461383,0.321978787126499,0.24261733124786228,0.7907300397210619,0.30334686674297273,0.9020745754733965,0.3100338955521997,0.21310228275310933,0.0011270195130197612,0.01116402885367349,0.0050027075472857474,0.0008605400392636195,0.0020378092072761015,0.0018435904516565494,0.0011614092616762056,0.6197050876644417,0.02233544511273222,0.1511627601414979,0.004365650348168056,0.012799839666194263,0.363636358677686,0.008508534566172867,0.6635286103514744,0.011074505511794857,0.09441982454553677,0.09075808833172624,0.26599894003399777,0.05063718956233764,0.8875502008032127,0.09138798156929762,0.902784008606928,0.07075625980552801,0.03691300726015938,0.30198241915562757,0.1816237945981102,0.1363851431275136,0.2557051453450292,0.39580052817931316,0.04479483357006343,0.17160299824831107,0.4891740018988204,0.11762499345078234,0.03137753994026134,0.1772782221029083,0.19356731601005006,0.06829850417104366,0.03137753994026134,0.6125544388316115,0.07424823361917474,0.0003444413901268795,0.009076686150005148,0.04438092680118558,0.01597904374925,0.05852217070040723,0.01787271437123432,0.02996043969994048,0.5321868662283791,0.2822756549328964,0.03019659865349487,0.03748162332027715,0.15605525155798755,0.02327690375067297,0.9005988055843548,0.7274363141833624,0.7520866724934185,0.35394929836915495
601038.XSHG,4,0,-0.291200228046155,,,,,,,,,,,,,,,,,,,,,,,,,,,,,,,,,,,,,,,,,,,,,,,,,,,,,,,,,,,,,,,,,,,,
601058.XSHG,4,1,-0.1134531709475836,0.3774197274401127,0.35650717596979065,0.45728816818663054,0.5261778962493385,0.3572560508669818,0.44494259774169587,0.46177185855751657,0.9899537997732579,0.25414045868242396,0.29569989867180096,0.0020756006284243923,0.012616462053785428,0.005444448331744066,0.0020903066865477675,0.013768924630411098,0.004908419951831055,0.0013984193138966037,0.615900646948457,0.024326876394774676,0.15138318124268202,0.004082499407276905,0.006738871583299271,0.09090908694214878,0.009533957523169106,0.683714343997929,0.010589059590572492,0.024192819028669623,0.0920566100219928,0.9516874608102611,0.2647556034922197,0.0,0.17085885650061727,0.13045285951427937,0.12466619304950156,0.06318248240223694,0.4910551502338203,0.20432537265088396,0.1839677946846151,0.2703386385522991,0.6313789753916365,0.1348429265705822,0.14920887917003517,0.5096095663032614,0.13277688046968464,0.09885018914529828,0.1511522333416841,0.16924453342943144,0.03367291733431728,0.09885018914529828,0.6970308853825238,0.06773199613897765,0.00044066459718845267,0.009081097136103354,0.04237984400814943,0.01623067278974707,0.09295649184106548,0.0075977588330728716,0.030247774785168585,0.5208062822464664,0.2751264197585659,0.02345871052902269,0.13837817645199735,0.14659886887571566,0.012668690554525333,0.7697625371035777,0.5502299765600815,0.5708544465069854,0.8258028359990651
601066.XSHG,4,0,,,,,,,,,,,,,,,,,,,,,,,,,,,,,,,,,,,,,,,,,,,,,,,,,,,,,,,,,,,,,,,,,,,,,
601068.XSHG,4,0,,,,,,,,,,,,,,,,,,,,,,,,,,,,,,,,,,,,,,,,,,,,,,,,,,,,,,,,,,,,,,,,,,,,,
601069.XSHG,4,0,,,,,,,,,,,,,,,,,,,,,,,,,,,,,,,,,,,,,,,,,,,,,,,,,,,,,,,,,,,,,,,,,,,,,
601086.XSHG,4,0,,,,,,,,,,,,,,,,,,,,,,,,,,,,,,,,,,,,,,,,,,,,,,,,,,,,,,,,,,,,,,,,,,,,,
601088.XSHG,4,1,-0.2270842103863613,0.3674853896126181,0.46517307124308305,0.5972522188556737,0.6631188725029235,0.13308689486810696,0.1691944459290987,0.2487090614969152,0.0,0.03928596979370694,0.9999999999999999,0.18923854512737331,0.30838513533822215,0.13063010731380212,0.08763305799517022,0.15511006581479364,0.20143799378429034,0.0072574190162328495,0.6580042040738465,0.6859622182502793,0.3197026566854506,0.19920569713870576,0.12335972601507865,0.2727272717355372,0.11445378118664264,0.6644687601057635,0.051655824598352086,0.0032106357963281175,0.0869369990044785,0.20944868620483315,0.06484266067206534,0.9999999999999998,0.10167323055111593,0.675529899938302,0.06715045429453134,0.03380452956724171,0.2939550646903668,0.1745051230645809,0.1369869780089794,0.3729798474462721,0.5108470851131793,0.11891642597457029,0.3674889975146015,0.549291925003019,0.2437868594756344,0.06175147013841099,0.3170350279363982,0.3344103098160983,0.15174455945927393,0.06175147013841099,0.7244807934777402,0.062434585086206966,0.0006037163586315247,0.009058338981089858,0.047659251574719834,0.01924318577143041,0.10340097557659043,0.010061922471885369,0.02935318174491383,0.6596813414308256,0.3406959204041695,0.032385957294750266,0.019941009079950688,0.12216474768201854,0.005928994436800862,0.9256446080868046,0.7139251912785816,0.7319685355401055,0.2107329880586239
601098.XSHG,4,1,-0.06812885097333597,0.606292296387551,0.38733700962618467,0.4348139043980116,0.5856964815451009,0.31860071689875125,0.6280611672034211,0.2942528112255172,0.7895457167972644,0.13744520734680774,0.5501154454804145,0.012078906364462103,0.013425280305041634,0.005899653984573839,0.002176180053048141,0.0005899953913534585,0.008573411764138453,0.0008685442779275144,0.6348313728968676,0.023305093403042872,0.15276480790502492,0.006266978469073047,0.021058881063468936,0.6363636304132232,0.02464097888330813,0.6881313630482654,0.024203426667154516,0.05363118386542461,0.09236663517848104,0.5443035693435968,0.11129133559933507,0.8714859437751002,0.1335020310929164,0.453260910851977,0.09209319080044881,0.0345241275536091,0.3075664384542558,0.18322053131458416,0.1405797892668013,0.24484254184503235,0.5318427242963106,0.15906539415934925,0.13419391642685113,0.5202199317041335,0.11822708631094275,0.015676750385511553,0.14534366780499558,0.1636440022996691,0.027803688585752315,0.015676750385511553,0.696044647145226,0.0777149678089754,0.0003127737799157031,0.009141715364101237,0.058840725471334204,0.037461554502916564,0.03720674412305818,0.029319806533937245,0.029541550458829096,0.6806711367721433,0.2995740943299593,0.0363395672015128,0.0306224599671338,0.16673372029690428,0.014702548304121552,0.8856615088551505,0.6733586528680733,0.6917058564136958,0.5196927637464008
601099.XSHG,4,1,-0.2067253422014061,0.7613576261603838,0.15596451872781486,0.2757415678349284,0.881628688618455,0.1229932583749668,0.5871642592479805,0.2946881474045371,0.9360323129356245,0.13528385833090023,0.4482483051356636,0.0,0.013684344003226122,0.004930188288386288,0.0029840589171838032,0.008062098247688082,0.0002879333830587893,0.0010757309844739815,0.6194366714067405,0.02216408764449526,0.15071328091393196,0.003722446652633452,0.04845383539789159,0.4545454565289256,0.047858791109211186,0.5764760596663202,0.07081300584085952,0.036673600434114134,0.0866867956582114,0.39266714580192363,0.08395405207415485,0.8072289156626504,0.10860384926036067,0.7241378956348379,0.08493538110060679,0.03838854151462656,0.32670989608261963,0.17485817927474132,0.13897446296310736,0.04121860379660544,0.5318427242963106,0.07793556586448032,0.03762781643117256,0.5266439875613134,0.10238119980274887,0.0014604357931077392,0.11614833897616286,0.13356081077171764,0.016639642555433886,0.0014604357931077392,0.76246148237216,0.05154028217855038,0.0010165370293848852,0.009081375684296268,0.05305644375124136,0.029247760156912796,0.06504798281099847,0.03229344616550119,0.02996043969994048,0.5693829191999051,0.29599917104153156,0.024473163741048905,0.039401291846310235,0.14950750810660182,0.019328079200813544,0.8913539787817244,0.6745610543540757,0.7204426571044564,0.336523286686983
601100.XSHG,4,1,-0.1760180147977636,0.7129453297649886,0.3371989104509686,0.35243660216315736,0.13782132137026898,0.24645166212187278,0.5902799616006258,0.21760927515243642,0.9818320967315601,0.25667112033211065,0.3947679773978936,0.0013881813096919113,0.011802319815804816,0.005228564364749899,0.00036239059815164424,0.00026598700292167183,0.0011175059900335987,0.0010712128962203158,0.6222051810314316,0.0241252976266466,0.1515950635410982,0.0041932926328382,0.015403408200455646,0.7272727282644629,0.013056049771177495,0.7013214008140596,0.008460576537355415,0.06461969792891381,0.09150192723833099,0.6195164434402292,0.21754553081548353,0.38152610441767065,0.14452448181766672,0.15164064432875918,0.0852498602947484,0.0469426569395093,0.2976120526510289,0.1806797986651643,0.1464317560839917,0.3080323992499121,0.5318427242963106,0.07912584094076287,0.14915539667728758,0.5243770138030622,0.12036913740580658,0.010074335044356153,0.13902468547682933,0.15656527217339722,0.030769581480147284,0.010074335044356153,0.7124461162195292,0.08256253295153802,0.0002803605613984683,0.009085694003771242,0.05373030643781669,0.05505156810467734,0.025656459730768643,0.06100914750275331,0.02996043969994048,0.6714677610182704,0.3437729764516738,0.028270164548834978,0.05666297019921547,0.13472538886355576,0.021279535801878326,0.8657622743605402,0.6888350802706653,0.6626838793492698,0.4888300537960567
601101.XSHG,4,1,-0.2950586755347395,0.8455072997517494,0.4189404950821025,0.3982827120407593,0.38029120265073146,0.07169312915385845,0.5882943228339965,0.14086423392650335,0.8770236199866694,0.29700315365919205,0.49505172346030146,0.008003089015467386,0.01625667550635778,0.007171910443867066,0.0021582417025332733,0.004101306723505428,0.005489809872167774,0.001252928779463681,0.6204109604410013,0.02244009093556187,0.15389979852874466,0.006604701066325441,0.0393007792465399,0.363636358677686,0.047972941014154315,0.7054428799653306,0.015594902390013935,0.030975852401193816,0.08972443320889502,0.25769021853257423,0.03364241815935571,0.9999999999999998,0.06846423550400486,0.929788450660559,0.03955328887972473,0.027464363276058112,0.299010740617658,0.1741122603776247,0.13211510514562322,0.23878324155295666,0.49966503814393837,0.055263359517976306,0.16047059541883463,0.5268706207009961,0.14265980221623784,0.034591198378364704,0.16794184720445066,0.17259470042488648,0.17238891287792335,0.034591198378364704,0.7160685552427795,0.06690089682871658,0.00045880749243806926,0.009077167577787386,0.05176391840215207,0.018386396277423663,0.08588991710813705,0.012906950074938583,0.02914145202494849,0.6389022257754399,0.3024253399760525,0.029356808258625442,0.024582848597187505,0.14980343073922076,0.02724875874857929,0.9077984973938731,0.7400214497368545,0.8048165761407715,0.09397055164963039
601106.XSHG,4,1,-0.2487200928575742,0.42482109739741847,0.7519347117490691,0.15082676201213546,0.41700640866502997,0.16560946879060756,0.3143331423308354,0.09441371704724083,0.7856536923737574,0.059496652016620966,0.5523498158428874,0.011612690078874915,0.011079883933836165,0.004929414041580689,0.0015159124661856386,0.022417734143635654,0.021202626919186795,0.002164933295654076,0.651651259726597,0.02142111456537883,0.14978391261545418,0.005440343021132603,0.01701835639704471,0.4545454565289256,0.01585408926471662,0.6562330995773209,0.061642093288771994,0.007777878267161074,0.08679723063689,0.1849541412283502,0.12477090385771777,0.9999999999999998,0.1121001224057943,0.47569600215173197,0.07610937685449283,0.03278259666520515,0.2977198229784127,0.18021128745552917,0.1399480576201655,0.1448431939973645,0.5215949632190271,0.028066096826405533,0.0716554758851888,0.5183922930118785,0.09694652409302691,0.004720003929739257,0.1182780297405426,0.1371242413594914,0.004470972870655102,0.004720003929739257,0.7062143525708217,0.09835779865603646,0.00022131328359389284,0.009159805643590584,0.054737245916967915,0.015350163901549287,0.019187472771835464,0.018881020030056803,0.02913448731218266,0.5573653063781612,0.26733498758918783,0.029138416768540443,0.018200164640206715,0.1504346215230278,0.006757791469761321,0.9337585746545283,0.7130572508955817,0.7226963426130077,0.49991377775839174
601107.XSHG,4,1,-0.180346445318912,0.4051565680900629,0.8010067636307432,0.6507324707170193,0.6490380315443068,0.263730194713866,0.1544470643413252,0.21856862710249883,0.9273700997331258,0.18498057724918157,0.45601122877269096,0.0018410231594415414,0.01794132055915894,0.007846340631488195,0.0013814090682393106,0.002157163468347571,0.004630966125616866,0.0016022741994220955,0.6207741122173691,0.024534397906782406,0.15395199217477748,0.010342725427660952,0.01157063767626417,0.2727272717355372,0.02927087471577431,0.7859954737289901,0.04694212071719169,0.022384010129329834,0.08453498496144668,0.40095753866348527,0.10536852470171182,0.859437751004016,0.11274245636411308,0.5363520545652957,0.0803624615684251,0.040047105058051514,0.2957834880925253,0.20225801018728204,0.13931502611417443,0.09071575811782717,0.543903272062201,0.03843082755249082,0.09625448485569638,0.5299676458610084,0.11698129891569325,0.006080989168236765,0.1592427558497124,0.15757317324010928,0.22651294599392402,0.006080989168236765,0.741887197248816,0.08889523080154207,0.0002506902302642141,0.00909945061073561,0.044031340842879435,0.020995326176365764,0.06962839813959812,0.015086101426624247,0.029343754250868784,0.7081870125953187,0.36117030523142357,0.11391862859341709,0.041930846577633955,0.28608736130110957,0.010240174672489081,0.9052731462413544,0.7404554199283537,0.7266518445366279,0.386846798942423
601108.XSHG,4,0,,,,,,,,,,,,,,,,,,,,,,,,,,,,,,,,,,,,,,,,,,,,,,,,,,,,,,,,,,,,,,,,,,,,,
601111.XSHG,4,1,-0.2715761852623658,0.5382350812849571,0.5356391149372598,0.58884214362273,0.6697460356467886,0.47643829890932177,0.22771392383350714,0.264622101262933,0.24136918117321002,0.2035071165191027,0.8241854102753027,0.03782708971063691,0.024911144177422222,0.009313480162756793,0.031392078378526596,0.1818296860797474,0.04950393335925618,0.008986463051173598,0.5277197324966751,0.048025939700614695,0.15231073245661342,0.03375538679856415,0.0342559641417875,0.6363636304132232,0.026268149961761234,0.6528335221566927,0.04919062468174027,0.005562087365469838,0.09034658007517939,0.4009500105249071,0.08383480179873035,0.6506024096385541,0.12460356465700682,0.7054426706115087,0.09718397065802609,0.043028613067903315,0.3083804054173906,0.18501445304074218,0.1389770626818178,0.14921301718598523,0.5433976379686023,0.052255811903967594,0.11055506645858645,0.5333410068758366,0.10244925944666987,0.03551681891780734,0.1601040923429154,0.17267782570975618,0.09201318893259929,0.03551681891780734,0.7452654137701762,0.05990984727950025,0.0007540540727107465,0.008996940763319496,0.04345960290201197,0.015676527773675817,0.2179690551332688,0.002835639009029207,0.029386051974476187,0.5653012774950851,0.28287288451180087,0.032845278985195785,0.049426532142464695,0.19713506041951664,0.014738888556559191,0.8887407507349705,0.6921686347353062,0.6988761938459995,0.48554341501281806
601113.XSHG,4,1,-0.1733920088680728,0.5360679138616155,0.5254327972043518,0.5044336386718615,0.10055259794591714,0.16973666227734305,0.41453943331506177,0.211360295471606,0.8740207369730905,0.2510125160244945,0.19739212025303587,0.001132576518994146,0.010927085780939875,0.004902555452597871,0.0006057566108042032,0.003036878002215291,0.0008345624822564894,0.0011322732815559043,0.6193513607933356,0.02242932457748168,0.1510244759683998,0.0038349768027122833,0.003951668246857063,0.4545454565289256,0.003417588797001539,0.6889675336990979,0.004398514959012097,0.023740616803834675,0.09091201563653042,0.30015595398912154,0.04824222031784713,0.9678714859437749,0.0955068245512556,0.7631903944054967,0.06920137306952501,0.03564437286385315,0.3066190742548472,0.18081299694931988,0.1386248007965538,0.13133067818770247,0.5360904940790403,0.05169537599755351,0.07610846996307347,0.5316147809932963,0.10491977230132632,0.012293999408043129,0.12691950897137194,0.14517364226348864,0.01588286141203433,0.012293999408043129,0.7797545388576698,0.06063458084054324,0.0007023576713274087,0.009088340211603915,0.04652923145439894,0.02457322813073462,0.0556873931427334,0.018023596901028532,0.029389776113866325,0.531644643247217,0.2787995374001398,0.03552612613520269,0.032431976649375936,0.15640603625170998,0.013940449841478733,0.9224659499225973,0.7164875503073729,0.748486320775891,0.26055254121778676
601116.XSHG,4,1,-0.1293858217064331,0.4860004828129759,0.301478386341044,0.45958196994613265,0.5197180755782802,0.5577611846401153,0.6864517909280857,0.18835435412216278,0.9773626792443222,0.2793314474541597,0.2757129904738843,0.000826086706863284,0.011659292714733127,0.005104925002851465,0.001738400898638615,0.00023778549627953934,0.004410624800062007,0.0011132011827164523,0.6192926155852793,0.025175671475888044,0.15143508514372928,0.00396028609036751,0.0079579655313674,0.4545454565289256,0.0025809025526732964,0.689271538086247,0.003487224940018256,0.03793976666365198,0.09118537734703314,0.1894423366622227,0.1374850267941797,0.9678714859437749,0.08952554249220304,0.6643123542884245,0.05529676266504357,0.032479908815503215,0.3065415217644684,0.18114690197984676,0.14050699714290912,0.17243744993623802,0.5318427242963106,0.15629778874644845,0.10577321545147653,0.5436544808563448,0.12466977582615443,0.06794829741407485,0.14179698505601024,0.15900251446999064,0.035807013651483595,0.06794829741407485,0.7843947663935815,0.06408312424713132,0.000538213902027003,0.009036549164872983,0.04107344787792088,0.024413488987101342,0.10488986426840807,0.013593794186293102,0.029495611687456572,0.5670482556276425,0.27776918011163215,0.04103034893401,0.02763514526209974,0.1784406349749202,0.016705299994018066,0.8928656388916505,0.7151856397328737,0.748514046256664,0.3804742343787905
601117.XSHG,4,1,-0.2345540883787763,0.6827891293736786,0.2867705330554058,0.41944769914188723,0.6335619455526773,0.17402330318656214,0.5967191488497797,0.6113855068597513,0.39937904998423696,0.2918697080496619,0.7447410303311484,0.03825131431449126,0.023611252716239105,0.010234091033346542,0.017478937961577304,0.003970503603067543,0.10381199735782888,0.002681967345488882,0.6480426150323444,0.02888215752795572,0.1585814243526063,0.01385609887075236,0.16151003139655895,0.5454545434710744,0.1783314535055615,0.6901953410082088,0.18443211846263635,0.02704169304512978,0.09228551249737627,0.4526010908427897,0.12737621146468334,0.056224899598393566,0.13027982043636543,0.3539671019064797,0.08860689646327882,0.06462779630178989,0.3260770676233422,0.18187919102743694,0.14139480108252286,0.1287897799839313,0.5314943550509232,0.13628461997815017,0.10545610929581183,0.5160028691072974,0.12607152598599014,0.05140353865982267,0.1560139447966215,0.17740707863509397,0.0056298685480431435,0.05140353865982267,0.6978465184271136,0.07715738791807591,0.000317288709460839,0.009094464433585503,0.04671827171034335,0.01799704483119705,0.05938608179368339,0.011592341536082736,0.029546757988049472,0.5427979149364136,0.28389019930298565,0.02143970846251383,0.10048045830423885,0.1480379490297411,0.02046733863731531,0.8763128275411511,0.7093726504798554,0.68051796479128,0.38978659471409294
601118.XSHG,4,1,-0.3074383546791244,0.7459519308891074,0.31724085364239873,0.27619593678003285,0.61987112456315,0.2500934629449252,0.7818890271343701,0.1739054437360053,0.7049117488730956,0.25997811194233306,0.5962141291173333,0.005756784098721962,0.011676589081116394,0.004606693772315964,0.0037831900408033963,0.003979519608569305,0.001829479996514397,0.001128168403408947,0.626174279476459,0.04260681948297305,0.15059187345789513,0.005145196393197096,0.06314926510517513,0.2727272717355372,0.03247616300075058,0.5844777228279795,0.06830758137301828,0.056118296102016824,0.08883488356287178,0.2754972693445577,0.09595147137695495,0.9477911646586344,0.08364044582588334,0.7091815102982345,0.04516559724335059,0.035691080625940654,0.3084738662158339,0.1689027085070216,0.1398830646524046,0.11981004493329567,0.5120518924013061,0.027070478777228894,0.06602759663679683,0.5262838235407475,0.10091626383538548,0.011603778597328182,0.12109854390642935,0.13829621284388507,0.021997281949616667,0.011603778597328182,0.7567964551512836,0.054155142912036706,0.0021817165069475627,0.008774207212884605,0.04454371513044964,0.023453908312580023,0.11357876648424026,0.03217974830978903,0.02891236841477452,0.49968453489132814,0.27276202912448055,0.038644666263775704,0.035395417905952214,0.19345455236358108,0.023432882694263326,0.9041609265597705,0.7130600150369295,0.754678344815203,0.21101015850530225
601126.XSHG,4,1,-0.2302427246144941,0.6205986214140302,0.3307031148271616,0.3436215613115644,0.6383117301055127,0.20317723394516307,0.4914121382294607,0.21093521974124987,0.9918782969583022,0.1891277067619016,0.3753209140408899,0.004798807363851687,0.010789973201087573,0.004770348741965834,0.0007683566118169772,0.0009099093626030938,0.002826062563565857,0.001175579890576108,0.6228707850149067,0.022742675555905353,0.1509113566343488,0.004286180596052239,0.015051412389708311,0.6363636304132232,0.027345662278374126,0.7136577870302644,0.013203789398552176,0.07244279641855839,0.09211873142407395,0.486262355482876,0.23892185043763567,0.5220883534136546,0.14953600430067288,0.13626951675343058,0.10782266282281511,0.03542843474650009,0.2954334319165129,0.18573250906432504,0.14828925510259788,0.38995875418293324,0.48720033603735247,0.04021560260412703,0.19785559913652678,0.5009622574122085,0.10289521547665859,0.02500237271715098,0.15882305139651448,0.175033116649511,0.056668461205490066,0.02500237271715098,0.6602397587221905,0.07708196084338179,0.0003179145963172295,0.009056525402058244,0.06061266456264289,0.016142830717264415,0.03943991550077467,0.027388895476117708,0.029405690203293908,0.7054659181254387,0.3018374542758271,0.02770530741939567,0.03393699347520923,0.12255242374727669,0.01902135550637076,0.8340094232435273,0.7331000398036358,0.6755933913015926,0.7515280171588611
601127.XSHG,4,0,,,,,,,,,,,,,,,,,,,,,,,,,,,,,,,,,,,,,,,,,,,,,,,,,,,,,,,,,,,,,,,,,,,,,
601128.XSHG,4,0,,,,,,,,,,,,,,,,,,,,,,,,,,,,,,,,,,,,,,,,,,,,,,,,,,,,,,,,,,,,,,,,,,,,,
601137.XSHG,4,1,-0.2506565016216961,0.5892220533749549,0.4435845019801801,0.36915546695616896,0.49228745123705536,0.10908210349113925,0.3925679312192133,0.2752013567244691,0.9515169850158816,0.20633477513501175,0.2484668632394575,0.0012163832032666827,0.010928750827425796,0.004869914170266054,0.0008374813358752437,0.0002729769888928322,0.0007182388643055733,0.0011169620181828018,0.6193314605712622,0.023491503938564435,0.15104498629739765,0.0037996827812650505,0.004187871734721397,0.5454545434710744,0.0031866444977438394,0.6933131946431659,0.0023923682870489464,0.019761237225287148,0.09133671440262998,0.45272326757223924,0.1026208562846801,0.6265060240963854,0.12839827604153625,0.4337351747614975,0.08876108861782467,0.042343674656453896,0.3078107003488153,0.18191577048917082,0.14047970009644956,0.5566987276024924,0.4499107136934014,0.04737044150348672,0.24917520826187006,0.49963076262432904,0.11320216098943056,0.05018748403824736,0.15365362280671596,0.1702335118943087,0.04969361629261002,0.05018748403824736,0.6471534056185199,0.05883551292289601,0.0008495866424500296,0.009074653515849383,0.045079175283191,0.023812044393539424,0.09374650121549852,0.046304888018913956,0.029704258844349532,0.5191574364939352,0.2786095452003318,0.04569164509347552,0.04738104353358373,0.17750457579672696,0.020483788957348807,0.9039399028560879,0.6582443279819561,0.6998597882829478,0.5122833502664009
601138.XSHG,4,0,,,,,,,,,,,,,,,,,,,,,,,,,,,,,,,,,,,,,,,,,,,,,,,,,,,,,,,,,,,,,,,,,,,,,
601139.XSHG,4,1,-0.127141404126902,0.4040585705872767,0.16733067897790727,0.3795082084777879,0.5908142189277543,0.13252756343368033,0.2776799287034494,0.5072800631603904,0.7538492139111772,0.24227566191071911,0.5701416561897614,0.0016584590034101683,0.01626873284165282,0.0062697989872798725,0.0030648270877042597,0.010985366209599324,0.0062075267411274265,0.00135381759462625,0.6126437714728278,0.04737784258618591,0.15270048381994367,0.00519129294885028,0.027752155941634122,0.2727272717355372,0.02085787790037029,0.6817838672703014,0.015593895657526308,0.008546622049380483,0.08947532691139379,0.30692256945251534,0.0828692443280136,0.4618473895582329,0.07051377493408664,0.8379723210885135,0.034885547078549434,0.04084365174419442,0.28585288574957035,0.17118391197067176,0.13431056759658602,0.08092799827638553,0.5309686182202765,0.038559250914000906,0.06322006777341016,0.5282269668464422,0.11549634540600014,0.019231785485665176,0.13087785605839253,0.14857549004298,0.023815677271410342,0.019231785485665176,0.7309626222719237,0.056567192594431666,0.0011854156029607594,0.008993574881267927,0.04130720875268257,0.016265775351443787,0.13334447401744892,0.0048990466000126045,0.02954469023252854,0.5544889742449628,0.2869960656430837,0.027710848659629236,0.04417758959398026,0.12845496402695444,0.01441915415445355,0.9335011574895968,0.7845628234045381,0.8004016233929123,0.18074940301478548
601155.XSHG,4,0,,,,,,,,,,,,,,,,,,,,,,,,,,,,,,,,,,,,,,,,,,,,,,,,,,,,,,,,,,,,,,,,,,,,,
601158.XSHG,4,1,-0.2622808977569617,0.5181351966541179,0.3014923603472751,0.43820219347228,0.58447025073787,0.10217343830107864,0.6488953550761297,0.41461300427585884,0.5642333317819097,0.31070213872620006,0.6660158411708714,0.005696310896824783,0.016037106851340608,0.006836044426165768,0.0013224445586031235,0.0007141316363822872,0.00430995212404223,0.0012314205719418322,0.628981276011106,0.024957451318744023,0.15449590290847273,0.007693370044627196,0.030848212475610873,0.5454545434710744,0.028915292223948844,0.5765407975549486,0.0417489112266502,0.0076874378221940855,0.0894350333395076,0.27636745194474865,0.09755941171836177,0.19277108433734938,0.10447248900126621,0.671375291423151,0.07164562286067075,0.05004014887960989,0.29680485288914693,0.18017409984504223,0.13790727843247358,0.1167020157384486,0.5510787932809416,0.0517939614206021,0.07484734839127243,0.5269988521001364,0.1134267055946942,0.0036071847532499987,0.13046345077200638,0.14694937611455033,0.035029026731736586,0.0036071847532499987,0.7322924079520717,0.07590748597832753,0.00032816030239118997,0.009137932756406729,0.05537639458413517,0.04533181012345457,0.042385545636713186,0.035553823186095276,0.029509870755172734,0.7244038042098238,0.41554194593670735,0.056289624539536745,0.06447859708236772,0.21020838083295335,0.019465962792367054,0.9250747397423698,0.7374535624253684,0.7378846250326763,0.5286778323772968
601162.XSHG,4,0,,,,,,,,,,,,,,,,,,,,,,,,,,,,,,,,,,,,,,,,,,,,,,,,,,,,,,,,,,,,,,,,,,,,,
601163.XSHG,4,0,,,,,,,,,,,,,,,,,,,,,,,,,,,,,,,,,,,,,,,,,,,,,,,,,,,,,,,,,,,,,,,,,,,,,
601166.XSHG,4,1,-0.2524570495184792,0.9076997687714137,0.5586445637410531,1.0,0.5690118853277764,0.25752693070581334,0.7317541859999728,0.6404749781553216,0.0,0.28501808858475913,0.9999999999999999,0.0,0.013684344003226122,0.11533026153962238,0.0029840589171838032,0.008062098247688082,0.08434453094837914,0.1924687216352724,0.6194366714067405,0.05415250023018135,0.296193428134892,0.11463827177438277,0.9447972992279268,0.5454545434710744,0.9208903089345699,0.6089554524948531,0.2308313386332707,0.04178348557474903,0.08745760669646385,0.5730333765690848,0.14225237553756365,0.1686746987951807,0.15464041815611282,0.2534270130654071,0.10308447829284592,0.06993753021611729,0.3308153174147186,0.269948834609564,0.14231120192795138,0.36286576990085107,0.6250194745265152,0.7795231737132353,0.39371554353340377,0.9133318741023,0.2986678238546789,0.04041716776400189,0.2943869632769567,0.31159761794350116,0.1381140165675429,0.04041716776400189,0.7637071339846713,0.05154028217855038,0.0010165370293848852,0.009081820100261534,0.05305644375124136,0.029247760156912796,0.06504798281099847,0.03229344616550119,0.02996043969994048,0.755579407945729,0.29599917104153156,0.054248628136792904,0.10423339326434772,0.1525221506561281,0.029138451875336483,0.8462917725923507,0.6668739772677017,0.6676639038005032,0.45796505327058135
601168.XSHG,4,1,-0.2849862117666235,0.5743607483640347,0.4892244532405402,0.38921693602694196,0.5996559532377257,0.19003963407358876,0.39961700063101263,0.13317017998475963,0.7763407593838447,0.14493819330712693,0.5576425540488588,0.009232068351857674,0.012952021628996332,0.005208724679419628,0.0069851220331695885,0.025862115594258734,0.004021963482194448,0.0017336274614469232,0.6270177235823973,0.023903336729231662,0.15081150018263048,0.007643539270719068,0.035759139880123095,0.363636358677686,0.03622209796932222,0.6113636475706714,0.04921591991168262,0.015917518314190103,0.08983669886626383,0.3491842611638861,0.08397158808286345,0.9718875502008031,0.11720651267341368,0.5484001112823235,0.07565710986681977,0.03517331792463302,0.303884907137151,0.1799176229430292,0.13813865339770234,0.2244450686857303,0.4960247842624516,0.07111331614731227,0.13175692130171993,0.5145382850620136,0.1048877442335988,0.024042381280414533,0.14909589557602843,0.16508961081798157,0.05219510268499587,0.024042381280414533,0.7017295393542945,0.05790126311214942,0.0009588951054287661,0.009010246374440024,0.04483314592008121,0.018347781317851256,0.07412046793090336,0.013907285208626101,0.029275824804180083,0.500158009764449,0.2674229757800825,0.029286787132037678,0.03082744588942717,0.1409905095759234,0.012456930071185021,0.9119349249407054,0.6856811949935877,0.7125659800429347,0.4134720968813841
601169.XSHG,4,1,-0.1735736619107612,0.6404008171344874,0.702703440887307,0.7466384931950016,0.6275357776033582,0.25366819461407575,0.4932629151455866,0.4455729920072938,0.20031236306124584,0.18263379848678496,0.8466854204397453,0.0,0.013684344003226122,0.04445459530015369,0.0029840589171838032,0.008062098247688082,0.027459149123072134,0.06316254677056239,0.6194366714067405,0.027200266105258185,0.20330620350906708,0.038127411982457254,0.12005672065403657,0.5454545434710744,0.12025968216277268,0.5455312316609573,0.11764966317340839,0.018449850773265802,0.09661117430435637,0.7197731609762172,0.16480424935529442,0.2610441767068273,0.14727828278768984,0.2899869520449153,0.10105768192381122,0.05843258903795564,0.33605155458500796,0.21403113051638717,0.14222931078857265,0.2805939352570539,0.5021517969736133,0.4086750873287966,0.2392598066931857,0.5143141009252574,0.20346300000992174,0.018490376588623385,0.1940512597542194,0.20149879304825535,0.1633992541398314,0.018490376588623385,0.7198615994587375,0.05154028217855038,0.0010165370293848852,0.00908962438457203,0.05305644375124136,0.029247760156912796,0.06504798281099847,0.03229344616550119,0.02996043969994048,0.7567969147623257,0.29599917104153156,0.04417187464707093,0.08542074478974357,0.17425188098495212,0.018727343422862953,0.8807705827214498,0.6338369598867812,0.6617016051733107,0.4989912079150378
601177.XSHG,4,1,-0.3040301380793292,0.5138989148082191,0.3745476180141878,0.35039867067866537,0.3980791558316177,0.1866610480432077,0.14800725560898925,0.1509997249833314,0.9601291428501175,0.09754571452326763,0.2564213301505828,0.0026642822687458945,0.010864711556184552,0.004850637504595401,0.0005361121499993457,0.0021220918725850003,0.0024022205202412325,0.0011969581677596778,0.6181923026573604,0.02326029982442748,0.15090604235979865,0.003935158583348375,0.0021925325852738954,0.5454545434710744,0.0019518530445899144,0.7000389087071252,0.002414670035802715,0.008953604051731935,0.09121178773018354,0.40581070820906584,0.12209856236809194,0.9638554216867469,0.12413383736235935,0.3344413658160002,0.08655232557852222,0.0317801465693025,0.3065475026102569,0.18179601076898674,0.14145329475350765,0.21602087080693225,0.5266862326606354,0.0262499536856175,0.11991420068355457,0.5256688829206375,0.1022837230748825,0.0228687378910357,0.1412928593936046,0.1592186010797175,0.028638666029433085,0.0228687378910357,0.7328416164491451,0.07531659721815355,0.0003336977539995703,0.009003944495736974,0.05794407046808635,0.014345104099655809,0.048907372324619204,0.011603686087195083,0.029437952910483182,0.5799357537841953,0.27426172165247276,0.0370977096152868,0.021979199588007772,0.1519470094239246,0.011039809774481067,0.9127639857408645,0.6796636592808811,0.7032145714564855,0.4639238379209446
601179.XSHG,4,1,-0.2116563086708342,0.3896336014298481,0.7118661544275897,0.4055779365806488,0.3842375427237369,0.12907088070657263,0.21207761413435058,0.1668017320370234,0.8208751083435274,0.05791595527256621,0.5315804714404009,0.01432856154096743,0.01145413021060345,0.004970015074194748,0.0042464273407262195,0.00440100269129379,0.03006386403661108,0.0017407146991010856,0.6398375286936296,0.34098643348669055,0.1510620763334593,0.004570170054989725,0.011118579553536363,0.4545454565289256,0.01264739943809319,0.6745075949287631,0.03666058477395824,0.006873473817491181,0.08954917115181288,0.26792834724177816,0.12447539565489449,0.9036144578313252,0.11971721494536536,0.3581217104216306,0.08388564663369555,0.04087074533362124,0.291730151503817,0.18134541572797938,0.1405563917984074,0.20297967595436256,0.5271545259201675,0.04854610728389253,0.09063066895890946,0.5166307372510528,0.10117927693503924,0.011240142687506696,0.11742361087889187,0.1355225842650432,0.010984592147978148,0.011374762035240767,0.6978441813696793,0.08851269165361349,0.00025219410873214294,0.001956429566236495,0.051554958342545684,0.016649279940230983,0.03167501571335297,0.015718149400149036,0.030095131383537595,0.5782835815103072,0.27469329204896276,0.04169697150908771,0.04369519337596331,0.1421268588184628,0.006650565292815696,0.9263325332689496,0.7166229932333823,0.7129224505100167,0.42400045950456944
601186.XSHG,4,1,-0.231811252854327,0.46169628161449366,0.8316769548523147,0.5972330949873685,0.6243325317277817,0.34308493521951317,0.2771914429223631,0.31825548187372654,0.26811148120860007,0.21247599951273932,0.8100825849668345,0.25544978352396236,0.06343994975209877,0.02635412938727749,0.18064923631243,0.2830121139604065,0.8259838479224129,0.022271361749995878,0.7449028890621956,0.05363359088195028,0.17065494374662107,0.03724241383022587,0.04613168354600396,0.7272727282644629,0.04444248803743012,0.6402751644126465,0.0814499809491933,0.00646649181513973,0.0939613908589721,0.6864414812086636,0.2116058276044108,0.3253012048192771,0.15306653525721686,0.20440324854044606,0.10696743433812997,0.0447766027096442,0.314069441592138,0.1879545841388517,0.14379044187418918,0.2626814040211713,0.5720342381776305,0.25294615031755907,0.1656928533387599,0.5271662273985133,0.12714498845161873,0.1477461867177309,0.1689330263366763,0.18914202659276808,0.02552592313383204,0.14801464797623645,0.7252052812823903,0.07543852863316919,0.00033253265738104616,0.009080422972711255,0.04484871238916805,0.015553315426243726,0.062183816114787106,0.009951361997467191,0.02945144235904959,0.5197595368595199,0.2729794689679083,0.05301910655382469,0.05315235692578429,0.20119485294117645,0.01632140934378178,0.8714458678331511,0.6488462474017074,0.6574741294859168,0.8174624502816283
601188.XSHG,4,1,-0.2039242217532268,0.34404209376102485,0.639612284845296,0.24527317294900491,0.6326737431970102,0.15738924912195448,0.26026990600274036,0.2737823000298103,0.9432991229772583,0.16354400911100064,0.24155413875774245,0.00105594660811072,0.011213044443353899,0.0049478365100584796,0.00013837971942206762,0.0005718585416306828,0.0013570975529979775,0.0011725856299122153,0.6187116562099148,0.024857809855689576,0.15111185963054183,0.0037953903536299552,0.0034468016463782315,0.5454545434710744,0.005557858194535623,0.7013687425661901,0.02120967051555776,0.022971873021615265,0.0900577590438002,0.3214447220237472,0.10593992402562763,0.859437751004016,0.11603911187942303,0.5122559411312402,0.0834358625985346,0.03416491214259963,0.291146005549973,0.18163058036900034,0.1367153074037389,0.11424324042094902,0.52812176911323,0.016124035763702034,0.061984561789768,0.5224864638389061,0.10367798841454276,0.0014486514854641487,0.11903072026196992,0.13804859788132262,0.0033481270130577214,0.0014486514854641487,0.7145132435202162,0.07399398899037887,0.0003471486596065195,0.009006383163232998,0.06766928798970395,0.01579782329421843,0.022496560798759335,0.0195787001436807,0.029410754705946632,0.7939508317966653,0.38730688587406054,0.08074439331300678,0.027554144589396267,0.25340128945635104,0.013805856313931926,0.9265180511567794,0.7260293662376722,0.7162719526395978,0.6071056919022513
601198.XSHG,4,0,,,,,,,,,,,,,,,,,,,,,,,,,,,,,,,,,,,,,,,,,,,,,,,,,,,,,,,,,,,,,,,,,,,,,
601199.XSHG,4,1,-0.070453812312855,0.5208498920338409,0.4234390664516927,0.4938808048244562,0.5018015645936094,0.22471637521413318,0.5801740235774147,0.3375812201542329,0.9421487276715736,0.1140228587118143,0.24063030386262368,0.0010046576727820375,0.011031464357449443,0.0049441693762754795,0.00026982403974645455,0.00026231544437065746,0.0021621115927858655,0.0011358888446442654,0.6188738020351665,0.023002585559580662,0.15117032813666356,0.003925987193971134,0.007230784397531646,0.6363636304132232,0.005643463593674185,0.6882617929012047,0.0046727341816088196,0.053812064755358595,0.09095425756009774,0.37408967343466615,0.06735370962827703,0.5461847389558232,0.11981603555433748,0.5562945860739001,0.0863877556467292,0.04177059453986183,0.3072904581618489,0.18157017164861355,0.14035621345770385,0.4170495646239082,0.5318427242963106,0.0878121056560308,0.21039372943580306,0.5384018914974472,0.12504976099924786,0.009902296428080196,0.16154502194311884,0.1778379940745144,0.057708074390923715,0.009902296428080196,0.7555309385505804,0.08850251232790768,0.0002522345649055905,0.009048811591078123,0.060531798074929054,0.020358714769926484,0.022805516172097886,0.016993404082387573,0.0294811837121748,0.7800797921589457,0.3795384240731019,0.031215471857730846,0.046711061385068205,0.14706927344581244,0.011322306633965424,0.9148091207339761,0.6877736499933662,0.714009025304122,0.4974697340934293
601200.XSHG,4,0,,,,,,,,,,,,,,,,,,,,,,,,,,,,,,,,,,,,,,,,,,,,,,,,,,,,,,,,,,,,,,,,,,,,,
601208.XSHG,4,1,-0.2534113605855377,0.6885483704277642,0.3929050159271911,0.35841670661135144,0.0,0.07982024743636745,0.4983391897765188,0.13813293913666758,0.987588024999583,0.2407115939030544,0.2912261886638004,0.0010436930295043428,0.010999766971994162,0.004877454703866978,0.00040164165187631606,0.0005161781708459049,0.0006343935171570995,0.0010944572471967427,0.6198530369299279,0.02385607042852513,0.15105173472777503,0.003879659504942034,0.009729599448156061,0.6363636304132232,0.011575551924957725,0.6942719292291183,0.008284791787324186,0.043366193361671336,0.09140198541595072,0.6031525011726564,0.16446975071828268,0.7670682730923694,0.13943522045560253,0.26381404764813426,0.09464334775699733,0.037966435438333127,0.3130982510996896,0.1816143675207061,0.14302482471396594,0.1911048676247509,0.4765377940502733,0.04747478320770371,0.09871517371349758,0.5233803900547035,0.10598209456948446,0.008916240394229282,0.1290336415908266,0.14727368770847876,0.017434859168463192,0.008916240394229282,0.7181146490265572,0.06328358582780572,0.0005676856582030373,0.009053351158970106,0.05035792325361366,0.04947550797465308,0.03704217423290939,0.05121902482786307,0.02915899389293175,0.5796934721453735,0.29531776292749956,0.034043405623497586,0.03900773042052522,0.1533429440897806,0.0200895794700006,0.8926215364076635,0.6358354340807577,0.678075481961274,0.4430210480080339
601211.XSHG,4,0,,,,,,,,,,,,,,,,,,,,,,,,,,,,,,,,,,,,,,,,,,,,,,,,,,,,,,,,,,,,,,,,,,,,,
601212.XSHG,4,0,,,,,,,,,,,,,,,,,,,,,,,,,,,,,,,,,,,,,,,,,,,,,,,,,,,,,,,,,,,,,,,,,,,,,
601216.XSHG,4,1,0.09201679616337363,0.6091793689426533,0.5140865393267704,0.377712866804205,0.116250358382044,0.25482626739007347,0.3553734057402673,0.17618399622855224,0.9679390975456186,0.2531342267734257,0.41445130757648513,0.0036278519439423194,0.012777548177091917,0.005753092933766658,0.0005543433903964465,0.0008507990566499742,0.0021999838397038837,0.001249552168162235,0.6188347765225549,0.022817950489438542,0.15200020730364783,0.005515655776655531,0.005539717846374021,0.4545454565289256,0.005179524590050345,0.6880668825277184,0.004256752956118785,0.012616442072895,0.09122678760763131,0.3970363277902953,0.08090722159836322,0.859437751004016,0.11531640382580692,0.609057190285587,0.07808960380189689,0.037576183625966625,0.31285222090000325,0.18067706084817423,0.13864169896817163,0.1955962648901071,0.509044221397876,0.021114767968860124,0.11904280394981936,0.5231497421561246,0.11400616992874277,0.012509124399140965,0.14667824860918408,0.16555725343437536,0.023210782501099387,0.012509124399140965,0.7148264092164197,0.08187729467610881,0.0002843137369016104,0.009095584657912513,0.05047994854094692,0.016345425398393194,0.09503673284935096,0.01549314587649234,0.029584357629448905,0.6320950542389308,0.302676846043831,0.026054424079077557,0.037690505686230724,0.13276080458023,0.017419393431835857,0.9008162787064522,0.6804873734023267,0.7257250213222151,0.21716144916894076
601218.XSHG,4,1,-0.3070270013265946,0.5635621713876245,0.4163262972800443,0.20738135277640496,0.1877704582860018,0.28062655967419214,0.4721739191682401,0.3069785159030542,0.9846417835869326,0.4726058970139816,0.28623251094710467,0.0008230700357052994,0.01074798260379227,0.0048319925759065015,0.00041510952036303596,0.004279741563431239,0.0014585788408379963,0.0011710598760767907,0.6208292809575869,0.022247973651765333,0.15085319090676336,0.004184261460370772,0.0035038918312025403,0.0,0.000629626961416258,0.6664934955595255,0.0016387462800882319,0.002848874016460161,0.09134051696217903,0.062212484375277655,0.13024727563793426,0.429718875502008,0.06665186553545617,0.7316166015979895,0.08107443012151815,0.047297113492145756,0.2915161575293882,0.20339815759292215,0.1347681180896227,0.24309115052633928,0.5152600379499469,0.06377810162728977,0.13795073208142933,0.505571441510423,0.10061983014332038,0.010227878844469254,0.14948346567284576,0.16517670509762314,0.05530519485855349,0.010227878844469254,0.6655553958566309,0.10021957432598577,0.00021687792815072894,0.009049935379506028,0.04724924660928004,0.017878854784385997,0.02363557104042904,0.01864542499876677,0.02956044086302166,0.5608720143084772,0.26795966481171213,0.05900056663650129,0.06462748658561651,0.11250071249430005,0.02457274032422085,0.8775555310959935,0.9077329618327368,0.79252626659238,0.7572601325734949
601222.XSHG,4,1,-0.169648308364113,0.5514487036706925,0.3568137571974071,0.3920660382587151,0.4078971938790436,0.20147935390892044,0.7571604184819156,0.5758772088135056,0.9995446717816814,0.3764225787302993,0.3273736571077236,0.0022680463541748103,0.011527479545469062,0.005166368035462994,0.0006475307789968104,0.00047867886795076005,0.002017780575707544,0.0010925567807946804,0.6222312157030343,0.022424221580740953,0.15148707356594251,0.004204909124979109,0.024625447757171133,0.6363636304132232,0.022260524218664177,0.6880289080527152,0.012655267599807353,0.10378041059962015,0.09115050183349498,0.4205429754400351,0.06240087457562462,0.1606425702811245,0.11673810298688583,0.8404659074693639,0.09166347127151021,0.05057537788059673,0.31212887763417135,0.18282778758630638,0.13853121092297813,0.35468021146804235,0.5318427242963106,0.12496911919097872,0.18797130417168384,0.5035237538830748,0.13020158013257183,0.020088807442592265,0.16086260411655462,0.1782437539132681,0.046930503634537525,0.020088807442592265,0.6439574795770394,0.07473575665967118,0.00033941597161450015,0.009098252798673762,0.05220822236727474,0.027460344224843666,0.03821892053976337,0.03413850241676103,0.02996043969994048,0.6555564549483669,0.31402459737129446,0.03068762403806263,0.06334634003336097,0.12186431258549932,0.02366333672309625,0.8949879990342418,0.6765125381451509,0.7186246577223383,0.2627603408258552
601225.XSHG,4,0,,,,,,,,,,,,,,,,,,,,,,,,,,,,,,,,,,,,,,,,,,,,,,,,,,,,,,,,,,,,,,,,,,,,,
601226.XSHG,4,0,,,,,,,,,,,,,,,,,,,,,,,,,,,,,,,,,,,,,,,,,,,,,,,,,,,,,,,,,,,,,,,,,,,,,
601228.XSHG,4,0,,,,,,,,,,,,,,,,,,,,,,,,,,,,,,,,,,,,,,,,,,,,,,,,,,,,,,,,,,,,,,,,,,,,,
601229.XSHG,4,0,,,,,,,,,,,,,,,,,,,,,,,,,,,,,,,,,,,,,,,,,,,,,,,,,,,,,,,,,,,,,,,,,,,,,
601231.XSHG,4,1,-0.1868163547156267,0.7347211362852386,0.15387074679418294,0.38654844810694067,0.5259899912149381,0.772098291924006,1.0000000000000002,0.6326097945876501,0.7967471035944146,0.4586630882657194,0.5459439582327241,0.008020975038623344,0.013984375755731382,0.006170008800238847,0.004235076107006538,0.005150125167023955,0.006994707162428843,0.0012628278491389386,0.6237841003314828,0.023451229665781618,0.15281958470480242,0.005800564192259327,0.06491929070651936,0.4545454565289256,0.07332706721942474,0.717010588306072,0.043489211126393555,0.3349461879352446,0.09042833012359866,0.43972772162943097,0.13314143576373358,0.05220883534136545,0.13551138347534952,0.523888229019843,0.09895614386289531,0.05443634059475189,0.33552958042743647,0.18842148827472105,0.1402353265376686,0.09594432905642172,0.4929620317595101,0.06407578880087811,0.09966086388941708,0.5594062267946935,0.13346200261411695,0.07104004146112239,0.1618370243074348,0.17982274301644888,0.041850659910506315,0.07104004146112239,0.8472966672392458,0.06317028706115743,0.0005721897788468704,0.009099127922523938,0.04566713928929306,0.016942811459043867,0.10640087728730438,0.015491581110821672,0.02996043969994048,0.5303661502057454,0.2806903101836793,0.030287760992821246,0.0686330512844142,0.1336944096113898,0.031389154752647,0.8521289287185241,0.6749535624253684,0.6657416038002391,0.6074057681002414
601233.XSHG,4,1,-0.2988306053593008,0.6013580732820674,0.8049493389342278,0.3062158061250563,0.401897105276136,0.25363095405961816,0.4849731581413676,0.08332363782008706,0.9934783124139948,0.33276943870280384,0.3712985052848325,0.0068751816765421974,0.011848358424294322,0.0053067019030716926,0.0065046650134132685,0.016770944601398798,0.007263616859460328,0.001517486462081968,0.6187624807915717,0.022153465776240246,0.15106262233751636,0.007152235598818032,0.01335835825937104,0.363636358677686,0.013868595877259549,0.7007434855176569,0.009995536805875286,0.03762322510626752,0.09023468819711207,0.27757091446036053,0.040449230963316825,0.9799196787148593,0.06818029095422497,0.8836730147551737,0.04230288156402095,0.032559229377269,0.3020416614914288,0.1775726646892853,0.13471612371541397,0.274991383135389,0.5403960480431291,0.06648169573631162,0.19521565607177022,0.4971996253748179,0.10377163569952869,0.0867686550755862,0.1936004912197113,0.21202778150996826,0.058969553011392534,0.0867686550755862,0.676451926144311,0.06088103582385189,0.000686605499162136,0.009078511243824264,0.04346303280198026,0.01603798349896895,0.1588287427433131,0.009581060201503483,0.028942220102680494,0.4938171056381211,0.27118116165046385,0.046092190637514,0.028613296933540068,0.17530732254141967,0.018204970987617395,0.9366061410859099,0.7668170359559507,0.8001837803296956,0.11618759975332565
601238.XSHG,4,1,-0.2410553532756033,0.7737972181579253,0.626683576625722,0.34873825852034734,0.5192091939726617,1.0,0.7114267140816903,0.16120282506796177,0.48420050599830167,0.3184544169597642,0.7042083954681945,0.016872128705326783,0.019818558129666534,0.00176713291524787,0.004774472683392967,0.014047628682694173,0.016954973233915736,0.001373674989348267,0.6554076222683125,0.015986883164618836,0.14540277935587895,0.02371831531109437,0.012346686074299508,0.5454545434710744,0.013312088429738474,0.6864187657820654,0.02123158085839682,0.02957402550420548,0.09053925272125353,0.18992981985271762,0.1482842688253053,0.7630522088353412,0.11452979177838885,0.4167009718724688,0.07983012137109811,0.04604632375533086,0.29544085490661914,0.18135699999206173,0.14027692203703557,0.15219729846298968,0.5544224312772856,0.11268244633351668,0.13657273424082617,0.5224019130165549,0.1119309600187016,0.012634455421058732,0.1776282281551833,0.19561380797628752,0.05244453562928273,0.012765126207377504,0.7145553105540345,0.0677302565115535,0.00044070062685946194,0.009155966832766598,0.05219094094820375,0.03536597012033112,0.03454993114207347,0.02416989865756015,0.02996043969994048,0.5117354129266403,0.2758441464396027,0.05766229212021014,0.0543387518639535,0.20358218384252927,0.023825596697972122,0.8989824033176634,0.7508347706868341,0.7244470086846766,0.46177351980728165
601258.XSHG,4,1,-0.1978051544079788,0.5510964972918742,0.4646642903798494,0.6170510888829589,0.9999999999999999,0.622625733873936,0.6415856770499935,0.08532589108790256,0.8292484054730715,0.4418993884105441,0.5264381669850772,0.024853622424249794,0.022118925794772287,0.009631436538318803,0.022065899350600333,0.06862021265314384,0.09155565470757274,0.003514321401216133,0.6075950554948532,0.024396643120249306,0.15417788583870393,0.006071053679858272,0.03307073132552246,0.7272727282644629,0.05305178092341172,0.7242264923814226,0.03188808249460566,0.08266256669982816,0.09055400911021463,0.44145722838043966,0.23245804804683065,0.5622489959839356,0.134630562447378,0.182384952658816,0.09203167143335292,0.03743397239891687,0.12007989313996018,0.18289063187667196,0.14752623766108505,0.1728090157403004,0.567988461833044,0.25172589157417785,0.09683535194967023,0.622112745992307,0.12098010761082625,0.12506143542155423,0.1331789213553786,0.15130305592193444,0.02131445595122883,0.12506143542155423,0.8396544894289051,0.08436025080461446,0.0002707738894782268,0.009066638675424558,0.043965645066563794,0.017122693347811836,0.06518464159698657,0.007910046941796547,0.029404462899127664,0.5210280503369212,0.26709010010214035,0.05153823853885457,0.038711806863389646,0.1955294149313472,0.02632036250523419,0.8263614705088693,0.7947901463889262,0.7081206612923243,0.649368105769163
601268.XSHG,4,0,-0.01093246194250643,,,,,,,,,,,,,,,,,,,,,,,,,,,,,,,,,,,,,,,,,,,,,,,,,,,,,,,,,,,,,,,,,,,,
601288.XSHG,4,1,-0.08574395472255676,0.2913205640871471,0.6523343471545429,0.5930153966617872,0.6137255934514092,0.980513789490354,0.6861955326960232,0.39652071850257553,0.0,0.10329635695322875,0.9999999999999999,0.0,0.013684344003226122,0.48344878402529695,0.0029840589171838032,0.008062098247688082,0.5141643671618729,0.788573410677625,0.6194366714067405,0.11680025147329076,0.7410974680254968,0.3778046669793499,0.13239600042308936,0.4545454565289256,0.13721002371640628,0.0,0.4817212991273548,0.013837388079949352,0.07323728439998739,0.4111834181691661,0.12825168076331506,0.3092369477911646,0.13124562718805297,0.3190692116509718,0.09051555170186326,0.04586144807048991,0.36958603805701906,0.19534949930021103,0.1415455847677281,0.06588268294825347,0.5318427242963106,0.12976938406734967,0.06939614257246507,0.548492425916457,0.13224598043398378,0.007510818495659068,0.13570894720460988,0.15253626731861783,0.03531000326834027,0.007510818495659068,0.7390266389491655,0.05154028217855038,0.0010165370293848852,0.009086663165052685,0.05305644375124136,0.029247760156912796,0.06504798281099847,0.03229344616550119,0.02996043969994048,0.7065182077146466,0.29599917104153156,0.03354669274895403,0.0603241016481132,0.15742007397274155,0.00759481366273853,0.9162124881055518,0.6775850249878381,0.6905268633503472,0.3011787028229862
601298.XSHG,4,0,,,,,,,,,,,,,,,,,,,,,,,,,,,,,,,,,,,,,,,,,,,,,,,,,,,,,,,,,,,,,,,,,,,,,
601299.XSHG,4,1,-0.2436785850370019,0.5540341651953814,0.6156707893513838,0.34846167072133993,0.6066415402194509,0.17770252534346276,0.45093991044841675,0.2714189156134897,0.4313411589486265,0.21152178074430994,0.7293999500361176,0.08010249947109159,0.029673787481686635,0.012262933633196246,0.02721002926017204,0.04545212698223136,0.15599377847242893,0.005339974206475804,0.6124068204812609,0.03914221046459167,0.15912494843878294,0.015122760042409993,0.07396612080872332,0.2727272717355372,0.04757788475206685,0.5374053605325473,0.11818345911662195,0.010129329836302794,0.08474521379676848,0.34414210074157436,0.14691014609965877,0.6184738955823292,0.1259257844050538,0.3190692116509718,0.07605588087925237,0.04418642617792527,0.29452226821248717,0.17618342655196711,0.14160797801677857,0.16440768344944462,0.5022013502204365,0.037032634143119435,0.09644408962721329,0.5050865790785454,0.11389981585601712,0.03597765490682101,0.1354228705095859,0.15467027282450801,0.01216734432375707,0.03597765490682101,0.669783132755379,0.07963112947130427,0.0002986243104588419,0.009092190263053796,0.04893939577826804,0.014173317859650108,0.06463776887754744,0.008383378777388338,0.029561484275886635,0.544330332441456,0.27766055752198787,0.05074045431994925,0.051370754448388296,0.19576651720119573,0.017112071543937308,0.8926384016701936,0.7000270885852022,0.7131468948781794,0.5037561686898071
601311.XSHG,4,1,-0.345407858298484,0.8449185895350386,0.23190519695409004,0.3801090166737112,0.24959455810971543,0.2644648821571465,0.8109644963230984,0.6144249815540953,0.9274276194984101,0.3828520989912544,0.4559606324361367,0.0015671722009108565,0.013380962123327627,0.00592134767800186,0.001341721053802935,0.0015085730380042918,0.0011819484019740204,0.0011356075316740278,0.6238762648528291,0.02272876987645755,0.15238700642443112,0.005047754706992623,0.05448608765255212,0.5454545434710744,0.06130602573622525,0.6874331739890381,0.02312947309660066,0.1226372433752374,0.09111911389142628,0.336380799503179,0.09047860554858647,0.21285140562248994,0.09480585703161336,0.7685912828162229,0.07564852801153524,0.05876547000066534,0.2913886297135376,0.18048958792089473,0.136136869990667,0.1378826352847744,0.5486414871844045,0.06531222342298572,0.10558517561942912,0.5232018938741845,0.13062473357086324,0.026073885440285362,0.15282154920019259,0.17237028451627218,0.02098019990155218,0.026073885440285362,0.6965471144936123,0.06020840054403567,0.0007317107354729466,0.009102438972254066,0.04346936492499863,0.02814380545050904,0.06619256866485829,0.04701783437761231,0.02937653594017497,0.5749814546434358,0.2985875364727598,0.023917829094826218,0.07725590172055818,0.1514185761513908,0.031298079799007,0.8984196361363992,0.7457183450532927,0.7372601415847884,0.3765949771291501
601313.XSHG,4,1,-0.2398025935885166,0.5889404451567015,0.2878156193396011,0.42519495278617936,0.48330612555366365,0.12310624549407367,0.6805862326559582,0.5600215176266263,0.9551051645723911,0.3570359857456924,0.2516815376226679,0.00179237313687064,0.011037836043423418,0.008150090726543492,0.0007189124289466452,0.0002088353719713323,0.0026326048029934484,0.0011061378913371819,0.6199618677864652,0.022443971367102883,0.15114345636772586,0.003998027617524489,0.03974269083290367,0.4545454565289256,0.0457438871379996,0.7325773162249374,0.028107402891428056,0.17020891742787372,0.09057619520259098,0.5404993300979279,0.20619535646989354,0.02409638554216867,0.15448428159393687,0.13502221026815547,0.10426668510640591,0.0686485418780457,0.3059471121844522,0.18701118969297284,0.14370595101610004,0.16364700008719518,0.5519730635385199,0.10451082230043074,0.0926605876364181,0.5206983705217774,0.11256995478298286,0.018068126023595497,0.14328388427569877,0.1612245645782142,0.02983255123779442,0.018068126023595497,0.7020473791653667,0.06950287254007892,0.00040760634461823393,0.009090293064731986,0.048919871732294715,0.025693554550719443,0.05506652632730258,0.019991172374468926,0.02996043969994048,0.600119976536936,0.28836922648063007,0.040913991014090836,0.10841209200472438,0.18624767251861984,0.022831847819584854,0.8240722330317705,0.6839314935208525,0.6480382241961591,0.5793224268159345
601318.XSHG,4,1,-0.1861571813454755,0.6766731715027388,0.37266387962875713,1.0,0.650438291836245,0.2877517985741568,0.674530707691186,0.3200265086020121,0.0,0.1608698762705998,0.9999999999999999,0.0,0.23221679275780566,0.6410130060198634,0.0029840589171838032,0.008062098247688082,0.0606230786708276,0.17138990010928018,0.6194366714067405,0.4964191390535698,0.1547629131709301,0.09657863127523997,0.6585285936013047,0.5454545434710744,0.5737875711644022,0.6639115455162593,0.13776668276701767,0.024057158361219137,0.07989000028489876,0.4024138695984528,0.13761233888401406,0.7951807228915662,0.11664521161445204,0.43872029434379867,0.07874998881566496,0.04317713230974086,0.3241944548357844,0.17485451829042326,0.14045630262805564,0.9112172697022667,0.6274370296839025,0.9425000337908277,0.5860407838600599,0.8305119749016545,0.36294989643967995,0.2665439557437053,0.35726178633242545,0.36889670973407984,0.23316784875616192,0.2665439557437053,0.745119347680529,0.054501562888075804,0.0019388156856717284,0.009044749612705879,0.05305644375124136,0.029247760156912796,0.06504798281099847,0.03229344616550119,0.02996043969994048,0.5208761391949597,0.2876174335752425,0.038657666240863246,0.04931574119944905,0.16022207655672088,0.01780133995334091,0.9103682308162078,0.6926744726018312,0.7134571562106395,0.5381813526058923
601319.XSHG,4,0,,,,,,,,,,,,,,,,,,,,,,,,,,,,,,,,,,,,,,,,,,,,,,,,,,,,,,,,,,,,,,,,,,,,,
601326.XSHG,4,0,,,,,,,,,,,,,,,,,,,,,,,,,,,,,,,,,,,,,,,,,,,,,,,,,,,,,,,,,,,,,,,,,,,,,
601328.XSHG,4,1,-0.1917440687931664,0.43345897844853876,0.8334480542784277,0.6025484679391004,0.5922118044149324,0.3337858241479325,0.3951073115010435,0.3688596482388399,0.0,0.08467062533716693,0.9999999999999999,0.0,0.013684344003226122,0.1962365112041707,0.0029840589171838032,0.008062098247688082,0.1776687336777462,0.3172822694018944,0.6194366714067405,0.04322220218156048,0.35608672607641495,0.22675322605166864,0.13181439129358072,0.4545454565289256,0.11271847082720282,0.45706828771119923,0.20871295222808758,0.007551777154743602,0.08290309060262502,0.5265312515938921,0.1308316113617171,0.38152610441767065,0.12966054462014015,0.3631078565936316,0.08819316746993595,0.0462560864351743,0.3179959373815317,0.1894466505096864,0.14104253919725884,0.164093684178406,0.5454569120949524,0.1340138034893775,0.1491958380077892,0.5290135384093589,0.15318833321932038,0.011616360800801806,0.17440453353901408,0.16652825962010961,0.295544904954385,0.011616360800801806,0.7244901417074776,0.05154028217855038,0.0010165370293848852,0.009087552819468043,0.05305644375124136,0.029247760156912796,0.06504798281099847,0.03229344616550119,0.02996043969994048,0.7394396807426571,0.29599917104153156,0.04091366601466365,0.06057662830628191,0.15851976934184525,0.00929129030328408,0.9150265938560738,0.6734194639777105,0.6867113090915813,0.47132848570197494
601330.XSHG,4,0,,,,,,,,,,,,,,,,,,,,,,,,,,,,,,,,,,,,,,,,,,,,,,,,,,,,,,,,,,,,,,,,,,,,,
601333.XSHG,4,1,-0.2155688796163722,0.44934729058967704,0.9802426607354773,0.49767087220598955,0.5788576744745889,0.0738456693573871,0.3945411403222018,0.36043948433183687,0.7190945422963472,0.23336053227425035,0.5887945377640665,0.012989593775172614,0.017187277034413542,0.008027821770599505,0.0036996359330421745,0.0016151444862626309,0.0072567377314494,0.0014648360287646952,0.6268047153257853,0.010466945304755464,0.15515707157898131,0.01283556443728854,0.04453548484363649,0.4545454565289256,0.037896366642233295,0.6858276993312836,0.12890825087053673,0.0209821832323415,0.09622214923436552,0.5890493831676406,0.05621985855286222,0.610441767068273,0.11001434875242273,0.8005818710418551,0.0759936624284395,0.04466207652407958,0.301934795277656,0.17492069406356275,0.13872229024819513,0.17266095300711062,0.5266631647698728,0.01834574170174689,0.1034801123923054,0.526425143053889,0.10985366132163474,0.0107102784797613,0.13954416045,0.15095288996065412,0.08926995668985253,0.0107102784797613,0.7394157590119856,0.059933249180099554,0.0007522452802841616,0.009113901943212618,0.048690991869026354,0.01648450778744656,0.10892208061421195,0.020923254385558965,0.029271952189591142,0.5829440379312142,0.29599917104153156,0.03650767315522606,0.05349287311592002,0.12570909016061205,0.014343034037207632,0.8722909062504438,0.6833924859581622,0.718758004082247,0.3035242517573081
601336.XSHG,4,1,-0.06988469044774687,0.9923238227805753,0.3425151729124475,0.9943400432730642,0.390460643173522,0.3751100042591624,0.7146232092480013,0.168120932579508,0.20660441066829188,0.39376519064072835,0.8431594882361257,0.0,0.013684344003226122,0.2682077718839955,0.0029840589171838032,0.008062098247688082,0.007077185506983413,0.02944631175824386,0.6194366714067405,0.01656366521980065,0.1093925106421345,0.014942290702003263,0.10821503575915759,0.6363636304132232,0.10926460448471068,0.6973532860889343,0.04522686672222542,0.03436736908745591,0.09095233240243701,0.5845640612772688,0.2871186412855473,0.6827309236947791,0.16540066486505714,0.0681347583767153,0.11499365868793983,0.04760327559298657,0.3180730175908183,0.18899514650441746,0.14935254005516602,0.6616141768577546,0.5179271183309421,0.29112916632253455,0.3310961105104244,0.7149135365465108,0.2004967483678305,0.24432922646802144,0.18905834823821888,0.20448848028615668,0.08434650556638375,0.24432922646802144,0.7568794206902032,0.05154028217855038,0.0010165370293848852,0.009105126578489428,0.05305644375124136,0.029247760156912796,0.06504798281099847,0.03229344616550119,0.02996043969994048,0.4779462722447255,0.29599917104153156,0.040552965400398475,0.054631459308861596,0.19204595113239095,0.03925270682538733,0.8188502151652441,0.6387847728981471,0.6459060026986134,0.7531254164897939
601339.XSHG,4,1,-0.2245973289013229,0.4667467955789079,0.6756904164783175,0.49027099760898524,0.5094710657174453,0.41123713845025783,0.5950628961696335,0.2328335823018987,0.990033712729607,0.21226678680606442,0.37951227842079793,0.0033430391937332893,0.012570713143131261,0.005376650410676394,0.0016658388085916047,0.00818075321178371,0.001101932036422855,0.0012334828510891507,0.6273495871483377,0.031093033131860275,0.1516588694778106,0.005960317954794179,0.008183429418495135,0.5454545434710744,0.0068120637727553226,0.6816469476228371,0.008449824384535093,0.03771366555123451,0.09115457736464411,0.6086151789505352,0.052563046617577235,0.4377510040160642,0.1298351276959909,0.6136265410394631,0.09612689581208636,0.04452473614990722,0.30934103883220043,0.18193954748597743,0.13890037097985997,0.3696694094905555,0.5009484973907652,0.04138664150030255,0.21768653954928754,0.5030569578662295,0.12368247582533633,0.028513523546652694,0.1837885226259674,0.20146913739013605,0.059468949044374934,0.028513523546652694,0.6609782688714467,0.05650940836572875,0.0011979753403907724,0.009036126133513076,0.04702036674601168,0.01603198672210801,0.03809042392612488,0.027013165899233863,0.02996043969994048,0.5477998942166209,0.2828752204814707,0.02577009833020169,0.05411108822723564,0.14803422822617418,0.011025901776634563,0.8892946414622716,0.6486748706381853,0.6790828410960279,0.25426941764233313
601360.XSHG,4,1,-0.2398025935885166,0.5889404451567015,0.2878156193396011,0.42519495278617936,0.48330612555366365,0.12310624549407367,0.6805862326559582,0.5600215176266263,0.9551051645723911,0.3570359857456924,0.2516815376226679,0.004585277962534866,0.013684344003226122,0.00494487858528114,0.0029840589171838032,0.008062098247688082,0.00966583515757642,0.003724127055187232,0.6194366714067405,0.02795801905504902,0.15114345636772586,0.007249247564261568,0.03974269083290367,0.4545454565289256,0.0457438871379996,0.7325773162249374,0.028107402891428056,0.17020891742787372,0.09057619520259098,0.5404993300979279,0.20619535646989354,0.02409638554216867,0.15448428159393687,0.13502221026815547,0.10426668510640591,0.0686485418780457,0.3059471121844522,0.18701118969297284,0.14370595101610004,0.20470555979997465,0.5318427242963106,0.077915971133906,0.12469801664167228,0.521515575256219,0.11601091851739048,0.03148564188991912,0.14997234261458614,0.16450473416111355,0.0632184951466207,0.03151351181947201,0.7073590212283098,0.07474128671978711,0.0010165370293848852,0.009470773081934954,0.05305644375124136,0.029247760156912796,0.06504798281099847,0.03229344616550119,0.02996043969994048,0.6137324122247689,0.29599917104153156,0.040913991014090836,0.10841209200472438,0.18624767251861984,0.022831847819584854,0.8240722330317705,0.6839314935208525,0.6480382241961591,0.5793224268159345
601366.XSHG,4,0,,,,,,,,,,,,,,,,,,,,,,,,,,,,,,,,,,,,,,,,,,,,,,,,,,,,,,,,,,,,,,,,,,,,,
601368.XSHG,4,0,,,,,,,,,,,,,,,,,,,,,,,,,,,,,,,,,,,,,,,,,,,,,,,,,,,,,,,,,,,,,,,,,,,,,
601369.XSHG,4,1,-0.2112816971174733,0.6420463425936549,0.27517528379406964,0.3686731205000254,0.5085818603099931,0.15334937208086477,0.49917964219970246,0.23524478773788443,0.8717432177171416,0.11772642634919958,0.49872673415555385,0.010285817179669223,0.01457978296918996,0.006276833116168768,0.0016938052278916745,0.004377190308681906,0.02109830679245458,0.001517191774884026,0.6253122607108841,0.027352369637824767,0.1532694847734435,0.005882751936708979,0.018326134549412638,0.4545454565289256,0.026536308282193583,0.6987878307857682,0.01822312240784859,0.033055982635434564,0.08947827337348875,0.2619105250614018,0.029387767481940393,0.9999999999999998,0.07549565123440116,0.8604074123882685,0.05186107957835079,0.033282161772988705,0.3042836191863176,0.1760541542640749,0.1320254148501132,0.12302201593811993,0.5128762051339576,0.07004592674432716,0.09107763763546542,0.5129823251042552,0.1268443771855022,0.019972641993286175,0.1436847936544905,0.15272021066082617,0.11455519426214103,0.019972641993286175,0.6752857344845679,0.12460574656960943,0.00017965238088965552,0.009093150377002203,0.057808061742420834,0.01620061394573161,0.027175509561589137,0.012152126674978964,0.02948395297895613,0.6481521728283083,0.3114859823326721,0.024009243308708666,0.027070882495010384,0.1213051628920302,0.01316922892863552,0.9389566260953544,0.762560258281368,0.7911281102048253,0.15253936361504777
601375.XSHG,4,0,,,,,,,,,,,,,,,,,,,,,,,,,,,,,,,,,,,,,,,,,,,,,,,,,,,,,,,,,,,,,,,,,,,,,
601377.XSHG,4,1,-0.2866868065559341,0.9960892541167063,0.22808076552146855,0.25212394462365195,0.4818053929079223,0.18409325757953748,0.685305361618276,0.3568023385028284,0.6122390644388223,0.23828457181970578,0.6427677280302349,0.0,0.013684344003226122,0.00712606202360139,0.0029840589171838032,0.008062098247688082,0.0007621848948572682,0.0015555622800678612,0.6194366714067405,0.03350637363706427,0.15128587082225015,0.007051557404565105,0.16950924042273605,0.5454545434710744,0.17219104245502204,0.8038804080452253,0.14759383474168286,0.09012390340960477,0.08866840471675465,0.47075804585448017,0.22191415930003613,0.2730923694779116,0.15409229317834747,0.15662679050076017,0.11668139141878514,0.04894968865915221,0.3505925534571859,0.24723499117730063,0.14439487647436547,0.147636418794837,0.48595698175093627,0.18290007784459475,0.11347296473719147,0.5333562629596417,0.12459022785359204,0.0077213811593185,0.14659714264226742,0.1609350236145406,0.06622245866662849,0.0077213811593185,0.7398761593265536,0.05154028217855038,0.0010165370293848852,0.009044891080095194,0.05305644375124136,0.029247760156912796,0.06504798281099847,0.03229344616550119,0.02996043969994048,0.6185550034762148,0.29599917104153156,0.03630207851758661,0.05808849132793892,0.16051269506510615,0.03157055691810731,0.8343156609052562,0.6607818097386229,0.6623736180168096,0.745293201921482
601388.XSHG,4,1,-0.3192253422014061,0.8722222320275224,0.3895233064192561,0.30007279465055825,0.5495605379366723,0.19740133241642027,0.8758253814560192,0.1845101670969032,0.992020120501713,0.37110737716487774,0.30007603003073274,0.0019074862054164227,0.011211576379461553,0.00502597768194246,0.0016503686401706259,0.006968148817713259,0.00020014855615569806,0.0011348933933334657,0.6212070486437489,0.022218355037062886,0.15131132687507154,0.004200825117873352,0.018009479872191637,0.363636358677686,0.0177950115874997,0.6650981117968089,0.015864749241178512,0.0950981278827892,0.09065955227692825,0.22799342471890227,0.07097416840509521,0.9718875502008031,0.08386443920622015,0.8317409216106372,0.05501009816384898,0.037673082481916004,0.27746658677122366,0.17558993346811883,0.1355662317337264,0.2834465783781229,0.5997489268656395,0.11911447119249052,0.15317254138537337,0.5101677382325811,0.11974998611826955,0.05882973927976317,0.15408969463720926,0.17157598244988773,0.04139022949156235,0.05882973927976317,0.6756059113530746,0.053130548802012796,0.0035195042650965637,0.009071078996814736,0.04343387865224982,0.021076143453097034,0.0776204533353139,0.01881870323722243,0.02996043969994048,0.5019066511576848,0.27461620504986034,0.032001881096684566,0.040024578519215336,0.14421771292496327,0.034653346892385,0.9295067532061752,0.7668999601963646,0.7989255716069954,0.3889388213762073
601390.XSHG,4,1,-0.1927859482620122,0.4750891448856634,0.9468483852083025,0.42590767102625937,0.6328917397849624,0.44846919627652304,0.24057696841332443,0.2983907035937772,0.2846148239412192,0.12026346879308242,0.8015539399864202,0.2568858712154335,0.06803923777773871,0.02853874931246707,0.15491974100338549,0.37510653952914885,0.769307282859204,0.02627422109337288,0.8004357421096941,0.06187427534887052,0.17203534323747371,0.03802523519088253,0.04042412971969878,0.5454545434710744,0.046620552852887846,0.6489914001688096,0.1480563321026704,0.006692592927557203,0.09955338450219962,0.7473340955825037,0.17892617756964918,0.2891566265060241,0.15099130246880232,0.23722434783322843,0.10264452562467058,0.04614968257536858,0.38710025659692016,0.1932495054834576,0.14439227675565502,0.15880690260571892,0.5590516895646892,0.14102797782170443,0.10476404913426725,0.5133493142149443,0.11654456836173474,0.09318115973176869,0.14560212618235047,0.1639530248785257,0.02749726511753169,0.0936485220994947,0.7122977130724477,0.07484628702478612,0.00033830594892166174,0.009056273995864443,0.04492905119996368,0.015420229814051301,0.059410238418030246,0.010522706842755487,0.029480166180307778,0.5200982876176896,0.27302638302544285,0.03236065608934364,0.058665391766793924,0.1751319697775751,0.011976431177842915,0.8830828989788528,0.6376570032285174,0.6598941678791064,0.6203305499661119
601398.XSHG,4,1,-0.01703235974526583,0.20638450542948883,0.5994747044021295,0.8063116910758645,0.6216042308724293,0.2653118336019715,0.0,0.35116403873978974,0.0,0.036740226266829296,0.9999999999999999,0.0,0.013684344003226122,0.7230758151722821,0.0029840589171838032,0.008062098247688082,0.21592261969071802,1.0,0.6194366714067405,0.061083029871999206,1.0,0.6782642771781756,0.1005365245107104,0.363636358677686,0.10336915023520217,0.49596123186882246,0.2045614880788376,0.0007687437822194085,0.08271011995785993,0.48344181062310043,0.1630695843740955,0.34538152610441764,0.1335824051882137,0.2679686561632852,0.09051555170186326,0.0441995016876567,0.3473118452091645,0.1833005519505629,0.14269466043774062,0.07158660047562032,0.5600215963704106,0.1585035373987227,0.09564860618528873,0.5598472079118372,0.14354022594757387,0.008640107060434941,0.1519238494588676,0.16583899616184228,0.07380484907186292,0.008640107060434941,0.7420683191999785,0.05154028217855038,0.0010165370293848852,0.009088947753725466,0.05305644375124136,0.029247760156912796,0.06504798281099847,0.03229344616550119,0.02996043969994048,0.7777889277845479,0.29599917104153156,0.036043606473143586,0.05793444779868456,0.16793015655874755,0.004385954417658671,0.9159169021885785,0.6708128786873648,0.6783870635547236,0.3217436600435645
601500.XSHG,4,0,,,,,,,,,,,,,,,,,,,,,,,,,,,,,,,,,,,,,,,,,,,,,,,,,,,,,,,,,,,,,,,,,,,,,
601515.XSHG,4,1,-0.1769007807978974,0.4278993733040508,0.22636725593921722,0.4688724514125367,0.5644513432117216,0.44295289395264015,0.7011221086012859,0.22113190704546537,0.972559559302,0.12087061102871935,0.4084475101407255,0.0021342202304217746,0.014263831366977392,0.006088206239044099,0.0006386921500792881,0.000723604444029511,0.0013967100412808618,0.0011051257283246328,0.6206732583915174,0.025777564902974025,0.15271617528140002,0.004831193957519368,0.007212368880330344,0.5454545434710744,0.008313855382071626,0.6984858000985893,0.006636995814854622,0.057339242109071174,0.09182499357136124,0.7727990051799218,0.22955908832919666,0.5100401606425702,0.15952413265151502,0.13751579664900587,0.10182246343931775,0.03885584675676459,0.33408744772221177,0.1841683171310736,0.15586483542480703,0.14385731679893685,0.5094254698059905,0.059441508842249004,0.12213987407014452,0.5272822940781985,0.16726484305115386,0.017763350275389653,0.16659658975382863,0.1849145440487285,0.04189254131879253,0.017763350275389653,0.6760043796456321,0.07718540421191689,0.0003170571930891249,0.009094101991940787,0.05258656671762266,0.02714566335906586,0.04910182622232519,0.03178163280402918,0.02996043969994048,0.7530911699708265,0.4043760109152077,0.029809012461615533,0.038421882592524555,0.14590062446167099,0.009952892265358617,0.8705564471460425,0.6024501348900979,0.6374497310628364,0.7174710839043857
601518.XSHG,4,1,-0.1854331248739465,0.40883845826952536,0.5128549212321262,0.5771555122868198,0.6326951416350914,0.20678070953741445,0.26954782126640875,0.2732575513695776,0.9394510067715254,0.03611722872440187,0.2385016437033085,0.001342307398412003,0.0121310059054269,0.00542220939799944,0.0002441614325595618,0.0004913248120494652,0.0009370884637408489,0.0011138882806233175,0.6197695312276192,0.022348780830471125,0.1515895226857167,0.00409225575883397,0.0026843974535833495,0.363636358677686,0.0032917824958953413,0.6853169141514708,0.0122889636315567,0.01293298363027946,0.09052617163051192,0.12049248186087602,0.09241842391653277,0.9036144578313252,0.1092764882054309,0.5122559411312402,0.07104641168986256,0.03515257835854714,0.2995836854830809,0.18062768294411577,0.13761481007754958,0.062265572371155826,0.5635029883723758,0.051995066939903,0.049627937013876945,0.5244709591612301,0.11023416869148459,0.002552775643292772,0.12413454882123688,0.14222979412013548,0.015521567997514682,0.002552775643292772,0.7247740941857517,0.09350079141239312,0.00023473711547662647,0.009078738797958239,0.05918582617583566,0.053194794652048696,0.028511329318252947,0.03686578140309643,0.030006825418510522,0.8545567243965968,0.29599917104153156,0.027325675588496773,0.027488276137045135,0.1453308665197345,0.007914996709935994,0.9379908679041626,0.7343549599752337,0.731403463836731,0.4569624652789248
601519.XSHG,4,1,-0.2337632760190009,0.6550540536777426,0.30702712545164085,0.18888892627093595,0.14980093601449074,0.12434892302485859,0.5828045547259446,0.20777866599876038,0.9884723365055557,0.282065134373725,0.3827798079055872,0.0055407855143241045,0.008405317376168113,0.0038019615067347292,0.00017294724936577546,0.00021149970980128828,0.0006426052452500381,0.0010082838528812567,0.6222088388349915,0.02275089014902879,0.14983724632049245,0.003129159791519546,0.019701599428488974,0.363636358677686,0.014422144905168197,0.6861959705832517,0.015699597191576167,0.04802387627747128,0.09013782699975861,0.24369985898809626,0.1152782111321283,0.6626506024096385,0.09198617565560885,0.5479853690435982,0.06357455670991018,0.04220216445446405,0.29785927055560657,0.17724816885437397,0.13981937154399893,0.1350855458808891,0.5318427242963106,0.06146382157247976,0.057519048196127215,0.521102576447433,0.08775638337666695,0.0020374986080298066,0.10809639857920723,0.12605477084212088,0.0060614060967137135,0.0020374986080298066,0.7393771975643189,0.07103480538603699,0.00038385373253438403,0.009160885840322944,0.16567261129893476,0.150367541382954,0.014030148945219242,0.11935836940150805,0.02941311941186517,0.8307188723536136,0.19249694328635508,0.06470999407363544,0.04710917896984214,0.23661128210974314,0.019593527546808636,0.9333937523966425,0.7598513997611787,0.7510977970125134,0.33179179436306394
601555.XSHG,4,1,-0.2820339841767148,1.0000000000000002,0.3293628805931753,0.161071312019546,0.4347268230257224,0.16822480423399794,0.8623911938319038,0.4489798274082602,0.7768909293525559,0.22402059643023564,0.5573317479814546,0.0,0.013684344003226122,0.006106981365338562,0.0029840589171838032,0.008062098247688082,0.00043769453805467067,0.001163812999293518,0.6194366714067405,0.0239550694183717,0.1507984555486046,0.004501000361030313,0.10975075384378148,0.4545454565289256,0.11609682177311884,0.5351010251143031,0.1365902030408069,0.08533055982635435,0.08830302709537054,0.47749599917015617,0.11602651624501431,0.6224899598393573,0.12987136191928067,0.4266722376267709,0.09442166991742604,0.04114932954447571,0.3235184596936488,0.18921372139609796,0.14071627449909918,0.21446279032151191,0.5318427242963106,0.147768036587506,0.10779832949026297,0.5080990534162065,0.11545074022260551,0.004696394396717203,0.12349102635698544,0.14142470309613175,0.016622412862151586,0.004696394396717203,0.6619598329938758,0.05154028217855038,0.0010165370293848852,0.009071753982691657,0.05305644375124136,0.029247760156912796,0.06504798281099847,0.03229344616550119,0.02996043969994048,0.6211934893324005,0.29599917104153156,0.03471360319227437,0.04491838805981226,0.1639441467801591,0.030840760902075732,0.8876107781454603,0.6671144575649026,0.6952507571696771,0.5644585808271718
601558.XSHG,4,1,-0.3812045088680728,0.5464856529829782,0.4444868840189241,0.24221211451018193,0.0,0.9464403091761449,0.5598192063991223,0.06916769988773974,0.71763152048011,0.34926669206093847,0.589564324884498,0.004211225244003645,0.005920080854130119,0.0026840113397796823,0.0016279570659756678,0.00618168224635416,0.029953646088285584,0.001862297848527974,0.6478928381610193,0.024176545128550816,0.14767954150404608,0.004480414071669729,0.009168504585702206,0.2727272717355372,0.009692044802906185,0.7000795915129356,0.004335767270000376,0.030387989508908385,0.09076254055764671,0.1466819402832461,0.07511489543743385,0.9718875502008031,0.08372411394147974,0.7519738753453191,0.05409427037052309,0.029464701961968404,0.2909884703680872,0.1801964679072573,0.134877306275461,0.18755812508941935,0.5087364484936717,0.050511877302899556,0.08528085474467959,0.5171629738379039,0.08658144067470605,0.0034745908333921696,0.11744023929888733,0.13327811772155884,0.032439006223100135,0.0034745908333921696,0.7128609439141272,0.24253803752647277,0.00013377003604613248,0.009115929368297847,0.052517968718256924,0.016466292577731453,0.010340420877678983,0.017967020842248424,0.02834013137701286,0.4883006243880587,0.22411818604947237,0.06347941624252887,0.028972450081711922,0.2521638451892385,0.02082535742058982,0.9363425104032042,0.7711788510017255,0.784076596261549,0.2581048065786794
601566.XSHG,4,1,-0.272576158052222,0.6798565602262123,0.3789282572402819,0.45188231100615806,0.5701058804746775,0.2881243848981236,0.7538762941869364,0.09009754938344783,0.9482660205718783,0.3467358370538519,0.4364539376824799,0.0022377192693503025,0.014885558884104318,0.006573500434926499,0.0008583713727108213,0.00041202110642804914,0.0018550497778016665,0.0010175264306654284,0.6261175482017486,0.022342908465399307,0.1534543762193671,0.0051163417566139485,0.02463289969923641,0.4545454565289256,0.027719752252384666,0.6971084165146906,0.0179891880907575,0.12033101202857918,0.09131408784214903,0.5688409942020108,0.15746875651116501,0.9196787148594376,0.14440523828284038,0.3298709884724242,0.10443462590738606,0.02950506175447196,0.30037800957958916,0.18351829358768326,0.14164177436001424,0.4047665572419463,0.49004190817592386,0.1510743279077226,0.21952235082241958,0.5360935657225666,0.17663879702577615,0.024720142640860476,0.17465826704349746,0.19017430064145943,0.07387244248397042,0.024720142640860476,0.7256621760108066,0.07681280602235209,0.00032017849495962055,0.009078532902591233,0.04872951228405481,0.047015630106295656,0.034849648800556625,0.059010501650964706,0.029523320701163314,0.7813250199868491,0.3546461366078957,0.02996383406374246,0.026020450762868002,0.16119692709124994,0.02379359334808877,0.8607444149351664,0.689951793374906,0.6823452060003223,0.6054456328573037
601567.XSHG,4,1,-0.2041924141365632,0.5675827366317971,0.4500354114021538,0.5877926328130519,0.2612277855374978,0.2279277403082361,0.4372741167584598,0.3284525356225372,0.9712849037400142,0.12778816536698268,0.26823196071194466,0.002101184802959175,0.010997125810885513,0.004927803096629647,0.0008858133219412926,0.0006125254354973845,0.003354436203644561,0.0011407318357934545,0.6207148511013997,0.022738315268856387,0.15116861604361798,0.004237505198667711,0.004081322892307626,0.5454545434710744,0.003944150368524133,0.6961765032698598,0.0025406947482010025,0.021524825902143437,0.09125725025444069,0.3804112509788243,0.0984614225098607,0.465863453815261,0.12411868486898361,0.39551318705798894,0.08914897963769616,0.04544822648796093,0.3064258702529405,0.18172822624266483,0.14092815157399968,0.26001546969741984,0.5318427242963106,0.09114025627182354,0.1516341509766842,0.5054558566018053,0.11523228791283352,0.02383611497891683,0.15700635082953757,0.17316819221875218,0.05590717383461667,0.02383611497891683,0.6579365886206338,0.08351719591440379,0.00027513543556678015,0.009095071975707053,0.04848585746707691,0.019698501763127357,0.04676611620971386,0.019033770498870374,0.02969933055747553,0.6290313280692981,0.29575848253852943,0.03436406630833313,0.054346606599585984,0.11983671213963622,0.017638780881737152,0.9111094147221315,0.69308080137986,0.6984880371151769,0.4180237627737966
601577.XSHG,4,0,,,,,,,,,,,,,,,,,,,,,,,,,,,,,,,,,,,,,,,,,,,,,,,,,,,,,,,,,,,,,,,,,,,,,
601579.XSHG,4,0,,,,,,,,,,,,,,,,,,,,,,,,,,,,,,,,,,,,,,,,,,,,,,,,,,,,,,,,,,,,,,,,,,,,,
601588.XSHG,4,1,-0.2246224339240011,0.6010998016780007,0.7494424689104826,0.4689400932430238,0.5694997028459087,0.26615751959106254,0.2547529997957392,0.3507745081351617,0.9187333532969364,0.1822671928566042,0.4633648641872353,0.007412151640395458,0.015227974246549864,0.006749429043888481,0.0021341506082525647,0.022074828197608715,0.02028960950407763,0.0021603010276686815,0.6424994542270253,0.02199848311062592,0.15277751814432294,0.007353737245414325,0.00880535359154637,0.4545454565289256,0.007479230001478443,0.6315048817031476,0.026318659482808288,0.008003979379578547,0.08949116706091097,0.32148699515509327,0.12754040166834144,0.36947791164658633,0.12194265505941752,0.3319488060248496,0.0829917274812248,0.043984507956394706,0.30767866952672074,0.18222857500918505,0.14141169925414068,0.12963798057890355,0.5213749890188798,0.03977659508463865,0.08546109733445782,0.5259579857087431,0.10933111643403672,0.007872388059869437,0.13636082303526406,0.15134892296715005,0.053189653595691194,0.007872388059869437,0.7310432507534089,0.08969250670896678,0.00024765292899812876,0.009080843810778304,0.05224806197459868,0.015558262767154,0.017748005854494167,0.016416142466907063,0.029214575379279694,0.7045444717095992,0.3073478120626749,0.06899489214650259,0.050380418659470814,0.22544649642802858,0.020906412633845788,0.9164787817244464,0.6924561054354079,0.7042179698082718,0.38816462869348317
601595.XSHG,4,0,,,,,,,,,,,,,,,,,,,,,,,,,,,,,,,,,,,,,,,,,,,,,,,,,,,,,,,,,,,,,,,,,,,,,
601598.XSHG,4,0,,,,,,,,,,,,,,,,,,,,,,,,,,,,,,,,,,,,,,,,,,,,,,,,,,,,,,,,,,,,,,,,,,,,,
601599.XSHG,4,1,-0.378901650741351,0.470958760280612,0.21223466591009413,0.3886843008800698,0.11362553903584988,0.2601804106006142,0.5846837127073838,0.48050505592769027,0.9488038962396126,0.34315389122099393,0.24612000637875242,0.0009766077655014684,0.010848233982896228,0.004855976029966176,0.0006816647231427533,0.003043222114342426,0.0011948807095580266,0.0011905120961779076,0.6178244162122314,0.02328176807666563,0.1508143608751834,0.007249247564261568,0.01281761175461135,0.5454545434710744,0.019973364015180173,0.7008539204070422,0.01196123544551478,0.08410961381929999,0.09317640264723137,0.7473857955045393,0.24024539413127408,0.0,0.1930210250727649,0.09721599139307194,0.12407647977471055,0.061797130360334254,0.34091764869592833,0.19064526830901174,0.15330671221373846,0.14170126898377194,0.5417973595858997,0.03539734024106504,0.08444731856407524,0.5277742224857331,0.09984976399317592,0.026044117788164834,0.14997234261458614,0.15055003699131075,0.0632184951466207,0.026365813019740905,0.744691666170042,0.06458722546522659,0.0005214888258025615,0.008234639897737895,0.04584008539923243,0.015657305962130483,0.07048819844976363,0.01095013236548404,0.029476695402266054,0.5309056010857766,0.2695337190408587,0.059120751424675606,0.08970165817386261,0.05964210619648376,0.02362968834120955,0.8091162957492437,0.5722518906726819,0.5819050309865252,0.7315917305374363
601600.XSHG,4,1,-0.2816854697931126,0.43062387398385227,0.5811365736795358,0.1670344174736909,0.6817849975216261,0.40628360236922234,0.21467230641938265,0.008279082737876198,0.3386324697757783,0.2339056067845244,0.7743692511606663,0.03260349702566229,0.020590995513241523,0.00028459820157025664,0.05883337024827724,0.26313635854258666,0.10829382882021629,0.010486808084349996,0.5283490618181523,0.24425431038420883,0.12899475861501294,0.02248143534201544,0.03647251459344713,0.2727272717355372,0.028456291235002748,0.6273675739176042,0.0742028486119658,0.005381206475535859,0.08376433875976028,0.15478036475888574,0.08260676664955283,0.9999999999999998,0.09638830438328691,0.7037806218875083,0.05924554105823331,0.02851613938394819,0.28080111992373835,0.17412465214521208,0.1367738010747237,0.12448718484436627,0.5166797937539589,0.04388483109522685,0.08884194314525487,0.519517750373212,0.07515977915254776,0.0517495185670462,0.14114208113003504,0.15001654260250508,0.11437600545200509,0.0517495185670462,0.7255371434380686,0.05715065636573445,0.0010730909418089575,0.009382583882367448,0.04164188783804961,0.014534013279305515,0.12387189026185964,0.005221173172890607,0.028420312070839424,0.4659841014455953,0.25777795167774215,0.03622597990171042,0.012377640845614858,0.16916419668642652,0.00927110127415206,0.932369409609294,0.7450162531511215,0.7606049963956873,0.333810496681038
601601.XSHG,4,1,-0.2124930430765057,0.657178077780739,0.41199562571259485,0.6098019032852858,0.6093531235450524,0.25249638260439466,0.4796333746412489,0.24939577866819748,0.006045283423154912,0.21703846072041094,0.9919479544398058,0.0,0.013684344003226122,0.3505049166189238,0.0029840589171838032,0.008062098247688082,0.0067027203080247556,0.03732516354291938,0.6194366714067405,0.03362516026854062,0.1101781560889787,0.03405322075123417,0.21938005246694342,0.6363636304132232,0.22084581457791863,0.7067303701901183,0.10548301653989708,0.016505381206475534,0.08095020615585569,0.3616496690092046,0.17672740622349575,0.8192771084337348,0.11996558407591529,0.2318234594225022,0.078825027819012,0.04176043270337164,0.30728907735977057,0.17830677755135407,0.14300272710492723,0.6272204679861239,0.5804879919315654,0.12158624747192692,0.30327802105112645,0.5797747045779814,0.15915913093230746,0.1200223345364034,0.1822932439356061,0.19788303881109487,0.07829437699682204,0.1200223345364034,0.7435944177046123,0.05154028217855038,0.0010165370293848852,0.009070848426903083,0.05305644375124136,0.029247760156912796,0.06504798281099847,0.03229344616550119,0.02996043969994048,0.4873448039181986,0.29599917104153156,0.035293824669634016,0.04625484761915953,0.1816604758828596,0.018681880720224923,0.8884229736830893,0.7106994383264782,0.7053679171298581,0.5007151099568881
601606.XSHG,4,0,,,,,,,,,,,,,,,,,,,,,,,,,,,,,,,,,,,,,,,,,,,,,,,,,,,,,,,,,,,,,,,,,,,,,
601607.XSHG,4,1,-0.2013489981153847,0.4979639294387074,0.5698169934502137,0.3937083889858559,0.5052315001726084,0.14981856980362296,0.6037524740209672,0.41301860384242817,0.5350791533441817,0.26592713906457555,0.679977267788791,0.03003654713119303,0.02690577673460806,0.01056308861276098,0.02395705970834845,0.023665625684003336,0.04808706487070919,0.0018625641489478898,0.6617814227894909,0.06321534566483221,0.15848425529007243,0.013561921210798418,0.12400379758803655,0.4545454565289256,0.0662277331868895,0.6649141910789474,0.05976195798315558,0.026679931265261823,0.08678932139660057,0.20897415952542536,0.06623397151933871,0.4377510040160642,0.08544029851729557,0.8737017490008715,0.06671472023499306,0.03976395449829644,0.29186450031195726,0.1778344709161005,0.13731064298842863,0.4736855326285096,0.5043381706549491,0.18513420714895876,0.25982497826793266,0.5189069048071759,0.1569627713747752,0.14904829133574535,0.1907460153985434,0.2069174212345301,0.07844864901974972,0.14904829133574535,0.7036634543812232,0.06483509395075761,0.0005137301964474155,0.009054456030247113,0.043945989101360924,0.019121761748526492,0.08775648977181735,0.015956296955439347,0.02942598499216505,0.5359552605054316,0.27734890023521275,0.031564846241958495,0.0421520161415848,0.15901970284237726,0.017446910330800983,0.9190405263382142,0.7419646411038876,0.7597547483186478,0.2664874322384641
601608.XSHG,4,1,-0.1835012984855592,0.6657620296814278,0.570005430806967,0.46265701714047525,0.4379043239054824,0.573492607207602,0.7065244547417303,0.1600153613574281,0.9242021218207157,0.08817793521366957,0.458749303735681,0.01341235781846319,0.014324928012786432,0.005940398664522014,0.002164508165253558,0.009638143272813244,0.013153500989988234,0.001427512898363923,0.6282268353180287,0.022944195141854116,0.15225768324925362,0.006364028354919437,0.012442857976331214,0.4545454565289256,0.013356655636722954,0.6491736042417752,0.03539144049752919,0.05127973229628289,0.0897974525131216,0.3503397562961733,0.09731996749776403,0.7349397590361445,0.11564844107195324,0.4935607161079109,0.08170475855317778,0.03623171199966897,0.30877052801119714,0.1819057512574578,0.13990646212079852,0.11605348647480346,0.5866641055779667,0.07593609609812667,0.0786700287789623,0.5190181537761859,0.10957828956541218,0.011429898682982914,0.13447862685483564,0.1518751501824298,0.029086638054772927,0.011429898682982914,0.697071783887625,0.09069989939942939,0.0002439920055978308,0.00911118966243261,0.06084365513358404,0.019789513560522224,0.03590339493411107,0.014668494808479135,0.02996043969994048,0.641700939076979,0.29951530575993673,0.048739855346004946,0.033900874060962226,0.2068059830521356,0.014529221750314052,0.9199610146141939,0.6985233956923622,0.7146163453591508,0.4020632089526792
601611.XSHG,4,0,,,,,,,,,,,,,,,,,,,,,,,,,,,,,,,,,,,,,,,,,,,,,,,,,,,,,,,,,,,,,,,,,,,,,
601615.XSHG,4,0,,,,,,,,,,,,,,,,,,,,,,,,,,,,,,,,,,,,,,,,,,,,,,,,,,,,,,,,,,,,,,,,,,,,,
601616.XSHG,4,1,-0.1570799521304841,0.6196682945425858,0.5325661039306127,0.3381007838484058,0.2738251129060165,0.0874854743759676,0.42191291694788785,0.12569434379941855,0.9716989582336253,0.16236356218470654,0.26871352941521925,0.0014805570055219654,0.01056809141118212,0.004682593603498193,0.00037465755852008134,0.000480731308603183,0.001801784008829698,0.0010979524584567816,0.6215942086515148,0.022724558877788837,0.15080239790200212,0.003750174547800435,0.006587223328316195,0.5454545434710744,0.005887603678865477,0.676779420454323,0.008465866535230635,0.022655331464230804,0.09116498190293945,0.48550108972575506,0.06748016345776595,0.8875502008032127,0.11795359647724292,0.5803906995079555,0.08374411030506089,0.038040334860710755,0.3091716233823627,0.18083671588629416,0.13892766802631953,0.15664473583040045,0.5118367428580503,0.05028847530211095,0.07769899756566802,0.522843456199944,0.10050964662771426,0.0043288508432152905,0.12023642428512608,0.13736973207133088,0.02202935568634218,0.0043288508432152905,0.7242015151143347,0.10155889493202631,0.00021389148019172532,0.009060346666539367,0.057228012890091745,0.0279722119640453,0.02179911332717732,0.03359693701814264,0.029308372202346878,0.5952577111537153,0.27943881443310015,0.051049886274575434,0.038314348993944425,0.19344481494148047,0.01742522581802955,0.8922567141497777,0.6530698553801253,0.7008592258517663,0.26676357138354306
601618.XSHG,4,1,-0.2634629308538884,0.29748143023244644,0.7863099201681961,0.2973138225018163,0.4483837074298553,0.40337178872529555,0.19274803704536952,0.14691515030366353,0.4574024425263384,0.04066789513068056,0.7169627380568928,0.11729652100596451,0.05107663102407643,0.020929827593104054,0.06431988083103486,0.23927261600041808,0.40734048481085133,0.016757376951083067,0.684153322647333,0.07454834698649504,0.16537534927925526,0.01003957519708707,0.019137953985750855,0.4545454565289256,0.01983486274203102,0.615375382531518,0.0911130481543269,0.004295921135931989,0.09287153189834324,0.4776605666314865,0.17910313543752382,0.899598393574297,0.12906498575006817,0.3028665464187931,0.0883320079067654,0.03661456248873457,0.29219095487329194,0.1827725822104824,0.14182505452909994,0.1174030392392007,0.5094152676669386,0.05932186563112868,0.062471614880806235,0.5089739898224256,0.1125038098605021,0.04669703758259168,0.11894609021860211,0.137953677414807,0.003388948132526559,0.04669703758259168,0.6983793675221466,0.07540833084595229,0.0003328200712137833,0.009039068435881524,0.0451825999591578,0.014319928345369971,0.0457414688779539,0.009886316644494589,0.029501684186871806,0.5272941077327207,0.26138352086303185,0.03478398994321772,0.03724769238793652,0.1659335891979531,0.005047107734641384,0.9207696595702377,0.688177214630048,0.6889927200809056,0.4721077806136642
601619.XSHG,4,0,,,,,,,,,,,,,,,,,,,,,,,,,,,,,,,,,,,,,,,,,,,,,,,,,,,,,,,,,,,,,,,,,,,,,
601628.XSHG,4,1,-0.2209925276748172,0.5106619891463173,0.33995983531845375,0.593394686716508,0.5583362380041275,0.2515702497864995,0.17938946320840282,0.2670246952509331,0.0,0.14209371259742792,0.9999999999999999,0.0,0.013684344003226122,0.9999999999999999,0.0029840589171838032,0.008062098247688082,0.007815493113807482,0.10494918689683522,0.6194366714067405,0.03842368122505055,0.0,0.16317527644561397,0.13468728973461813,0.4545454565289256,0.14975474884864717,0.6809649183991104,0.0730000779315496,0.0034819571312290853,0.08323085099278879,0.38297291615712836,0.14563280264374182,0.9518072289156625,0.11829090415586775,0.3830493615125361,0.07592394690742017,0.037413401127275425,0.3100538278859398,0.1763547381010737,0.14094245002690708,0.21203058417310025,0.5266129581840956,0.09733969822586679,0.2271130759917584,0.5495696258758598,0.17845325668877474,0.10006372732617884,0.22959298039472736,0.2200425794877151,0.34844138869207275,0.10006372732617884,0.731135564522066,0.05154028217855038,0.0010165370293848852,0.009091904038335881,0.05305644375124136,0.029247760156912796,0.06504798281099847,0.03229344616550119,0.02996043969994048,0.48396006843763273,0.29599917104153156,0.03431053890267518,0.03624568788414244,0.16378518138521558,0.013439761919004607,0.918910930110352,0.6859216752907877,0.7042668194648718,0.5053290881775134
601633.XSHG,4,1,-0.1001326126881591,0.6154398569367497,0.14180652141463518,0.40968478729920155,0.7064637492905498,0.8660706731718322,0.7917654307023465,0.9873413546833727,0.10352635678588329,0.5005011823805002,0.9063213346229375,0.022279194037435907,0.05082301627851574,0.02159274575564097,0.014098943622425563,0.0020745347960457027,0.048243900055305156,0.002009120963758041,0.6373976091141517,0.033960692301233206,0.1740531791459798,0.023282870403584646,0.07478785146162913,0.6363636304132232,0.09789886623333889,0.7102313662103484,0.02438874141959878,0.05978113412317989,0.09277701279393487,0.6415991514327191,0.21697442521658886,0.012048192771084336,0.20486763967634272,0.11466493652082592,0.16323034677095583,0.09705046684491446,0.28774057896969574,0.2017247591457179,0.14706608744933797,0.15927202409002406,0.5387672237738185,0.08526622636459112,0.21313737033172378,0.5428874611692519,0.22942523021479172,0.08576584322930456,0.24820065224651128,0.25639773307789027,0.1926136569970977,0.08576584322930456,0.7153312136222404,0.07126413982180205,0.0003806153857040667,0.00909776972592188,0.044496751884730026,0.016673309881795176,0.09330794070273883,0.012797602293915179,0.02996043969994048,0.6135192045622132,0.30849263186500125,0.02806226241526249,0.18429026072568272,0.18319004281299084,0.028429293533528743,0.7158451804405561,0.6599553314758309,0.5845627163577696,0.5702239258649171
601636.XSHG,4,1,-0.2555759169140497,0.6741483067325348,0.4799980097627488,0.4084328822166263,0.5617066591772133,0.5324159140820637,0.7042989234668322,0.14616375566134002,0.992237905261873,0.3003022176160192,0.300569344312136,0.0020809505818420865,0.012878545258491603,0.005737280902221629,0.0007981266606207598,0.012186418770475629,0.0016063322115364498,0.0013416148486985948,0.6162720966963103,0.022249817563201255,0.1515689309784141,0.004267337283629626,0.01361753753369894,0.5454545434710744,0.006645304234402089,0.6626093505762852,0.011642000739291468,0.0470290313828344,0.09109618805171693,0.4185139793272509,0.1282162171125364,0.9518072289156625,0.11143538910944183,0.6996260133723574,0.08862040002863994,0.03553333909069839,0.31069587659675524,0.1814934210127654,0.1398544677465898,0.2063389045660405,0.5220708955186375,0.0477584804321233,0.1141147271950843,0.5446450021711816,0.11768748299596812,0.021330108306584557,0.13873615498042452,0.15627478088703176,0.03059489889748518,0.021330108306584557,0.7778942411399232,0.06859121576324739,0.00042376729913658673,0.009107140295494297,0.04731916380094126,0.01551550360642948,0.05431245166365701,0.007515080526948923,0.029387385526949833,0.5643637528926876,0.2796675447965984,0.04802646535335481,0.035503879229213345,0.1377277606779146,0.02537102949093737,0.8576190154947381,0.675431758878422,0.7100508828585232,0.36660106756216354
601666.XSHG,4,1,-0.2726870743262803,0.6435583198657537,0.5350968811500183,0.3269940661115669,0.4499576628559057,0.10270492970935732,0.33406606200496275,0.10051062222109036,0.7928476147738859,0.17060039406238092,0.5482085960465287,0.02539663614549016,0.01650990652826145,0.007288201946282161,0.00431065383538585,0.008831637547287562,0.014619384403284025,0.001549474346215802,0.6123198728009835,0.02955665949146901,0.15384471539685513,0.011121629665817001,0.03361889456746036,0.2727272717355372,0.03841232599568549,0.7017384120195646,0.02159706359114977,0.016595821651442525,0.08901616108251782,0.24179967295666255,0.033136236205912654,0.9999999999999998,0.065301976016897,0.8815951972027483,0.0382796025423007,0.028961654127786174,0.2919898103305768,0.17308853778658367,0.1322372919250137,0.13398373049007797,0.5178261523341187,0.03775348084690343,0.1376990513776217,0.529025743276403,0.12116757624638357,0.04319675041169891,0.18016629411957724,0.1861173171686052,0.1682779080607662,0.04319675041169891,0.7342438509097581,0.06269718326700476,0.0005919862301119803,0.009059103343650725,0.052813995469365965,0.015453758221822019,0.17072031451093503,0.006108982095286171,0.029340005592638475,0.565596783475616,0.2792680939830678,0.02826186081347031,0.017299818145346417,0.1349380288291027,0.012209277980498895,0.9387924116970359,0.7742691610278185,0.8089384309490302,0.1791454250652295
601668.XSHG,4,1,-0.1905011534108456,0.5263000700294532,0.7284736256511939,0.4537313057547084,0.6450221465475375,0.34131438186826096,0.4342549514600919,0.34165681694132,0.1122698001912642,0.17148345730765285,0.9003721993007766,0.16489083011789832,0.14208369412136285,0.05452161412870742,0.18353936277246677,0.2637059053316095,0.8889118497373344,0.02777175878774962,0.9999999999999999,0.46048230366677767,0.21289059056972343,0.05862125728406667,0.16950899588801321,0.363636358677686,0.15855877381194636,0.5786259540699809,0.45481727640899106,0.014063489192366826,0.06753925658379212,0.4860084030933741,0.22620094891096967,0.2730923694779116,0.13570046024051616,0.20565055502572116,0.08854608019762245,0.04854957285513961,0.36955683271293727,0.21914449403104144,0.14426879011690932,0.12234104008313412,0.5783048849449999,0.142092816973539,0.09821024736641279,0.5012874930303786,0.1383891030765918,0.08638840656540604,0.15007926953152154,0.1707585372308899,0.008419223354345607,0.08638840656540604,0.6890346433708783,0.07234089198802234,0.00036636585670371676,0.009013613078976414,0.04231876540486802,0.016215102586968847,0.0580897070794521,0.012358030277668061,0.029497323919795055,0.5288653346535928,0.2799447465307444,0.09001770759379035,0.06302493497165387,0.135864271419162,0.015203086678231741,0.8942778827171891,0.6829336384945384,0.6828719901350098,0.6426636140718303
601669.XSHG,4,1,-0.2381417426273913,0.6139880842071327,0.7100584261669618,0.4720565754853611,0.45003690394692514,1.0,0.7130133606454476,0.1920268618546018,0.5285201437730683,0.12569313793923548,0.683107916113081,0.07239498338812554,0.04127904959641466,0.017493672930740722,0.03400590481143131,0.06995283863200534,0.19797133570621125,0.00908052898258,0.6633828588780643,0.02624702140890064,0.16050209752648992,0.0172815315960896,0.06222089783238726,0.363636358677686,0.05864639021631965,0.4899982539434524,0.16772904540779346,0.0403364384552772,0.08220839191557966,0.3002749981130227,0.12405898731695356,0.7590361445783131,0.1197844129594664,0.34482737380902756,0.0837517078183301,0.03984049214797208,0.29811829472033374,0.1830184187845268,0.1412518165534489,0.1326923883597733,0.5178952554927211,0.12502606265595467,0.09285598542948006,0.5134671072409549,0.11729148378901091,0.059374518001869984,0.14189534594540254,0.16228459363964115,0.005679967194663991,0.059374518001869984,0.707204096394271,0.06773412357116784,0.00044062053804790416,0.009098909415723002,0.0454118755801148,0.01675120372980674,0.06178211408430042,0.010604808141538375,0.02996043969994048,0.5376994665368584,0.2773467589296821,0.043154057690973316,0.04063491827879445,0.14107284225059533,0.01325058323861937,0.9187360639672779,0.7016717526867455,0.7111625426114232,0.39339714904597595
601677.XSHG,4,1,-0.3055170977095796,0.6346149056641885,0.5090046590607138,0.3333594810915408,0.3011713137219991,0.23573777153968362,0.5802034404480314,0.08156598631952394,0.9750381781953548,0.21281476167733673,0.2727404557013262,0.0010259046064041279,0.010914624826809946,0.004900043467148981,0.0018257819551693603,0.0016492989147756636,0.0011377790803454187,0.0011099300485716427,0.6216315162812861,0.02261266803654822,0.1509989382855117,0.004292573163516897,0.006376147681426824,0.2727272717355372,0.0048235323258181894,0.696937229433427,0.005405828215310649,0.039748575562991766,0.09092714256324352,0.22068184326450935,0.0656062457355189,0.9959839357429717,0.10273588149959614,0.7636061632339218,0.07121252844482251,0.025643711599869175,0.3064258702529405,0.18144150552616328,0.139443712190341,0.3180530821403575,0.5167618631779572,0.08068626675546885,0.1743782399394846,0.5194781247029078,0.10701308503225695,0.06400957671401168,0.15981415221593015,0.17743539266117772,0.04395029684110803,0.06400971992608374,0.7099664982816786,0.05526190577567931,0.001564229813940112,0.009054395166370315,0.04140179484026955,0.025182200820963035,0.10704885679583578,0.03354162255168451,0.02996043969994048,0.48838434184220536,0.2714248811526765,0.023298144562020208,0.01388744060758132,0.10937040837006637,0.01456735658311898,0.9128225703370212,0.701978572376277,0.739336912120788,0.48187161222174035
601678.XSHG,4,1,-0.2555759169140498,0.622291800631579,0.4816598578674184,0.45172825762258795,0.45649522004030596,0.0800360980287092,0.4309861570836032,0.11765033526932123,0.997552555941265,0.2493643375478801,0.35801922570438455,0.0030488370919521035,0.012418927946961108,0.0053542891767377025,0.001227584414645169,0.0024361653990015346,0.0011493402630627216,0.0011800192785153235,0.6207627362421817,0.02715572058528177,0.15157237383716915,0.005137226241570588,0.011785801065918476,0.5454545434710744,0.011461130010005172,0.6827245547171185,0.008562210013639616,0.014334810527267794,0.09132794860726981,0.46037534518356094,0.09540789260379981,0.9638554216867469,0.12555092489501957,0.4329036371046474,0.08083429084700658,0.031674888080320054,0.3107940934945888,0.18045087370469057,0.14017423314797336,0.26108161799154633,0.534671843925566,0.043170360019319245,0.1634151251234998,0.520573270634576,0.12088123835827605,0.0322586829018964,0.16761186312727222,0.1843373348160976,0.057676000654198194,0.0322586829018964,0.7032544693302111,0.058427205928328646,0.0008937107393482981,0.009027557212480107,0.04744435514978372,0.02018964849656842,0.0910323220252618,0.024475389815401857,0.02907185802144386,0.563996726702985,0.2894174928699393,0.045944965896997605,0.027588511634801378,0.1803327823377413,0.019751749715858108,0.9096057434207723,0.6667634116138168,0.7045942441901913,0.38421351686188426
601688.XSHG,4,1,-0.2720502009584682,1.0000000000000002,0.45063354121431987,0.055150580099525504,0.39517381633620285,0.1346097804542769,0.6474632506636405,0.35728439636772796,0.32249312616850745,0.21031252356543306,0.782390125763519,0.0,0.013684344003226122,0.010926783264968702,0.0029840589171838032,0.008062098247688082,0.002056955205211348,0.001611896051933659,0.6194366714067405,0.025833023403546956,0.1563773420069533,0.0156476434840382,0.1584971327660508,0.4545454565289256,0.16901590090310462,0.4599243355873718,0.16587809781612953,0.027132133490096768,0.09134051696217903,0.5607850218150527,0.15791511855179313,0.4216867469879518,0.1447656041035587,0.24802612465468082,0.10389203649993227,0.04429666327665961,0.3434155042448481,0.20157175385373774,0.14279994904551327,0.2886251509712521,0.5318427242963106,0.25740060113791474,0.17351288332300016,0.5120454409682699,0.12505829021293616,0.006533007385385179,0.1574042321130083,0.17406985279864862,0.051396705205514454,0.006533007385385179,0.695129689159676,0.05154028217855038,0.0010165370293848852,0.009082623119609019,0.05305644375124136,0.029247760156912796,0.06504798281099847,0.03229344616550119,0.02996043969994048,0.6707065420477845,0.29599917104153156,0.031124732017659817,0.0501303865498888,0.1827976959517657,0.029514865107375728,0.8738549374387525,0.6582056300030961,0.6795343703543317,0.6568918200337891
601689.XSHG,4,0,,,,,,,,,,,,,,,,,,,,,,,,,,,,,,,,,,,,,,,,,,,,,,,,,,,,,,,,,,,,,,,,,,,,,
601699.XSHG,4,1,-0.3292053201080617,0.9741373444070471,0.33113546211085826,0.4221025524520783,0.4624155660263016,0.20279217384324688,0.5087821788454583,0.15202430407132775,0.4847111585710159,0.2825922266458098,0.7039653523515325,0.051757459424375846,0.02401555851601126,0.010383048592655974,0.005246087994840091,0.018099719392382984,0.031264565379677464,0.0021961681272299285,0.620563411805278,0.0,0.15784641079946282,0.016319761118862713,0.11944528995463366,0.2727272717355372,0.10705452461405408,0.6894670773793539,0.016523375918888198,0.02215790901691236,0.08972961149526366,0.21482871125906466,0.06036943274948992,0.9919678714859437,0.08566758591793144,0.8350650190586377,0.051989445812592794,0.03578389561742186,0.2829254134558864,0.17155748500609413,0.13503718897615277,0.06248561339878366,0.5042579607341278,0.11723198508962877,0.20592651362730072,0.5204265311969248,0.15253541320820108,0.03971508081017361,0.22907290502334648,0.23283179866933018,0.22187285705689802,0.03971508081017361,0.7079040450958604,0.08732000285719665,0.0002570893057193029,0.009104265711042827,0.06858797350428657,0.017907832066860464,0.058318940973588626,0.00946363431770525,0.02932375505023746,0.6818631402583377,0.297554259222165,0.0334586341541573,0.03649784345243874,0.14805607805137558,0.02852186397080816,0.9295156296601383,0.7418070850471015,0.7765392262742499,0.23743214890371067
601700.XSHG,4,1,-0.1902184199436851,0.5682587140192062,0.5283046672122174,0.35514369196547857,0.5120688026654429,0.15862849184431857,0.5572572455616779,0.4115638187997438,0.9688633655297658,0.23829597990629897,0.2654862059478704,0.00093237753859828,0.011216333011053937,0.004983226073752231,0.0005237004731225381,0.0002124715326479067,0.001968042093237385,0.0010697206032994893,0.6228778196291199,0.022327029513468228,0.1512541823639456,0.003863191519736338,0.009678986755084468,0.363636358677686,0.00904366612466356,0.6963353379644303,0.005106550180118597,0.06461969792891381,0.09069867867178971,0.3717018917252696,0.04245374174637898,0.3373493975903614,0.08921326936785114,0.9007061910545027,0.06239149412145525,0.046005527486948035,0.30511762394999203,0.1788833982080199,0.13774349615371614,0.4087810781784918,0.549298695915345,0.12670689675712613,0.1657377973021212,0.5076476740735221,0.11827356182226476,0.0135377348772604,0.13523460651428404,0.1527827922051514,0.028155704473119957,0.0135377348772604,0.6525742103375062,0.07035769767853192,0.00039387533405466654,0.009105277641534994,0.04571383869655357,0.03826530464729433,0.031166479510563696,0.04074322183608587,0.029739398428785323,0.5730221335642679,0.2936531898736494,0.028001260022779206,0.05567632469291797,0.15633233267467195,0.0183092061972842,0.9021131286304698,0.7208576577771884,0.7620744468766585,0.29324676681792095
601717.XSHG,4,1,-0.2791891103173482,0.7373768037584892,0.5186776355558002,0.43058540462829487,0.43323077128831133,0.12264164246030626,0.6386460615989271,0.10684718216015798,0.845274465878485,0.1723319095783455,0.5163315487583794,0.005576305148323824,0.01861668588244844,0.008189697482556721,0.001286577254684752,0.0012397106074084445,0.008732172619631544,0.0010707265252761266,0.6357697954027505,0.020783203183865607,0.15553830375392858,0.008967426473074355,0.047550099405223104,0.2727272717355372,0.05730590500047207,0.697111473623547,0.031121686189359673,0.05828886678122456,0.08736240856628603,0.21904778553881088,0.034559488086867284,0.9999999999999998,0.06306731264600744,0.8840887835835988,0.03726289777215639,0.027070134145346526,0.28639499381252914,0.16894243054914668,0.13138458418799084,0.21247750980221186,0.5723002476456176,0.10692864255195327,0.1635214037320347,0.5164751251962414,0.1484932621822846,0.02510503531394879,0.18372177400755546,0.2005273955531774,0.06772223719880176,0.02510503531394879,0.6697656048246214,0.07144662372054666,0.00037809197048849143,0.00910688751849246,0.04544366811443623,0.02487286351170953,0.05139943066115803,0.0291391152181168,0.029538304436822257,0.6073812182386513,0.31330959598820574,0.02567823724210686,0.016604354492259367,0.1361026403455439,0.014815008673805108,0.9466986692420218,0.7884188005837873,0.8136491221584683,0.2234201037569742
601718.XSHG,4,1,-0.2500230883461273,0.4168491923276273,0.6678545983478913,0.3446448653387501,0.6248753499187946,0.31019537913415346,0.5207550523475285,0.23113950893859145,0.8914101475403934,0.03322440866473178,0.4847065796469911,0.009336842836420499,0.015445474421893302,0.006611091603793197,0.008033594343237018,0.005122577669328045,0.009655932187998192,0.0014121462919256186,0.6345230340735062,0.0289004389564633,0.15332224164393501,0.006088451920582984,0.01476303492606079,0.363636358677686,0.013873922404185826,0.6508150296866555,0.04352809667948934,0.030975852401193816,0.08748548528658165,0.26701570573548344,0.10387805145404094,0.9357429718875501,0.11753064427084224,0.40216035536429046,0.07722161503051526,0.037829611449632365,0.3064258702529405,0.1800628925620779,0.14074357154555875,0.1298937692158496,0.5339594029245863,0.028986300305844336,0.0750519985457594,0.5198504534429288,0.11050414441455739,0.04020676877128195,0.12638089956828497,0.14600374913482203,0.002541247223037319,0.04020676877128195,0.6908259978943113,0.05931402913543598,0.0008037744010520989,0.009080147988619235,0.04294683285675312,0.016874169781046326,0.11819374407169649,0.02281589714294522,0.029238977073879173,0.5020103277399725,0.2760757967651882,0.03907953174732529,0.034153792425107354,0.1592420010639915,0.0069931805946042945,0.9225511638806436,0.6973845694573444,0.7062551325145954,0.3350906350725938
601727.XSHG,4,1,-0.1982356192344713,0.4453084874873586,0.46422008636359297,0.5098586197206393,0.5684418175632695,0.198660099312966,0.0,0.17493588593752382,0.37669474743554054,0.15911786487024748,0.7557177248453761,0.08041200710899239,0.032356795314464656,0.011468301672905953,0.028505632884226955,0.020581497282898733,0.1729948762679408,0.004948284067525851,0.6697443895128006,0.12014289508404197,0.15958305437181033,0.02085589005850276,0.0064099939318962565,0.4545454565289256,0.00540917279118809,0.6402653133876596,0.014081461250358135,0.001085285339603871,0.09040443935873203,0.20868334192481935,0.059357883356669534,0.9759036144578311,0.10548243562496128,0.6481096890562459,0.0739590033764498,0.033544348172273426,0.3054923944976313,0.18072883880654822,0.1385676069849242,0.0686209176169774,0.5436864640431388,0.05489109571431387,0.0686677318871023,0.5108933256078666,0.11441348339875589,0.02684011094352798,0.1401092395828757,0.15370105548148782,0.06894607556625387,0.027084430738458114,0.6787223774417869,0.08174325604611042,0.00028510793379257294,0.009003057308776081,0.050985331109351,0.015338930653465133,0.04400006725056414,0.011522416070174735,0.029477846425596217,0.5719110754310894,0.2837698968649925,0.030617082912391364,0.024396437784618193,0.16618604967826925,0.009430220733385177,0.9302150942324352,0.7187043916677722,0.7350104168592049,0.35169066102014207
601766.XSHG,4,1,-0.2330411316750903,0.5117025275906437,0.4379311695502169,0.48541406627801537,0.629590027659153,0.18928849570576634,0.40497211404962175,0.21057628726031552,0.32624859603473666,0.17998654232496802,0.7805167060519994,0.08964772346911416,0.0319556018790105,0.011787784223202364,0.031571106502009116,0.02954679602280789,0.1412179021767547,0.004362727774391686,0.645990194791451,0.06993107065437712,0.1590216702496568,0.01643708768447976,0.07528640301706965,0.2727272717355372,0.05194293199068473,0.6116776872877542,0.13357014285693924,0.012073799403093064,0.08453060497988157,0.24121105501065665,0.0942881440790806,0.9678714859437749,0.11486380543671461,0.46904883384543045,0.0720557439391983,0.0366479368510427,0.2925586608045829,0.17645871323220308,0.14040040867578127,0.09662071569129234,0.496757880825748,0.046725774444785734,0.06894920135098753,0.5168687723060004,0.11157134051910883,0.029335151662914137,0.13141362009604857,0.15017513468937485,0.014085406794383757,0.029335151662914137,0.6935066027715164,0.08123758309793208,0.0002881689116996072,0.009056906486692249,0.05023444685475534,0.015345291520349774,0.06258459437378823,0.010487382257740145,0.029338151695890127,0.5582989500389758,0.2800428572568748,0.06497259361080376,0.03499837235858744,0.2380302540913006,0.015580397200454626,0.9227215917967362,0.7082338242448372,0.7284764452236918,0.49638303531449157
601777.XSHG,4,1,-0.2211217984583275,0.5367672278632114,0.6240350789901874,0.365759740822004,0.537363428230391,0.5042642242647883,0.3709662116166808,0.22987417575159166,0.996191401190264,0.02630086024707204,0.3631827625509408,0.006171667184928147,0.013354716401160283,0.005586202747398941,0.0021147578709838407,0.011418822164548587,0.01194732304575296,0.001550441727058388,0.6221562155284649,0.02291265690518005,0.15126701131026266,0.00448095580585083,0.005636642982533069,0.363636358677686,0.004301652789809274,0.6925411664662309,0.00685738720582766,0.014470471194718278,0.09102246064932609,0.20677603680014567,0.08532970800274858,0.9518072289156625,0.1073659564319699,0.6456171292650952,0.07084837814727138,0.03580430101612166,0.3063042213416431,0.1812541574835038,0.1394151152845262,0.3097908756803619,0.6023154433045522,0.11588599896452517,0.1460807024458686,0.5336393034618142,0.10925296098615812,0.05265879247140685,0.136086675991634,0.15288288354513743,0.035858437659126156,0.05265879247140685,0.7401776397355854,0.07889136836569743,0.0003038520098384592,0.00909810721886034,0.04667552987996932,0.0177020997864098,0.05831626203628056,0.011374076284595355,0.029661865769697027,0.5635282416118992,0.2756932817317634,0.022451074179981757,0.03006048558759091,0.128875256497948,0.009172548902315008,0.9220168013520615,0.705881539958428,0.7288580006495684,0.4260125072132762
601788.XSHG,4,1,-0.3449815263797063,1.0000000000000002,0.33245558224496635,0.311625913054041,0.42838954184773836,0.1434621856517567,0.5095068282357211,0.40489800839194773,0.38359668018747056,0.20932253367802509,0.7523688798196962,0.0,0.013684344003226122,0.01015295710685845,0.0029840589171838032,0.008062098247688082,0.0008586854862153875,0.001566469550772506,0.6194366714067405,0.026961908011963576,0.15379964061877238,0.011239312988828487,0.11700110187731835,0.5454545434710744,0.13865315366248268,0.6785175539373659,0.08691885447640109,0.024690241475988063,0.09012007446084835,0.5143125662617232,0.17965423648763867,0.2289156626506024,0.1542952048287702,0.16618228742663732,0.11117051045996176,0.052200481098364226,0.3291076686540433,0.19361646012185077,0.14491612007580779,0.2799086117198537,0.5702704240290428,0.2990954951380008,0.18341859324900486,0.5305926635259476,0.13610344787371054,0.008224096449975276,0.1597035745281738,0.17014133059319897,0.11200122357329524,0.008224096449975276,0.7284467799438405,0.05154028217855038,0.0010165370293848852,0.009076221994404162,0.05305644375124136,0.029247760156912796,0.06504798281099847,0.03229344616550119,0.02996043969994048,0.6717710288819673,0.29599917104153156,0.03440369998847877,0.06421139175813516,0.14618190137812231,0.03111667763354669,0.8408735850932383,0.6639135818849238,0.6626125852558533,0.6334696905833577
601789.XSHG,4,1,-0.2507185740118968,0.6700489068757314,0.33775130715183277,0.38122847126098713,0.48739556768133707,0.46949546641444323,0.8577700520512882,0.2745181207768406,0.9807409775198708,0.3360025677862704,0.2803344237145029,0.0026023559994809123,0.012140712365331027,0.005431426654398233,0.003404009604033336,0.007751262471874278,0.012206277539786842,0.0014436531377742781,0.6196911295166663,0.024031796181402852,0.15154802157707284,0.003910275385859486,0.02209675321424511,0.6363636304132232,0.022385376727344825,0.7167015219902417,0.03122657111832317,0.2209007868318712,0.09145505541703247,0.7635933801915904,0.29649232121551666,0.1686746987951807,0.17153017783756788,0.05068478665926153,0.11761455970247062,0.0544608123020246,0.3309463120298044,0.19230403448689076,0.15719719126390522,0.1937848111467487,0.5675303707125636,0.092051606736554,0.10715843397770218,0.5241728231656084,0.1259166076149168,0.14077229073908293,0.1361651976358198,0.1544556116988189,0.021740692055812545,0.14077229073908293,0.7203734150368613,0.0637284478534159,0.0005508103897214455,0.009061095401888625,0.0419511065121136,0.015390984818324112,0.09155988792065319,0.010170800823207572,0.02996043969994048,0.5094789226062629,0.2727396427484786,0.0495898507228881,0.06806808756978808,0.21279402264781883,0.0318140216546031,0.83757953302751,0.6128571270620498,0.6160535814719854,0.8040397777152072
601798.XSHG,4,1,-0.2813522078730479,0.729933012150924,0.3326402085091111,0.3561177697390636,0.5206728137023561,0.2901868969651479,0.6148546495849943,0.32572288983337955,0.9736607774037773,0.23740170193183374,0.27104728543878087,0.0010465768495965914,0.010750602328189337,0.00482172334073985,0.0003281154738309945,0.0017110231123495948,0.0017901084159870836,0.0011606088417238337,0.6200737082292517,0.02249641497550728,0.15088352122235735,0.003985347911854364,0.009757245711587101,0.6363636304132232,0.009985869963840713,0.685802168411162,0.00747346582566773,0.049968345844261554,0.09120402295349189,0.2734184293529599,0.04804459754068414,0.9236947791164657,0.07745625211640803,0.9368513877952857,0.061215844231034,0.033279586504763446,0.30684711250342206,0.18042808857134962,0.1368608916515233,0.2545273260281,0.5210418866659952,0.07504853583341498,0.14456575867414373,0.5278952674664494,0.10282959275093426,0.006103841723163659,0.15197725879530516,0.1721613253267342,0.014388649396152265,0.006103841723163659,0.7400794833233425,0.09386868115104349,0.00023361247503155,0.009024666726655419,0.053015304213658486,0.020318033064043072,0.02411108241261029,0.020283959591021892,0.029235981688905174,0.6452830481580497,0.3005493616670882,0.03295941065903871,0.030532697450220865,0.1581759512590566,0.02020607764551056,0.9064528269730581,0.7304962186546375,0.7758619323867944,0.19673329681946694
601799.XSHG,4,1,-0.2100849682604186,0.6466377724083955,0.49211601389354975,0.4024791616237793,0.5676293456173741,0.2275770282905284,0.5860752135519794,0.2573047523649876,0.9185392789743744,0.11398380051703766,0.22349576413794908,0.0015644527834233685,0.011230154232219949,0.005033414271913787,0.00032542174616406684,0.00027108568596176364,0.0014167542458188521,0.0010892316854124702,0.6207563094448351,0.022192366062751944,0.15135601152585504,0.0038888333673512804,0.006898987102781171,0.5454545434710744,0.00926910515735741,0.7067652393106347,0.0070009290718286215,0.0992131681287872,0.09163500769583133,0.6166460870843959,0.174694339535542,0.35742971887550196,0.1589496555113571,0.20980413695117228,0.11029646296303283,0.04878821013971752,0.30617403788666925,0.1829307580904037,0.143455078160543,0.44877170328743543,0.4427769056540355,0.1496807978147408,0.21608621048369972,0.5293229558774786,0.1370087629837696,0.03160050067758746,0.15708612547868378,0.1715202767697447,0.0723453615147498,0.03160050067758746,0.7234092526440884,0.07414799509735545,0.00034550148598989076,0.009107858324743548,0.05193264309674586,0.03452948399941069,0.038568337104168536,0.0369178880999297,0.029492958204087153,0.6022877596211313,0.3060678953477802,0.03531691587893576,0.06330352038530673,0.143796549627603,0.0154461027696357,0.8368365738307935,0.6654338596258462,0.6494416616276706,0.550933852825641
601800.XSHG,4,1,-0.2409824630636078,0.47799523972291796,0.817292409256297,0.6418363304979837,0.5016387358538352,1.0,0.8494162822793186,0.2629811623659203,0.19651386314159788,0.15852251743600348,0.8488294402012287,0.1606805158391663,0.0682359345632273,0.025298649668494884,0.0933224946880326,0.3198044577708723,0.4691011357421124,0.018643085375449082,0.6780285744907018,0.0981006448857081,0.16857688292535167,0.05737635011341642,0.05765885374933278,0.5454545434710744,0.04337425012198238,0.6201633642282561,0.08933367479614542,0.05462602876006149,0.08737858181427624,0.15858029880237018,0.13726967219162733,0.4578313253012048,0.11105394155880945,0.440382343067799,0.06855078326323995,0.04614903542874591,0.28045237332481554,0.17386247359972573,0.14034581458286213,0.1832157567088561,0.5627377274298027,0.14909052396986522,0.15327245041571655,0.5162742266610824,0.11871394775351826,0.06917349714939439,0.18130994829292302,0.2027217465500002,0.02242139747656563,0.06917349714939439,0.7141556737327599,0.07445093771995284,0.0003423259337290468,0.0090597994399714,0.04519473652827635,0.015727843049957287,0.05604613979914251,0.009586781375986866,0.02996043969994048,0.5375797117680129,0.2792186492917243,0.0284172999145089,0.057927809413189396,0.17979500747327354,0.013284680265597894,0.9315705287526097,0.731176197426032,0.711243078531764,0.5095960714052818
601801.XSHG,4,1,-0.09808575483841447,0.6420261436754933,0.33533062816333914,0.38547520953473574,0.5875969303271871,0.052453320953560645,0.3649024002094813,0.23117523728661707,0.9376099352002523,0.22435355787283653,0.4467864324116517,0.0033954495282538678,0.013772423156909462,0.006010041684702144,0.0011164402587810253,0.0003705869560580639,0.004431977245635131,0.0010810423615158537,0.6251304840547085,0.027111725299621137,0.15261402870126978,0.00569954976577638,0.012430525377735792,0.7272727282644629,0.016844331888990413,0.6928601911000449,0.015722720465276615,0.012073799403093064,0.09231791686330164,0.754149873182481,0.115052619900116,0.8835341365461846,0.15469641650119703,0.3809725705498106,0.10329921350791736,0.026814279975877573,0.3097992668429671,0.18412770253498667,0.1406889774526396,0.17831752910592089,0.5146957541210108,0.09943706120424245,0.13231903657713803,0.5221945908671622,0.1358402607084713,0.025243357716688918,0.1651301562818268,0.18078569940996977,0.06615778104876878,0.025243357716688918,0.6854963384152648,0.07775945357201458,0.00031242182150090073,0.009118428351347456,0.049442799558228875,0.02875577652916793,0.048104614903685734,0.0270753555548575,0.02945244626933874,0.6373027234230348,0.29994590283573097,0.02766489374062478,0.01932147453797764,0.10226565270811167,0.01854893222468146,0.8536112965303717,0.6152370527619304,0.6545616337437585,0.6410798170662025
601808.XSHG,4,1,-0.2005135081310756,0.45746509852463574,0.3397500134976196,0.47371415447800425,0.6038032380183374,0.39226253361592767,0.2754305739065729,0.3401708841080492,0.24274438655389868,0.12068131413423254,0.8234508598892571,0.006834154496374227,0.03783267896805614,0.015621347853849585,0.007289338990797499,0.01034087101622388,0.012689909522279726,0.0030573138051008756,0.6571009600696398,0.03193327078974841,0.16455499490557376,0.030146981033215156,0.042133371447690415,0.5454545434710744,0.034733019334602294,0.6791576999613576,0.0231491490966316,0.007370896264809623,0.09103535846137771,0.37841149649465367,0.05358198704851808,0.9678714859437749,0.10694959226616736,0.7935189339071285,0.07436802761673172,0.03675613625517286,0.3010159063925185,0.18044774057701587,0.13671400754438368,0.18583418857878375,0.5797343905764801,0.0986495436489511,0.20573295532449237,0.5258521165166539,0.15358955439384184,0.02602699371612024,0.23592008115086627,0.24802650818936384,0.14730115409787048,0.02602699371612024,0.712444947690812,0.06402413514257055,0.0005402592549792432,0.00910116192748774,0.04245859978819048,0.02898740203542172,0.05720773625363365,0.030516363282726593,0.02933539060205552,0.6195135960472056,0.32814475536849635,0.032729514189231236,0.03324060209744119,0.12077095049906268,0.010068493150684931,0.9005526480237462,0.702868625890054,0.7245447079978771,0.3693546862556363
601811.XSHG,4,0,,,,,,,,,,,,,,,,,,,,,,,,,,,,,,,,,,,,,,,,,,,,,,,,,,,,,,,,,,,,,,,,,,,,,
601818.XSHG,4,1,-0.1123478321612455,0.5638626057820286,0.7127372008159971,1.0,0.6536828300103064,0.32947278944769004,0.5692771446245227,0.4217878062262968,0.06804719957777855,0.14773762174265287,0.9323323691418363,0.0,0.013684344003226122,0.08437528701132888,0.0029840589171838032,0.008062098247688082,0.0574467618119487,0.1370054551357963,0.6194366714067405,0.028026931316690158,0.25685280166565594,0.04515057745773116,0.1261514374023467,0.4545454565289256,0.1279262639662026,0.017894924585544425,0.3725244959440877,0.017364565433661935,0.09641791205639536,0.5225085565722981,0.12480362399180966,0.2289156626506024,0.126988435353534,0.4478600224412508,0.08884149931616957,0.04873670840746644,0.43952815404094414,0.1899437239019428,0.13971018335816063,0.08212079294316427,0.5674453361348507,0.1458068205884107,0.08500559012851557,0.5940276205776628,0.14484432531395774,0.00848535618714307,0.13321672033835102,0.14912231690013905,0.042379744030375144,0.00848535618714307,0.7567134896123641,0.05154028217855038,0.0010165370293848852,0.009083020379777847,0.05305644375124136,0.029247760156912796,0.06504798281099847,0.03229344616550119,0.02996043969994048,0.7565008543615686,0.29599917104153156,0.03972662185682897,0.06366533301089747,0.17328898452145716,0.014506490398995035,0.8972967647100596,0.6537525982928667,0.6905836345728822,0.2463542321464025
601828.XSHG,4,0,,,,,,,,,,,,,,,,,,,,,,,,,,,,,,,,,,,,,,,,,,,,,,,,,,,,,,,,,,,,,,,,,,,,,
601838.XSHG,4,0,,,,,,,,,,,,,,,,,,,,,,,,,,,,,,,,,,,,,,,,,,,,,,,,,,,,,,,,,,,,,,,,,,,,,
601857.XSHG,4,1,-0.1420454305016268,0.16651772415847482,0.5069689004256778,0.531076551605316,0.6503110714348405,0.18271029524166948,0.0,0.28402369357463225,0.0,0.05461167066594219,0.9999999999999999,1.0,1.0,0.3964876052771923,0.8015645612893709,1.0000000000000002,1.0,0.06207013271443236,0.5025170013231677,1.0,0.6227634320767014,1.0,0.06416481058865012,0.4545454565289256,0.062222001140959986,0.6389802616768125,0.0677654123864978,0.0004522022248349462,0.08955499745801841,0.11309990772516654,0.07849846810944117,0.9999999999999998,0.12069092734577067,0.4769422820473072,0.08097478658551076,0.038068753012167875,0.2962997194702607,0.17915571460801438,0.1387703850443382,0.09218664342105909,0.5344024672491233,0.03572661409676097,0.16705577834131463,0.5265060002980557,0.14551674067065032,0.060387027351316666,0.22524343471735825,0.22751001954562222,0.23345651238669157,0.060387027351316666,0.713491949421403,0.060935780759063626,0.0006832186071453431,0.009078366212334056,0.044276446771382386,0.015245702190337742,0.2126978302824856,0.007918702051912432,0.029351514463782327,0.6015082447831829,0.2858206835709112,0.04435358995179771,0.028026686309690574,0.16503552971576227,0.0024355446551414727,0.9236926758603059,0.6906234797222592,0.7014652256458056,0.3864438639796563
601858.XSHG,4,0,,,,,,,,,,,,,,,,,,,,,,,,,,,,,,,,,,,,,,,,,,,,,,,,,,,,,,,,,,,,,,,,,,,,,
601860.XSHG,4,0,,,,,,,,,,,,,,,,,,,,,,,,,,,,,,,,,,,,,,,,,,,,,,,,,,,,,,,,,,,,,,,,,,,,,
601865.XSHG,4,0,,,,,,,,,,,,,,,,,,,,,,,,,,,,,,,,,,,,,,,,,,,,,,,,,,,,,,,,,,,,,,,,,,,,,
601866.XSHG,4,1,-0.1942436975611712,0.49764231559613387,0.7392420795438545,0.3926969488399337,0.5169710510896067,0.24607726800400026,0.1635507571529607,0.2508036588027046,0.623418535766317,0.18151889971905166,0.6372888675862249,0.010720259675211626,0.0,0.0,0.010654535243727756,0.009439460784675094,0.011025467836290749,0.002116849402765305,0.6340776951221587,0.027217020526904893,0.14345269671282387,0.001225877199378719,0.01385093782432347,0.363636358677686,0.01129946030786322,0.6464446745032533,0.052691778020395104,0.005652527810436827,0.09006308167311412,0.2247948759490419,0.019627414185318652,0.9156626506024095,0.09676843432579968,0.8599916435598435,0.06595305647215542,0.03787535363747932,0.3010591885395823,0.17865820179239636,0.1358729985415578,0.15955832701510442,0.5237561582222103,0.038357271022876956,0.06260139503646227,0.5202190886047653,0.08909129235168002,0.013882896429786466,0.10784081167155325,0.12322753288319155,0.030278667757703857,0.013882896429786466,0.7247063195201554,0.05768064527342227,0.0009895624290308066,0.009161723129871326,0.04273417905871935,0.021683627657640328,0.10920604796886667,0.019141426377012376,0.027895407291866566,0.4738879161894033,0.29599917104153156,0.07127191125825641,0.03715333247982662,0.23207989752748645,0.012829903690853623,0.9138389243158029,0.7138533236035562,0.7463422169294427,0.2940419329184338
601869.XSHG,4,0,,,,,,,,,,,,,,,,,,,,,,,,,,,,,,,,,,,,,,,,,,,,,,,,,,,,,,,,,,,,,,,,,,,,,
601872.XSHG,4,1,-0.1984297162587213,0.39465783719005204,0.825534955658996,0.0,0.4907267026595082,0.14598984309072013,0.020441410501657042,0.2584977127444484,0.8996596234958143,0.029369442183237032,0.4785238880212721,0.0010893256504484695,0.009439424519580098,0.004057525388350359,0.000845581824675115,0.012555798854349744,0.0010447421741396664,0.0014657130909901104,0.6248586251045626,0.02331464359399679,0.14986485879201736,0.0072626373444140534,0.006532487099616847,0.2727272717355372,0.0064496765729147075,0.7157030847616951,0.024432128455205353,0.007280455819842634,0.09030854351261904,0.21881171013494333,0.03356276243341139,0.9959839357429717,0.09623941466576892,0.786871765600827,0.06120169783007107,0.03711356641324478,0.3025041936575971,0.17934298890029188,0.13465503032571874,0.14290090722440665,0.48285301863704644,0.02663824763936913,0.07297062905130569,0.4933143826007415,0.09727254893462288,0.002812951060486417,0.12887531919322456,0.14837799062707907,0.005354193455526318,0.002812951060486417,0.5238210421640218,0.056412961745289966,0.0012196022018850729,0.009199153591617232,0.04371842843038806,0.017587925438389555,0.023464072864138708,0.01820967687862735,0.027579329474614573,0.4511040169963065,0.29599917104153156,0.029858517999362025,0.030361460090211942,0.14643246187363834,0.006009750553328946,0.9197009345130733,0.7140053513776481,0.7404762973544612,0.3329306010122844
601877.XSHG,4,1,-0.1536794832007217,0.21981639379497075,0.15218455004229248,0.45089937958983906,0.6757556532416543,0.13259806739600302,0.206625342178282,0.5335098008355303,0.6967360387235355,0.2638303714202294,0.6004479582797064,0.009112306721313619,0.015908638096393923,0.006966674444754449,0.0037594043427085235,0.0031921598686399325,0.005939898020408749,0.0012203847172432376,0.6282572671377769,0.029329694234278867,0.1540052116181989,0.005735732126351973,0.021721097372061078,0.363636358677686,0.014952291299436291,0.6980588848788294,0.007096746598462416,0.005833408700370806,0.09133889375162974,0.3714908141046319,0.13684711021033585,0.08032128514056225,0.11116396183679841,0.6115497500767376,0.08115797062569949,0.0603091665320069,0.305362041599387,0.18120254439586017,0.13964649024975495,0.19273790537205251,0.43163069181358243,0.1120056461103187,0.13266505293037112,0.4965799473392105,0.15364943295524547,0.042136449147919884,0.1608269717879929,0.17196488803619475,0.10611476513144798,0.042136449147919884,0.6153296945349082,0.0639790396162385,0.0005418360163245281,0.009079734278753974,0.049123950780407766,0.023300262322578664,0.0700595684804735,0.02352768948696145,0.029737013290499978,0.6287735226641444,0.3047363926360114,0.03837814235852409,0.10422240488090384,0.2005190916805999,0.011146138661243046,0.9175688102711224,0.7020780814647742,0.6930723265375098,0.2763578895761061
601878.XSHG,4,0,,,,,,,,,,,,,,,,,,,,,,,,,,,,,,,,,,,,,,,,,,,,,,,,,,,,,,,,,,,,,,,,,,,,,
601880.XSHG,4,1,-0.1989371802076367,0.26340350202175483,0.8367147958260066,0.46346871910632037,0.5757505543950803,0.9360059035317785,0.5235109159377705,0.2557746629580031,0.8845912013200568,0.023028286254029084,0.48967405568939987,0.005881742331364839,0.017119446757143088,0.006692730725897305,0.0016111588254605746,0.007169498799870443,0.007016734107108293,0.0018887453878683783,0.6205507574975009,0.0380146267977744,0.15238411422285272,0.0066130637191693055,0.006301516830920564,0.363636358677686,0.006762297771247777,0.6635836260318432,0.024517012758091393,0.025278104368273494,0.09111652986223487,0.12972039641142757,0.04764470446492446,0.9999999999999998,0.11002620722549938,0.5513084399018991,0.07549602731816672,0.03326272194852945,0.2955791884858794,0.17984679216285607,0.13722355241162904,0.15249165265142997,0.5216342138131133,0.030833738671465605,0.08347101597572576,0.5220728232298446,0.10727000583641907,0.006149505915282572,0.1269610669692256,0.14398940043610306,0.027535700587161437,0.006149505915282572,0.714334458626488,0.05706030210396219,0.0010889315410810788,0.009027795458916762,0.05261638046350084,0.01996391268187448,0.058080284610299605,0.011739380610198368,0.029277492085311586,0.6376564435273102,0.3104272040798489,0.02926093342760483,0.005968362114445347,0.1631178908902062,0.002742118801220315,0.9328052434988849,0.7159540710273764,0.7241657930939787,0.19884637951749046
601881.XSHG,4,0,,,,,,,,,,,,,,,,,,,,,,,,,,,,,,,,,,,,,,,,,,,,,,,,,,,,,,,,,,,,,,,,,,,,,
601882.XSHG,4,0,,,,,,,,,,,,,,,,,,,,,,,,,,,,,,,,,,,,,,,,,,,,,,,,,,,,,,,,,,,,,,,,,,,,,
601886.XSHG,4,1,-0.1302038245034178,0.6487816032175504,0.24205985320941628,0.2987904330369783,0.7039011191550291,0.2993873024894768,0.625324155269701,0.3918923400437279,0.8497513477627446,0.293406319306543,0.5134398777737069,0.009761152268908524,0.012130902491167585,0.0053856245739939985,0.002582738268499607,0.006849524349904569,0.013099178671957425,0.0015412997935818939,0.6266952704400931,0.022816306184564608,0.15129074847384746,0.005450106281159644,0.03893853823256122,0.8181818152066116,0.04484590571404529,0.7008429562723271,0.0179913067345449,0.05657049832685176,0.09130446649074672,0.49177953855206813,0.20504447100977788,0.14457831325301204,0.16536970107424587,0.11798903396882655,0.11713901403056601,0.0619337648664411,0.325804027456352,0.18373891454464114,0.147346857070065,0.37743477248860763,0.5121209955599084,0.04866640627388014,0.22566223982812678,0.45882664014142227,0.11405717114528714,0.072703940690889,0.18925627081342394,0.20529932914764634,0.07866653837171975,0.072703940690889,0.6347845291471961,0.07749208804437645,0.00031455518979232086,0.009070196744762773,0.05034829314985654,0.014121649201875048,0.05101883680911592,0.014350906056046074,0.029241783118920756,0.5680550827583072,0.28073469360740494,0.05555446771025066,0.09116707146386914,0.05920123055682222,0.022078124065322727,0.8128115635341069,0.6518978594489413,0.6348673005679761,0.659816287406951
601888.XSHG,4,1,-0.1352030324901201,0.4547419705868453,0.1501953714280269,0.403594897681107,0.6874819973101494,0.06107270151659447,0.4457478327845637,0.46070605445256757,0.6026631212244422,0.27085369225622946,0.6474384023483928,0.009328065146424145,0.022384793476918984,0.009312730309227042,0.006779113273196325,0.0012316509825693609,0.00731658040384011,0.0010055211877735162,0.628682273886741,0.04042831706432641,0.1574978713636058,0.0069582995879004985,0.05738587920995994,0.5454545434710744,0.05031907904000711,0.6861312080330753,0.016659618092212343,0.012616442072895,0.0908975216835405,0.4663027734572649,0.1232163214786609,0.18875502008032127,0.12205860457394481,0.6343995836152178,0.08740323099378498,0.03953587980892174,0.29224353631132416,0.18214989141277135,0.13704157210189857,0.26125624989382396,0.5978706276295636,0.20451742745091067,0.19209297036328613,0.5526078348180447,0.23497548547326952,0.09155300214341416,0.1967878486920286,0.2168684457955921,0.04542833945252517,0.09155300214341416,0.7363214949688996,0.058982229413726675,0.0008349140221701132,0.009061253044812763,0.04544538306442037,0.030116102525951642,0.11670536345419588,0.023639159481425705,0.02951917429285915,0.5859589751209467,0.2914157202582882,0.025001718434471257,0.04357201215443028,0.08397457820337438,0.019446970150146556,0.8839092968428228,0.7232569324664992,0.6984985992030905,0.5896570024407001
601890.XSHG,4,1,-0.2427984015621367,0.6778666726282891,0.6284993505263012,0.49044948704650093,0.36241865876930557,0.11862797843084935,0.569047610169288,0.18288022153774447,0.9592544911520551,0.30813783288893354,0.25557384151330026,0.0015278464239357674,0.010872390285947203,0.004870996590435554,0.0005520436907611817,0.0003820647181942517,0.0013523616733764527,0.0010784884760914268,0.6236399929343095,0.022765499616554927,0.1510528028601118,0.003994823113714118,0.00990015448188317,0.4545454565289256,0.009281507459317032,0.676167110415067,0.009003585231549436,0.03554309487202677,0.0910641002859397,0.34567827221348923,0.08615171518122147,0.9477911646586344,0.10575122768136544,0.5903619652622577,0.07060264218530131,0.033284052361297944,0.3064258702529405,0.18064070393313636,0.14009104214923943,0.3588832124798446,0.5539995199466392,0.12141148240379533,0.16709451745695467,0.5192934056460999,0.10788689427134492,0.016287979509053058,0.139650613663095,0.15811784789587793,0.02240178213344424,0.016287979509053058,0.7075125879756059,0.07531745941348715,0.0003336895186461967,0.0090738847667028,0.048978311950985134,0.03822147463355892,0.03158637983931549,0.05993672557057518,0.02982346263446313,0.5689831822168604,0.278328644847542,0.025001718434471257,0.03134921886612664,0.12753054225566196,0.022709367709517255,0.9198358566133131,0.7217560037150061,0.742611159373985,0.379189395423103
601898.XSHG,4,1,-0.3022250805582873,0.42268432640432,0.7200767299978509,0.5203183132464838,0.6221602559119453,0.27683055403098267,0.11206460441973981,0.22408141959170383,0.16093327795043466,0.07213913225066076,0.8695536093032206,0.04983189769806124,0.057211930672046274,0.024550569356097982,0.02930020525820637,0.03848452919168578,0.06793905785367041,0.005802259310151495,0.6593453553224302,0.11630802635668439,0.17753568139185444,0.046806400502617376,0.025901028293926803,0.363636358677686,0.020937112453031745,0.6596790055390596,0.032514435315292745,0.003255856018811612,0.08890660972904757,0.08826954163909917,0.06716084061351282,0.9999999999999998,0.1018959063233331,0.6925630762376308,0.07307427677308533,0.03778048763312854,0.287819123021726,0.1809161697831358,0.13495659769612928,0.26754315940108586,0.4829720268403703,0.046177106125823486,0.1843919581439642,0.5261073748872656,0.1337702727659944,0.031048254468866218,0.17999985329400253,0.19585946639213148,0.07419689086208636,0.031048254468866218,0.7202834383256387,0.06857473955471435,0.00042407530135275774,0.009048648190760233,0.045736001127117884,0.017215686223276835,0.07973916942597209,0.013371636580199936,0.029528868769830484,0.6590055031751647,0.3016597259167854,0.030325241551761764,0.03348879937376522,0.14673250113999087,0.0064746964168212,0.9325229722628567,0.7364805846711779,0.7379387557332331,0.3643061175410474
601899.XSHG,4,1,-0.2751333024004112,0.2879785256084042,0.2984110919733096,0.4543735489986264,0.6130480319706039,0.28861845497255406,0.3946103321164693,0.18043786831117234,0.2509350254975021,0.11189940774628412,0.8190968644275679,0.023422340934654524,0.03835516691577155,0.016278137710784693,0.017725795984520527,0.07008219275526568,0.022457674075994048,0.002942129668060671,0.6250873005053381,0.07372872818661103,0.16362267957745769,0.027237458518076012,0.08314041478767709,0.2727272717355372,0.061976103406469175,0.5949393028474749,0.13917956288336641,0.012119019625576558,0.08326375225065344,0.23161121939507023,0.0417691353831118,0.9999999999999998,0.08856698258517347,0.8757795665532969,0.050749697177223295,0.027939591069974238,0.24148213354368223,0.11531403571998379,0.13422997631656253,0.06975968830661078,0.5391410844260678,0.026551757693206023,0.03818976697612017,0.5240637421664024,0.11003190448116183,0.01103565630747599,0.1344894862311592,0.15332897619696007,0.015409442455077551,0.01103565630747599,0.7220362314014048,0.0588135025484273,0.0008518389086557806,0.00903136284974962,0.044352168409143786,0.016875197799936775,0.10338476338701921,0.009909484956205927,0.02917539154837378,0.589535539999756,0.30542628234515007,0.05139435316745254,0.0,0.07767367444393777,0.005262307830352335,0.8985936146340772,0.7099641767281417,0.753105913977075,0.28540591102778723
601900.XSHG,4,0,,,,,,,,,,,,,,,,,,,,,,,,,,,,,,,,,,,,,,,,,,,,,,,,,,,,,,,,,,,,,,,,,,,,,
601901.XSHG,4,1,-0.3379861366746358,1.0000000000000002,0.2205525872554945,0.20368495693499633,0.6376841540386626,0.17213885881925026,1.0000000000000002,0.7766320480350234,0.3947524410773672,0.48732039514518233,0.7469731419285968,0.0,0.013684344003226122,0.007980687972947832,0.0029840589171838032,0.008062098247688082,0.0005309674802728007,0.0011231177143154498,0.6194366714067405,0.021577383243754474,0.1533533252352754,0.007249247564261568,0.6492284873843517,0.6363636304132232,0.7715731064889616,1.0,1.0,0.248032920321968,0.14476128222472312,0.6772201539924123,0.15095015878024706,0.03614457831325301,0.16652392578704026,0.31699242068824623,0.11196659405155532,0.079719118122001,0.7300189774810518,0.3635108181048519,0.14248278336284012,0.11811694476132875,0.5026548679682384,0.1004285988515782,0.06830883910209375,0.5297932447345634,0.111874388703422,0.002552796102160209,0.14997234261458614,0.13268469710183162,0.0632184951466207,0.002552796102160209,0.7542887925242208,0.05154028217855038,0.0010165370293848852,0.009088048503653856,0.05305644375124136,0.029247760156912796,0.06504798281099847,0.03229344616550119,0.02996043969994048,0.6583401989038004,0.29599917104153156,0.036676079733409465,0.13304493465416586,0.21304070400770125,0.0414172698450679,0.806551888199287,0.6014854495599491,0.6231882718575807,0.5585942525475022
601908.XSHG,4,1,-0.3254184770235733,0.6480177703414383,0.4305135129698891,0.3881936319997563,0.0,0.276583067045291,0.7931005837384368,0.09008289159964245,0.9935779840683423,0.4118228382159299,0.37103287451792305,0.0011183938547857574,0.010521564669133345,0.004673871117654493,0.00029316463660873215,0.000816448043274725,0.0024870497403722785,0.0010784300196049633,0.6231770858785887,0.022888652533274097,0.15083249229142326,0.004475516467070925,0.02575898144152055,0.5454545434710744,0.024843478119437153,0.6751487232736183,0.017566097011221322,0.11499502577552682,0.09207578582073649,0.7823803689897781,0.1718040415812972,0.429718875502008,0.14420825586895594,0.2201911715338995,0.09051555170186326,0.045140880877627784,0.3219284625730525,0.18504602253074318,0.1442739895543302,0.2190685155265796,0.4965996722851806,0.08032595270005473,0.11826922966046798,0.5243638453938831,0.10132218478071478,0.0026505281119057495,0.13855908971695635,0.15549283301564137,0.03621257412412854,0.0026505281119057495,0.7331419283294597,0.12696464531598206,0.00017732836416763749,0.008956045447181822,0.06072374055392356,0.03359960878741124,0.01204136131400212,0.03133490198483876,0.02996043969994048,0.6031304783648596,0.2970855079750978,0.024170256149923533,0.053121783243519266,0.1504453089375285,0.02150640066997667,0.8549454275610344,0.6247152934412457,0.657545423579333,0.6260926816851897
601918.XSHG,4,1,-0.04005867553473946,0.8512818370739573,0.4474216370548299,0.4953455514783547,0.6073844672415825,0.23364976957858877,0.42465262197539677,0.12995352932866805,0.824698196865129,0.3156074226038667,0.5292435531458046,0.0059692481567167706,0.016030038056191943,0.0063117457947061886,0.0028371349203980753,0.019076610573785638,0.01601972313528445,0.0021083922557008942,0.599744897343916,0.04346855226834011,0.15139464853592385,0.009396486192166334,0.031913861603659575,0.4545454565289256,0.02943484968774533,0.614504945653187,0.035274848284786366,0.013882608302432847,0.09123183485759996,0.19245152130148085,0.044378609302433904,0.9999999999999998,0.06937865553902689,0.8878276232703246,0.04454161279553659,0.025493976763627225,0.28431748184576944,0.17381767449717173,0.1319305251171823,0.1297854797236581,0.516232105799901,0.024135904778285353,0.13359267766469518,0.533737343874056,0.11441487592343969,0.02142399404925198,0.17962985137090098,0.19233410461336664,0.10387304949931836,0.02142399404925198,0.7451275273815492,0.08139687035277447,0.0002871935370344264,0.008898095359945188,0.04699147643474034,0.013737630603642626,0.11554215039960505,0.002079025908333758,0.029188859202415592,0.6267914703557049,0.30274244785872373,0.0451638785236641,0.021665030778812495,0.16497441353802503,0.026344290243464737,0.9406653434832626,0.7790428331343153,0.8051466413880697,0.2769517890276522
601919.XSHG,4,0,-0.1650586755347395,,,,,,,,,,,,,,,,,,,,,,,,,,,,,,,,,,,,,,,,,,,,,,,,,,,,,,,,,,,,,,,,,,,,
601928.XSHG,4,1,-0.1030216384977024,0.6469458549368607,0.37272655092943013,0.40395612630465066,0.4770327053393282,0.2969099017210921,0.7268765788262338,0.11972148012102204,0.7524481026820018,0.17576264992449392,0.5709082810391584,0.01139134201232955,0.014310098887146735,0.0061332048835002085,0.002176160623080034,0.0008443886222424925,0.007275384271676166,0.0010041209572290819,0.6345305829499932,0.02069731971139707,0.15297362270448564,0.007951941780732927,0.03339848486079404,0.7272727282644629,0.05473692313859124,0.6769196214232881,0.06168925207250281,0.0798589129058515,0.09319770300106582,0.6423733021179929,0.1749980074611155,0.7751004016064256,0.15630785123150243,0.20191068874929552,0.1038413328418373,0.0330058555908911,0.31140635954781554,0.18798120324442152,0.1436513569231809,0.1375425499204495,0.4950994552761342,0.09051242087071623,0.1025846650098808,0.5229940899537243,0.1156777217460658,0.013442662520281642,0.14924215780088648,0.15654008862206312,0.13476058811039832,0.013442662520281642,0.7066934493448644,0.07731917707771219,0.0003159584940071752,0.009153917200591187,0.05870854240332562,0.034649826460773615,0.035281234838600496,0.03209772524928967,0.02996043969994048,0.6761941934460877,0.29871095353697935,0.04968870742365316,0.02900976522999222,0.19361676356589147,0.017539331219716455,0.8568769439434178,0.645205873247535,0.6576114366287926,0.6280671465924552
601929.XSHG,4,1,-0.195614231090295,0.7212888557077535,0.30313303571523087,0.4115242201135993,0.511543705055966,0.0962344737620408,0.7146091222958749,0.05979606258946979,0.9314245845623976,0.3009449376132349,0.4524301827024677,0.0037694768352591196,0.013684344003226122,0.00518268152618097,0.0005650431142397169,0.001904945139383056,0.0025049651051799442,0.001160818899825972,0.6162514407966815,0.02546095517247854,0.1513993417761614,0.004690302921208987,0.021884908391205528,0.5454545434710744,0.02811703671622742,0.6116376711980732,0.036415495289604145,0.037668445328751014,0.0914615190917474,0.5047584789585017,0.09759050699063465,0.9437751004016063,0.12721572275416987,0.47652651321888223,0.09316751372913035,0.025669432197209748,0.3024145909144754,0.18498241545733843,0.14027432231832515,0.1331905200238543,0.47764575640267143,0.027833513921474925,0.08146424192931888,0.5236604596352928,0.10654571893525473,0.006234144249868568,0.131408816910367,0.1455792623489053,0.05762219099671654,0.006234144249868568,0.7206316598833575,0.09309945538064107,0.00023598662446722954,0.009090195463199823,0.06230452868161504,0.018373321162160793,0.08870959100202232,0.005698133308881262,0.02996043969994048,0.73571065030166,0.3279522325348795,0.03767382797487819,0.020768498263196312,0.1389390009879921,0.0245809654842376,0.892277129993893,0.6935479412675245,0.7036449765389623,0.3870157695676207
601933.XSHG,4,1,-0.1751069070459935,0.33064844606584887,0.1530860851715679,0.43713603781426225,0.6905371258721326,0.17692336617010182,0.39536709147113774,0.36571097305514577,0.705745565928628,0.26134901590751325,0.5957804462325832,0.008486113623546733,0.017194550333072274,0.007258661447257994,0.009327283261150503,0.005463611357746246,0.011779451969031199,0.0013811237285653365,0.6176152411431851,0.02911850662619035,0.15401430031696198,0.0054032700786789765,0.035428363691863744,0.5454545434710744,0.03568209097645872,0.6958587748671625,0.01286484949227712,0.018268969883331827,0.0,0.600311907978243,0.11940860570982276,0.35341365461847385,0.14035161690280398,0.4898218764211851,0.09598183995853164,0.04236736058606877,0.3294768182338757,0.18528669221156305,0.13928772906771486,0.2821521767677414,0.48177877862604623,0.08207363981353001,0.16966903506985423,0.552685962026162,0.16926973046466287,0.20271953177999652,0.1669766418208835,0.18588404089842275,0.036557433061978915,0.20271953177999652,0.7600788523178352,0.06038928619487982,0.0007189069227573248,0.009071145618085285,0.04285462131529803,0.01573531760397324,0.2022824915373294,0.008923663024113862,0.029530312657084893,0.5714547875849788,0.27497127243966535,0.031476657647390896,0.04826553624445091,0.15967788924355272,0.01194427827959562,0.8757784650125691,0.6478373358100042,0.6735205815485605,0.39856595667124195
601939.XSHG,4,1,-0.1314872469633108,0.25633799889121667,0.6086956429683752,0.4529162394046244,0.614045232620247,1.0,0.666407922501876,0.38702522293115005,0.0,0.08352710967425078,0.9999999999999999,0.0,0.013684344003226122,0.6053032869303253,0.0029840589171838032,0.008062098247688082,0.521191589076845,0.829807837587791,0.6194366714067405,0.10800250807891132,0.9075407662190793,0.6754045278463369,0.07975586482593469,0.5454545434710744,0.06788397976074606,0.5553502038633781,0.1304836894578471,0.013746947634982363,0.0892493760986884,0.7182454771950697,0.200133805287642,0.07228915662650602,0.14240510915724466,0.21312823439917294,0.0928999575162004,0.04860797344886111,0.35152429067595375,0.17977902247138108,0.14407511107298188,0.08476088271153023,0.4974762018773142,0.0987342119871495,0.11200238837218127,0.5009400959431022,0.15329695014465722,0.010270903842688823,0.1677295672807409,0.18091603337209064,0.09131737439619865,0.010270903842688823,0.7102224060707405,0.05154028217855038,0.0010165370293848852,0.009086316076457974,0.05305644375124136,0.029247760156912796,0.06504798281099847,0.03229344616550119,0.02996043969994048,0.7644063323660548,0.29599917104153156,0.03163799548803295,0.07288341160237224,0.13739945913766025,0.006142549500508464,0.9000182854951642,0.6534540710273764,0.6627300884838914,0.4624684433923383
601949.XSHG,4,0,,,,,,,,,,,,,,,,,,,,,,,,,,,,,,,,,,,,,,,,,,,,,,,,,,,,,,,,,,,,,,,,,,,,,
601952.XSHG,4,0,,,,,,,,,,,,,,,,,,,,,,,,,,,,,,,,,,,,,,,,,,,,,,,,,,,,,,,,,,,,,,,,,,,,,
601958.XSHG,4,1,-0.3135470476277628,0.654940508302834,0.2878156193396011,0.3334049888151931,0.5708315884411655,0.006238696768604557,0.2788037774576449,0.20579271951542838,0.5241420553788007,0.23449128634877417,0.6851954667489458,0.005110825175276919,0.011737357414499166,0.005208558838540452,0.002681862098434554,0.00038521238925397043,0.0015066895582853494,0.0008734435357260051,0.6373338326108546,0.024453421756641905,0.15171388767067875,0.007133122525661293,0.03806333228762934,0.2727272717355372,0.0481298701296209,0.6628550124775022,0.03228202719037039,0.010536311838654246,0.08995313485561035,0.3082787984714508,0.06167057418158731,0.9919678714859437,0.09037276451312401,0.831325152782212,0.05392291048768567,0.03453346002539111,0.29531821461417707,0.17893595172099674,0.13491630205611752,0.209501762864369,0.5191846953038196,0.07155177718441125,0.11712737294929094,0.5243224130820758,0.10453526142301053,0.013141589827081857,0.13600951176948864,0.15039932699264988,0.05862814001219862,0.013141589827081857,0.7294411978821587,0.05753274895947835,0.0010113852919353976,0.00908913226448711,0.04596699169805903,0.13634231178617875,0.04972421726070715,0.1516426147187414,0.029035151955552816,0.5202856816541238,0.28100255146287184,0.054011760429272235,0.032462014312936376,0.20387185235851446,0.019458186277442127,0.9032928093621735,0.7291556101012784,0.7594669314230038,0.3679702995560963
601965.XSHG,4,1,-0.2548329573404849,0.7347899694917894,0.3235448242715784,0.380345763080416,0.5192091939726617,0.2214319752462396,0.8429329697242397,0.5955743386911809,0.9889755246812484,0.27221067448861797,0.38175071456031556,0.001171781155967648,0.011680464843874208,0.0052405139954333265,0.0002965970805375594,0.0002781271048948396,0.0017862864471501346,0.0010642439787122199,0.6214780437978388,0.02226189072778145,0.1515728499732943,0.004241403883563308,0.044448031871203414,0.4545454565289256,0.05727141828041463,0.7167004557366032,0.053515943598291475,0.22646287419734104,0.09236958648005493,0.5557002047813904,0.21568474114347194,0.008032128514056224,0.17006697402072068,0.06273386996598908,0.10491353441303278,0.06658608740774669,0.3399848179667526,0.19137482685707005,0.15022474568251715,0.24270766885250417,0.6347880477970717,0.10060289030163898,0.127982287301252,0.5237718290470696,0.1188948018968275,0.009317909338615758,0.1401299663732625,0.15921166931420044,0.016895967377033666,0.009317909338615758,0.7126506087450353,0.06893527199085618,0.0004174692097022411,0.009098969182953371,0.05043707479134334,0.04070681738651512,0.02760561756525614,0.034920347363896,0.02996043969994048,0.6883359963984862,0.35665818515012404,0.034053228731184354,0.10410944924696587,0.18614499417337993,0.02200544356044745,0.8109164406129723,0.6491420105258507,0.6208302857308832,0.6166624272933728
601966.XSHG,4,0,,,,,,,,,,,,,,,,,,,,,,,,,,,,,,,,,,,,,,,,,,,,,,,,,,,,,,,,,,,,,,,,,,,,,
601968.XSHG,4,0,,,,,,,,,,,,,,,,,,,,,,,,,,,,,,,,,,,,,,,,,,,,,,,,,,,,,,,,,,,,,,,,,,,,,
601969.XSHG,4,0,,,,,,,,,,,,,,,,,,,,,,,,,,,,,,,,,,,,,,,,,,,,,,,,,,,,,,,,,,,,,,,,,,,,,
601975.XSHG,4,0,,,,,,,,,,,,,,,,,,,,,,,,,,,,,,,,,,,,,,,,,,,,,,,,,,,,,,,,,,,,,,,,,,,,,
601985.XSHG,4,0,,,,,,,,,,,,,,,,,,,,,,,,,,,,,,,,,,,,,,,,,,,,,,,,,,,,,,,,,,,,,,,,,,,,,
601988.XSHG,4,1,-0.06932696821766621,0.196423889397784,0.7787252106951961,0.14270443016804385,0.5997203157272668,0.2717564380964364,0.0,0.36300679516534995,0.0,0.041205235344959235,0.9999999999999999,0.0,0.013684344003226122,0.482073007379595,0.0029840589171838032,0.008062098247688082,0.40293223744004375,0.7192205392386418,0.6194366714067405,0.5755954172971506,0.5901537757310472,0.4387969492056257,0.04468391945536752,0.2727272717355372,0.04862086628522997,0.5981290356645106,0.14062022318738732,0.0007687437822194085,0.08541213425318686,0.3343482719656418,0.1040158272373587,0.4337349397590361,0.12338411834229085,0.3813873127885358,0.08286274653543853,0.0431357566968137,0.28259351791462295,0.1781363480558568,0.14001825002534724,0.07679802222325816,0.4369690238935101,0.14453555682201838,0.08686089450732054,0.5117964857691251,0.1334416369406163,0.007723795305676041,0.14419829074982923,0.15886572390369866,0.061488004024856345,0.007723795305676041,0.7154831223554735,0.05154028217855038,0.0010165370293848852,0.00907503816458428,0.05305644375124136,0.029247760156912796,0.06504798281099847,0.03229344616550119,0.02996043969994048,0.7431936600938301,0.29599917104153156,0.034810233646963194,0.05464626167154958,0.13945777600445863,0.003715230005383741,0.928013733649572,0.6933157533943657,0.6986702331316854,0.3381857991441565
601989.XSHG,4,1,-0.04005867553473946,0.5477077855847577,0.5057698883455728,0.25546194500719177,0.5510916964865603,0.3118411947059117,0.4453094799801623,0.2738788581806283,0.2910548422421644,0.24696051835251756,0.7982579500623193,0.04858701374688953,0.023161618195858907,0.007883494614594332,0.011122386306793236,0.15605066835120826,0.15655585482879708,0.006670728744311118,0.7185951993210928,0.0418841517562622,0.15717303166804594,0.021745289446771354,0.08277738841691856,0.4545454565289256,0.09292933782847494,0.613858907180999,0.13519322643317375,0.013430406077597901,0.07903975552449603,0.15447723318924472,0.023332007473864415,0.9718875502008031,0.05316482882294113,0.9680104383640676,0.03700440152348984,0.03425535587746627,0.15772948406118645,0.12624689667414335,0.11280309470515289,0.11375734667717519,0.5453804211804849,0.12488080763685094,0.08164140955031492,0.5156931706060551,0.10688949846656923,0.014089019519212116,0.13779760205653616,0.1564396898247356,0.01950056685690899,0.014089019519212116,0.7039707774338408,0.09074052996994378,0.00024384819573954506,0.00908328823566808,0.048875810709625184,0.018443965335288682,0.023564994898933853,0.012788086562680424,0.029270207265465767,0.5306860506762263,0.28326435409562645,0.03129356922008425,0.03017591515401157,0.14948906242083396,0.01543593348088772,0.9242998253113861,0.79451649639556,0.8342174681090957,0.12265901728920678
601990.XSHG,4,0,,,,,,,,,,,,,,,,,,,,,,,,,,,,,,,,,,,,,,,,,,,,,,,,,,,,,,,,,,,,,,,,,,,,,
601991.XSHG,4,1,0.03984447216501842,0.29745946636027065,0.5210426302467364,0.8377217594029671,0.6302861455979818,0.6912432632560104,0.0686395028797459,0.2636268377425474,0.30311467333603226,0.1932315242170475,0.792129017044189,0.03221644168997049,0.079685799541197,0.03180773824768931,0.028896062557317654,0.14515178648150373,0.07778073522113124,0.014590559941281219,0.5401580955383701,0.14642778455693942,0.1669764089980196,0.026274098692263766,0.016599468692036018,0.363636358677686,0.012887482947912641,0.6633217010466178,0.014980432347647805,0.002577552681559193,0.09103151061146096,0.45060215615365107,0.17708960667136597,0.5863453815261043,0.12606940369009328,0.2837555525670388,0.08114780578774543,0.04119241050074809,0.3064258702529405,0.18213954008041702,0.1420356317446452,0.10295593277871401,0.536508882293851,0.04046341415164238,0.08939321366470002,0.5468130121226448,0.12360275378718846,0.028296598175220417,0.14756041630985392,0.13931504262155345,0.28103882857170875,0.028296598175220417,0.7531950496449427,0.07205434602050578,0.0003700118535260251,0.009011982365736802,0.04386208847136745,0.014936921724649894,0.12890233407493706,0.0038545850744122366,0.029866896397665037,0.5898404711241314,0.29147431416417163,0.02719960018570467,0.045570660974972664,0.13118294636976238,0.008726446132679309,0.9099616892246951,0.6775739684224495,0.688605883611072,0.4858362286763874
601992.XSHG,4,1,-0.2586017218923554,0.9871999651715742,0.5819688739597568,0.5548847052082262,0.611565855782886,0.6337389661298964,0.7177979525029408,0.22954730717273159,0.5824416306107019,0.2575487695701858,0.6572432495677852,0.028130363280938583,0.01434787897680793,0.006103915392506102,0.011896035346772913,0.07391445355248184,0.07674929463627139,0.004625166197488648,0.6281712653709554,0.018051575586579424,0.15051664791382582,0.019829208999105407,0.07745122682189992,0.5454545434710744,0.08562708930091134,0.7283891256533485,0.09989059498187153,0.08117029935787283,0.0757427582039635,0.3963218500024406,0.11775724197788012,0.5542168674698794,0.09002820998984123,0.484419961420759,0.05485529129775888,0.049605668924020636,0.31466449322744605,0.12518096632841602,0.14076696901395266,0.14191486900071182,0.5295770565049743,0.05227952923966776,0.14805755045680583,0.5185450144402848,0.09791763599439578,0.03688913836886483,0.1918193968770261,0.21261664617090809,0.03529913530796221,0.03688913836886483,0.7211119251861174,0.06646515883688561,0.00046912700786664035,0.005019612803075526,0.04785686658058496,0.014271590040458755,0.03951972935712525,0.00957476201967904,0.029303066597765826,0.5894618021096799,0.2896102103676953,0.04032239455677959,0.05864100291573558,0.13985637698231748,0.03420081354309984,0.9072321796310236,0.7232569324664992,0.7556394948153351,0.32848461639428883
601996.XSHG,4,1,-0.3362543277086526,0.6366712731966435,0.322591415937354,0.3640816213782182,0.02595697409368003,0.10018197253454875,0.9954563364560793,0.5457968713326913,0.9695044255092695,0.6828250289552705,0.2662017827077081,0.0005084082571495291,0.010573441117899169,0.004740129232535748,0.0002952430471849332,0.00020531967804844728,0.00035853504387987526,0.0010853001262870982,0.6199683198855158,0.02214449341129383,0.1508501242556956,0.0038474182963278364,0.0696002983908716,0.363636358677686,0.034023305528210104,0.665299393021347,0.03260623141979329,0.26046848150492896,0.09080978740543609,0.38291667924054995,0.14128523070183904,0.2971887550200803,0.11234849153634423,0.31075999462066994,0.0543773068682898,0.0801130330627246,0.3286020661505401,0.1575586865100349,0.14171456648390643,0.16501990151533633,0.5218932375799762,0.05603644993818737,0.09403339646720131,0.5170316109268247,0.1006132156510723,0.006912785341614292,0.1330395245535328,0.15144490555902718,0.018553463870791084,0.006912785341614292,0.6761364233906731,0.056864457034438674,0.0011251119190571306,0.009147895240889086,0.04586660116437188,0.07323252123196328,0.03603133728485823,0.17432805930368006,0.02996043969994048,0.5522879259471992,0.2878198842799559,0.028341640047859412,0.10310045588390823,0.17895291837665298,0.06982353293054974,0.8796397224865433,0.6852306399540051,0.7274638050449813,0.5921733674872921
601997.XSHG,4,0,,,,,,,,,,,,,,,,,,,,,,,,,,,,,,,,,,,,,,,,,,,,,,,,,,,,,,,,,,,,,,,,,,,,,
601998.XSHG,4,1,-0.206263661684324,0.7464574921611529,0.7555002006116802,0.5001691931126451,0.6385392556854228,0.2746264917011413,0.23410712132718978,0.5463414080010613,0.0,0.2479004286733555,0.9999999999999999,0.0,0.013684344003226122,0.09759634939227767,0.0029840589171838032,0.008062098247688082,0.07243600173977346,0.1698027092486937,0.6194366714067405,0.06908120176327151,0.2734855980881873,0.10133445821070414,0.1022268570513882,0.363636358677686,0.06698146272204608,0.4295174429158125,0.14734021861063776,0.004386361580898978,0.08402247371910673,0.38708614654690765,0.05014069845143585,0.35341365461847385,0.11104537710603186,0.8558370350446926,0.08248010667888954,0.05111086779851001,0.2900010524841374,0.19091756074932886,0.1377032005137044,0.12680111793402007,0.43902452875666376,0.20317165991876285,0.12391317012973127,0.46748450784837187,0.1453179577720371,0.010508820012111241,0.1553370871795691,0.17034696365331545,0.06571219467326801,0.010508820012111241,0.6981935714561154,0.05154028217855038,0.0010165370293848852,0.009078813644077003,0.05305644375124136,0.029247760156912796,0.06504798281099847,0.03229344616550119,0.02996043969994048,0.7160669872694028,0.29599917104153156,0.05854194369482423,0.06607205699445654,0.16538061445508437,0.020606418615780345,0.9003431637102157,0.701434036530892,0.7230950614317437,0.3730583508382306
601999.XSHG,4,1,-0.199478965389812,0.6753325908760115,0.3854403558713586,0.337254198530189,0.5389273531385907,0.06663166777665214,0.20730462329625562,0.16688564784930923,0.9548136140063703,0.16070668262509735,0.2514154551027534,0.0022056205856385487,0.010789632963047028,0.004834974246815522,0.00046318469013027866,0.00024714276802647667,0.002216995201207414,0.0011156930551966544,0.620228230795121,0.022592715644527372,0.15098697294507185,0.004134541532362786,0.004521617492651145,0.5454545434710744,0.0050307652905076695,0.6885810443808824,0.008066609546327564,0.010852853396038708,0.0912227546814638,0.38637798169210563,0.09173385088376443,0.9477911646586344,0.1191506434539252,0.49231443621233567,0.07977297730381723,0.0302051073165,0.30557447968010726,0.18177911136717417,0.13916424242896916,0.12248990794265988,0.5318427242963106,0.06426308653180672,0.08761741919297775,0.5149278772652875,0.1046350010034881,0.012157866104118736,0.14072840676320914,0.15718091357371333,0.04223183374035169,0.012157866104118736,0.6680139802775724,0.0908698273313974,0.00024339288363990446,0.009124700346435321,0.05896736793170171,0.02393793387349872,0.03458129318400752,0.02347801795670317,0.029530431164812375,0.5939254393503082,0.2791976255646964,0.02792790765206276,0.023176335516372583,0.12393015022546486,0.016012591972243823,0.9193804945250033,0.7066389146875416,0.7189335987938095,0.44738937018769565
603000.XSHG,4,1,-0.1124845045050711,0.641196811394857,0.12405826313688906,0.3220161940208517,0.4607270955214573,0.2269526162754962,0.9375577202505324,0.32150731121095105,0.8875462243762618,0.22312399816697182,0.4875359087169807,0.0010336626680054841,0.0108391288189404,0.004867700990578358,0.00020964651054586255,0.0002310729445816402,0.0008204890093872064,0.0010579511683588255,0.6225942956472477,0.021595575632406692,0.15115523010681664,0.0038643539449017667,0.06245885258892955,0.7272727282644629,0.11503005492346575,0.7217575801613965,0.023455116468191484,0.2794157547255133,0.09254790783892945,0.6013663518684423,0.25214914223336254,0.3975903614457831,0.1822436494582654,0.07893653519816773,0.12618900228897284,0.03854269256659566,0.331307769596656,0.19886681273987913,0.15199645398367895,0.4793138487929264,0.5318427242963106,0.16158077973346013,0.2180807395651346,0.5165525297477574,0.1198427630753281,0.013833222299649943,0.1492032885428437,0.16628109186822568,0.04198637687912999,0.013833222299649943,0.6903574178787232,0.06039331954025519,0.0007186273325102924,0.009167765925855574,0.05415389908390009,0.07030132882792633,0.020131059155739373,0.09288604519676988,0.02996043969994048,0.7904912495855709,0.3571761864243955,0.023520273545517875,0.039185317540573,0.14655342757257941,0.015438326254710774,0.7931653079774468,0.6435169828844369,0.6209068608682564,0.6670234137921911
603001.XSHG,4,1,-0.3005377174509071,0.6445965050380613,0.397234840585172,0.36727017227240955,0.5094710657174453,0.21961224990075212,0.7380742556392349,0.1226966437889199,0.9846237812176453,0.28275986751150956,0.3900331541530331,0.0026561423486937074,0.013345929415841317,0.0059097582001697326,0.0011022900070329872,0.0004342073571038755,0.0029131102238527918,0.0010786210342343002,0.6250963939788496,0.022680839775631678,0.15251659271607845,0.005129693225884843,0.0227615558095605,0.5454545434710744,0.02492170590072961,0.7081114202431575,0.014643510337367887,0.09129962919417564,0.09228229434289191,0.8021858039840493,0.0751080001904838,0.9156626506024095,0.14503637257214233,0.7673450029206477,0.10793257163983935,0.02310149749316829,0.3109086721637416,0.1834010572789653,0.13481491302641052,0.42868871247497364,0.7037919993920932,0.16143720059368388,0.2579057035564265,0.5015295026966332,0.17123614938378173,0.042632208423648156,0.20336111271434837,0.2229748281040942,0.054265316600915506,0.042632208423648156,0.6448116740692962,0.07748748317410789,0.0003145923518244191,0.009078724541554664,0.04772877300869241,0.02800161758772412,0.04336257254839362,0.03651359176977071,0.02996043969994048,0.6740297368832491,0.31581862207767764,0.03496433212536462,0.016424623297393273,0.14501443988448093,0.022168600825506972,0.82682393376035,0.6198697536597235,0.666714636149274,0.6039539690798194
603002.XSHG,4,1,-0.2872496867706946,0.9392061589835277,0.2020042112573323,0.3492128137708851,0.489855886534782,0.3024356045732847,0.9989702023673539,0.4475631526034698,0.9333798174998837,0.5729846841603551,0.23389060078180374,0.0004233428808978476,0.010759116323909424,0.004833603660627381,0.00044900969894687677,0.0006893885400380757,0.0012128796268680083,0.0011063567493405082,0.6191133305915315,0.02217863019883668,0.1510171944195155,0.0036193309148847283,0.03428273893497302,0.5454545434710744,0.018181841711389476,0.6381454973240263,0.025783533638324613,0.18793524464140363,0.08958601747501505,0.21868412889396294,0.11233340531332314,0.37751004016064255,0.06078455657875145,0.7420026095910168,0.03971676197327211,0.04635004800823017,0.3097440145205052,0.17306184947305397,0.1393644207696727,0.09230113238603779,0.5855936850870056,0.06874682880823449,0.060615322119178416,0.5190424029199181,0.10779846895392327,0.01459721778634195,0.12482863525649494,0.1430133631302355,0.015138538662238899,0.01459721778634195,0.6804132384955427,0.0698580899851736,0.0004017449347965213,0.009102192500969197,0.04311991088592205,0.025531973539907448,0.04910224191949368,0.02332023089838713,0.02996043969994048,0.5115557807733718,0.27802711009600256,0.030888229934494738,0.05184896559728873,0.1758834137660232,0.05048677992462762,0.9342485549132948,0.7881644995798505,0.8133692268287596,0.4825227434841469
603003.XSHG,4,0,-0.2750919349582427,,,,,,,,,,,,,,,,,,,,,,,,,,,,,,,,,,,,,,,,,,,,,,,,,,,,,,,,,,,,,,,,,,,,
603005.XSHG,4,0,,,,,,,,,,,,,,,,,,,,,,,,,,,,,,,,,,,,,,,,,,,,,,,,,,,,,,,,,,,,,,,,,,,,,
603006.XSHG,4,0,,,,,,,,,,,,,,,,,,,,,,,,,,,,,,,,,,,,,,,,,,,,,,,,,,,,,,,,,,,,,,,,,,,,,
603007.XSHG,4,0,,,,,,,,,,,,,,,,,,,,,,,,,,,,,,,,,,,,,,,,,,,,,,,,,,,,,,,,,,,,,,,,,,,,,
603008.XSHG,4,1,-0.3156591812237407,0.5565417726374473,0.35217290503709986,0.3742535715152106,0.5013742645331755,0.23975667817146706,0.6152084806766378,0.2770220366953954,0.8213664413004209,0.18311235805149878,0.172442705295765,0.004585277962534866,0.010886399961543546,0.004883697159244517,0.0029840589171838032,0.00021593826950634483,0.0006467192507231094,0.0011213047666311217,0.61874914835699,0.022342826889962954,0.15103607727474178,0.003679294977485282,0.0059165054620587505,0.6363636304132232,0.008700634584453141,0.6994594382082174,0.007365002273950037,0.11368363932350546,0.09144571151867967,0.46477505899771704,0.11921981551485558,0.40963855421686746,0.1301651885299578,0.3514745421153291,0.09509601651692152,0.04216592000596504,0.3065086632102385,0.1821101442433745,0.141348006145735,0.26041191390526447,0.5318427242963106,0.023050117134856954,0.13671860307243192,0.5115712176474669,0.11671288978288974,0.01769100772013317,0.14269612053218567,0.16002167965566788,0.035271832870914864,0.01769100772013317,0.652401268087364,0.07474128671978711,0.0010165370293848852,0.009094192465271161,0.05305644375124136,0.029247760156912796,0.06504798281099847,0.04212059703790642,0.02996043969994048,0.6137324122247689,0.29599917104153156,0.03831107872672374,0.047172429176982444,0.13684925520595836,0.017185798887360174,0.9047884918549658,0.6970445800716467,0.6878176878005242,0.5814977132841079
603009.XSHG,4,0,,,,,,,,,,,,,,,,,,,,,,,,,,,,,,,,,,,,,,,,,,,,,,,,,,,,,,,,,,,,,,,,,,,,,
603010.XSHG,4,0,,,,,,,,,,,,,,,,,,,,,,,,,,,,,,,,,,,,,,,,,,,,,,,,,,,,,,,,,,,,,,,,,,,,,
603011.XSHG,4,0,,,,,,,,,,,,,,,,,,,,,,,,,,,,,,,,,,,,,,,,,,,,,,,,,,,,,,,,,,,,,,,,,,,,,
603012.XSHG,4,0,,,,,,,,,,,,,,,,,,,,,,,,,,,,,,,,,,,,,,,,,,,,,,,,,,,,,,,,,,,,,,,,,,,,,
603013.XSHG,4,0,,,,,,,,,,,,,,,,,,,,,,,,,,,,,,,,,,,,,,,,,,,,,,,,,,,,,,,,,,,,,,,,,,,,,
603015.XSHG,4,0,,,,,,,,,,,,,,,,,,,,,,,,,,,,,,,,,,,,,,,,,,,,,,,,,,,,,,,,,,,,,,,,,,,,,
603016.XSHG,4,0,,,,,,,,,,,,,,,,,,,,,,,,,,,,,,,,,,,,,,,,,,,,,,,,,,,,,,,,,,,,,,,,,,,,,
603017.XSHG,4,0,,,,,,,,,,,,,,,,,,,,,,,,,,,,,,,,,,,,,,,,,,,,,,,,,,,,,,,,,,,,,,,,,,,,,
603018.XSHG,4,0,,,,,,,,,,,,,,,,,,,,,,,,,,,,,,,,,,,,,,,,,,,,,,,,,,,,,,,,,,,,,,,,,,,,,
603019.XSHG,4,0,,,,,,,,,,,,,,,,,,,,,,,,,,,,,,,,,,,,,,,,,,,,,,,,,,,,,,,,,,,,,,,,,,,,,
603020.XSHG,4,0,,,,,,,,,,,,,,,,,,,,,,,,,,,,,,,,,,,,,,,,,,,,,,,,,,,,,,,,,,,,,,,,,,,,,
603021.XSHG,4,0,,,,,,,,,,,,,,,,,,,,,,,,,,,,,,,,,,,,,,,,,,,,,,,,,,,,,,,,,,,,,,,,,,,,,
603022.XSHG,4,0,,,,,,,,,,,,,,,,,,,,,,,,,,,,,,,,,,,,,,,,,,,,,,,,,,,,,,,,,,,,,,,,,,,,,
603023.XSHG,4,0,,,,,,,,,,,,,,,,,,,,,,,,,,,,,,,,,,,,,,,,,,,,,,,,,,,,,,,,,,,,,,,,,,,,,
603025.XSHG,4,0,,,,,,,,,,,,,,,,,,,,,,,,,,,,,,,,,,,,,,,,,,,,,,,,,,,,,,,,,,,,,,,,,,,,,
603026.XSHG,4,0,,,,,,,,,,,,,,,,,,,,,,,,,,,,,,,,,,,,,,,,,,,,,,,,,,,,,,,,,,,,,,,,,,,,,
603027.XSHG,4,0,,,,,,,,,,,,,,,,,,,,,,,,,,,,,,,,,,,,,,,,,,,,,,,,,,,,,,,,,,,,,,,,,,,,,
603028.XSHG,4,0,,,,,,,,,,,,,,,,,,,,,,,,,,,,,,,,,,,,,,,,,,,,,,,,,,,,,,,,,,,,,,,,,,,,,
603029.XSHG,4,0,,,,,,,,,,,,,,,,,,,,,,,,,,,,,,,,,,,,,,,,,,,,,,,,,,,,,,,,,,,,,,,,,,,,,
603030.XSHG,4,0,,,,,,,,,,,,,,,,,,,,,,,,,,,,,,,,,,,,,,,,,,,,,,,,,,,,,,,,,,,,,,,,,,,,,
603031.XSHG,4,0,,,,,,,,,,,,,,,,,,,,,,,,,,,,,,,,,,,,,,,,,,,,,,,,,,,,,,,,,,,,,,,,,,,,,
603032.XSHG,4,0,,,,,,,,,,,,,,,,,,,,,,,,,,,,,,,,,,,,,,,,,,,,,,,,,,,,,,,,,,,,,,,,,,,,,
603033.XSHG,4,0,,,,,,,,,,,,,,,,,,,,,,,,,,,,,,,,,,,,,,,,,,,,,,,,,,,,,,,,,,,,,,,,,,,,,
603035.XSHG,4,0,,,,,,,,,,,,,,,,,,,,,,,,,,,,,,,,,,,,,,,,,,,,,,,,,,,,,,,,,,,,,,,,,,,,,
603036.XSHG,4,0,,,,,,,,,,,,,,,,,,,,,,,,,,,,,,,,,,,,,,,,,,,,,,,,,,,,,,,,,,,,,,,,,,,,,
603037.XSHG,4,0,,,,,,,,,,,,,,,,,,,,,,,,,,,,,,,,,,,,,,,,,,,,,,,,,,,,,,,,,,,,,,,,,,,,,
603038.XSHG,4,0,,,,,,,,,,,,,,,,,,,,,,,,,,,,,,,,,,,,,,,,,,,,,,,,,,,,,,,,,,,,,,,,,,,,,
603039.XSHG,4,0,,,,,,,,,,,,,,,,,,,,,,,,,,,,,,,,,,,,,,,,,,,,,,,,,,,,,,,,,,,,,,,,,,,,,
603040.XSHG,4,0,,,,,,,,,,,,,,,,,,,,,,,,,,,,,,,,,,,,,,,,,,,,,,,,,,,,,,,,,,,,,,,,,,,,,
603041.XSHG,4,0,,,,,,,,,,,,,,,,,,,,,,,,,,,,,,,,,,,,,,,,,,,,,,,,,,,,,,,,,,,,,,,,,,,,,
603042.XSHG,4,0,,,,,,,,,,,,,,,,,,,,,,,,,,,,,,,,,,,,,,,,,,,,,,,,,,,,,,,,,,,,,,,,,,,,,
603043.XSHG,4,0,,,,,,,,,,,,,,,,,,,,,,,,,,,,,,,,,,,,,,,,,,,,,,,,,,,,,,,,,,,,,,,,,,,,,
603045.XSHG,4,0,,,,,,,,,,,,,,,,,,,,,,,,,,,,,,,,,,,,,,,,,,,,,,,,,,,,,,,,,,,,,,,,,,,,,
603050.XSHG,4,0,,,,,,,,,,,,,,,,,,,,,,,,,,,,,,,,,,,,,,,,,,,,,,,,,,,,,,,,,,,,,,,,,,,,,
603055.XSHG,4,0,,,,,,,,,,,,,,,,,,,,,,,,,,,,,,,,,,,,,,,,,,,,,,,,,,,,,,,,,,,,,,,,,,,,,
603056.XSHG,4,0,,,,,,,,,,,,,,,,,,,,,,,,,,,,,,,,,,,,,,,,,,,,,,,,,,,,,,,,,,,,,,,,,,,,,
603058.XSHG,4,0,,,,,,,,,,,,,,,,,,,,,,,,,,,,,,,,,,,,,,,,,,,,,,,,,,,,,,,,,,,,,,,,,,,,,
603059.XSHG,4,0,,,,,,,,,,,,,,,,,,,,,,,,,,,,,,,,,,,,,,,,,,,,,,,,,,,,,,,,,,,,,,,,,,,,,
603060.XSHG,4,0,,,,,,,,,,,,,,,,,,,,,,,,,,,,,,,,,,,,,,,,,,,,,,,,,,,,,,,,,,,,,,,,,,,,,
603063.XSHG,4,0,,,,,,,,,,,,,,,,,,,,,,,,,,,,,,,,,,,,,,,,,,,,,,,,,,,,,,,,,,,,,,,,,,,,,
603066.XSHG,4,0,,,,,,,,,,,,,,,,,,,,,,,,,,,,,,,,,,,,,,,,,,,,,,,,,,,,,,,,,,,,,,,,,,,,,
603067.XSHG,4,0,,,,,,,,,,,,,,,,,,,,,,,,,,,,,,,,,,,,,,,,,,,,,,,,,,,,,,,,,,,,,,,,,,,,,
603068.XSHG,4,0,,,,,,,,,,,,,,,,,,,,,,,,,,,,,,,,,,,,,,,,,,,,,,,,,,,,,,,,,,,,,,,,,,,,,
603069.XSHG,4,0,,,,,,,,,,,,,,,,,,,,,,,,,,,,,,,,,,,,,,,,,,,,,,,,,,,,,,,,,,,,,,,,,,,,,
603076.XSHG,4,0,,,,,,,,,,,,,,,,,,,,,,,,,,,,,,,,,,,,,,,,,,,,,,,,,,,,,,,,,,,,,,,,,,,,,
603077.XSHG,4,1,-0.1622808977569617,0.6748529155961731,0.43550646774174756,0.3483249704775283,0.489855886534782,0.4201361847305049,0.7595622438194534,0.1091365447682614,1.0,0.3333651728518476,0.33813712420361586,0.004585277962534866,0.011591680970587164,0.005140204886758521,0.0029840589171838032,0.0048217848904820015,0.0007081893388594966,0.0011635059800681508,0.6192624315988059,0.02217114578584452,0.15124650644477444,0.004703876342599324,0.014873784696938041,0.363636358677686,0.014663602181267174,0.6837711338802379,0.011298985051323446,0.08754635072804558,0.08994220390202637,0.19075704587497666,0.03390961002024786,0.718875502008032,0.050949270769786184,0.9684262071924927,0.03553618911522716,0.027241080740719886,0.2674863555555826,0.1393183016062467,0.13233348151729982,0.3538289513929933,0.5318427242963106,0.08366729175751178,0.20115506809490913,0.5176405695561797,0.11798095757308014,0.015249528315696528,0.17363521459759132,0.18959281495671518,0.06899882493491813,0.015249528315696528,0.7028174395899867,0.07474128671978711,0.0010165370293848852,0.009112169790178343,0.05305644375124136,0.029247760156912796,0.06504798281099847,0.015071451308032613,0.02996043969994048,0.6137324122247689,0.29599917104153156,0.03405638935061377,0.023934533973999375,0.09467560926179258,0.026128940599389843,0.9574063356577809,0.8467560037150061,0.8445603926984286,0.15894461501147625
603078.XSHG,4,0,,,,,,,,,,,,,,,,,,,,,,,,,,,,,,,,,,,,,,,,,,,,,,,,,,,,,,,,,,,,,,,,,,,,,
603079.XSHG,4,0,,,,,,,,,,,,,,,,,,,,,,,,,,,,,,,,,,,,,,,,,,,,,,,,,,,,,,,,,,,,,,,,,,,,,
603080.XSHG,4,0,,,,,,,,,,,,,,,,,,,,,,,,,,,,,,,,,,,,,,,,,,,,,,,,,,,,,,,,,,,,,,,,,,,,,
603081.XSHG,4,0,,,,,,,,,,,,,,,,,,,,,,,,,,,,,,,,,,,,,,,,,,,,,,,,,,,,,,,,,,,,,,,,,,,,,
603083.XSHG,4,0,,,,,,,,,,,,,,,,,,,,,,,,,,,,,,,,,,,,,,,,,,,,,,,,,,,,,,,,,,,,,,,,,,,,,
603085.XSHG,4,0,,,,,,,,,,,,,,,,,,,,,,,,,,,,,,,,,,,,,,,,,,,,,,,,,,,,,,,,,,,,,,,,,,,,,
603086.XSHG,4,0,,,,,,,,,,,,,,,,,,,,,,,,,,,,,,,,,,,,,,,,,,,,,,,,,,,,,,,,,,,,,,,,,,,,,
603088.XSHG,4,0,,,,,,,,,,,,,,,,,,,,,,,,,,,,,,,,,,,,,,,,,,,,,,,,,,,,,,,,,,,,,,,,,,,,,
603089.XSHG,4,0,,,,,,,,,,,,,,,,,,,,,,,,,,,,,,,,,,,,,,,,,,,,,,,,,,,,,,,,,,,,,,,,,,,,,
603090.XSHG,4,0,,,,,,,,,,,,,,,,,,,,,,,,,,,,,,,,,,,,,,,,,,,,,,,,,,,,,,,,,,,,,,,,,,,,,
603096.XSHG,4,0,,,,,,,,,,,,,,,,,,,,,,,,,,,,,,,,,,,,,,,,,,,,,,,,,,,,,,,,,,,,,,,,,,,,,
603098.XSHG,4,0,,,,,,,,,,,,,,,,,,,,,,,,,,,,,,,,,,,,,,,,,,,,,,,,,,,,,,,,,,,,,,,,,,,,,
603099.XSHG,4,0,,,,,,,,,,,,,,,,,,,,,,,,,,,,,,,,,,,,,,,,,,,,,,,,,,,,,,,,,,,,,,,,,,,,,
603100.XSHG,4,0,,,,,,,,,,,,,,,,,,,,,,,,,,,,,,,,,,,,,,,,,,,,,,,,,,,,,,,,,,,,,,,,,,,,,
603101.XSHG,4,0,,,,,,,,,,,,,,,,,,,,,,,,,,,,,,,,,,,,,,,,,,,,,,,,,,,,,,,,,,,,,,,,,,,,,
603103.XSHG,4,0,,,,,,,,,,,,,,,,,,,,,,,,,,,,,,,,,,,,,,,,,,,,,,,,,,,,,,,,,,,,,,,,,,,,,
603105.XSHG,4,0,,,,,,,,,,,,,,,,,,,,,,,,,,,,,,,,,,,,,,,,,,,,,,,,,,,,,,,,,,,,,,,,,,,,,
603106.XSHG,4,0,,,,,,,,,,,,,,,,,,,,,,,,,,,,,,,,,,,,,,,,,,,,,,,,,,,,,,,,,,,,,,,,,,,,,
603108.XSHG,4,0,,,,,,,,,,,,,,,,,,,,,,,,,,,,,,,,,,,,,,,,,,,,,,,,,,,,,,,,,,,,,,,,,,,,,
603110.XSHG,4,0,,,,,,,,,,,,,,,,,,,,,,,,,,,,,,,,,,,,,,,,,,,,,,,,,,,,,,,,,,,,,,,,,,,,,
603111.XSHG,4,0,,,,,,,,,,,,,,,,,,,,,,,,,,,,,,,,,,,,,,,,,,,,,,,,,,,,,,,,,,,,,,,,,,,,,
603113.XSHG,4,0,,,,,,,,,,,,,,,,,,,,,,,,,,,,,,,,,,,,,,,,,,,,,,,,,,,,,,,,,,,,,,,,,,,,,
603116.XSHG,4,0,,,,,,,,,,,,,,,,,,,,,,,,,,,,,,,,,,,,,,,,,,,,,,,,,,,,,,,,,,,,,,,,,,,,,
603117.XSHG,4,0,,,,,,,,,,,,,,,,,,,,,,,,,,,,,,,,,,,,,,,,,,,,,,,,,,,,,,,,,,,,,,,,,,,,,
603118.XSHG,4,0,,,,,,,,,,,,,,,,,,,,,,,,,,,,,,,,,,,,,,,,,,,,,,,,,,,,,,,,,,,,,,,,,,,,,
603121.XSHG,4,0,,,,,,,,,,,,,,,,,,,,,,,,,,,,,,,,,,,,,,,,,,,,,,,,,,,,,,,,,,,,,,,,,,,,,
603123.XSHG,4,1,-0.2231187848243569,0.6751182470162963,0.5198182108825748,0.6271573449908657,0.5567629512792671,0.34913290973106537,0.7004229400214868,0.06174957872613235,0.866114623280664,0.24925335040034646,0.19332001866643422,0.0015402268566947499,0.011905637330895814,0.005299077662835301,0.0018232150934726187,0.00030338574960436354,0.005163428015760855,0.0011580640360131212,0.6159877094943559,0.02341536953049922,0.15159107038266117,0.003965111947001322,0.005494267938541688,0.5454545434710744,0.004964291204892884,0.6775046001195729,0.006821432289667077,0.062313466582255575,0.091039772260748,0.4000913919772977,0.0764155681593911,0.9076305220883533,0.11245060616561542,0.6601577457732736,0.08400672471930172,0.03342833094636117,0.3094871273235525,0.18175957864807246,0.13710916478836987,0.27368691744580753,0.5318427242963106,0.15472257147506926,0.15121743779653887,0.5528669473571967,0.1415316831567699,0.09084389779805506,0.15217755685908096,0.16620967791299968,0.07286543317967097,0.09084389779805506,0.782086922177156,0.056453800356139734,0.0012103411352488384,0.009064214264332108,0.04272375743958494,0.02028446182215192,0.18924645927627307,0.006179259633470073,0.02996043969994048,0.5731113952206759,0.2769819583329197,0.032735047304479126,0.030390652493507468,0.1497633727263515,0.019284411078542802,0.9087509409041201,0.6741160275971878,0.7252893351957816,0.4809704608842338
603126.XSHG,4,0,,,,,,,,,,,,,,,,,,,,,,,,,,,,,,,,,,,,,,,,,,,,,,,,,,,,,,,,,,,,,,,,,,,,,
603127.XSHG,4,0,,,,,,,,,,,,,,,,,,,,,,,,,,,,,,,,,,,,,,,,,,,,,,,,,,,,,,,,,,,,,,,,,,,,,
603128.XSHG,4,1,-0.2269098866074038,0.671748557591332,0.4139208626619846,0.35972633744455185,0.5713474914092793,0.35271613803157276,0.6771579242627449,0.16179646531207983,0.8390201793387247,0.16802777385691936,0.18028875148570267,0.0012414382591989287,0.010924647757509265,0.004903232181104361,0.002335778923636804,0.00215007334556938,0.0029473174313071203,0.0011665001809170468,0.6196177047125758,0.022206904085124678,0.1510336305228502,0.0036869686593816943,0.004850611757958051,0.4545454565289256,0.005092045296553003,0.6850161085944385,0.008817600925767973,0.07456814687528263,0.09118557977720959,0.24176599489048517,0.06819940645880906,0.8393574297188754,0.10084840786822863,0.6202747359354644,0.07080597108616263,0.033799455308129306,0.3064258702529405,0.18028652402530435,0.13999875213501897,0.1689069709528936,0.5828924300530289,0.07130425709417025,0.08800956007794387,0.5262184632659196,0.1084884649347489,0.09493067932175825,0.12835555707308377,0.1473921426369515,0.009425702514236365,0.09493067932175825,0.7345523424910929,0.06015399799633364,0.0007356666904078523,0.009066543267185255,0.041032157159071894,0.018190783557925836,0.1578178134181134,0.014875943617268017,0.02996043969994048,0.49322054947479776,0.27089305872452557,0.06677339918688394,0.03173016323625003,0.22484895120839032,0.02035801878327451,0.9313832355739871,0.7295757595860421,0.7516985157625959,0.400671852825489
603129.XSHG,4,0,,,,,,,,,,,,,,,,,,,,,,,,,,,,,,,,,,,,,,,,,,,,,,,,,,,,,,,,,,,,,,,,,,,,,
603131.XSHG,4,0,,,,,,,,,,,,,,,,,,,,,,,,,,,,,,,,,,,,,,,,,,,,,,,,,,,,,,,,,,,,,,,,,,,,,
603133.XSHG,4,0,,,,,,,,,,,,,,,,,,,,,,,,,,,,,,,,,,,,,,,,,,,,,,,,,,,,,,,,,,,,,,,,,,,,,
603136.XSHG,4,0,,,,,,,,,,,,,,,,,,,,,,,,,,,,,,,,,,,,,,,,,,,,,,,,,,,,,,,,,,,,,,,,,,,,,
603138.XSHG,4,0,,,,,,,,,,,,,,,,,,,,,,,,,,,,,,,,,,,,,,,,,,,,,,,,,,,,,,,,,,,,,,,,,,,,,
603139.XSHG,4,0,,,,,,,,,,,,,,,,,,,,,,,,,,,,,,,,,,,,,,,,,,,,,,,,,,,,,,,,,,,,,,,,,,,,,
603156.XSHG,4,0,,,,,,,,,,,,,,,,,,,,,,,,,,,,,,,,,,,,,,,,,,,,,,,,,,,,,,,,,,,,,,,,,,,,,
603157.XSHG,4,0,,,,,,,,,,,,,,,,,,,,,,,,,,,,,,,,,,,,,,,,,,,,,,,,,,,,,,,,,,,,,,,,,,,,,
603158.XSHG,4,0,,,,,,,,,,,,,,,,,,,,,,,,,,,,,,,,,,,,,,,,,,,,,,,,,,,,,,,,,,,,,,,,,,,,,
603159.XSHG,4,0,,,,,,,,,,,,,,,,,,,,,,,,,,,,,,,,,,,,,,,,,,,,,,,,,,,,,,,,,,,,,,,,,,,,,
603160.XSHG,4,0,,,,,,,,,,,,,,,,,,,,,,,,,,,,,,,,,,,,,,,,,,,,,,,,,,,,,,,,,,,,,,,,,,,,,
603161.XSHG,4,0,,,,,,,,,,,,,,,,,,,,,,,,,,,,,,,,,,,,,,,,,,,,,,,,,,,,,,,,,,,,,,,,,,,,,
603165.XSHG,4,0,,,,,,,,,,,,,,,,,,,,,,,,,,,,,,,,,,,,,,,,,,,,,,,,,,,,,,,,,,,,,,,,,,,,,
603166.XSHG,4,0,,,,,,,,,,,,,,,,,,,,,,,,,,,,,,,,,,,,,,,,,,,,,,,,,,,,,,,,,,,,,,,,,,,,,
603167.XSHG,4,0,-0.2245905615591628,,,,,,,,,,,,,,,,,,,,,,,,,,,,,,,,,,,,,,,,,,,,,,,,,,,,,,,,,,,,,,,,,,,,
603168.XSHG,4,0,,,,,,,,,,,,,,,,,,,,,,,,,,,,,,,,,,,,,,,,,,,,,,,,,,,,,,,,,,,,,,,,,,,,,
603169.XSHG,4,0,,,,,,,,,,,,,,,,,,,,,,,,,,,,,,,,,,,,,,,,,,,,,,,,,,,,,,,,,,,,,,,,,,,,,
603177.XSHG,4,0,,,,,,,,,,,,,,,,,,,,,,,,,,,,,,,,,,,,,,,,,,,,,,,,,,,,,,,,,,,,,,,,,,,,,
603178.XSHG,4,0,,,,,,,,,,,,,,,,,,,,,,,,,,,,,,,,,,,,,,,,,,,,,,,,,,,,,,,,,,,,,,,,,,,,,
603179.XSHG,4,0,,,,,,,,,,,,,,,,,,,,,,,,,,,,,,,,,,,,,,,,,,,,,,,,,,,,,,,,,,,,,,,,,,,,,
603180.XSHG,4,0,,,,,,,,,,,,,,,,,,,,,,,,,,,,,,,,,,,,,,,,,,,,,,,,,,,,,,,,,,,,,,,,,,,,,
603181.XSHG,4,0,,,,,,,,,,,,,,,,,,,,,,,,,,,,,,,,,,,,,,,,,,,,,,,,,,,,,,,,,,,,,,,,,,,,,
603183.XSHG,4,0,,,,,,,,,,,,,,,,,,,,,,,,,,,,,,,,,,,,,,,,,,,,,,,,,,,,,,,,,,,,,,,,,,,,,
603185.XSHG,4,0,,,,,,,,,,,,,,,,,,,,,,,,,,,,,,,,,,,,,,,,,,,,,,,,,,,,,,,,,,,,,,,,,,,,,
603186.XSHG,4,0,,,,,,,,,,,,,,,,,,,,,,,,,,,,,,,,,,,,,,,,,,,,,,,,,,,,,,,,,,,,,,,,,,,,,
603187.XSHG,4,0,,,,,,,,,,,,,,,,,,,,,,,,,,,,,,,,,,,,,,,,,,,,,,,,,,,,,,,,,,,,,,,,,,,,,
603188.XSHG,4,0,,,,,,,,,,,,,,,,,,,,,,,,,,,,,,,,,,,,,,,,,,,,,,,,,,,,,,,,,,,,,,,,,,,,,
603189.XSHG,4,0,,,,,,,,,,,,,,,,,,,,,,,,,,,,,,,,,,,,,,,,,,,,,,,,,,,,,,,,,,,,,,,,,,,,,
603192.XSHG,4,0,,,,,,,,,,,,,,,,,,,,,,,,,,,,,,,,,,,,,,,,,,,,,,,,,,,,,,,,,,,,,,,,,,,,,
603196.XSHG,4,0,,,,,,,,,,,,,,,,,,,,,,,,,,,,,,,,,,,,,,,,,,,,,,,,,,,,,,,,,,,,,,,,,,,,,
603197.XSHG,4,0,,,,,,,,,,,,,,,,,,,,,,,,,,,,,,,,,,,,,,,,,,,,,,,,,,,,,,,,,,,,,,,,,,,,,
603198.XSHG,4,0,,,,,,,,,,,,,,,,,,,,,,,,,,,,,,,,,,,,,,,,,,,,,,,,,,,,,,,,,,,,,,,,,,,,,
603199.XSHG,4,0,,,,,,,,,,,,,,,,,,,,,,,,,,,,,,,,,,,,,,,,,,,,,,,,,,,,,,,,,,,,,,,,,,,,,
603200.XSHG,4,0,,,,,,,,,,,,,,,,,,,,,,,,,,,,,,,,,,,,,,,,,,,,,,,,,,,,,,,,,,,,,,,,,,,,,
603203.XSHG,4,0,,,,,,,,,,,,,,,,,,,,,,,,,,,,,,,,,,,,,,,,,,,,,,,,,,,,,,,,,,,,,,,,,,,,,
603208.XSHG,4,0,,,,,,,,,,,,,,,,,,,,,,,,,,,,,,,,,,,,,,,,,,,,,,,,,,,,,,,,,,,,,,,,,,,,,
603214.XSHG,4,0,,,,,,,,,,,,,,,,,,,,,,,,,,,,,,,,,,,,,,,,,,,,,,,,,,,,,,,,,,,,,,,,,,,,,
603218.XSHG,4,0,,,,,,,,,,,,,,,,,,,,,,,,,,,,,,,,,,,,,,,,,,,,,,,,,,,,,,,,,,,,,,,,,,,,,
603220.XSHG,4,0,,,,,,,,,,,,,,,,,,,,,,,,,,,,,,,,,,,,,,,,,,,,,,,,,,,,,,,,,,,,,,,,,,,,,
603222.XSHG,4,0,,,,,,,,,,,,,,,,,,,,,,,,,,,,,,,,,,,,,,,,,,,,,,,,,,,,,,,,,,,,,,,,,,,,,
603223.XSHG,4,0,,,,,,,,,,,,,,,,,,,,,,,,,,,,,,,,,,,,,,,,,,,,,,,,,,,,,,,,,,,,,,,,,,,,,
603225.XSHG,4,0,,,,,,,,,,,,,,,,,,,,,,,,,,,,,,,,,,,,,,,,,,,,,,,,,,,,,,,,,,,,,,,,,,,,,
603226.XSHG,4,0,,,,,,,,,,,,,,,,,,,,,,,,,,,,,,,,,,,,,,,,,,,,,,,,,,,,,,,,,,,,,,,,,,,,,
603227.XSHG,4,0,,,,,,,,,,,,,,,,,,,,,,,,,,,,,,,,,,,,,,,,,,,,,,,,,,,,,,,,,,,,,,,,,,,,,
603228.XSHG,4,0,,,,,,,,,,,,,,,,,,,,,,,,,,,,,,,,,,,,,,,,,,,,,,,,,,,,,,,,,,,,,,,,,,,,,
603229.XSHG,4,0,,,,,,,,,,,,,,,,,,,,,,,,,,,,,,,,,,,,,,,,,,,,,,,,,,,,,,,,,,,,,,,,,,,,,
603232.XSHG,4,0,,,,,,,,,,,,,,,,,,,,,,,,,,,,,,,,,,,,,,,,,,,,,,,,,,,,,,,,,,,,,,,,,,,,,
603233.XSHG,4,0,,,,,,,,,,,,,,,,,,,,,,,,,,,,,,,,,,,,,,,,,,,,,,,,,,,,,,,,,,,,,,,,,,,,,
603238.XSHG,4,0,,,,,,,,,,,,,,,,,,,,,,,,,,,,,,,,,,,,,,,,,,,,,,,,,,,,,,,,,,,,,,,,,,,,,
603239.XSHG,4,0,,,,,,,,,,,,,,,,,,,,,,,,,,,,,,,,,,,,,,,,,,,,,,,,,,,,,,,,,,,,,,,,,,,,,
603258.XSHG,4,0,,,,,,,,,,,,,,,,,,,,,,,,,,,,,,,,,,,,,,,,,,,,,,,,,,,,,,,,,,,,,,,,,,,,,
603259.XSHG,4,0,,,,,,,,,,,,,,,,,,,,,,,,,,,,,,,,,,,,,,,,,,,,,,,,,,,,,,,,,,,,,,,,,,,,,
603260.XSHG,4,0,,,,,,,,,,,,,,,,,,,,,,,,,,,,,,,,,,,,,,,,,,,,,,,,,,,,,,,,,,,,,,,,,,,,,
603266.XSHG,4,0,,,,,,,,,,,,,,,,,,,,,,,,,,,,,,,,,,,,,,,,,,,,,,,,,,,,,,,,,,,,,,,,,,,,,
603267.XSHG,4,0,,,,,,,,,,,,,,,,,,,,,,,,,,,,,,,,,,,,,,,,,,,,,,,,,,,,,,,,,,,,,,,,,,,,,
603268.XSHG,4,0,,,,,,,,,,,,,,,,,,,,,,,,,,,,,,,,,,,,,,,,,,,,,,,,,,,,,,,,,,,,,,,,,,,,,
603269.XSHG,4,0,,,,,,,,,,,,,,,,,,,,,,,,,,,,,,,,,,,,,,,,,,,,,,,,,,,,,,,,,,,,,,,,,,,,,
603277.XSHG,4,0,,,,,,,,,,,,,,,,,,,,,,,,,,,,,,,,,,,,,,,,,,,,,,,,,,,,,,,,,,,,,,,,,,,,,
603278.XSHG,4,0,,,,,,,,,,,,,,,,,,,,,,,,,,,,,,,,,,,,,,,,,,,,,,,,,,,,,,,,,,,,,,,,,,,,,
603283.XSHG,4,0,,,,,,,,,,,,,,,,,,,,,,,,,,,,,,,,,,,,,,,,,,,,,,,,,,,,,,,,,,,,,,,,,,,,,
603286.XSHG,4,0,,,,,,,,,,,,,,,,,,,,,,,,,,,,,,,,,,,,,,,,,,,,,,,,,,,,,,,,,,,,,,,,,,,,,
603288.XSHG,4,0,,,,,,,,,,,,,,,,,,,,,,,,,,,,,,,,,,,,,,,,,,,,,,,,,,,,,,,,,,,,,,,,,,,,,
603289.XSHG,4,0,,,,,,,,,,,,,,,,,,,,,,,,,,,,,,,,,,,,,,,,,,,,,,,,,,,,,,,,,,,,,,,,,,,,,
603297.XSHG,4,0,,,,,,,,,,,,,,,,,,,,,,,,,,,,,,,,,,,,,,,,,,,,,,,,,,,,,,,,,,,,,,,,,,,,,
603298.XSHG,4,0,,,,,,,,,,,,,,,,,,,,,,,,,,,,,,,,,,,,,,,,,,,,,,,,,,,,,,,,,,,,,,,,,,,,,
603299.XSHG,4,0,,,,,,,,,,,,,,,,,,,,,,,,,,,,,,,,,,,,,,,,,,,,,,,,,,,,,,,,,,,,,,,,,,,,,
603300.XSHG,4,0,,,,,,,,,,,,,,,,,,,,,,,,,,,,,,,,,,,,,,,,,,,,,,,,,,,,,,,,,,,,,,,,,,,,,
603301.XSHG,4,0,,,,,,,,,,,,,,,,,,,,,,,,,,,,,,,,,,,,,,,,,,,,,,,,,,,,,,,,,,,,,,,,,,,,,
603303.XSHG,4,0,,,,,,,,,,,,,,,,,,,,,,,,,,,,,,,,,,,,,,,,,,,,,,,,,,,,,,,,,,,,,,,,,,,,,
603305.XSHG,4,0,,,,,,,,,,,,,,,,,,,,,,,,,,,,,,,,,,,,,,,,,,,,,,,,,,,,,,,,,,,,,,,,,,,,,
603306.XSHG,4,0,,,,,,,,,,,,,,,,,,,,,,,,,,,,,,,,,,,,,,,,,,,,,,,,,,,,,,,,,,,,,,,,,,,,,
603308.XSHG,4,0,,,,,,,,,,,,,,,,,,,,,,,,,,,,,,,,,,,,,,,,,,,,,,,,,,,,,,,,,,,,,,,,,,,,,
603309.XSHG,4,0,,,,,,,,,,,,,,,,,,,,,,,,,,,,,,,,,,,,,,,,,,,,,,,,,,,,,,,,,,,,,,,,,,,,,
603311.XSHG,4,0,,,,,,,,,,,,,,,,,,,,,,,,,,,,,,,,,,,,,,,,,,,,,,,,,,,,,,,,,,,,,,,,,,,,,
603313.XSHG,4,0,,,,,,,,,,,,,,,,,,,,,,,,,,,,,,,,,,,,,,,,,,,,,,,,,,,,,,,,,,,,,,,,,,,,,
603315.XSHG,4,0,,,,,,,,,,,,,,,,,,,,,,,,,,,,,,,,,,,,,,,,,,,,,,,,,,,,,,,,,,,,,,,,,,,,,
603316.XSHG,4,0,,,,,,,,,,,,,,,,,,,,,,,,,,,,,,,,,,,,,,,,,,,,,,,,,,,,,,,,,,,,,,,,,,,,,
603317.XSHG,4,0,,,,,,,,,,,,,,,,,,,,,,,,,,,,,,,,,,,,,,,,,,,,,,,,,,,,,,,,,,,,,,,,,,,,,
603318.XSHG,4,0,,,,,,,,,,,,,,,,,,,,,,,,,,,,,,,,,,,,,,,,,,,,,,,,,,,,,,,,,,,,,,,,,,,,,
603319.XSHG,4,0,,,,,,,,,,,,,,,,,,,,,,,,,,,,,,,,,,,,,,,,,,,,,,,,,,,,,,,,,,,,,,,,,,,,,
603320.XSHG,4,0,,,,,,,,,,,,,,,,,,,,,,,,,,,,,,,,,,,,,,,,,,,,,,,,,,,,,,,,,,,,,,,,,,,,,
603321.XSHG,4,0,,,,,,,,,,,,,,,,,,,,,,,,,,,,,,,,,,,,,,,,,,,,,,,,,,,,,,,,,,,,,,,,,,,,,
603322.XSHG,4,0,,,,,,,,,,,,,,,,,,,,,,,,,,,,,,,,,,,,,,,,,,,,,,,,,,,,,,,,,,,,,,,,,,,,,
603323.XSHG,4,0,,,,,,,,,,,,,,,,,,,,,,,,,,,,,,,,,,,,,,,,,,,,,,,,,,,,,,,,,,,,,,,,,,,,,
603326.XSHG,4,0,,,,,,,,,,,,,,,,,,,,,,,,,,,,,,,,,,,,,,,,,,,,,,,,,,,,,,,,,,,,,,,,,,,,,
603327.XSHG,4,0,,,,,,,,,,,,,,,,,,,,,,,,,,,,,,,,,,,,,,,,,,,,,,,,,,,,,,,,,,,,,,,,,,,,,
603328.XSHG,4,0,,,,,,,,,,,,,,,,,,,,,,,,,,,,,,,,,,,,,,,,,,,,,,,,,,,,,,,,,,,,,,,,,,,,,
603329.XSHG,4,0,,,,,,,,,,,,,,,,,,,,,,,,,,,,,,,,,,,,,,,,,,,,,,,,,,,,,,,,,,,,,,,,,,,,,
603330.XSHG,4,0,,,,,,,,,,,,,,,,,,,,,,,,,,,,,,,,,,,,,,,,,,,,,,,,,,,,,,,,,,,,,,,,,,,,,
603331.XSHG,4,0,,,,,,,,,,,,,,,,,,,,,,,,,,,,,,,,,,,,,,,,,,,,,,,,,,,,,,,,,,,,,,,,,,,,,
603332.XSHG,4,0,,,,,,,,,,,,,,,,,,,,,,,,,,,,,,,,,,,,,,,,,,,,,,,,,,,,,,,,,,,,,,,,,,,,,
603333.XSHG,4,1,-0.2737543277086524,0.7262758313276593,0.4201416244358788,0.33960005970896656,0.4379043239054824,0.30476277766810494,0.7276563330586379,0.28563641623781966,0.9115429435542297,0.3262382124495095,0.21895158066117665,0.0008769614781698118,0.010671019018524717,0.004788390884019987,0.00038370866546307263,0.0012997631532181296,0.0014790846644472215,0.0011251142983479082,0.6193548846007174,0.022404467020829745,0.15082415791404755,0.003858967390837384,0.009329878976319355,0.5454545434710744,0.014438681193479385,0.6781693806058168,0.012799993793988346,0.12412951071719273,0.09145439518640251,0.36410262868453,0.06649854901922717,0.8514056224899597,0.09572093587069519,0.8454510270516652,0.07509243102099783,0.040168180197932286,0.3048832978435865,0.18445401899348496,0.13682319573022197,0.1425962474188656,0.5782824703931914,0.055533394682660775,0.08466437841400468,0.5183940595057928,0.09967552434211477,0.007534837206029858,0.13140213421724478,0.1496409974352188,0.019034834993878157,0.007534837206029858,0.6973849495838286,0.061624938983234706,0.0006437282347646242,0.008910565600648585,0.04753801780276386,0.022608587654319827,0.03926084239830292,0.019845336213962617,0.02996043969994048,0.6038673028453956,0.28633148227203425,0.03997658704126533,0.043381828594824895,0.17627338564624817,0.02614688640306275,0.8999277456647399,0.7459394763610638,0.755783403263157,0.3993173738723301
603335.XSHG,4,0,,,,,,,,,,,,,,,,,,,,,,,,,,,,,,,,,,,,,,,,,,,,,,,,,,,,,,,,,,,,,,,,,,,,,
603336.XSHG,4,0,,,,,,,,,,,,,,,,,,,,,,,,,,,,,,,,,,,,,,,,,,,,,,,,,,,,,,,,,,,,,,,,,,,,,
603337.XSHG,4,0,,,,,,,,,,,,,,,,,,,,,,,,,,,,,,,,,,,,,,,,,,,,,,,,,,,,,,,,,,,,,,,,,,,,,
603338.XSHG,4,0,,,,,,,,,,,,,,,,,,,,,,,,,,,,,,,,,,,,,,,,,,,,,,,,,,,,,,,,,,,,,,,,,,,,,
603339.XSHG,4,0,,,,,,,,,,,,,,,,,,,,,,,,,,,,,,,,,,,,,,,,,,,,,,,,,,,,,,,,,,,,,,,,,,,,,
603345.XSHG,4,0,,,,,,,,,,,,,,,,,,,,,,,,,,,,,,,,,,,,,,,,,,,,,,,,,,,,,,,,,,,,,,,,,,,,,
603348.XSHG,4,0,,,,,,,,,,,,,,,,,,,,,,,,,,,,,,,,,,,,,,,,,,,,,,,,,,,,,,,,,,,,,,,,,,,,,
603351.XSHG,4,0,,,,,,,,,,,,,,,,,,,,,,,,,,,,,,,,,,,,,,,,,,,,,,,,,,,,,,,,,,,,,,,,,,,,,
603355.XSHG,4,0,,,,,,,,,,,,,,,,,,,,,,,,,,,,,,,,,,,,,,,,,,,,,,,,,,,,,,,,,,,,,,,,,,,,,
603356.XSHG,4,0,,,,,,,,,,,,,,,,,,,,,,,,,,,,,,,,,,,,,,,,,,,,,,,,,,,,,,,,,,,,,,,,,,,,,
603357.XSHG,4,0,,,,,,,,,,,,,,,,,,,,,,,,,,,,,,,,,,,,,,,,,,,,,,,,,,,,,,,,,,,,,,,,,,,,,
603358.XSHG,4,0,,,,,,,,,,,,,,,,,,,,,,,,,,,,,,,,,,,,,,,,,,,,,,,,,,,,,,,,,,,,,,,,,,,,,
603359.XSHG,4,0,,,,,,,,,,,,,,,,,,,,,,,,,,,,,,,,,,,,,,,,,,,,,,,,,,,,,,,,,,,,,,,,,,,,,
603360.XSHG,4,0,,,,,,,,,,,,,,,,,,,,,,,,,,,,,,,,,,,,,,,,,,,,,,,,,,,,,,,,,,,,,,,,,,,,,
603363.XSHG,4,0,,,,,,,,,,,,,,,,,,,,,,,,,,,,,,,,,,,,,,,,,,,,,,,,,,,,,,,,,,,,,,,,,,,,,
603365.XSHG,4,0,,,,,,,,,,,,,,,,,,,,,,,,,,,,,,,,,,,,,,,,,,,,,,,,,,,,,,,,,,,,,,,,,,,,,
603366.XSHG,4,1,-0.1232801520448066,0.6670039689893659,0.4196447003052049,0.46529540267518127,0.4727628810656422,0.2689299523248591,0.7646447332822061,0.25240227334897936,0.9982182045227221,0.3169388816594705,0.3549857042761584,0.0017273241606555814,0.01114665755217575,0.00496838759369349,0.0012727858712689307,0.000349718390612262,0.002322775377044378,0.0009816198937589956,0.6245127100830998,0.023076917843627108,0.1514069364849589,0.004402205475766337,0.018343022921028414,0.5454545434710744,0.025114594859482444,0.6875614791363733,0.014005210723316983,0.11549244822284524,0.09098354284483297,0.27715838712373275,0.12190427472397036,0.755020080321285,0.097855461024493,0.5799749306795305,0.07916248838591931,0.040243336985637576,0.27693949858424977,0.1811557588153305,0.1373002441135869,0.5079193434098115,0.5318427242963106,0.28531863766895094,0.24526329886933948,0.49217475314050496,0.12416045992305257,0.028793032593574103,0.16565124971973802,0.18249007520714028,0.05528584458763645,0.028793032593574103,0.6331404092421273,0.05965266283565526,0.000774619911864781,0.009083181312641273,0.044947519892100614,0.05219354708687396,0.04658824401017331,0.04189597492588194,0.02996043969994048,0.644648791419349,0.3031383947177497,0.02203491241346687,0.043302271049402985,0.11515681207883671,0.021651761679727224,0.9132175725383818,0.8277276546813499,0.767878314185148,0.5754051525326005
603367.XSHG,4,0,,,,,,,,,,,,,,,,,,,,,,,,,,,,,,,,,,,,,,,,,,,,,,,,,,,,,,,,,,,,,,,,,,,,,
603368.XSHG,4,0,,,,,,,,,,,,,,,,,,,,,,,,,,,,,,,,,,,,,,,,,,,,,,,,,,,,,,,,,,,,,,,,,,,,,
603369.XSHG,4,0,,,,,,,,,,,,,,,,,,,,,,,,,,,,,,,,,,,,,,,,,,,,,,,,,,,,,,,,,,,,,,,,,,,,,
603377.XSHG,4,0,,,,,,,,,,,,,,,,,,,,,,,,,,,,,,,,,,,,,,,,,,,,,,,,,,,,,,,,,,,,,,,,,,,,,
603378.XSHG,4,0,,,,,,,,,,,,,,,,,,,,,,,,,,,,,,,,,,,,,,,,,,,,,,,,,,,,,,,,,,,,,,,,,,,,,
603379.XSHG,4,0,,,,,,,,,,,,,,,,,,,,,,,,,,,,,,,,,,,,,,,,,,,,,,,,,,,,,,,,,,,,,,,,,,,,,
603380.XSHG,4,0,,,,,,,,,,,,,,,,,,,,,,,,,,,,,,,,,,,,,,,,,,,,,,,,,,,,,,,,,,,,,,,,,,,,,
603383.XSHG,4,0,,,,,,,,,,,,,,,,,,,,,,,,,,,,,,,,,,,,,,,,,,,,,,,,,,,,,,,,,,,,,,,,,,,,,
603385.XSHG,4,0,,,,,,,,,,,,,,,,,,,,,,,,,,,,,,,,,,,,,,,,,,,,,,,,,,,,,,,,,,,,,,,,,,,,,
603386.XSHG,4,0,,,,,,,,,,,,,,,,,,,,,,,,,,,,,,,,,,,,,,,,,,,,,,,,,,,,,,,,,,,,,,,,,,,,,
603387.XSHG,4,0,,,,,,,,,,,,,,,,,,,,,,,,,,,,,,,,,,,,,,,,,,,,,,,,,,,,,,,,,,,,,,,,,,,,,
603388.XSHG,4,0,,,,,,,,,,,,,,,,,,,,,,,,,,,,,,,,,,,,,,,,,,,,,,,,,,,,,,,,,,,,,,,,,,,,,
603389.XSHG,4,0,,,,,,,,,,,,,,,,,,,,,,,,,,,,,,,,,,,,,,,,,,,,,,,,,,,,,,,,,,,,,,,,,,,,,
603393.XSHG,4,0,,,,,,,,,,,,,,,,,,,,,,,,,,,,,,,,,,,,,,,,,,,,,,,,,,,,,,,,,,,,,,,,,,,,,
603396.XSHG,4,0,,,,,,,,,,,,,,,,,,,,,,,,,,,,,,,,,,,,,,,,,,,,,,,,,,,,,,,,,,,,,,,,,,,,,
603398.XSHG,4,0,,,,,,,,,,,,,,,,,,,,,,,,,,,,,,,,,,,,,,,,,,,,,,,,,,,,,,,,,,,,,,,,,,,,,
603399.XSHG,4,0,-0.3831549098443629,,,,,,,,,,,,,,,,,,,,,,,,,,,,,,,,,,,,,,,,,,,,,,,,,,,,,,,,,,,,,,,,,,,,
603416.XSHG,4,0,,,,,,,,,,,,,,,,,,,,,,,,,,,,,,,,,,,,,,,,,,,,,,,,,,,,,,,,,,,,,,,,,,,,,
603421.XSHG,4,0,,,,,,,,,,,,,,,,,,,,,,,,,,,,,,,,,,,,,,,,,,,,,,,,,,,,,,,,,,,,,,,,,,,,,
603429.XSHG,4,0,,,,,,,,,,,,,,,,,,,,,,,,,,,,,,,,,,,,,,,,,,,,,,,,,,,,,,,,,,,,,,,,,,,,,
603444.XSHG,4,0,,,,,,,,,,,,,,,,,,,,,,,,,,,,,,,,,,,,,,,,,,,,,,,,,,,,,,,,,,,,,,,,,,,,,
603456.XSHG,4,0,,,,,,,,,,,,,,,,,,,,,,,,,,,,,,,,,,,,,,,,,,,,,,,,,,,,,,,,,,,,,,,,,,,,,
603458.XSHG,4,0,,,,,,,,,,,,,,,,,,,,,,,,,,,,,,,,,,,,,,,,,,,,,,,,,,,,,,,,,,,,,,,,,,,,,
603466.XSHG,4,0,,,,,,,,,,,,,,,,,,,,,,,,,,,,,,,,,,,,,,,,,,,,,,,,,,,,,,,,,,,,,,,,,,,,,
603477.XSHG,4,0,,,,,,,,,,,,,,,,,,,,,,,,,,,,,,,,,,,,,,,,,,,,,,,,,,,,,,,,,,,,,,,,,,,,,
603486.XSHG,4,0,,,,,,,,,,,,,,,,,,,,,,,,,,,,,,,,,,,,,,,,,,,,,,,,,,,,,,,,,,,,,,,,,,,,,
603488.XSHG,4,0,,,,,,,,,,,,,,,,,,,,,,,,,,,,,,,,,,,,,,,,,,,,,,,,,,,,,,,,,,,,,,,,,,,,,
603496.XSHG,4,0,,,,,,,,,,,,,,,,,,,,,,,,,,,,,,,,,,,,,,,,,,,,,,,,,,,,,,,,,,,,,,,,,,,,,
603499.XSHG,4,0,,,,,,,,,,,,,,,,,,,,,,,,,,,,,,,,,,,,,,,,,,,,,,,,,,,,,,,,,,,,,,,,,,,,,
603500.XSHG,4,0,,,,,,,,,,,,,,,,,,,,,,,,,,,,,,,,,,,,,,,,,,,,,,,,,,,,,,,,,,,,,,,,,,,,,
603501.XSHG,4,0,,,,,,,,,,,,,,,,,,,,,,,,,,,,,,,,,,,,,,,,,,,,,,,,,,,,,,,,,,,,,,,,,,,,,
603505.XSHG,4,0,,,,,,,,,,,,,,,,,,,,,,,,,,,,,,,,,,,,,,,,,,,,,,,,,,,,,,,,,,,,,,,,,,,,,
603506.XSHG,4,0,,,,,,,,,,,,,,,,,,,,,,,,,,,,,,,,,,,,,,,,,,,,,,,,,,,,,,,,,,,,,,,,,,,,,
603507.XSHG,4,0,,,,,,,,,,,,,,,,,,,,,,,,,,,,,,,,,,,,,,,,,,,,,,,,,,,,,,,,,,,,,,,,,,,,,
603508.XSHG,4,0,,,,,,,,,,,,,,,,,,,,,,,,,,,,,,,,,,,,,,,,,,,,,,,,,,,,,,,,,,,,,,,,,,,,,
603515.XSHG,4,0,,,,,,,,,,,,,,,,,,,,,,,,,,,,,,,,,,,,,,,,,,,,,,,,,,,,,,,,,,,,,,,,,,,,,
603516.XSHG,4,0,,,,,,,,,,,,,,,,,,,,,,,,,,,,,,,,,,,,,,,,,,,,,,,,,,,,,,,,,,,,,,,,,,,,,
603517.XSHG,4,0,,,,,,,,,,,,,,,,,,,,,,,,,,,,,,,,,,,,,,,,,,,,,,,,,,,,,,,,,,,,,,,,,,,,,
603518.XSHG,4,0,,,,,,,,,,,,,,,,,,,,,,,,,,,,,,,,,,,,,,,,,,,,,,,,,,,,,,,,,,,,,,,,,,,,,
603519.XSHG,4,0,,,,,,,,,,,,,,,,,,,,,,,,,,,,,,,,,,,,,,,,,,,,,,,,,,,,,,,,,,,,,,,,,,,,,
603520.XSHG,4,0,,,,,,,,,,,,,,,,,,,,,,,,,,,,,,,,,,,,,,,,,,,,,,,,,,,,,,,,,,,,,,,,,,,,,
603527.XSHG,4,0,,,,,,,,,,,,,,,,,,,,,,,,,,,,,,,,,,,,,,,,,,,,,,,,,,,,,,,,,,,,,,,,,,,,,
603528.XSHG,4,0,,,,,,,,,,,,,,,,,,,,,,,,,,,,,,,,,,,,,,,,,,,,,,,,,,,,,,,,,,,,,,,,,,,,,
603533.XSHG,4,0,,,,,,,,,,,,,,,,,,,,,,,,,,,,,,,,,,,,,,,,,,,,,,,,,,,,,,,,,,,,,,,,,,,,,
603535.XSHG,4,0,,,,,,,,,,,,,,,,,,,,,,,,,,,,,,,,,,,,,,,,,,,,,,,,,,,,,,,,,,,,,,,,,,,,,
603536.XSHG,4,0,,,,,,,,,,,,,,,,,,,,,,,,,,,,,,,,,,,,,,,,,,,,,,,,,,,,,,,,,,,,,,,,,,,,,
603538.XSHG,4,0,,,,,,,,,,,,,,,,,,,,,,,,,,,,,,,,,,,,,,,,,,,,,,,,,,,,,,,,,,,,,,,,,,,,,
603555.XSHG,4,0,,,,,,,,,,,,,,,,,,,,,,,,,,,,,,,,,,,,,,,,,,,,,,,,,,,,,,,,,,,,,,,,,,,,,
603556.XSHG,4,0,,,,,,,,,,,,,,,,,,,,,,,,,,,,,,,,,,,,,,,,,,,,,,,,,,,,,,,,,,,,,,,,,,,,,
603557.XSHG,4,0,,,,,,,,,,,,,,,,,,,,,,,,,,,,,,,,,,,,,,,,,,,,,,,,,,,,,,,,,,,,,,,,,,,,,
603558.XSHG,4,0,,,,,,,,,,,,,,,,,,,,,,,,,,,,,,,,,,,,,,,,,,,,,,,,,,,,,,,,,,,,,,,,,,,,,
603559.XSHG,4,0,,,,,,,,,,,,,,,,,,,,,,,,,,,,,,,,,,,,,,,,,,,,,,,,,,,,,,,,,,,,,,,,,,,,,
603566.XSHG,4,0,,,,,,,,,,,,,,,,,,,,,,,,,,,,,,,,,,,,,,,,,,,,,,,,,,,,,,,,,,,,,,,,,,,,,
603567.XSHG,4,0,,,,,,,,,,,,,,,,,,,,,,,,,,,,,,,,,,,,,,,,,,,,,,,,,,,,,,,,,,,,,,,,,,,,,
603568.XSHG,4,0,,,,,,,,,,,,,,,,,,,,,,,,,,,,,,,,,,,,,,,,,,,,,,,,,,,,,,,,,,,,,,,,,,,,,
603569.XSHG,4,0,,,,,,,,,,,,,,,,,,,,,,,,,,,,,,,,,,,,,,,,,,,,,,,,,,,,,,,,,,,,,,,,,,,,,
603577.XSHG,4,0,,,,,,,,,,,,,,,,,,,,,,,,,,,,,,,,,,,,,,,,,,,,,,,,,,,,,,,,,,,,,,,,,,,,,
603578.XSHG,4,0,,,,,,,,,,,,,,,,,,,,,,,,,,,,,,,,,,,,,,,,,,,,,,,,,,,,,,,,,,,,,,,,,,,,,
603579.XSHG,4,0,,,,,,,,,,,,,,,,,,,,,,,,,,,,,,,,,,,,,,,,,,,,,,,,,,,,,,,,,,,,,,,,,,,,,
603580.XSHG,4,0,,,,,,,,,,,,,,,,,,,,,,,,,,,,,,,,,,,,,,,,,,,,,,,,,,,,,,,,,,,,,,,,,,,,,
603583.XSHG,4,0,,,,,,,,,,,,,,,,,,,,,,,,,,,,,,,,,,,,,,,,,,,,,,,,,,,,,,,,,,,,,,,,,,,,,
603585.XSHG,4,0,,,,,,,,,,,,,,,,,,,,,,,,,,,,,,,,,,,,,,,,,,,,,,,,,,,,,,,,,,,,,,,,,,,,,
603586.XSHG,4,0,,,,,,,,,,,,,,,,,,,,,,,,,,,,,,,,,,,,,,,,,,,,,,,,,,,,,,,,,,,,,,,,,,,,,
603587.XSHG,4,0,,,,,,,,,,,,,,,,,,,,,,,,,,,,,,,,,,,,,,,,,,,,,,,,,,,,,,,,,,,,,,,,,,,,,
603588.XSHG,4,0,,,,,,,,,,,,,,,,,,,,,,,,,,,,,,,,,,,,,,,,,,,,,,,,,,,,,,,,,,,,,,,,,,,,,
603589.XSHG,4,0,,,,,,,,,,,,,,,,,,,,,,,,,,,,,,,,,,,,,,,,,,,,,,,,,,,,,,,,,,,,,,,,,,,,,
603590.XSHG,4,0,,,,,,,,,,,,,,,,,,,,,,,,,,,,,,,,,,,,,,,,,,,,,,,,,,,,,,,,,,,,,,,,,,,,,
603595.XSHG,4,0,,,,,,,,,,,,,,,,,,,,,,,,,,,,,,,,,,,,,,,,,,,,,,,,,,,,,,,,,,,,,,,,,,,,,
603596.XSHG,4,0,,,,,,,,,,,,,,,,,,,,,,,,,,,,,,,,,,,,,,,,,,,,,,,,,,,,,,,,,,,,,,,,,,,,,
603598.XSHG,4,0,,,,,,,,,,,,,,,,,,,,,,,,,,,,,,,,,,,,,,,,,,,,,,,,,,,,,,,,,,,,,,,,,,,,,
603599.XSHG,4,0,,,,,,,,,,,,,,,,,,,,,,,,,,,,,,,,,,,,,,,,,,,,,,,,,,,,,,,,,,,,,,,,,,,,,
603600.XSHG,4,0,,,,,,,,,,,,,,,,,,,,,,,,,,,,,,,,,,,,,,,,,,,,,,,,,,,,,,,,,,,,,,,,,,,,,
603601.XSHG,4,0,,,,,,,,,,,,,,,,,,,,,,,,,,,,,,,,,,,,,,,,,,,,,,,,,,,,,,,,,,,,,,,,,,,,,
603602.XSHG,4,0,,,,,,,,,,,,,,,,,,,,,,,,,,,,,,,,,,,,,,,,,,,,,,,,,,,,,,,,,,,,,,,,,,,,,
603603.XSHG,4,0,,,,,,,,,,,,,,,,,,,,,,,,,,,,,,,,,,,,,,,,,,,,,,,,,,,,,,,,,,,,,,,,,,,,,
603605.XSHG,4,0,,,,,,,,,,,,,,,,,,,,,,,,,,,,,,,,,,,,,,,,,,,,,,,,,,,,,,,,,,,,,,,,,,,,,
603606.XSHG,4,0,,,,,,,,,,,,,,,,,,,,,,,,,,,,,,,,,,,,,,,,,,,,,,,,,,,,,,,,,,,,,,,,,,,,,
603607.XSHG,4,0,,,,,,,,,,,,,,,,,,,,,,,,,,,,,,,,,,,,,,,,,,,,,,,,,,,,,,,,,,,,,,,,,,,,,
603608.XSHG,4,0,,,,,,,,,,,,,,,,,,,,,,,,,,,,,,,,,,,,,,,,,,,,,,,,,,,,,,,,,,,,,,,,,,,,,
603609.XSHG,4,0,,,,,,,,,,,,,,,,,,,,,,,,,,,,,,,,,,,,,,,,,,,,,,,,,,,,,,,,,,,,,,,,,,,,,
603611.XSHG,4,0,,,,,,,,,,,,,,,,,,,,,,,,,,,,,,,,,,,,,,,,,,,,,,,,,,,,,,,,,,,,,,,,,,,,,
603612.XSHG,4,0,,,,,,,,,,,,,,,,,,,,,,,,,,,,,,,,,,,,,,,,,,,,,,,,,,,,,,,,,,,,,,,,,,,,,
603615.XSHG,4,0,,,,,,,,,,,,,,,,,,,,,,,,,,,,,,,,,,,,,,,,,,,,,,,,,,,,,,,,,,,,,,,,,,,,,
603616.XSHG,4,0,,,,,,,,,,,,,,,,,,,,,,,,,,,,,,,,,,,,,,,,,,,,,,,,,,,,,,,,,,,,,,,,,,,,,
603617.XSHG,4,0,,,,,,,,,,,,,,,,,,,,,,,,,,,,,,,,,,,,,,,,,,,,,,,,,,,,,,,,,,,,,,,,,,,,,
603618.XSHG,4,0,,,,,,,,,,,,,,,,,,,,,,,,,,,,,,,,,,,,,,,,,,,,,,,,,,,,,,,,,,,,,,,,,,,,,
603619.XSHG,4,0,,,,,,,,,,,,,,,,,,,,,,,,,,,,,,,,,,,,,,,,,,,,,,,,,,,,,,,,,,,,,,,,,,,,,
603626.XSHG,4,0,,,,,,,,,,,,,,,,,,,,,,,,,,,,,,,,,,,,,,,,,,,,,,,,,,,,,,,,,,,,,,,,,,,,,
603628.XSHG,4,0,,,,,,,,,,,,,,,,,,,,,,,,,,,,,,,,,,,,,,,,,,,,,,,,,,,,,,,,,,,,,,,,,,,,,
603629.XSHG,4,0,,,,,,,,,,,,,,,,,,,,,,,,,,,,,,,,,,,,,,,,,,,,,,,,,,,,,,,,,,,,,,,,,,,,,
603630.XSHG,4,0,,,,,,,,,,,,,,,,,,,,,,,,,,,,,,,,,,,,,,,,,,,,,,,,,,,,,,,,,,,,,,,,,,,,,
603633.XSHG,4,0,,,,,,,,,,,,,,,,,,,,,,,,,,,,,,,,,,,,,,,,,,,,,,,,,,,,,,,,,,,,,,,,,,,,,
603636.XSHG,4,0,,,,,,,,,,,,,,,,,,,,,,,,,,,,,,,,,,,,,,,,,,,,,,,,,,,,,,,,,,,,,,,,,,,,,
603637.XSHG,4,0,,,,,,,,,,,,,,,,,,,,,,,,,,,,,,,,,,,,,,,,,,,,,,,,,,,,,,,,,,,,,,,,,,,,,
603638.XSHG,4,0,,,,,,,,,,,,,,,,,,,,,,,,,,,,,,,,,,,,,,,,,,,,,,,,,,,,,,,,,,,,,,,,,,,,,
603639.XSHG,4,0,,,,,,,,,,,,,,,,,,,,,,,,,,,,,,,,,,,,,,,,,,,,,,,,,,,,,,,,,,,,,,,,,,,,,
603648.XSHG,4,0,,,,,,,,,,,,,,,,,,,,,,,,,,,,,,,,,,,,,,,,,,,,,,,,,,,,,,,,,,,,,,,,,,,,,
603650.XSHG,4,0,,,,,,,,,,,,,,,,,,,,,,,,,,,,,,,,,,,,,,,,,,,,,,,,,,,,,,,,,,,,,,,,,,,,,
603655.XSHG,4,0,,,,,,,,,,,,,,,,,,,,,,,,,,,,,,,,,,,,,,,,,,,,,,,,,,,,,,,,,,,,,,,,,,,,,
603656.XSHG,4,0,,,,,,,,,,,,,,,,,,,,,,,,,,,,,,,,,,,,,,,,,,,,,,,,,,,,,,,,,,,,,,,,,,,,,
603657.XSHG,4,0,,,,,,,,,,,,,,,,,,,,,,,,,,,,,,,,,,,,,,,,,,,,,,,,,,,,,,,,,,,,,,,,,,,,,
603658.XSHG,4,0,,,,,,,,,,,,,,,,,,,,,,,,,,,,,,,,,,,,,,,,,,,,,,,,,,,,,,,,,,,,,,,,,,,,,
603659.XSHG,4,0,,,,,,,,,,,,,,,,,,,,,,,,,,,,,,,,,,,,,,,,,,,,,,,,,,,,,,,,,,,,,,,,,,,,,
603660.XSHG,4,0,,,,,,,,,,,,,,,,,,,,,,,,,,,,,,,,,,,,,,,,,,,,,,,,,,,,,,,,,,,,,,,,,,,,,
603661.XSHG,4,0,,,,,,,,,,,,,,,,,,,,,,,,,,,,,,,,,,,,,,,,,,,,,,,,,,,,,,,,,,,,,,,,,,,,,
603663.XSHG,4,0,,,,,,,,,,,,,,,,,,,,,,,,,,,,,,,,,,,,,,,,,,,,,,,,,,,,,,,,,,,,,,,,,,,,,
603665.XSHG,4,0,,,,,,,,,,,,,,,,,,,,,,,,,,,,,,,,,,,,,,,,,,,,,,,,,,,,,,,,,,,,,,,,,,,,,
603666.XSHG,4,0,,,,,,,,,,,,,,,,,,,,,,,,,,,,,,,,,,,,,,,,,,,,,,,,,,,,,,,,,,,,,,,,,,,,,
603667.XSHG,4,0,,,,,,,,,,,,,,,,,,,,,,,,,,,,,,,,,,,,,,,,,,,,,,,,,,,,,,,,,,,,,,,,,,,,,
603668.XSHG,4,0,,,,,,,,,,,,,,,,,,,,,,,,,,,,,,,,,,,,,,,,,,,,,,,,,,,,,,,,,,,,,,,,,,,,,
603669.XSHG,4,0,,,,,,,,,,,,,,,,,,,,,,,,,,,,,,,,,,,,,,,,,,,,,,,,,,,,,,,,,,,,,,,,,,,,,
603676.XSHG,4,0,,,,,,,,,,,,,,,,,,,,,,,,,,,,,,,,,,,,,,,,,,,,,,,,,,,,,,,,,,,,,,,,,,,,,
603677.XSHG,4,0,,,,,,,,,,,,,,,,,,,,,,,,,,,,,,,,,,,,,,,,,,,,,,,,,,,,,,,,,,,,,,,,,,,,,
603678.XSHG,4,0,,,,,,,,,,,,,,,,,,,,,,,,,,,,,,,,,,,,,,,,,,,,,,,,,,,,,,,,,,,,,,,,,,,,,
603679.XSHG,4,0,,,,,,,,,,,,,,,,,,,,,,,,,,,,,,,,,,,,,,,,,,,,,,,,,,,,,,,,,,,,,,,,,,,,,
603680.XSHG,4,0,,,,,,,,,,,,,,,,,,,,,,,,,,,,,,,,,,,,,,,,,,,,,,,,,,,,,,,,,,,,,,,,,,,,,
603681.XSHG,4,0,,,,,,,,,,,,,,,,,,,,,,,,,,,,,,,,,,,,,,,,,,,,,,,,,,,,,,,,,,,,,,,,,,,,,
603683.XSHG,4,0,,,,,,,,,,,,,,,,,,,,,,,,,,,,,,,,,,,,,,,,,,,,,,,,,,,,,,,,,,,,,,,,,,,,,
603685.XSHG,4,0,,,,,,,,,,,,,,,,,,,,,,,,,,,,,,,,,,,,,,,,,,,,,,,,,,,,,,,,,,,,,,,,,,,,,
603686.XSHG,4,0,,,,,,,,,,,,,,,,,,,,,,,,,,,,,,,,,,,,,,,,,,,,,,,,,,,,,,,,,,,,,,,,,,,,,
603688.XSHG,4,0,,,,,,,,,,,,,,,,,,,,,,,,,,,,,,,,,,,,,,,,,,,,,,,,,,,,,,,,,,,,,,,,,,,,,
603689.XSHG,4,0,,,,,,,,,,,,,,,,,,,,,,,,,,,,,,,,,,,,,,,,,,,,,,,,,,,,,,,,,,,,,,,,,,,,,
603690.XSHG,4,0,,,,,,,,,,,,,,,,,,,,,,,,,,,,,,,,,,,,,,,,,,,,,,,,,,,,,,,,,,,,,,,,,,,,,
603693.XSHG,4,0,,,,,,,,,,,,,,,,,,,,,,,,,,,,,,,,,,,,,,,,,,,,,,,,,,,,,,,,,,,,,,,,,,,,,
603696.XSHG,4,0,,,,,,,,,,,,,,,,,,,,,,,,,,,,,,,,,,,,,,,,,,,,,,,,,,,,,,,,,,,,,,,,,,,,,
603697.XSHG,4,0,,,,,,,,,,,,,,,,,,,,,,,,,,,,,,,,,,,,,,,,,,,,,,,,,,,,,,,,,,,,,,,,,,,,,
603698.XSHG,4,0,,,,,,,,,,,,,,,,,,,,,,,,,,,,,,,,,,,,,,,,,,,,,,,,,,,,,,,,,,,,,,,,,,,,,
603699.XSHG,4,0,,,,,,,,,,,,,,,,,,,,,,,,,,,,,,,,,,,,,,,,,,,,,,,,,,,,,,,,,,,,,,,,,,,,,
603700.XSHG,4,0,,,,,,,,,,,,,,,,,,,,,,,,,,,,,,,,,,,,,,,,,,,,,,,,,,,,,,,,,,,,,,,,,,,,,
603701.XSHG,4,0,,,,,,,,,,,,,,,,,,,,,,,,,,,,,,,,,,,,,,,,,,,,,,,,,,,,,,,,,,,,,,,,,,,,,
603703.XSHG,4,0,,,,,,,,,,,,,,,,,,,,,,,,,,,,,,,,,,,,,,,,,,,,,,,,,,,,,,,,,,,,,,,,,,,,,
603706.XSHG,4,0,,,,,,,,,,,,,,,,,,,,,,,,,,,,,,,,,,,,,,,,,,,,,,,,,,,,,,,,,,,,,,,,,,,,,
603707.XSHG,4,0,,,,,,,,,,,,,,,,,,,,,,,,,,,,,,,,,,,,,,,,,,,,,,,,,,,,,,,,,,,,,,,,,,,,,
603708.XSHG,4,0,,,,,,,,,,,,,,,,,,,,,,,,,,,,,,,,,,,,,,,,,,,,,,,,,,,,,,,,,,,,,,,,,,,,,
603709.XSHG,4,0,,,,,,,,,,,,,,,,,,,,,,,,,,,,,,,,,,,,,,,,,,,,,,,,,,,,,,,,,,,,,,,,,,,,,
603711.XSHG,4,0,,,,,,,,,,,,,,,,,,,,,,,,,,,,,,,,,,,,,,,,,,,,,,,,,,,,,,,,,,,,,,,,,,,,,
603712.XSHG,4,0,,,,,,,,,,,,,,,,,,,,,,,,,,,,,,,,,,,,,,,,,,,,,,,,,,,,,,,,,,,,,,,,,,,,,
603713.XSHG,4,0,,,,,,,,,,,,,,,,,,,,,,,,,,,,,,,,,,,,,,,,,,,,,,,,,,,,,,,,,,,,,,,,,,,,,
603716.XSHG,4,0,,,,,,,,,,,,,,,,,,,,,,,,,,,,,,,,,,,,,,,,,,,,,,,,,,,,,,,,,,,,,,,,,,,,,
603717.XSHG,4,0,,,,,,,,,,,,,,,,,,,,,,,,,,,,,,,,,,,,,,,,,,,,,,,,,,,,,,,,,,,,,,,,,,,,,
603718.XSHG,4,0,,,,,,,,,,,,,,,,,,,,,,,,,,,,,,,,,,,,,,,,,,,,,,,,,,,,,,,,,,,,,,,,,,,,,
603721.XSHG,4,0,,,,,,,,,,,,,,,,,,,,,,,,,,,,,,,,,,,,,,,,,,,,,,,,,,,,,,,,,,,,,,,,,,,,,
603722.XSHG,4,0,,,,,,,,,,,,,,,,,,,,,,,,,,,,,,,,,,,,,,,,,,,,,,,,,,,,,,,,,,,,,,,,,,,,,
603725.XSHG,4,0,,,,,,,,,,,,,,,,,,,,,,,,,,,,,,,,,,,,,,,,,,,,,,,,,,,,,,,,,,,,,,,,,,,,,
603726.XSHG,4,0,,,,,,,,,,,,,,,,,,,,,,,,,,,,,,,,,,,,,,,,,,,,,,,,,,,,,,,,,,,,,,,,,,,,,
603727.XSHG,4,0,,,,,,,,,,,,,,,,,,,,,,,,,,,,,,,,,,,,,,,,,,,,,,,,,,,,,,,,,,,,,,,,,,,,,
603728.XSHG,4,0,,,,,,,,,,,,,,,,,,,,,,,,,,,,,,,,,,,,,,,,,,,,,,,,,,,,,,,,,,,,,,,,,,,,,
603729.XSHG,4,0,,,,,,,,,,,,,,,,,,,,,,,,,,,,,,,,,,,,,,,,,,,,,,,,,,,,,,,,,,,,,,,,,,,,,
603730.XSHG,4,0,,,,,,,,,,,,,,,,,,,,,,,,,,,,,,,,,,,,,,,,,,,,,,,,,,,,,,,,,,,,,,,,,,,,,
603733.XSHG,4,0,,,,,,,,,,,,,,,,,,,,,,,,,,,,,,,,,,,,,,,,,,,,,,,,,,,,,,,,,,,,,,,,,,,,,
603737.XSHG,4,0,,,,,,,,,,,,,,,,,,,,,,,,,,,,,,,,,,,,,,,,,,,,,,,,,,,,,,,,,,,,,,,,,,,,,
603738.XSHG,4,0,,,,,,,,,,,,,,,,,,,,,,,,,,,,,,,,,,,,,,,,,,,,,,,,,,,,,,,,,,,,,,,,,,,,,
603739.XSHG,4,0,,,,,,,,,,,,,,,,,,,,,,,,,,,,,,,,,,,,,,,,,,,,,,,,,,,,,,,,,,,,,,,,,,,,,
603757.XSHG,4,0,,,,,,,,,,,,,,,,,,,,,,,,,,,,,,,,,,,,,,,,,,,,,,,,,,,,,,,,,,,,,,,,,,,,,
603758.XSHG,4,0,,,,,,,,,,,,,,,,,,,,,,,,,,,,,,,,,,,,,,,,,,,,,,,,,,,,,,,,,,,,,,,,,,,,,
603766.XSHG,4,0,-0.3724911079671719,,,,,,,,,,,,,,,,,,,,,,,,,,,,,,,,,,,,,,,,,,,,,,,,,,,,,,,,,,,,,,,,,,,,
603767.XSHG,4,0,,,,,,,,,,,,,,,,,,,,,,,,,,,,,,,,,,,,,,,,,,,,,,,,,,,,,,,,,,,,,,,,,,,,,
603768.XSHG,4,0,,,,,,,,,,,,,,,,,,,,,,,,,,,,,,,,,,,,,,,,,,,,,,,,,,,,,,,,,,,,,,,,,,,,,
603773.XSHG,4,0,,,,,,,,,,,,,,,,,,,,,,,,,,,,,,,,,,,,,,,,,,,,,,,,,,,,,,,,,,,,,,,,,,,,,
603776.XSHG,4,0,,,,,,,,,,,,,,,,,,,,,,,,,,,,,,,,,,,,,,,,,,,,,,,,,,,,,,,,,,,,,,,,,,,,,
603777.XSHG,4,0,,,,,,,,,,,,,,,,,,,,,,,,,,,,,,,,,,,,,,,,,,,,,,,,,,,,,,,,,,,,,,,,,,,,,
603778.XSHG,4,0,,,,,,,,,,,,,,,,,,,,,,,,,,,,,,,,,,,,,,,,,,,,,,,,,,,,,,,,,,,,,,,,,,,,,
603779.XSHG,4,0,,,,,,,,,,,,,,,,,,,,,,,,,,,,,,,,,,,,,,,,,,,,,,,,,,,,,,,,,,,,,,,,,,,,,
603787.XSHG,4,0,,,,,,,,,,,,,,,,,,,,,,,,,,,,,,,,,,,,,,,,,,,,,,,,,,,,,,,,,,,,,,,,,,,,,
603788.XSHG,4,0,,,,,,,,,,,,,,,,,,,,,,,,,,,,,,,,,,,,,,,,,,,,,,,,,,,,,,,,,,,,,,,,,,,,,
603789.XSHG,4,0,,,,,,,,,,,,,,,,,,,,,,,,,,,,,,,,,,,,,,,,,,,,,,,,,,,,,,,,,,,,,,,,,,,,,
603790.XSHG,4,0,,,,,,,,,,,,,,,,,,,,,,,,,,,,,,,,,,,,,,,,,,,,,,,,,,,,,,,,,,,,,,,,,,,,,
603797.XSHG,4,0,,,,,,,,,,,,,,,,,,,,,,,,,,,,,,,,,,,,,,,,,,,,,,,,,,,,,,,,,,,,,,,,,,,,,
603798.XSHG,4,0,,,,,,,,,,,,,,,,,,,,,,,,,,,,,,,,,,,,,,,,,,,,,,,,,,,,,,,,,,,,,,,,,,,,,
603799.XSHG,4,0,,,,,,,,,,,,,,,,,,,,,,,,,,,,,,,,,,,,,,,,,,,,,,,,,,,,,,,,,,,,,,,,,,,,,
603800.XSHG,4,0,,,,,,,,,,,,,,,,,,,,,,,,,,,,,,,,,,,,,,,,,,,,,,,,,,,,,,,,,,,,,,,,,,,,,
603801.XSHG,4,0,,,,,,,,,,,,,,,,,,,,,,,,,,,,,,,,,,,,,,,,,,,,,,,,,,,,,,,,,,,,,,,,,,,,,
603803.XSHG,4,0,,,,,,,,,,,,,,,,,,,,,,,,,,,,,,,,,,,,,,,,,,,,,,,,,,,,,,,,,,,,,,,,,,,,,
603806.XSHG,4,0,,,,,,,,,,,,,,,,,,,,,,,,,,,,,,,,,,,,,,,,,,,,,,,,,,,,,,,,,,,,,,,,,,,,,
603808.XSHG,4,0,,,,,,,,,,,,,,,,,,,,,,,,,,,,,,,,,,,,,,,,,,,,,,,,,,,,,,,,,,,,,,,,,,,,,
603809.XSHG,4,0,,,,,,,,,,,,,,,,,,,,,,,,,,,,,,,,,,,,,,,,,,,,,,,,,,,,,,,,,,,,,,,,,,,,,
603810.XSHG,4,0,,,,,,,,,,,,,,,,,,,,,,,,,,,,,,,,,,,,,,,,,,,,,,,,,,,,,,,,,,,,,,,,,,,,,
603811.XSHG,4,0,,,,,,,,,,,,,,,,,,,,,,,,,,,,,,,,,,,,,,,,,,,,,,,,,,,,,,,,,,,,,,,,,,,,,
603813.XSHG,4,0,,,,,,,,,,,,,,,,,,,,,,,,,,,,,,,,,,,,,,,,,,,,,,,,,,,,,,,,,,,,,,,,,,,,,
603816.XSHG,4,0,,,,,,,,,,,,,,,,,,,,,,,,,,,,,,,,,,,,,,,,,,,,,,,,,,,,,,,,,,,,,,,,,,,,,
603817.XSHG,4,0,,,,,,,,,,,,,,,,,,,,,,,,,,,,,,,,,,,,,,,,,,,,,,,,,,,,,,,,,,,,,,,,,,,,,
603818.XSHG,4,0,,,,,,,,,,,,,,,,,,,,,,,,,,,,,,,,,,,,,,,,,,,,,,,,,,,,,,,,,,,,,,,,,,,,,
603819.XSHG,4,0,,,,,,,,,,,,,,,,,,,,,,,,,,,,,,,,,,,,,,,,,,,,,,,,,,,,,,,,,,,,,,,,,,,,,
603822.XSHG,4,0,,,,,,,,,,,,,,,,,,,,,,,,,,,,,,,,,,,,,,,,,,,,,,,,,,,,,,,,,,,,,,,,,,,,,
603823.XSHG,4,0,,,,,,,,,,,,,,,,,,,,,,,,,,,,,,,,,,,,,,,,,,,,,,,,,,,,,,,,,,,,,,,,,,,,,
603825.XSHG,4,0,,,,,,,,,,,,,,,,,,,,,,,,,,,,,,,,,,,,,,,,,,,,,,,,,,,,,,,,,,,,,,,,,,,,,
603826.XSHG,4,0,,,,,,,,,,,,,,,,,,,,,,,,,,,,,,,,,,,,,,,,,,,,,,,,,,,,,,,,,,,,,,,,,,,,,
603828.XSHG,4,0,,,,,,,,,,,,,,,,,,,,,,,,,,,,,,,,,,,,,,,,,,,,,,,,,,,,,,,,,,,,,,,,,,,,,
603829.XSHG,4,0,,,,,,,,,,,,,,,,,,,,,,,,,,,,,,,,,,,,,,,,,,,,,,,,,,,,,,,,,,,,,,,,,,,,,
603833.XSHG,4,0,,,,,,,,,,,,,,,,,,,,,,,,,,,,,,,,,,,,,,,,,,,,,,,,,,,,,,,,,,,,,,,,,,,,,
603838.XSHG,4,0,,,,,,,,,,,,,,,,,,,,,,,,,,,,,,,,,,,,,,,,,,,,,,,,,,,,,,,,,,,,,,,,,,,,,
603839.XSHG,4,0,,,,,,,,,,,,,,,,,,,,,,,,,,,,,,,,,,,,,,,,,,,,,,,,,,,,,,,,,,,,,,,,,,,,,
603843.XSHG,4,0,,,,,,,,,,,,,,,,,,,,,,,,,,,,,,,,,,,,,,,,,,,,,,,,,,,,,,,,,,,,,,,,,,,,,
603848.XSHG,4,0,,,,,,,,,,,,,,,,,,,,,,,,,,,,,,,,,,,,,,,,,,,,,,,,,,,,,,,,,,,,,,,,,,,,,
603855.XSHG,4,0,,,,,,,,,,,,,,,,,,,,,,,,,,,,,,,,,,,,,,,,,,,,,,,,,,,,,,,,,,,,,,,,,,,,,
603856.XSHG,4,0,,,,,,,,,,,,,,,,,,,,,,,,,,,,,,,,,,,,,,,,,,,,,,,,,,,,,,,,,,,,,,,,,,,,,
603858.XSHG,4,0,,,,,,,,,,,,,,,,,,,,,,,,,,,,,,,,,,,,,,,,,,,,,,,,,,,,,,,,,,,,,,,,,,,,,
603859.XSHG,4,0,,,,,,,,,,,,,,,,,,,,,,,,,,,,,,,,,,,,,,,,,,,,,,,,,,,,,,,,,,,,,,,,,,,,,
603860.XSHG,4,0,,,,,,,,,,,,,,,,,,,,,,,,,,,,,,,,,,,,,,,,,,,,,,,,,,,,,,,,,,,,,,,,,,,,,
603861.XSHG,4,0,,,,,,,,,,,,,,,,,,,,,,,,,,,,,,,,,,,,,,,,,,,,,,,,,,,,,,,,,,,,,,,,,,,,,
603866.XSHG,4,0,,,,,,,,,,,,,,,,,,,,,,,,,,,,,,,,,,,,,,,,,,,,,,,,,,,,,,,,,,,,,,,,,,,,,
603868.XSHG,4,0,,,,,,,,,,,,,,,,,,,,,,,,,,,,,,,,,,,,,,,,,,,,,,,,,,,,,,,,,,,,,,,,,,,,,
603869.XSHG,4,0,,,,,,,,,,,,,,,,,,,,,,,,,,,,,,,,,,,,,,,,,,,,,,,,,,,,,,,,,,,,,,,,,,,,,
603871.XSHG,4,0,,,,,,,,,,,,,,,,,,,,,,,,,,,,,,,,,,,,,,,,,,,,,,,,,,,,,,,,,,,,,,,,,,,,,
603876.XSHG,4,0,,,,,,,,,,,,,,,,,,,,,,,,,,,,,,,,,,,,,,,,,,,,,,,,,,,,,,,,,,,,,,,,,,,,,
603877.XSHG,4,0,,,,,,,,,,,,,,,,,,,,,,,,,,,,,,,,,,,,,,,,,,,,,,,,,,,,,,,,,,,,,,,,,,,,,
603878.XSHG,4,0,,,,,,,,,,,,,,,,,,,,,,,,,,,,,,,,,,,,,,,,,,,,,,,,,,,,,,,,,,,,,,,,,,,,,
603879.XSHG,4,0,,,,,,,,,,,,,,,,,,,,,,,,,,,,,,,,,,,,,,,,,,,,,,,,,,,,,,,,,,,,,,,,,,,,,
603880.XSHG,4,0,,,,,,,,,,,,,,,,,,,,,,,,,,,,,,,,,,,,,,,,,,,,,,,,,,,,,,,,,,,,,,,,,,,,,
603881.XSHG,4,0,,,,,,,,,,,,,,,,,,,,,,,,,,,,,,,,,,,,,,,,,,,,,,,,,,,,,,,,,,,,,,,,,,,,,
603882.XSHG,4,0,,,,,,,,,,,,,,,,,,,,,,,,,,,,,,,,,,,,,,,,,,,,,,,,,,,,,,,,,,,,,,,,,,,,,
603883.XSHG,4,0,,,,,,,,,,,,,,,,,,,,,,,,,,,,,,,,,,,,,,,,,,,,,,,,,,,,,,,,,,,,,,,,,,,,,
603885.XSHG,4,0,,,,,,,,,,,,,,,,,,,,,,,,,,,,,,,,,,,,,,,,,,,,,,,,,,,,,,,,,,,,,,,,,,,,,
603886.XSHG,4,0,,,,,,,,,,,,,,,,,,,,,,,,,,,,,,,,,,,,,,,,,,,,,,,,,,,,,,,,,,,,,,,,,,,,,
603887.XSHG,4,0,,,,,,,,,,,,,,,,,,,,,,,,,,,,,,,,,,,,,,,,,,,,,,,,,,,,,,,,,,,,,,,,,,,,,
603888.XSHG,4,0,,,,,,,,,,,,,,,,,,,,,,,,,,,,,,,,,,,,,,,,,,,,,,,,,,,,,,,,,,,,,,,,,,,,,
603889.XSHG,4,0,,,,,,,,,,,,,,,,,,,,,,,,,,,,,,,,,,,,,,,,,,,,,,,,,,,,,,,,,,,,,,,,,,,,,
603890.XSHG,4,0,,,,,,,,,,,,,,,,,,,,,,,,,,,,,,,,,,,,,,,,,,,,,,,,,,,,,,,,,,,,,,,,,,,,,
603895.XSHG,4,0,,,,,,,,,,,,,,,,,,,,,,,,,,,,,,,,,,,,,,,,,,,,,,,,,,,,,,,,,,,,,,,,,,,,,
603896.XSHG,4,0,,,,,,,,,,,,,,,,,,,,,,,,,,,,,,,,,,,,,,,,,,,,,,,,,,,,,,,,,,,,,,,,,,,,,
603897.XSHG,4,0,,,,,,,,,,,,,,,,,,,,,,,,,,,,,,,,,,,,,,,,,,,,,,,,,,,,,,,,,,,,,,,,,,,,,
603898.XSHG,4,0,,,,,,,,,,,,,,,,,,,,,,,,,,,,,,,,,,,,,,,,,,,,,,,,,,,,,,,,,,,,,,,,,,,,,
603899.XSHG,4,0,,,,,,,,,,,,,,,,,,,,,,,,,,,,,,,,,,,,,,,,,,,,,,,,,,,,,,,,,,,,,,,,,,,,,
603900.XSHG,4,0,,,,,,,,,,,,,,,,,,,,,,,,,,,,,,,,,,,,,,,,,,,,,,,,,,,,,,,,,,,,,,,,,,,,,
603901.XSHG,4,0,,,,,,,,,,,,,,,,,,,,,,,,,,,,,,,,,,,,,,,,,,,,,,,,,,,,,,,,,,,,,,,,,,,,,
603903.XSHG,4,0,,,,,,,,,,,,,,,,,,,,,,,,,,,,,,,,,,,,,,,,,,,,,,,,,,,,,,,,,,,,,,,,,,,,,
603906.XSHG,4,0,,,,,,,,,,,,,,,,,,,,,,,,,,,,,,,,,,,,,,,,,,,,,,,,,,,,,,,,,,,,,,,,,,,,,
603908.XSHG,4,0,,,,,,,,,,,,,,,,,,,,,,,,,,,,,,,,,,,,,,,,,,,,,,,,,,,,,,,,,,,,,,,,,,,,,
603909.XSHG,4,0,,,,,,,,,,,,,,,,,,,,,,,,,,,,,,,,,,,,,,,,,,,,,,,,,,,,,,,,,,,,,,,,,,,,,
603912.XSHG,4,0,,,,,,,,,,,,,,,,,,,,,,,,,,,,,,,,,,,,,,,,,,,,,,,,,,,,,,,,,,,,,,,,,,,,,
603915.XSHG,4,0,,,,,,,,,,,,,,,,,,,,,,,,,,,,,,,,,,,,,,,,,,,,,,,,,,,,,,,,,,,,,,,,,,,,,
603916.XSHG,4,0,,,,,,,,,,,,,,,,,,,,,,,,,,,,,,,,,,,,,,,,,,,,,,,,,,,,,,,,,,,,,,,,,,,,,
603917.XSHG,4,0,,,,,,,,,,,,,,,,,,,,,,,,,,,,,,,,,,,,,,,,,,,,,,,,,,,,,,,,,,,,,,,,,,,,,
603918.XSHG,4,0,,,,,,,,,,,,,,,,,,,,,,,,,,,,,,,,,,,,,,,,,,,,,,,,,,,,,,,,,,,,,,,,,,,,,
603919.XSHG,4,0,,,,,,,,,,,,,,,,,,,,,,,,,,,,,,,,,,,,,,,,,,,,,,,,,,,,,,,,,,,,,,,,,,,,,
603920.XSHG,4,0,,,,,,,,,,,,,,,,,,,,,,,,,,,,,,,,,,,,,,,,,,,,,,,,,,,,,,,,,,,,,,,,,,,,,
603922.XSHG,4,0,,,,,,,,,,,,,,,,,,,,,,,,,,,,,,,,,,,,,,,,,,,,,,,,,,,,,,,,,,,,,,,,,,,,,
603926.XSHG,4,0,,,,,,,,,,,,,,,,,,,,,,,,,,,,,,,,,,,,,,,,,,,,,,,,,,,,,,,,,,,,,,,,,,,,,
603928.XSHG,4,0,,,,,,,,,,,,,,,,,,,,,,,,,,,,,,,,,,,,,,,,,,,,,,,,,,,,,,,,,,,,,,,,,,,,,
603929.XSHG,4,0,,,,,,,,,,,,,,,,,,,,,,,,,,,,,,,,,,,,,,,,,,,,,,,,,,,,,,,,,,,,,,,,,,,,,
603933.XSHG,4,0,,,,,,,,,,,,,,,,,,,,,,,,,,,,,,,,,,,,,,,,,,,,,,,,,,,,,,,,,,,,,,,,,,,,,
603936.XSHG,4,0,,,,,,,,,,,,,,,,,,,,,,,,,,,,,,,,,,,,,,,,,,,,,,,,,,,,,,,,,,,,,,,,,,,,,
603937.XSHG,4,0,,,,,,,,,,,,,,,,,,,,,,,,,,,,,,,,,,,,,,,,,,,,,,,,,,,,,,,,,,,,,,,,,,,,,
603938.XSHG,4,0,,,,,,,,,,,,,,,,,,,,,,,,,,,,,,,,,,,,,,,,,,,,,,,,,,,,,,,,,,,,,,,,,,,,,
603939.XSHG,4,0,,,,,,,,,,,,,,,,,,,,,,,,,,,,,,,,,,,,,,,,,,,,,,,,,,,,,,,,,,,,,,,,,,,,,
603955.XSHG,4,0,,,,,,,,,,,,,,,,,,,,,,,,,,,,,,,,,,,,,,,,,,,,,,,,,,,,,,,,,,,,,,,,,,,,,
603956.XSHG,4,0,,,,,,,,,,,,,,,,,,,,,,,,,,,,,,,,,,,,,,,,,,,,,,,,,,,,,,,,,,,,,,,,,,,,,
603958.XSHG,4,0,,,,,,,,,,,,,,,,,,,,,,,,,,,,,,,,,,,,,,,,,,,,,,,,,,,,,,,,,,,,,,,,,,,,,
603959.XSHG,4,0,,,,,,,,,,,,,,,,,,,,,,,,,,,,,,,,,,,,,,,,,,,,,,,,,,,,,,,,,,,,,,,,,,,,,
603960.XSHG,4,0,,,,,,,,,,,,,,,,,,,,,,,,,,,,,,,,,,,,,,,,,,,,,,,,,,,,,,,,,,,,,,,,,,,,,
603963.XSHG,4,0,,,,,,,,,,,,,,,,,,,,,,,,,,,,,,,,,,,,,,,,,,,,,,,,,,,,,,,,,,,,,,,,,,,,,
603966.XSHG,4,0,,,,,,,,,,,,,,,,,,,,,,,,,,,,,,,,,,,,,,,,,,,,,,,,,,,,,,,,,,,,,,,,,,,,,
603967.XSHG,4,0,,,,,,,,,,,,,,,,,,,,,,,,,,,,,,,,,,,,,,,,,,,,,,,,,,,,,,,,,,,,,,,,,,,,,
603968.XSHG,4,0,,,,,,,,,,,,,,,,,,,,,,,,,,,,,,,,,,,,,,,,,,,,,,,,,,,,,,,,,,,,,,,,,,,,,
603969.XSHG,4,0,,,,,,,,,,,,,,,,,,,,,,,,,,,,,,,,,,,,,,,,,,,,,,,,,,,,,,,,,,,,,,,,,,,,,
603970.XSHG,4,0,,,,,,,,,,,,,,,,,,,,,,,,,,,,,,,,,,,,,,,,,,,,,,,,,,,,,,,,,,,,,,,,,,,,,
603976.XSHG,4,0,,,,,,,,,,,,,,,,,,,,,,,,,,,,,,,,,,,,,,,,,,,,,,,,,,,,,,,,,,,,,,,,,,,,,
603977.XSHG,4,0,,,,,,,,,,,,,,,,,,,,,,,,,,,,,,,,,,,,,,,,,,,,,,,,,,,,,,,,,,,,,,,,,,,,,
603978.XSHG,4,0,,,,,,,,,,,,,,,,,,,,,,,,,,,,,,,,,,,,,,,,,,,,,,,,,,,,,,,,,,,,,,,,,,,,,
603979.XSHG,4,0,,,,,,,,,,,,,,,,,,,,,,,,,,,,,,,,,,,,,,,,,,,,,,,,,,,,,,,,,,,,,,,,,,,,,
603980.XSHG,4,0,,,,,,,,,,,,,,,,,,,,,,,,,,,,,,,,,,,,,,,,,,,,,,,,,,,,,,,,,,,,,,,,,,,,,
603982.XSHG,4,0,,,,,,,,,,,,,,,,,,,,,,,,,,,,,,,,,,,,,,,,,,,,,,,,,,,,,,,,,,,,,,,,,,,,,
603985.XSHG,4,0,,,,,,,,,,,,,,,,,,,,,,,,,,,,,,,,,,,,,,,,,,,,,,,,,,,,,,,,,,,,,,,,,,,,,
603986.XSHG,4,0,,,,,,,,,,,,,,,,,,,,,,,,,,,,,,,,,,,,,,,,,,,,,,,,,,,,,,,,,,,,,,,,,,,,,
603987.XSHG,4,0,,,,,,,,,,,,,,,,,,,,,,,,,,,,,,,,,,,,,,,,,,,,,,,,,,,,,,,,,,,,,,,,,,,,,
603988.XSHG,4,0,,,,,,,,,,,,,,,,,,,,,,,,,,,,,,,,,,,,,,,,,,,,,,,,,,,,,,,,,,,,,,,,,,,,,
603989.XSHG,4,0,,,,,,,,,,,,,,,,,,,,,,,,,,,,,,,,,,,,,,,,,,,,,,,,,,,,,,,,,,,,,,,,,,,,,
603990.XSHG,4,0,,,,,,,,,,,,,,,,,,,,,,,,,,,,,,,,,,,,,,,,,,,,,,,,,,,,,,,,,,,,,,,,,,,,,
603991.XSHG,4,0,,,,,,,,,,,,,,,,,,,,,,,,,,,,,,,,,,,,,,,,,,,,,,,,,,,,,,,,,,,,,,,,,,,,,
603993.XSHG,4,0,-0.3159207445002566,,,,,,,,,,,,,,,,,,,,,,,,,,,,,,,,,,,,,,,,,,,,,,,,,,,,,,,,,,,,,,,,,,,,
603996.XSHG,4,0,,,,,,,,,,,,,,,,,,,,,,,,,,,,,,,,,,,,,,,,,,,,,,,,,,,,,,,,,,,,,,,,,,,,,
603997.XSHG,4,0,,,,,,,,,,,,,,,,,,,,,,,,,,,,,,,,,,,,,,,,,,,,,,,,,,,,,,,,,,,,,,,,,,,,,
603998.XSHG,4,0,,,,,,,,,,,,,,,,,,,,,,,,,,,,,,,,,,,,,,,,,,,,,,,,,,,,,,,,,,,,,,,,,,,,,
603999.XSHG,4,0,,,,,,,,,,,,,,,,,,,,,,,,,,,,,,,,,,,,,,,,,,,,,,,,,,,,,,,,,,,,,,,,,,,,,
